 
   1    -1   0    0   9.9999996400E-01   7.9473095694E+00   1.9801979950E-04   2.0413773472E+00   2.3516021835E+00   2.1320530478E-04   2.1332175883E+00   2.3230969152E+00   6.4905575691E-04   2.2418766161E+00   2.3623675429E+00   1.7481414818E-03   2.2259527029E+00   2.4025383328E+00   1.9028684695E-03   2.3724446607E+00   2.4316520673E+00   2.0661926369E-03   2.2161221857E+00   2.3934482380E+00   1.5714154421E-03   3.3286710316E-04
   1    -2   0    0   9.8001481127E-01   7.9477746788E+00   1.9770440852E-04   2.0411809864E+00   2.3517777811E+00   2.1317469088E-04   2.1331207315E+00   2.3233059518E+00   6.4894209234E-04   2.2416877078E+00   2.3625710394E+00   1.7478353428E-03   2.2262921759E+00   2.4027685421E+00   1.9028630824E-03   2.3727418266E+00   2.4319406854E+00   2.0663411355E-03   2.2161590590E+00   2.3936782784E+00   1.5714109933E-03   3.3288440978E-04
   1    -3   0    0   9.7002268873E-01   7.9480144575E+00   1.9754228655E-04   2.0410798768E+00   2.3518683315E+00   2.1315897193E-04   2.1330707009E+00   2.3234136922E+00   6.4888373033E-04   2.2415906584E+00   2.3626759338E+00   1.7476781532E-03   2.2264671812E+00   2.4028870654E+00   1.9028602359E-03   2.3728947963E+00   2.4320892549E+00   2.0664174926E-03   2.2161784891E+00   2.3937967153E+00   1.5714086426E-03   3.3289332111E-04
   1    -4   0    0   9.6003088358E-01   7.9482591647E+00   1.9737716224E-04   2.0409767727E+00   2.3519607598E+00   2.1314297415E-04   2.1330195720E+00   2.3235236295E+00   6.4882433311E-04   2.2414918510E+00   2.3627829737E+00   1.7475181754E-03   2.2266457816E+00   2.4030079153E+00   1.9028572826E-03   2.3730507504E+00   2.4322407228E+00   2.0664952804E-03   2.2161986152E+00   2.3939174775E+00   1.5714062037E-03   3.3290240806E-04
   1    -5   0    0   9.5003940737E-01   7.9485088857E+00   1.9720899736E-04   2.0408716425E+00   2.3520550987E+00   2.1312669450E-04   2.1329673215E+00   2.3236358007E+00   6.4876388934E-04   2.2413912654E+00   2.3628921953E+00   1.7473553789E-03   2.2268280395E+00   2.4031311276E+00   1.9028542191E-03   2.3732097340E+00   2.4323951329E+00   2.0665745179E-03   2.2162194637E+00   2.3940406008E+00   1.5714036737E-03   3.3291167337E-04
   1    -6   0    0   9.4004827197E-01   7.9487637066E+00   1.9703775398E-04   2.0407644545E+00   2.3521513813E+00   2.1311012998E-04   2.1329139258E+00   2.3237502430E+00   6.4870238786E-04   2.2412888812E+00   2.3630036352E+00   1.7471897336E-03   2.2270140182E+00   2.4032567382E+00   1.9028510413E-03   2.3733717922E+00   2.4325525290E+00   2.0666552240E-03   2.2162410621E+00   2.3941661211E+00   1.5714010495E-03   3.3292111977E-04
   1    -7   0    0   9.3005748962E-01   7.9490237141E+00   1.9686339451E-04   2.0406551770E+00   2.3522496411E+00   2.1309327762E-04   2.1328593608E+00   2.3238669937E+00   6.4863981771E-04   2.2411846786E+00   2.3631173303E+00   1.7470212100E-03   2.2272037814E+00   2.4033847831E+00   1.9028477457E-03   2.3735369702E+00   2.4327129550E+00   2.0667374178E-03   2.2162634388E+00   2.3942940743E+00   1.5713983279E-03   3.3293075000E-04
   1    -8   0    0   9.2006707289E-01   7.9492889956E+00   1.9668588172E-04   2.0405437780E+00   2.3523499116E+00   2.1307613453E-04   2.1328036018E+00   2.3239860905E+00   6.4857616814E-04   2.2410786380E+00   2.3632333177E+00   1.7468497791E-03   2.2273973932E+00   2.4035152982E+00   1.9028443281E-03   2.3737053131E+00   2.4328764548E+00   2.0668211178E-03   2.2162866236E+00   2.3944244965E+00   1.5713955056E-03   3.3294056680E-04
   1    -9   0    0   9.1007703471E-01   7.9495596392E+00   1.9650517881E-04   2.0404302253E+00   2.3524522268E+00   2.1305869789E-04   2.1327466237E+00   2.3241075712E+00   6.4851142861E-04   2.2409707404E+00   2.3633516345E+00   1.7466754126E-03   2.2275949186E+00   2.4036483197E+00   1.9028407845E-03   2.3738768663E+00   2.4330430723E+00   2.0669063426E-03   2.2163106471E+00   2.3945574237E+00   1.5713925792E-03   3.3295057292E-04
   1   -10   0    0   9.0008738837E-01   7.9498357336E+00   1.9632124942E-04   2.0403144868E+00   2.3525566207E+00   2.1304096491E-04   2.1326884008E+00   2.3242314738E+00   6.4844558887E-04   2.2408609670E+00   2.3634723182E+00   1.7464980828E-03   2.2277964227E+00   2.4037838837E+00   1.9028371108E-03   2.3740516749E+00   2.4332128514E+00   2.0669931107E-03   2.2163355411E+00   2.3946928921E+00   1.5713895453E-03   3.3296077112E-04
   1   -11   0    0   8.9009814751E-01   7.9501173679E+00   1.9613405774E-04   2.0401965303E+00   2.3526631275E+00   2.1302293290E-04   2.1326289070E+00   2.3243578364E+00   6.4837863888E-04   2.2407492994E+00   2.3635954063E+00   1.7463177627E-03   2.2280019713E+00   2.4039220262E+00   1.9028333026E-03   2.3742297840E+00   2.4333858358E+00   2.0670814403E-03   2.2163613386E+00   2.3948309376E+00   1.5713864005E-03   3.3297116414E-04
   1   -12   0    0   8.8010932614E-01   7.9504046319E+00   1.9594356850E-04   2.0400763233E+00   2.3527717818E+00   2.1300459925E-04   2.1325681154E+00   2.3244866972E+00   6.4831056892E-04   2.2406357197E+00   2.3637209366E+00   1.7461344261E-03   2.2282116306E+00   2.4040627832E+00   1.9028293557E-03   2.3744112386E+00   2.4335620693E+00   2.0671713494E-03   2.2163880739E+00   2.3949715965E+00   1.5713831410E-03   3.3298175475E-04
   1   -13   0    0   8.7012093865E-01   7.9506976156E+00   1.9574974706E-04   2.0399538335E+00   2.3528826182E+00   2.1298596141E-04   2.1325059990E+00   2.3246180946E+00   6.4824136955E-04   2.2405202108E+00   2.3638489469E+00   1.7459480477E-03   2.2284254671E+00   2.4042061908E+00   1.9028252656E-03   2.3745960835E+00   2.4337415955E+00   2.0672628558E-03   2.2164157825E+00   2.3951149045E+00   1.5713797633E-03   3.3299254567E-04
   1   -14   0    0   8.6013299977E-01   7.9509964098E+00   1.9555255944E-04   2.0398290285E+00   2.3529956713E+00   2.1296701693E-04   2.1324425300E+00   2.3247520670E+00   6.4817103167E-04   2.2404027557E+00   2.3639794749E+00   1.7457586028E-03   2.2286435479E+00   2.4043522848E+00   1.9028210276E-03   2.3747843634E+00   2.4339244576E+00   2.0673559770E-03   2.2164445013E+00   2.3952608976E+00   1.5713762635E-03   3.3300353966E-04
   1   -15   0    0   8.5014552461E-01   7.9513011053E+00   1.9535197236E-04   2.0397018758E+00   2.3531109761E+00   2.1294776344E-04   2.1323776798E+00   2.3248886528E+00   6.4809954649E-04   2.2402833382E+00   2.3641125588E+00   1.7455660679E-03   2.2288659402E+00   2.4045011009E+00   1.9028166371E-03   2.3749761228E+00   2.4341106988E+00   2.0674507303E-03   2.2164742683E+00   2.3954096116E+00   1.5713726377E-03   3.3301473944E-04
   1   -16   0    0   8.4015852867E-01   7.9516117935E+00   1.9514795336E-04   2.0395723432E+00   2.3532285674E+00   2.1292819867E-04   2.1323114198E+00   2.3250278904E+00   6.4802690559E-04   2.2401619428E+00   2.3642482364E+00   1.7453704201E-03   2.2290927116E+00   2.4046526747E+00   1.9028120894E-03   2.3751714057E+00   2.4343003620E+00   2.0675471326E-03   2.2165051231E+00   2.3955610819E+00   1.5713688821E-03   3.3302614772E-04
   1   -17   0    0   8.3017202780E-01   7.9519285658E+00   1.9494047078E-04   2.0394403981E+00   2.3533484803E+00   2.1290832046E-04   2.1322437202E+00   2.3251698183E+00   6.4795310093E-04   2.2400385545E+00   2.3643865458E+00   1.7451716380E-03   2.2293239302E+00   2.4048070417E+00   1.9028073795E-03   2.3753702560E+00   2.4344934897E+00   2.0676452005E-03   2.2165371068E+00   2.3957153441E+00   1.5713649926E-03   3.3303776722E-04
   1   -18   0    0   8.2018603822E-01   7.9522515140E+00   1.9472949385E-04   2.0393060084E+00   2.3534707499E+00   2.1288812674E-04   2.1321745510E+00   2.3253144749E+00   6.4787812486E-04   2.2399131590E+00   2.3645275247E+00   1.7449697008E-03   2.2295596640E+00   2.4049642369E+00   1.9028025025E-03   2.3755727172E+00   2.4346901242E+00   2.0677449502E-03   2.2165702616E+00   2.3958724333E+00   1.5713609650E-03   3.3304960061E-04
   1   -19   0    0   8.1020057654E-01   7.9525807299E+00   1.9451499276E-04   2.0391691418E+00   2.3535954113E+00   2.1286761558E-04   2.1321038816E+00   2.3254618983E+00   6.4780197013E-04   2.2397857429E+00   2.3646712112E+00   1.7447645891E-03   2.2297999815E+00   2.4051242952E+00   1.9027974532E-03   2.3757788322E+00   2.4348903072E+00   2.0678463978E-03   2.2166046317E+00   2.3960323843E+00   1.5713567953E-03   3.3306165057E-04
   1   -20   0    0   8.0021565972E-01   7.9529163056E+00   1.9429693870E-04   2.0390297663E+00   2.3537224994E+00   2.1284678513E-04   2.1320316804E+00   2.3256121269E+00   6.4772462996E-04   2.2396562934E+00   2.3648176429E+00   1.7445562846E-03   2.2300449512E+00   2.4052872513E+00   1.9027922266E-03   2.3759886438E+00   2.4350940801E+00   2.0679495585E-03   2.2166402624E+00   2.3961952317E+00   1.5713524790E-03   3.3307391974E-04
   1   -21   0    0   7.9023130509E-01   7.9532583330E+00   1.9407530395E-04   2.0388878498E+00   2.3538520492E+00   2.1282563368E-04   2.1319579157E+00   2.3257651986E+00   6.4764609799E-04   2.2395247987E+00   2.3649668575E+00   1.7443447701E-03   2.2302946419E+00   2.4054531393E+00   1.9027868173E-03   2.3762021940E+00   2.4353014837E+00   2.0680544476E-03   2.2166772008E+00   2.3963610099E+00   1.5713480119E-03   3.3308641074E-04
   1   -22   0    0   7.8024753035E-01   7.9536069039E+00   1.9385006189E-04   2.0387433606E+00   2.3539840958E+00   2.1280415967E-04   2.1318825547E+00   2.3259211512E+00   6.4756636835E-04   2.2393912476E+00   2.3651188924E+00   1.7441300299E-03   2.2305491221E+00   2.4056219932E+00   1.9027812201E-03   2.3764195242E+00   2.4355125584E+00   2.0681610794E-03   2.2167154958E+00   2.3965297527E+00   1.5713433896E-03   3.3309912616E-04
   1   -23   0    0   7.7026435356E-01   7.9539621102E+00   1.9362118712E-04   2.0385962670E+00   2.3541186740E+00   2.1278236163E-04   2.1318055642E+00   2.3260800223E+00   6.4748543569E-04   2.2392556302E+00   2.3652737849E+00   1.7439120495E-03   2.2308084609E+00   2.4057938464E+00   1.9027754293E-03   2.3766406755E+00   2.4357273439E+00   2.0682694683E-03   2.2167551977E+00   2.3967014935E+00   1.5713386074E-03   3.3311206857E-04
   1   -24   0    0   7.6028179314E-01   7.9543240435E+00   1.9338865550E-04   2.0384465377E+00   2.3542558183E+00   2.1276023827E-04   2.1317269101E+00   2.3262418492E+00   6.4740329513E-04   2.2391179371E+00   2.3654315719E+00   1.7436908158E-03   2.2310727270E+00   2.4059687319E+00   1.9027694395E-03   2.3768656879E+00   2.4359458792E+00   2.0683796276E-03   2.2167963586E+00   2.3968762655E+00   1.5713336609E-03   3.3312524048E-04
   1   -25   0    0   7.5029986784E-01   7.9546927950E+00   1.9315244418E-04   2.0382941416E+00   2.3543955634E+00   2.1273778841E-04   2.1316465580E+00   2.3264066689E+00   6.4731994236E-04   2.2389781602E+00   2.3655922902E+00   1.7434663172E-03   2.2313419891E+00   2.4061466822E+00   1.9027632450E-03   2.3770946011E+00   2.4361682028E+00   2.0684915704E-03   2.2168390325E+00   2.3970541010E+00   1.5713285454E-03   3.3313864440E-04
   1   -26   0    0   7.4031859677E-01   7.9550684557E+00   1.9291253174E-04   2.0381390477E+00   2.3545379436E+00   2.1271501105E-04   2.1315644724E+00   2.3265745181E+00   6.4723537362E-04   2.2388362924E+00   2.3657559762E+00   1.7432385436E-03   2.2316163160E+00   2.4063277293E+00   1.9027568401E-03   2.3773274538E+00   2.4363943520E+00   2.0686053091E-03   2.2168832751E+00   2.3972350321E+00   1.5713232561E-03   3.3315228276E-04
   1   -27   0    0   7.3033799938E-01   7.9554511162E+00   1.9266889820E-04   2.0379812255E+00   2.3546829929E+00   2.1269190534E-04   2.1314806174E+00   2.3267454330E+00   6.4714958574E-04   2.2386923277E+00   2.3659226659E+00   1.7430074863E-03   2.2318957760E+00   2.4065119045E+00   1.9027502190E-03   2.3775642837E+00   2.4366243639E+00   2.0687208556E-03   2.2169291440E+00   2.3974190902E+00   1.5713177883E-03   3.3316615798E-04
   1   -28   0    0   7.2035809544E-01   7.9558408663E+00   1.9242152508E-04   2.0378206449E+00   2.3548307451E+00   2.1266847056E-04   2.1313949561E+00   2.3269194494E+00   6.4706257613E-04   2.2385462611E+00   2.3660923947E+00   1.7427731386E-03   2.2321804376E+00   2.4066992386E+00   1.9027433759E-03   2.3778051280E+00   2.4368582742E+00   2.0688382210E-03   2.2169766985E+00   2.3976063061E+00   1.5713121371E-03   3.3318027240E-04
   1   -29   0    0   7.1037890504E-01   7.9562377956E+00   1.9217039552E-04   2.0376572758E+00   2.3549812336E+00   2.1264470620E-04   2.1313074510E+00   2.3270966026E+00   6.4697434282E-04   2.2383980890E+00   2.3662651980E+00   1.7425354949E-03   2.2324703687E+00   2.4068897616E+00   1.9027363048E-03   2.3780500226E+00   2.4370961180E+00   2.0689574158E-03   2.2170260002E+00   2.3977967097E+00   1.5713062977E-03   3.3319462834E-04
   1   -30   0    0   7.0040044859E-01   7.9566419926E+00   1.9191549431E-04   2.0374910889E+00   2.3551344915E+00   2.1262061191E-04   2.1312180640E+00   2.3272769273E+00   6.4688488450E-04   2.2382478089E+00   2.3664411102E+00   1.7422945519E-03   2.2327656370E+00   2.4070835030E+00   1.9027289997E-03   2.3782990026E+00   2.4373379291E+00   2.0690784499E-03   2.2170771124E+00   2.3979903306E+00   1.5713002649E-03   3.3320922805E-04
   1   -31   0    0   6.9042274678E-01   7.9570535452E+00   1.9165680793E-04   2.0373220552E+00   2.3552905516E+00   2.1259618749E-04   2.1311267561E+00   2.3274604579E+00   6.4679420049E-04   2.2380954195E+00   2.3666201655E+00   1.7420503077E-03   2.2330663100E+00   2.4072804912E+00   1.9027214544E-03   2.3785521018E+00   2.4375837407E+00   2.0692013323E-03   2.2171301005E+00   2.3981871972E+00   1.5712940339E-03   3.3322407371E-04
   1   -32   0    0   6.8044582059E-01   7.9574725405E+00   1.9139432468E-04   2.0371501461E+00   2.3554494460E+00   2.1257143295E-04   2.1310334873E+00   2.3276472277E+00   6.4670229082E-04   2.2379409210E+00   2.3668023973E+00   1.7418027623E-03   2.2333724544E+00   2.4074807541E+00   1.9027136629E-03   2.3788093530E+00   2.4378335844E+00   2.0693260714E-03   2.2171850320E+00   2.3983873375E+00   1.5712875995E-03   3.3323916746E-04
   1   -33   0    0   6.7046969129E-01   7.9578990645E+00   1.9112803472E-04   2.0369753336E+00   2.3556112066E+00   2.1254634850E-04   2.1309382173E+00   2.3278372697E+00   6.4660915619E-04   2.2377843149E+00   2.3669878385E+00   1.7415519177E-03   2.2336841367E+00   2.4076843185E+00   1.9027056190E-03   2.3790707879E+00   2.4380874909E+00   2.0694526746E-03   2.2172419764E+00   2.3985907782E+00   1.5712809567E-03   3.3325451136E-04
   1   -34   0    0   6.6049438039E-01   7.9583332020E+00   1.9085793010E-04   2.0367975901E+00   2.3557758644E+00   2.1252093450E-04   2.1308409046E+00   2.3280306160E+00   6.4651479802E-04   2.2376256041E+00   2.3671765210E+00   1.7412977776E-03   2.2340014228E+00   2.4078912104E+00   1.9026973164E-03   2.3793364366E+00   2.4383454897E+00   2.0695811486E-03   2.2173010054E+00   2.3987975455E+00   1.5712741003E-03   3.3327010741E-04
   1   -35   0    0   6.5051990964E-01   7.9587750369E+00   1.9058400488E-04   2.0366168886E+00   2.3559434502E+00   2.1249519154E-04   2.1307415071E+00   2.3282272979E+00   6.4641921849E-04   2.2374647930E+00   2.3673684764E+00   1.7410403480E-03   2.2343243779E+00   2.4081014549E+00   1.9026887490E-03   2.3796063282E+00   2.4386076089E+00   2.0697114993E-03   2.2173621927E+00   2.3990076644E+00   1.5712670251E-03   3.3328595753E-04
   1   -36   0    0   6.4054630104E-01   7.9592246515E+00   1.9030625518E-04   2.0364332029E+00   2.3561139940E+00   2.1246912041E-04   2.1306399818E+00   2.3284273460E+00   6.4632242050E-04   2.2373018875E+00   2.3675637351E+00   1.7407796366E-03   2.2346530664E+00   2.4083150760E+00   1.9026799102E-03   2.3798804903E+00   2.4388738752E+00   2.0698437316E-03   2.2174256145E+00   2.3992211589E+00   1.5712597259E-03   3.3330206356E-04
   1   -37   0    0   6.3057357677E-01   7.9596821270E+00   1.9002467921E-04   2.0362465073E+00   2.3562875251E+00   2.1244272210E-04   2.1305362849E+00   2.3286307897E+00   6.4622440774E-04   2.2371368950E+00   2.3677623267E+00   1.7405156534E-03   2.2349875522E+00   2.4085320966E+00   1.9026707940E-03   2.3801589489E+00   2.4391443139E+00   2.0699778494E-03   2.2174913489E+00   2.3994380520E+00   1.5712521976E-03   3.3331842727E-04
   1   -38   0    0   6.2060175922E-01   7.9601475430E+00   1.8973927738E-04   2.0360567766E+00   2.3564640720E+00   2.1241599780E-04   2.1304303718E+00   2.3288376577E+00   6.4612518466E-04   2.2369698246E+00   2.3679642801E+00   1.7402484104E-03   2.2353278982E+00   2.4087525386E+00   1.9026613938E-03   2.3804417286E+00   2.4394189490E+00   2.0701138560E-03   2.2175594765E+00   2.3996583657E+00   1.5712444347E-03   3.3333505034E-04
   1   -39   0    0   6.1063087094E-01   7.9606209773E+00   1.8945005234E-04   2.0358639867E+00   2.3566436627E+00   2.1238894895E-04   2.1303221969E+00   2.3290479776E+00   6.4602475653E-04   2.2368006871E+00   2.3681696231E+00   1.7399779218E-03   2.2356741665E+00   2.4089764227E+00   1.9026517034E-03   2.3807288525E+00   2.4396978026E+00   2.0702517533E-03   2.2176300799E+00   2.3998821206E+00   1.5712364322E-03   3.3335193436E-04
   1   -40   0    0   6.0066093462E-01   7.9611025061E+00   1.8915700904E-04   2.0356681138E+00   2.3568263241E+00   2.1236157717E-04   2.1302117140E+00   2.3292617761E+00   6.4592312945E-04   2.2366294947E+00   2.3683783824E+00   1.7397042040E-03   2.2360264181E+00   2.4092037683E+00   1.9026417164E-03   2.3810203417E+00   2.4399808956E+00   2.0703915424E-03   2.2177032442E+00   2.4001093363E+00   1.5712281847E-03   3.3336908082E-04
   1   -41   0    0   5.9069197311E-01   7.9615922040E+00   1.8886015479E-04   2.0354691354E+00   2.3570120824E+00   2.1233388433E-04   2.1300988757E+00   2.3294790785E+00   6.4582031031E-04   2.2364562618E+00   2.3685905837E+00   1.7394272755E-03   2.2363847131E+00   2.4094345938E+00   1.9026314264E-03   2.3813162159E+00   2.4402682469E+00   2.0705332234E-03   2.2177790568E+00   2.4003400310E+00   1.5712196870E-03   3.3338649112E-04
   1   -42   0    0   5.8072400932E-01   7.9620901432E+00   1.8855949933E-04   2.0352670294E+00   2.3572009629E+00   2.1230587251E-04   2.1299836341E+00   2.3296999091E+00   6.4571630686E-04   2.2362810041E+00   2.3688062515E+00   1.7391471573E-03   2.2367491106E+00   2.4096689159E+00   1.9026208271E-03   2.3816164929E+00   2.4405598738E+00   2.0706767952E-03   2.2178576073E+00   2.4005742216E+00   1.5712109340E-03   3.3340416657E-04
   1   -43   0    0   5.7075706627E-01   7.9625963943E+00   1.8825505487E-04   2.0350617747E+00   2.3573929897E+00   2.1227754404E-04   2.1298659401E+00   2.3299242910E+00   6.4561112773E-04   2.2361037394E+00   2.3690254093E+00   1.7388638725E-03   2.2371196681E+00   2.4099067503E+00   1.9026099122E-03   2.3819211887E+00   2.4408557918E+00   2.0708222557E-03   2.2179389877E+00   2.4008119239E+00   1.5712019202E-03   3.3342210835E-04
   1   -44   0    0   5.6079116701E-01   7.9631110253E+00   1.8794683614E-04   2.0348533511E+00   2.3575881861E+00   2.1224890146E-04   2.1297457438E+00   2.3301522457E+00   6.4550478238E-04   2.2359244873E+00   2.3692480791E+00   1.7385774467E-03   2.2374964423E+00   2.4101481111E+00   1.9025986755E-03   2.3822303173E+00   2.4411560145E+00   2.0709696016E-03   2.2180232923E+00   2.4010531519E+00   1.5711926407E-03   3.3344031756E-04
   1   -45   0    0   5.5082633466E-01   7.9636341022E+00   1.8763486046E-04   2.0346417395E+00   2.3577865743E+00   2.1221994757E-04   2.1296229946E+00   2.3303837939E+00   6.4539728116E-04   2.2357432693E+00   2.3694742817E+00   1.7382879077E-03   2.2378794883E+00   2.4103930111E+00   1.9025871107E-03   2.3825438907E+00   2.4414605536E+00   2.0711188285E-03   2.2181106178E+00   2.4012979185E+00   1.5711830903E-03   3.3345879518E-04
   1   -46   0    0   5.4086259229E-01   7.9641656884E+00   1.8731914778E-04   2.0344269215E+00   2.3579881753E+00   2.1219068539E-04   2.1294976409E+00   2.3306189543E+00   6.4528863531E-04   2.2355601087E+00   2.3697040367E+00   1.7379952859E-03   2.2382688599E+00   2.4106414613E+00   1.9025752116E-03   2.3828619191E+00   2.4417694189E+00   2.0712699308E-03   2.2182010631E+00   2.4015462348E+00   1.5711732639E-03   3.3347754206E-04
   1   -47   0    0   5.3089996297E-01   7.9647058450E+00   1.8699972072E-04   2.0342088799E+00   2.3581930089E+00   2.1216111818E-04   2.1293696300E+00   2.3308577446E+00   6.4517885696E-04   2.2353750310E+00   2.3699373619E+00   1.7376996138E-03   2.2386646095E+00   2.4108934715E+00   1.9025629722E-03   2.3831844102E+00   2.4420826179E+00   2.0714229018E-03   2.2182947295E+00   2.4017981105E+00   1.5711631563E-03   3.3349655893E-04
   1   -48   0    0   5.2093846971E-01   7.9652546301E+00   1.8667660461E-04   2.0339875984E+00   2.3584010938E+00   2.1213124946E-04   2.1292389086E+00   2.3311001807E+00   6.4506795913E-04   2.2351880634E+00   2.3701742740E+00   1.7374009265E-03   2.2390667877E+00   2.4111490497E+00   1.9025503865E-03   2.3835113700E+00   2.4424001564E+00   2.0715777333E-03   2.2183917207E+00   2.4020535539E+00   1.5711527628E-03   3.3351584643E-04
   1   -49   0    0   5.1097813544E-01   7.9658120993E+00   1.8634982757E-04   2.0337630621E+00   2.3586124474E+00   2.1210108298E-04   2.1291054223E+00   2.3313462770E+00   6.4495595576E-04   2.2349992353E+00   2.3704147881E+00   1.7370992616E-03   2.2394754436E+00   2.4114082024E+00   1.9025374485E-03   2.3838428018E+00   2.4427220378E+00   2.0717344162E-03   2.2184921425E+00   2.4023125712E+00   1.5711420784E-03   3.3353540503E-04
   1   -50   0    0   5.0101898295E-01   7.9663783053E+00   1.8601942046E-04   2.0335352568E+00   2.3588270856E+00   2.1207062274E-04   2.1289691161E+00   2.3315960464E+00   6.4484286169E-04   2.2348085783E+00   2.3706589175E+00   1.7367946591E-03   2.2398906248E+00   2.4116709342E+00   1.9025241524E-03   2.3841787071E+00   2.4430482632E+00   2.0718929398E-03   2.2185961031E+00   2.4025751674E+00   1.5711310982E-03   3.3355523510E-04
   1   -51   0    0   4.9106103492E-01   7.9669532976E+00   1.8568541703E-04   2.0333041699E+00   2.3590450232E+00   2.1203987297E-04   2.1288299337E+00   2.3318495000E+00   6.4472869267E-04   2.2346161256E+00   2.3709066740E+00   1.7364871614E-03   2.2403123768E+00   2.4119372482E+00   1.9025104925E-03   2.3845190848E+00   2.4433788317E+00   2.0720532924E-03   2.2187037128E+00   2.4028413454E+00   1.5711198176E-03   3.3357533686E-04
   1   -52   0    0   4.8110431382E-01   7.9675371229E+00   1.8534785384E-04   2.0330697895E+00   2.3592662732E+00   2.1200883817E-04   2.1286878184E+00   2.3321066472E+00   6.4461346538E-04   2.2344219129E+00   2.3711580679E+00   1.7361768133E-03   2.2407407433E+00   2.4122071456E+00   1.9024964632E-03   2.3848639315E+00   2.4437137400E+00   2.0722154608E-03   2.2188150841E+00   2.4031111066E+00   1.5711082320E-03   3.3359571041E-04
   1   -53   0    0   4.7114884190E-01   7.9681298242E+00   1.8500677035E-04   2.0328321055E+00   2.3594908475E+00   2.1197752308E-04   2.1285427123E+00   2.3323674956E+00   6.4449719739E-04   2.2342259778E+00   2.3714131075E+00   1.7358636623E-03   2.2411757662E+00   2.4124806259E+00   1.9024820591E-03   2.3852132413E+00   2.4440529824E+00   2.0723794305E-03   2.2189303317E+00   2.4033844504E+00   1.5710963369E-03   3.3361635569E-04
   1   -54   0    0   4.6119464120E-01   7.9687314415E+00   1.8466220893E-04   2.0325911087E+00   2.3597187562E+00   2.1194593267E-04   2.1283945567E+00   2.3326320509E+00   6.4437990720E-04   2.2340283601E+00   2.3716717995E+00   1.7355477581E-03   2.2416174853E+00   2.4127576866E+00   1.9024672750E-03   2.3855670060E+00   2.4443965508E+00   2.0725451858E-03   2.2190495724E+00   2.4036613745E+00   1.5710841279E-03   3.3363727251E-04
   1   -55   0    0   4.5124173345E-01   7.9693420113E+00   1.8431421488E-04   2.0323467912E+00   2.3599500081E+00   2.1191407217E-04   2.1282432923E+00   2.3329003170E+00   6.4426161422E-04   2.2338291018E+00   2.3719341485E+00   1.7352291531E-03   2.2420659384E+00   2.4130383235E+00   1.9024521057E-03   2.3859252147E+00   2.4447444347E+00   2.0727127094E-03   2.2191729248E+00   2.4039418747E+00   1.5710716008E-03   3.3365846054E-04
   1   -56   0    0   4.4129014008E-01   7.9699615664E+00   1.8396283642E-04   2.0320991468E+00   2.3601846101E+00   2.1188194705E-04   2.1280888588E+00   2.3331722959E+00   6.4414233875E-04   2.2336282468E+00   2.3722001575E+00   1.7349079018E-03   2.2425211610E+00   2.4133225303E+00   1.9024365463E-03   2.3862878541E+00   2.4450966211E+00   2.0728819829E-03   2.2193005097E+00   2.4042259448E+00   1.5710587515E-03   3.3367991927E-04
   1   -57   0    0   4.3133988216E-01   7.9705901359E+00   1.8360812474E-04   2.0318481702E+00   2.3604225676E+00   2.1184956302E-04   2.1279311952E+00   2.3334479876E+00   6.4402210199E-04   2.2334258414E+00   2.3724698274E+00   1.7345840615E-03   2.2429831864E+00   2.4136102990E+00   1.9024205920E-03   2.3866549082E+00   2.4454530945E+00   2.0730529862E-03   2.2194324496E+00   2.4045135768E+00   1.5710455762E-03   3.3370164808E-04
   1   -58   0    0   4.2139098040E-01   7.9712277451E+00   1.8325013395E-04   2.0315938578E+00   2.3606638843E+00   2.1181692604E-04   2.1277702395E+00   2.3337273900E+00   6.4390092607E-04   2.2332219339E+00   2.3727431573E+00   1.7342576917E-03   2.2434520456E+00   2.4139016195E+00   1.9024042383E-03   2.3870263583E+00   2.4458138368E+00   2.0732256982E-03   2.2195688688E+00   2.4048047606E+00   1.5710320711E-03   3.3372364617E-04
   1   -59   0    0   4.1144345507E-01   7.9718744155E+00   1.8288892115E-04   2.0313362075E+00   2.3609085621E+00   2.1178404230E-04   2.1276059295E+00   2.3340104990E+00   6.4377883394E-04   2.2330165746E+00   2.3730201441E+00   1.7339288542E-03   2.2439277674E+00   2.4141964795E+00   1.9023874810E-03   2.3874021833E+00   2.4461788274E+00   2.0734000961E-03   2.2197098933E+00   2.4050994841E+00   1.5710182325E-03   3.3374591260E-04
   1   -60   0    0   4.0149732599E-01   7.9725301645E+00   1.8252454636E-04   2.0310752185E+00   2.3611566011E+00   2.1175091822E-04   2.1274382017E+00   2.3342973084E+00   6.4365584948E-04   2.2328098163E+00   2.3733007827E+00   1.7335976133E-03   2.2444103778E+00   2.4144948650E+00   1.9023703158E-03   2.3877823591E+00   2.4465480429E+00   2.0735761559E-03   2.2198556506E+00   2.4053977332E+00   1.5710040573E-03   3.3376844625E-04
   1   -61   0    0   3.9155261250E-01   7.9731950052E+00   1.8215707256E-04   2.0308108917E+00   2.3614079996E+00   2.1171756046E-04   2.1272669924E+00   2.3345878099E+00   6.4353199739E-04   2.2326017136E+00   2.3735850660E+00   1.7332640356E-03   2.2448999005E+00   2.4147967597E+00   1.9023527391E-03   2.3881668591E+00   2.4469214575E+00   2.0737538519E-03   2.2200062696E+00   2.4056994919E+00   1.5709895421E-03   3.3379124587E-04
   1   -62   0    0   3.8160933342E-01   7.9738689469E+00   1.8178656566E-04   2.0305432293E+00   2.3616627541E+00   2.1168397590E-04   2.1270922371E+00   2.3348819930E+00   6.4340730324E-04   2.2323923232E+00   2.3738729846E+00   1.7329281899E-03   2.2453963565E+00   2.4151021454E+00   1.9023347472E-03   2.3885556537E+00   2.4472990426E+00   2.0739331573E-03   2.2201618807E+00   2.4060047418E+00   1.5709746841E-03   3.3381431002E-04
   1   -63   0    0   3.7166750699E-01   7.9745519941E+00   1.8141309445E-04   2.0302722352E+00   2.3619208591E+00   2.1165017165E-04   2.1269138708E+00   2.3351798449E+00   6.4328179343E-04   2.2321817040E+00   2.3741645271E+00   1.7325901473E-03   2.2458997644E+00   2.4154110018E+00   1.9023163369E-03   2.3889487110E+00   2.4476807668E+00   2.0741140437E-03   2.2203226153E+00   2.4063134627E+00   1.5709594806E-03   3.3383763711E-04
   1   -64   0    0   3.6172715089E-01   7.9752441472E+00   1.8103673062E-04   2.0299979151E+00   2.3621823073E+00   2.1161615504E-04   2.1267318279E+00   2.3354813508E+00   6.4315549517E-04   2.2319699170E+00   2.3744596799E+00   1.7322499812E-03   2.2464101396E+00   2.4157233063E+00   1.9022975051E-03   2.3893459957E+00   2.4480665962E+00   2.0742964816E-03   2.2204886059E+00   2.4066256323E+00   1.5709439289E-03   3.3386122539E-04
   1   -65   0    0   3.5178828213E-01   7.9759454020E+00   1.8065754873E-04   2.0297202760E+00   2.3624470894E+00   2.1158193362E-04   2.1265460425E+00   2.3357864933E+00   6.4302843647E-04   2.2317570249E+00   2.3747584271E+00   1.7319077669E-03   2.2469274950E+00   2.4160390344E+00   1.9022782492E-03   2.3897474702E+00   2.4484564942E+00   2.0744804396E-03   2.2206599859E+00   2.4069412259E+00   1.5709280270E-03   3.3388507294E-04
   1   -66   0    0   3.4185091710E-01   7.9766557496E+00   1.8027562614E-04   2.0294393267E+00   2.3627151940E+00   2.1154751514E-04   2.1263564481E+00   2.3360952530E+00   6.4290064611E-04   2.2315430928E+00   2.3750607506E+00   1.7315635821E-03   2.2474518407E+00   2.4163581593E+00   1.9022585666E-03   2.3901530939E+00   2.4488504212E+00   2.0746658854E-03   2.2208368893E+00   2.4072602169E+00   1.5709117729E-03   3.3390917768E-04
   1   -67   0    0   3.3191507147E-01   7.9773751766E+00   1.7989104299E-04   2.0291550777E+00   2.3629866079E+00   2.1151290756E-04   2.1261629781E+00   2.3364076082E+00   6.4277215364E-04   2.2313281875E+00   2.3753666301E+00   1.7312175061E-03   2.2479831836E+00   2.4166806523E+00   1.9022384555E-03   2.3905628234E+00   2.4492483352E+00   2.0748527850E-03   2.2210194507E+00   2.4075825765E+00   1.5708951647E-03   3.3393353734E-04
   1   -68   0    0   3.2198076017E-01   7.9781036648E+00   1.7950388218E-04   2.0288675411E+00   2.3632613157E+00   2.1147811902E-04   2.1259655655E+00   2.3367235346E+00   6.4264298934E-04   2.2311123775E+00   2.3756760428E+00   1.7308696207E-03   2.2485215279E+00   2.4170064824E+00   1.9022179140E-03   2.3909766124E+00   2.4496501913E+00   2.0750411032E-03   2.2212078051E+00   2.4079082738E+00   1.5708782012E-03   3.3395814952E-04
   1   -69   0    0   3.1204799737E-01   7.9788411909E+00   1.7911422926E-04   2.0285767310E+00   2.3635393001E+00   2.1144315789E-04   2.1257641431E+00   2.3370430059E+00   6.4251318420E-04   2.2308957335E+00   2.3759889638E+00   1.7305200093E-03   2.2490668744E+00   2.4173356164E+00   1.9021969407E-03   2.3913944120E+00   2.4500559419E+00   2.0752308033E-03   2.2214020875E+00   2.4082372758E+00   1.5708608811E-03   3.3398301162E-04
   1   -70   0    0   3.0211679647E-01   7.9795877271E+00   1.7872217246E-04   2.0282826629E+00   2.3638205416E+00   2.1140803268E-04   2.1255586437E+00   2.3373659932E+00   6.4238276988E-04   2.2306783279E+00   2.3763053660E+00   1.7301687572E-03   2.2496192211E+00   2.4176680191E+00   1.9021755347E-03   2.3918161705E+00   2.4504655368E+00   2.0754218475E-03   2.2216024329E+00   2.4085695473E+00   1.5708432037E-03   3.3400812088E-04
   1   -71   0    0   2.9218717000E-01   7.9803432403E+00   1.7832780255E-04   2.0279853543E+00   2.3641050186E+00   2.1137275211E-04   2.1253490001E+00   2.3376924654E+00   6.4225177873E-04   2.2304602345E+00   2.3766252197E+00   1.7298159514E-03   2.2501785627E+00   2.4180036530E+00   1.9021536953E-03   2.3922418331E+00   2.4508789228E+00   2.0756141963E-03   2.2218089761E+00   2.4089050508E+00   1.5708251683E-03   3.3403347440E-04
   1   -72   0    0   2.8225912965E-01   7.9811076926E+00   1.7793121282E-04   2.0276848244E+00   2.3643927077E+00   2.1133732506E-04   2.1251351453E+00   2.3380223890E+00   6.4212024371E-04   2.2302415292E+00   2.3769484931E+00   1.7294616808E-03   2.2507448906E+00   2.4183424787E+00   1.9021314221E-03   2.3926713426E+00   2.4512960444E+00   2.0758078094E-03   2.2220218512E+00   2.4092437471E+00   1.5708067748E-03   3.3405906907E-04
   1   -73   0    0   2.7233268619E-01   7.9818810409E+00   1.7753249899E-04   2.0273810941E+00   2.3646835831E+00   2.1130176056E-04   2.1249170121E+00   2.3383557282E+00   6.4198819838E-04   2.2300222890E+00   2.3772751519E+00   1.7291060357E-03   2.2513181929E+00   2.4186844546E+00   1.9021087154E-03   2.3931046388E+00   2.4517168431E+00   2.0760026447E-03   2.2222411917E+00   2.4095855944E+00   1.5707880232E-03   3.3408490164E-04
   1   -74   0    0   2.6240784950E-01   7.9826632368E+00   1.7713175916E-04   2.0270741864E+00   2.3649776169E+00   2.1126606781E-04   2.1246945341E+00   2.3386924446E+00   6.4185567688E-04   2.2298025929E+00   2.3776051596E+00   1.7287491082E-03   2.2518984546E+00   2.4190295369E+00   1.9020855756E-03   2.3935416590E+00   2.4521412580E+00   2.0761986592E-03   2.2224671301E+00   2.4099305492E+00   1.5707689140E-03   3.3411096871E-04
   1   -75   0    0   2.5248462847E-01   7.9834542269E+00   1.7672909369E-04   2.0267641257E+00   2.3652747794E+00   2.1123025615E-04   2.1244676449E+00   2.3390324977E+00   6.4172271388E-04   2.2295825208E+00   2.3779384774E+00   1.7283909915E-03   2.2524856571E+00   2.4193776799E+00   1.9020620037E-03   2.3939823376E+00   2.4525692255E+00   2.0763958086E-03   2.2226997977E+00   2.4102785657E+00   1.5707494479E-03   3.3413726669E-04
   1   -76   0    0   2.4256303103E-01   7.9842539525E+00   1.7632460515E-04   2.0264509386E+00   2.3655750384E+00   2.1119433506E-04   2.1242362791E+00   2.3393758447E+00   6.4158934456E-04   2.2293621543E+00   2.3782750641E+00   1.7280317805E-03   2.2530797783E+00   2.4197288357E+00   1.9020380010E-03   2.3944266065E+00   2.4530006793E+00   2.0765940473E-03   2.2229393240E+00   2.4106295961E+00   1.5707296261E-03   3.3416379183E-04
   1   -77   0    0   2.3264306406E-01   7.9850623498E+00   1.7591839823E-04   2.0261346534E+00   2.3658783600E+00   2.1115831413E-04   2.1240003714E+00   2.3397224403E+00   6.4145560459E-04   2.2291415760E+00   2.3786148763E+00   1.7276715712E-03   2.2536807927E+00   2.4200829543E+00   1.9020135693E-03   2.3948743948E+00   2.4534355508E+00   2.0767933286E-03   2.2231858370E+00   2.4109835906E+00   1.5707094500E-03   3.3419054024E-04
   1   -78   0    0   2.2272473343E-01   7.9858793493E+00   1.7551057962E-04   2.0258153001E+00   2.3661847079E+00   2.1112220309E-04   2.1237598578E+00   2.3400722369E+00   6.4132153004E-04   2.2289208697E+00   2.3789578682E+00   1.7273104607E-03   2.2542886714E+00   2.4204399840E+00   1.9019887108E-03   2.3953256292E+00   2.4538737687E+00   2.0769936048E-03   2.2234394627E+00   2.4113404973E+00   1.5706889214E-03   3.3421750785E-04
   1   -79   0    0   2.1280804391E-01   7.9867048766E+00   1.7510125792E-04   2.0254929107E+00   2.3664940438E+00   2.1108601177E-04   2.1235146750E+00   2.3404251848E+00   6.4118715742E-04   2.2287001201E+00   2.3793039919E+00   1.7269485474E-03   2.2549033816E+00   2.4207998708E+00   1.9019634280E-03   2.3957802338E+00   2.4543152592E+00   2.0771948270E-03   2.2237003245E+00   2.4117002624E+00   1.5706680425E-03   3.3424469047E-04
   1   -80   0    0   2.0289299919E-01   7.9875388517E+00   1.7469054355E-04   2.0251675191E+00   2.3668063275E+00   2.1104975009E-04   2.1232647607E+00   2.3407812318E+00   6.4105252358E-04   2.2284794131E+00   2.3796531972E+00   1.7265859306E-03   2.2555248871E+00   2.4211625590E+00   1.9019377242E-03   2.3962381302E+00   2.4547599464E+00   2.0773969452E-03   2.2239685434E+00   2.4120628303E+00   1.5706468158E-03   3.3427208371E-04
   1   -81   0    0   1.9297960182E-01   7.9883811893E+00   1.7427854863E-04   2.0248391608E+00   2.3671215165E+00   2.1101342807E-04   2.1230100542E+00   2.3411403237E+00   6.4091766569E-04   2.2282588349E+00   2.3800054316E+00   1.7262227103E-03   2.2561531481E+00   2.4215279908E+00   1.9019116027E-03   2.3966992377E+00   2.4552077517E+00   2.0775999084E-03   2.2242442375E+00   2.4124281431E+00   1.5706252443E-03   3.3429968307E-04
   1   -82   0    0   1.8306785320E-01   7.9892317988E+00   1.7386538685E-04   2.0245078733E+00   2.3674395666E+00   2.1097705581E-04   2.1227504957E+00   2.3415024041E+00   6.4078262124E-04   2.2280384728E+00   2.3803606406E+00   1.7258589875E-03   2.2567881209E+00   2.4218961067E+00   1.9018850676E-03   2.3971634730E+00   2.4556585945E+00   2.0778036647E-03   2.2245275214E+00   2.4127961415E+00   1.5706033311E-03   3.3432748389E-04
   1   -83   0    0   1.7315775355E-01   7.9900905842E+00   1.7345117341E-04   2.0241736957E+00   2.3677604313E+00   2.1094064345E-04   2.1224860273E+00   2.3418674141E+00   6.4064742795E-04   2.2278184144E+00   2.3807187674E+00   1.7254948639E-03   2.2574297582E+00   2.4222668453E+00   1.9018581232E-03   2.3976307507E+00   2.4561123917E+00   2.0780081613E-03   2.2248185067E+00   2.4131667640E+00   1.5705810800E-03   3.3435548137E-04
   1   -84   0    0   1.6324930189E-01   7.9909574442E+00   1.7303602482E-04   2.0238366692E+00   2.3680840624E+00   2.1090420121E-04   2.1222165928E+00   2.3422352932E+00   6.4051212372E-04   2.2275987477E+00   2.3810797532E+00   1.7251304414E-03   2.2580780088E+00   2.4226401434E+00   1.9018307745E-03   2.3981009831E+00   2.4565690582E+00   2.0782133446E-03   2.2251173006E+00   2.4135399476E+00   1.5705584950E-03   3.3438367056E-04
   1   -85   0    0   1.5334249601E-01   7.9918322721E+00   1.7262005885E-04   2.0234968364E+00   2.3684104095E+00   2.1086773936E-04   2.1219421377E+00   2.3426059785E+00   6.4037674667E-04   2.2273795611E+00   2.3814435371E+00   1.7247658229E-03   2.2587328180E+00   2.4230159363E+00   1.9018030266E-03   2.3985740804E+00   2.4570285069E+00   2.0784191598E-03   2.2254240068E+00   2.4139156275E+00   1.5705355804E-03   3.3441204638E-04
   1   -86   0    0   1.4343733246E-01   7.9927149560E+00   1.7220339434E-04   2.0231542419E+00   2.3687394205E+00   2.1083126819E-04   2.1216626097E+00   2.3429794052E+00   6.4024133501E-04   2.2271609429E+00   2.3818100564E+00   1.7244011110E-03   2.2593941270E+00   2.4233941573E+00   1.9017748855E-03   2.3990499507E+00   2.4574906484E+00   2.0786255519E-03   2.2257387241E+00   2.4142937371E+00   1.5705123410E-03   3.3444060364E-04
   1   -87   0    0   1.3353380651E-01   7.9936053786E+00   1.7178615111E-04   2.0228089319E+00   2.3690710414E+00   2.1079479801E-04   2.1213779587E+00   2.3433555064E+00   6.4010592704E-04   2.2269429817E+00   2.3821792461E+00   1.7240364092E-03   2.2600618732E+00   2.4237747383E+00   1.9017463572E-03   2.3995285000E+00   2.4579553916E+00   2.0788324648E-03   2.2260615469E+00   2.4146742084E+00   1.5704887818E-03   3.3446933700E-04
   1   -88   0    0   1.2363191215E-01   7.9945034177E+00   1.7136844981E-04   2.0224609544E+00   2.3694052164E+00   2.1075833915E-04   2.1210881371E+00   2.3437342136E+00   6.3997056110E-04   2.2267257656E+00   2.3825510395E+00   1.7236718205E-03   2.2607359902E+00   2.4241576097E+00   1.9017174485E-03   2.4000096326E+00   2.4584226435E+00   2.0790398418E-03   2.2263925646E+00   2.4150569716E+00   1.5704649085E-03   3.3449824101E-04
   1   -89   0    0   1.1373164205E-01   7.9954089455E+00   1.7095041176E-04   2.0221103588E+00   2.3697418878E+00   2.1072190193E-04   2.1207930999E+00   2.3441154560E+00   6.3983527553E-04   2.2265093825E+00   2.3829253680E+00   1.7233074483E-03   2.2614164079E+00   2.4245427002E+00   1.9016881663E-03   2.4004932508E+00   2.4588923092E+00   2.0792476257E-03   2.2267318612E+00   2.4154419558E+00   1.5704407269E-03   3.3452731010E-04
   1   -90   0    0   1.0383298756E-01   7.9963218294E+00   1.7053215885E-04   2.0217571963E+00   2.3700809964E+00   2.1068549668E-04   2.1204928048E+00   2.3444991615E+00   6.3970010862E-04   2.2262939199E+00   2.3833021614E+00   1.7229433957E-03   2.2621030520E+00   2.4249299372E+00   1.9016585183E-03   2.4009792552E+00   2.4593642925E+00   2.0794557588E-03   2.2270795152E+00   2.4158290883E+00   1.5704162430E-03   3.3455653858E-04
   1   -91   0    0   9.3935938669E-02   7.9972419317E+00   1.7011381337E-04   2.0214015195E+00   2.3704224812E+00   2.1064913367E-04   2.1201872126E+00   2.3448852559E+00   6.3956509857E-04   2.2260794646E+00   2.3836813476E+00   1.7225797655E-03   2.2627958445E+00   2.4253192469E+00   1.9016285123E-03   2.4014675450E+00   2.4598384952E+00   2.0796641828E-03   2.2274355992E+00   2.4162182951E+00   1.5703914636E-03   3.3458592067E-04
   1   -92   0    0   8.4040484022E-02   7.9981691097E+00   1.6969549786E-04   2.0210433828E+00   2.3707662797E+00   2.1061282317E-04   2.1198762873E+00   2.3452736637E+00   6.3943028345E-04   2.2258661027E+00   2.3840628528E+00   1.7222166604E-03   2.2634947036E+00   2.4257105539E+00   1.9015981568E-03   2.4019580175E+00   2.4603148177E+00   2.0798728391E-03   2.2278001799E+00   2.4166095011E+00   1.5703663955E-03   3.3461545049E-04
   1   -93   0    0   7.4146610876E-02   7.9991032158E+00   1.6927733497E-04   2.0206828416E+00   2.3711123276E+00   2.1057657537E-04   2.1195599961E+00   2.3456643076E+00   6.3929570114E-04   2.2256539191E+00   2.3844466019E+00   1.7218541823E-03   2.2641995434E+00   2.4261037819E+00   1.9015674605E-03   2.4024505689E+00   2.4607931594E+00   2.0800816688E-03   2.2281733173E+00   2.4170026299E+00   1.5703410460E-03   3.3464512206E-04
   1   -94   0    0   6.4254305103E-02   8.0000440976E+00   1.6885944730E-04   2.0203199531E+00   2.3714605593E+00   2.1054040042E-04   2.1192383099E+00   2.3460571090E+00   6.3916138932E-04   2.2254429980E+00   2.3848325181E+00   1.7214924328E-03   2.2649102743E+00   2.4264988532E+00   1.9015364325E-03   2.4029450939E+00   2.4612734179E+00   2.0802906125E-03   2.2285550650E+00   2.4173976040E+00   1.5703154226E-03   3.3467492930E-04
   1   -95   0    0   5.4363551172E-02   8.0009915982E+00   1.6844195727E-04   2.0199547755E+00   2.3718109080E+00   2.1050430839E-04   2.1189112035E+00   2.3464519876E+00   6.3902738538E-04   2.2252334219E+00   2.3852205232E+00   1.7211315124E-03   2.2656268028E+00   2.4268956893E+00   1.9015050824E-03   2.4034414861E+00   2.4617554899E+00   2.0804996110E-03   2.2289454698E+00   2.4177943447E+00   1.5702895332E-03   3.3470486607E-04
   1   -96   0    0   4.4474332141E-02   8.0019455559E+00   1.6802498693E-04   2.0195873684E+00   2.3721633052E+00   2.1046830928E-04   2.1185786555E+00   2.3468488621E+00   6.3889372640E-04   2.2250252723E+00   2.3856105378E+00   1.7207715212E-03   2.2663490314E+00   2.4272942106E+00   1.9014734202E-03   2.4039396380E+00   2.4622392711E+00   2.0807086045E-03   2.2293445712E+00   2.4181927724E+00   1.5702633861E-03   3.3473492615E-04
   1   -97   0    0   3.4586629649E-02   8.0029058048E+00   1.6760865783E-04   2.0192177925E+00   2.3725176811E+00   2.1043241296E-04   2.1182406484E+00   2.3472476498E+00   6.3876044912E-04   2.2248186287E+00   2.3860024812E+00   1.7204125580E-03   2.2670768591E+00   2.4276943365E+00   1.9014414561E-03   2.4044394411E+00   2.4627246563E+00   2.0809175336E-03   2.2297524015E+00   2.4185928068E+00   1.5702369896E-03   3.3476510324E-04
   1   -98   0    0   2.4700423911E-02   8.0038721746E+00   1.6719309086E-04   2.0188461097E+00   2.3728739651E+00   2.1039662924E-04   2.1178971694E+00   2.3476482670E+00   6.3862758987E-04   2.2246135692E+00   2.3863962715E+00   1.7200547207E-03   2.2678101808E+00   2.4280959857E+00   1.9014092009E-03   2.4049407860E+00   2.4632115391E+00   2.0811263386E-03   2.2301689856E+00   2.4189943665E+00   1.5702103527E-03   3.3479539098E-04
   1   -99   0    0   1.4815693712E-02   8.0048444907E+00   1.6677840610E-04   2.0184723828E+00   2.3732320852E+00   2.1036096778E-04   2.1175482101E+00   2.3480506289E+00   6.3849518453E-04   2.2244101697E+00   2.3867918257E+00   1.7196981060E-03   2.2685488880E+00   2.4284990764E+00   1.9013766654E-03   2.4054435628E+00   2.4636998130E+00   2.0813349601E-03   2.2305943407E+00   2.4193973695E+00   1.5701834844E-03   3.3482578298E-04
   1  -100   0    0   4.9324164058E-03   8.0058225747E+00   1.6636472264E-04   2.0180966756E+00   2.3735919682E+00   2.1032543810E-04   2.1171937665E+00   2.3484546497E+00   6.3836326851E-04   2.2242085042E+00   2.3871890601E+00   1.7193428092E-03   2.2692928681E+00   2.4289035258E+00   1.9013438610E-03   2.4059476609E+00   2.4641893703E+00   2.0815433388E-03   2.2310284761E+00   2.4198017333E+00   1.5701563940E-03   3.3485627277E-04
   1  -101   0    0  -4.9494320840E-03   8.0068062443E+00   1.6595215845E-04   2.0177190527E+00   2.3739535403E+00   2.1029004961E-04   2.1168338397E+00   2.3488602428E+00   6.3823187669E-04   2.2240086446E+00   2.3875878899E+00   1.7189889242E-03   2.2700420051E+00   2.4293092508E+00   1.9013107992E-03   2.4064529689E+00   2.4646801033E+00   2.0817514156E-03   2.2314713930E+00   2.4202073746E+00   1.5701290911E-03   3.3488685386E-04
   1  -102   0    0  -1.4829877261E-02   8.0077953134E+00   1.6554083023E-04   2.0173395794E+00   2.3743167266E+00   2.1025481154E-04   2.1164684356E+00   2.3492673209E+00   6.3810104337E-04   2.2238106602E+00   2.3879882295E+00   1.7186365435E-03   2.2707961794E+00   2.4297161677E+00   1.9012774920E-03   2.4069593756E+00   2.4651719038E+00   2.0819591318E-03   2.2319230848E+00   2.4206142099E+00   1.5701015854E-03   3.3491751972E-04
   1  -103   0    0  -2.4708946050E-02   8.0087895925E+00   1.6513085322E-04   2.0169583216E+00   2.3746814514E+00   2.1021973298E-04   2.1160975654E+00   2.3496757959E+00   6.3797080225E-04   2.2236146178E+00   2.3883899927E+00   1.7182857577E-03   2.2715552677E+00   2.4301241927E+00   1.9012439515E-03   2.4074667693E+00   2.4656646634E+00   2.0821664291E-03   2.2323835365E+00   2.4210221552E+00   1.5700738871E-03   3.3494826379E-04
   1  -104   0    0  -3.4586666789E-02   8.0097888888E+00   1.6472234108E-04   2.0165753459E+00   2.3750476384E+00   2.1018482281E-04   2.1157212453E+00   2.3500855794E+00   6.3784118637E-04   2.2234205819E+00   2.3887930929E+00   1.7179366560E-03   2.2723191435E+00   2.4305332414E+00   1.9012101899E-03   2.4079750381E+00   2.4661582736E+00   2.0823732495E-03   2.2328527248E+00   2.4214311263E+00   1.5700460063E-03   3.3497907950E-04
   1  -105   0    0  -4.4463069220E-02   8.0107930063E+00   1.6431540576E-04   2.0161907191E+00   2.3754152107E+00   2.1015008976E-04   2.1153394973E+00   2.3504965824E+00   6.3771222808E-04   2.2232286137E+00   2.3891974427E+00   1.7175893254E-03   2.2730876768E+00   2.4309432294E+00   1.9011762201E-03   2.4084840704E+00   2.4666526259E+00   2.0825795360E-03   2.2333306182E+00   2.4218410387E+00   1.5700179535E-03   3.3500996028E-04
   1  -106   0    0  -5.4338184471E-02   8.0118017462E+00   1.6391015730E-04   2.0158045086E+00   2.3757840907E+00   2.1011554234E-04   2.1149523483E+00   2.3509087157E+00   6.3758395903E-04   2.2230387720E+00   2.3896029547E+00   1.7172438511E-03   2.2738607341E+00   2.4313540724E+00   1.9011420546E-03   2.4089937547E+00   2.4671476122E+00   2.0827852317E-03   2.2338171765E+00   2.4222518081E+00   1.5699897391E-03   3.3504089953E-04
   1  -107   0    0  -6.4212045042E-02   8.0128149067E+00   1.6350670373E-04   2.0154167816E+00   2.3761542005E+00   2.1008118886E-04   2.1145598315E+00   2.3513218897E+00   6.3745641006E-04   2.2228511122E+00   2.3900095410E+00   1.7169003163E-03   2.2746381789E+00   2.4317656858E+00   1.9011077066E-03   2.4095039797E+00   2.4676431243E+00   2.0829902808E-03   2.2343123515E+00   2.4226633499E+00   1.5699613740E-03   3.3507189068E-04
   1  -108   0    0  -7.4084684784E-02   8.0138322839E+00   1.6310515092E-04   2.0150276059E+00   2.3765254619E+00   2.1004703743E-04   2.1141619852E+00   2.3517360148E+00   6.3732961126E-04   2.2226656867E+00   2.3904171135E+00   1.7165588019E-03   2.2754198716E+00   2.4321779853E+00   1.9010731891E-03   2.4100146346E+00   2.4681390549E+00   2.0831946280E-03   2.2348160863E+00   2.4230755798E+00   1.5699328689E-03   3.3510292715E-04
   1  -109   0    0  -8.3956138875E-02   8.0148536713E+00   1.6270560244E-04   2.0146370489E+00   2.3768977963E+00   2.1001309593E-04   2.1137588539E+00   2.3521510015E+00   6.3720359186E-04   2.2224825447E+00   2.3908255844E+00   1.7162193868E-03   2.2762056695E+00   2.4325908867E+00   1.9010385154E-03   2.4105256093E+00   2.4686352968E+00   2.0833982192E-03   2.2353283156E+00   2.4234884137E+00   1.5699042348E-03   3.3513400241E-04
   1  -110   0    0  -9.3826443795E-02   8.0158788605E+00   1.6230815943E-04   2.0142451780E+00   2.3772711252E+00   2.0997937198E-04   2.1133504877E+00   2.3525667602E+00   6.3707838024E-04   2.2223017319E+00   2.3912348655E+00   1.7158821472E-03   2.2769954271E+00   2.4330043064E+00   1.9010036988E-03   2.4110367941E+00   2.4691317438E+00   2.0836010008E-03   2.2358489659E+00   2.4239017678E+00   1.5698754827E-03   3.3516510992E-04
   1  -111   0    0  -1.0369563730E-01   8.0169076411E+00   1.6191292051E-04   2.0138520605E+00   2.3776453697E+00   2.0994587300E-04   2.1129369427E+00   2.3529832015E+00   6.3695400386E-04   2.2221232907E+00   2.3916448691E+00   1.7155471573E-03   2.2777889960E+00   2.4334181607E+00   1.9009687529E-03   2.4115480804E+00   2.4696282903E+00   2.0838029206E-03   2.2363779555E+00   2.4243155585E+00   1.5698466238E-03   3.3519624322E-04
   1  -112   0    0  -1.1356375836E-01   8.0179398013E+00   1.6151998160E-04   2.0134577631E+00   2.3780204511E+00   2.0991260613E-04   2.1125182809E+00   2.3534002366E+00   6.3683048929E-04   2.2219472600E+00   2.3920555077E+00   1.7152144886E-03   2.2785862252E+00   2.4338323668E+00   1.9009336910E-03   2.4120593604E+00   2.4701248318E+00   2.0840039271E-03   2.2369151942E+00   2.4247297030E+00   1.5698176692E-03   3.3522739584E-04
   1  -113   0    0  -1.2343084719E-01   8.0189751278E+00   1.6112943586E-04   2.0130623524E+00   2.3783962909E+00   2.0987957827E-04   2.1120945703E+00   2.3538177768E+00   6.3670786214E-04   2.2217736750E+00   2.3924666940E+00   1.7148842100E-03   2.2793869612E+00   2.4342468423E+00   1.9008985267E-03   2.4125705274E+00   2.4706212647E+00   2.0842039703E-03   2.2374605842E+00   2.4251441189E+00   1.5697886300E-03   3.3525856140E-04
   1  -114   0    0  -1.3329694514E-01   8.0200134062E+00   1.6074137355E-04   2.0126658940E+00   2.3787728106E+00   2.0984679607E-04   2.1116658846E+00   2.3542357339E+00   6.3658614705E-04   2.2216025672E+00   2.3928783414E+00   1.7145563878E-03   2.2801910482E+00   2.4346615054E+00   1.9008632737E-03   2.4130814758E+00   2.4711174864E+00   2.0844030011E-03   2.2380140193E+00   2.4255587243E+00   1.5697595175E-03   3.3528973355E-04
   1  -115   0    0  -1.4316209467E-01   8.0210544211E+00   1.6035588198E-04   2.0122684532E+00   2.3791499322E+00   2.0981426588E-04   2.1112323038E+00   2.3546540207E+00   6.3646536766E-04   2.2214339646E+00   2.3932903636E+00   1.7142310859E-03   2.2809983279E+00   2.4350762751E+00   1.9008279454E-03   2.4135921014E+00   2.4716133959E+00   2.0846009718E-03   2.2385753858E+00   2.4259734383E+00   1.5697303428E-03   3.3532090603E-04
   1  -116   0    0  -1.5302633934E-01   8.0220979567E+00   1.5997304535E-04   2.0118700944E+00   2.3795275779E+00   2.0978199380E-04   2.1107939135E+00   2.3550725502E+00   6.3634554660E-04   2.2212678914E+00   2.3937026751E+00   1.7139083651E-03   2.2818086401E+00   2.4354910713E+00   1.9007925553E-03   2.4141023014E+00   2.4721088932E+00   2.0847978360E-03   2.2391445625E+00   2.4263881806E+00   1.5697011171E-03   3.3535207262E-04
   1  -117   0    0  -1.6288972372E-01   8.0231437966E+00   1.5959294473E-04   2.0114708812E+00   2.3799056706E+00   2.0974998565E-04   2.1103508053E+00   2.3554912365E+00   6.3622670546E-04   2.2211043680E+00   2.3941151913E+00   1.7135882835E-03   2.2826218226E+00   2.4359058147E+00   1.9007571169E-03   2.4146119744E+00   2.4726038800E+00   2.0849935485E-03   2.2397214204E+00   2.4268028720E+00   1.5696718515E-03   3.3538322720E-04
   1  -118   0    0  -1.7275229337E-01   8.0241917242E+00   1.5921565794E-04   2.0110708762E+00   2.3802841333E+00   2.0971824697E-04   2.1099030765E+00   2.3559099946E+00   6.3610886480E-04   2.2209434110E+00   2.3945278281E+00   1.7132708966E-03   2.2834377114E+00   2.4363204269E+00   1.9007216435E-03   2.4151210206E+00   2.4730982594E+00   2.0851880658E-03   2.2403058238E+00   2.4272174342E+00   1.5696425570E-03   3.3541436370E-04
   1  -119   0    0  -1.8261409475E-01   8.0252415228E+00   1.5884125950E-04   2.0106701410E+00   2.3806628902E+00   2.0968678300E-04   2.1094508301E+00   2.3563287402E+00   6.3599204411E-04   2.2207850333E+00   2.3949405025E+00   1.7129562568E-03   2.2842561408E+00   2.4367348308E+00   1.9006861484E-03   2.4156293419E+00   2.4735919363E+00   2.0853813455E-03   2.2408976296E+00   2.4276317898E+00   1.5696132446E-03   3.3544547617E-04
   1  -120   0    0  -1.9247517520E-01   8.0262929764E+00   1.5846982060E-04   2.0102687360E+00   2.3810418657E+00   2.0965559871E-04   2.1089941748E+00   2.3567473904E+00   6.3587626181E-04   2.2206292440E+00   2.3953531326E+00   1.7126444138E-03   2.2850769437E+00   2.4371489500E+00   1.9006506447E-03   2.4161368422E+00   2.4740848172E+00   2.0855733471E-03   2.2414966881E+00   2.4280458626E+00   1.5695839251E-03   3.3547655874E-04
   1  -121   0    0  -2.0233558285E-01   8.0273458690E+00   1.5810140900E-04   2.0098667206E+00   2.3814209851E+00   2.0962469876E-04   2.1085332246E+00   2.3571658633E+00   6.3576153525E-04   2.2204760484E+00   2.3957656373E+00   1.7123354143E-03   2.2858999517E+00   2.4375627097E+00   1.9006151454E-03   2.4166434269E+00   2.4745768104E+00   2.0857640313E-03   2.2421028434E+00   2.4284595777E+00   1.5695546092E-03   3.3550760563E-04
   1  -122   0    0  -2.1219536659E-01   8.0283999856E+00   1.5773608902E-04   2.0094641527E+00   2.3818001748E+00   2.0959408754E-04   2.1080680990E+00   2.3575840779E+00   6.3564788071E-04   2.2203254481E+00   2.3961779369E+00   1.7120293021E-03   2.2867249952E+00   2.4379760360E+00   1.9005796633E-03   2.4171490037E+00   2.4750678262E+00   2.0859533606E-03   2.2427159330E+00   2.4288728611E+00   1.5695253076E-03   3.3553861116E-04
   1  -123   0    0  -2.2205457599E-01   8.0294551122E+00   1.5737392151E-04   2.0090610890E+00   2.3821793618E+00   2.0956376915E-04   2.1075989225E+00   2.3580019550E+00   6.3553531335E-04   2.2201774412E+00   2.3965899527E+00   1.7117261181E-03   2.2875519036E+00   2.4383888564E+00   1.9005442110E-03   2.4176534819E+00   2.4755577767E+00   2.0861412990E-03   2.2433357887E+00   2.4292856405E+00   1.5694960306E-03   3.3556956978E-04
   1  -124   0    0  -2.3191326123E-01   8.0305110355E+00   1.5701496381E-04   2.0086575850E+00   2.3825584741E+00   2.0953374737E-04   2.1071258249E+00   2.3584194164E+00   6.3542384729E-04   2.2200320218E+00   2.3970016074E+00   1.7114259002E-03   2.2883805054E+00   2.4388010998E+00   1.9005088010E-03   2.4181567732E+00   2.4760465760E+00   2.0863278121E-03   2.2439622366E+00   2.4296978445E+00   1.5694667884E-03   3.3560047602E-04
   1  -125   0    0  -2.4177147302E-01   8.0315675440E+00   1.5665926976E-04   2.0082536945E+00   2.3829374407E+00   2.0950402571E-04   2.1066489407E+00   2.3588363852E+00   6.3531349553E-04   2.2198891808E+00   2.3974128251E+00   1.7111286836E-03   2.2892106287E+00   2.4392126965E+00   1.9004734455E-03   2.4186587914E+00   2.4765341405E+00   2.0865128671E-03   2.2445950975E+00   2.4301094035E+00   1.5694375913E-03   3.3563132454E-04
   1  -126   0    0  -2.5162926260E-01   8.0326244275E+00   1.5630688968E-04   2.0078494700E+00   2.3833161919E+00   2.0947460740E-04   2.1061684090E+00   2.3592527863E+00   6.3520427003E-04   2.2197489054E+00   2.3978235312E+00   1.7108345004E-03   2.2900421008E+00   2.4396235779E+00   1.9004381563E-03   2.4191594522E+00   2.4770203885E+00   2.0866964331E-03   2.2452341872E+00   2.4305202489E+00   1.5694084489E-03   3.3566211011E-04
   1  -127   0    0  -2.6148668157E-01   8.0336814774E+00   1.5595787037E-04   2.0074449625E+00   2.3836946588E+00   2.0944549535E-04   2.1056843733E+00   2.3596685457E+00   6.3509618167E-04   2.2196111795E+00   2.3982336524E+00   1.7105433799E-03   2.2908747490E+00   2.4400336772E+00   1.9004029452E-03   2.4196586738E+00   2.4775052403E+00   2.0868784806E-03   2.2458793167E+00   2.4309303138E+00   1.5693793710E-03   3.3569282763E-04
   1  -128   0    0  -2.7134378191E-01   8.0347384871E+00   1.5561225515E-04   2.0070402215E+00   2.3840727737E+00   2.0941669223E-04   2.1051969816E+00   2.3600835912E+00   6.3498924027E-04   2.2194759836E+00   2.3986431171E+00   1.7102553486E-03   2.2917084001E+00   2.4404429290E+00   1.9003678236E-03   2.4201563765E+00   2.4779886188E+00   2.0870589820E-03   2.2465302927E+00   2.4313395328E+00   1.5693503671E-03   3.3572347211E-04
   1  -129   0    0  -2.8120061586E-01   8.0357952520E+00   1.5527008387E-04   2.0066352950E+00   2.3844504703E+00   2.0938820038E-04   2.1047063856E+00   2.3604978519E+00   6.3488345460E-04   2.2193432952E+00   2.3990518550E+00   1.7099704300E-03   2.2925428811E+00   2.4408512692E+00   1.9003328027E-03   2.4206524830E+00   2.4784704487E+00   2.0872379112E-03   2.2471869177E+00   2.4317478417E+00   1.5693214463E-03   3.3575403868E-04
   1  -130   0    0  -2.9105723588E-01   8.0368515697E+00   1.5493139294E-04   2.0062302295E+00   2.3848276834E+00   2.0936002190E-04   2.1042127409E+00   2.3609112589E+00   6.3477883243E-04   2.2192130885E+00   2.3994597975E+00   1.7096886452E-03   2.2933780193E+00   2.4412586355E+00   1.9002978932E-03   2.4211469181E+00   2.4789506572E+00   2.0874152438E-03   2.2478489905E+00   2.4321551783E+00   1.5692926175E-03   3.3578452262E-04
   1  -131   0    0  -3.0091369453E-01   8.0379072401E+00   1.5459621534E-04   2.0058250699E+00   2.3852043490E+00   2.0933215861E-04   2.1037162066E+00   2.3613237444E+00   6.3467538048E-04   2.2190853348E+00   2.3998668774E+00   1.7094100122E-03   2.2942136419E+00   2.4416649669E+00   1.9002631058E-03   2.4216396089E+00   2.4794291735E+00   2.0875909572E-03   2.2485163066E+00   2.4325614815E+00   1.5692638896E-03   3.3581491931E-04
   1  -132   0    0  -3.1077004447E-01   8.0389620654E+00   1.5426458074E-04   2.0054198597E+00   2.3855804043E+00   2.0930461205E-04   2.1032169450E+00   2.3617352426E+00   6.3457310452E-04   2.2189600025E+00   2.4002730293E+00   1.7091345466E-03   2.2950495770E+00   2.4420702041E+00   1.9002284507E-03   2.4221304851E+00   2.4799059292E+00   2.0877650304E-03   2.2491886582E+00   2.4329666919E+00   1.5692352708E-03   3.3584522425E-04
   1  -133   0    0  -3.2062633834E-01   8.0400158505E+00   1.5393651548E-04   2.0050146409E+00   2.3859557881E+00   2.0927738351E-04   2.1027151213E+00   2.3621456893E+00   6.3447200931E-04   2.2188370575E+00   2.4006781892E+00   1.7088622611E-03   2.2958856530E+00   2.4424742893E+00   1.9001939377E-03   2.4226194785E+00   2.4803808580E+00   2.0879374441E-03   2.2498658348E+00   2.4333707517E+00   1.5692067694E-03   3.3587543311E-04
   1  -134   0    0  -3.3048262870E-01   8.0410684031E+00   1.5361204270E-04   2.0046094542E+00   2.3863304401E+00   2.0925047402E-04   2.1022109036E+00   2.3625550218E+00   6.3437209870E-04   2.2187164629E+00   2.4010822947E+00   1.7085931662E-03   2.2967216993E+00   2.4428771661E+00   1.9001595764E-03   2.4231065230E+00   2.4808538961E+00   2.0881081803E-03   2.2505476234E+00   2.4337736047E+00   1.5691783934E-03   3.3590554164E-04
   1  -135   0    0  -3.4033896798E-01   8.0421195333E+00   1.5329118234E-04   2.0042043387E+00   2.3867043016E+00   2.0922388438E-04   2.1017044621E+00   2.3629631791E+00   6.3427337559E-04   2.2185981796E+00   2.4014852851E+00   1.7083272697E-03   2.2975575460E+00   2.4432787800E+00   1.9001253761E-03   2.4235915552E+00   2.4813249816E+00   2.0882772231E-03   2.2512338088E+00   2.4341751959E+00   1.5691501502E-03   3.3593554574E-04
   1  -136   0    0  -3.5019540840E-01   8.0431690544E+00   1.5297395127E-04   2.0037993322E+00   2.3870773152E+00   2.0919761511E-04   2.1011959695E+00   2.3633701019E+00   6.3417584200E-04   2.2184821660E+00   2.4018871014E+00   1.7080645769E-03   2.2983930243E+00   2.4436790776E+00   1.9000913457E-03   2.4240745136E+00   2.4817940549E+00   2.0884445578E-03   2.2519241742E+00   2.4345754722E+00   1.5691220474E-03   3.3596544143E-04
   1  -137   0    0  -3.6005200191E-01   8.0442167824E+00   1.5266036335E-04   2.0033944712E+00   2.3874494247E+00   2.0917166653E-04   2.1006856000E+00   2.3637757325E+00   6.3407949908E-04   2.2183683787E+00   2.4022876858E+00   1.7078050911E-03   2.2992279666E+00   2.4440780073E+00   1.9000574936E-03   2.4245553391E+00   2.4822610586E+00   2.0886101714E-03   2.2526185008E+00   2.4349743819E+00   1.5690940918E-03   3.3599522485E-04
   1  -138   0    0  -3.6990880013E-01   8.0452625364E+00   1.5235042952E-04   2.0029897912E+00   2.3878205752E+00   2.0914603872E-04   2.1001735297E+00   2.3641800149E+00   6.3398434714E-04   2.2182567721E+00   2.4026869825E+00   1.7075488129E-03   2.3000622066E+00   2.4444755189E+00   1.9000238281E-03   2.4250339748E+00   2.4827259374E+00   2.0887740525E-03   2.2533165690E+00   2.4353718748E+00   1.5690662903E-03   3.3602489227E-04
   1  -139   0    0  -3.7976585425E-01   8.0463061385E+00   1.5204415788E-04   2.0025853262E+00   2.3881907132E+00   2.0912073155E-04   2.0996599356E+00   2.3645828946E+00   6.3389038568E-04   2.2181472989E+00   2.4030849370E+00   1.7072957412E-03   2.3008955793E+00   2.4448715636E+00   1.8999903571E-03   2.4255103659E+00   2.4831886381E+00   2.0889361908E-03   2.2540181579E+00   2.4357679021E+00   1.5690386495E-03   3.3605444009E-04
   1  -140   0    0  -3.8962321505E-01   8.0473474137E+00   1.5174155381E-04   2.0021811092E+00   2.3885597865E+00   2.0909574469E-04   2.0991449959E+00   2.3649843188E+00   6.3379761345E-04   2.2180399103E+00   2.4034814966E+00   1.7070458725E-03   2.3017279212E+00   2.4452660944E+00   1.8999570880E-03   2.4259844598E+00   2.4836491096E+00   2.0890965779E-03   2.2547230460E+00   2.4361624165E+00   1.5690111754E-03   3.3608386479E-04
   1  -141   0    0  -3.9948093276E-01   8.0483861904E+00   1.5144262004E-04   2.0017771724E+00   2.3889277442E+00   2.0907107757E-04   2.0986288894E+00   2.3653842361E+00   6.3370602841E-04   2.2179345560E+00   2.4038766098E+00   1.7067992013E-03   2.3025590705E+00   2.4456590652E+00   1.8999240281E-03   2.4264562058E+00   2.4841073027E+00   2.0892552065E-03   2.2554310114E+00   2.4365553721E+00   1.5689838740E-03   3.3611316302E-04
   1  -142   0    0  -4.0933905707E-01   8.0494223000E+00   1.5114735680E-04   2.0013735468E+00   2.3892945364E+00   2.0904672949E-04   2.0981117954E+00   2.3657825968E+00   6.3361562786E-04   2.2178311842E+00   2.4042702269E+00   1.7065557204E-03   2.3033888671E+00   2.4460504316E+00   1.8998911841E-03   2.4269255554E+00   2.4845631702E+00   2.0894120708E-03   2.2561418322E+00   2.4369467245E+00   1.5689567509E-03   3.3614233150E-04
   1  -143   0    0  -4.1919763701E-01   8.0504555770E+00   1.5085576186E-04   2.0009702628E+00   2.3896601149E+00   2.0902269950E-04   2.0975938931E+00   2.3661793527E+00   6.3352640839E-04   2.2177297424E+00   2.4046622994E+00   1.7063154205E-03   2.3042171527E+00   2.4464401506E+00   1.8998585626E-03   2.4273924620E+00   2.4850166670E+00   2.0895671661E-03   2.2568552863E+00   2.4373364306E+00   1.5689298115E-03   3.3617136708E-04
   1  -144   0    0  -4.2905672096E-01   8.0514858590E+00   1.5056783067E-04   2.0005673498E+00   2.3900244322E+00   2.0899898654E-04   2.0970753618E+00   2.3665744569E+00   6.3343836596E-04   2.2176301768E+00   2.4050527805E+00   1.7060782908E-03   2.3050437708E+00   2.4468281804E+00   1.8998261696E-03   2.4278568809E+00   2.4854677494E+00   2.0897204891E-03   2.2575711521E+00   2.4377244484E+00   1.5689030609E-03   3.3620026672E-04
   1  -145   0    0  -4.3891635658E-01   8.0525129869E+00   1.5028355651E-04   2.0001648366E+00   2.3903874425E+00   2.0897558934E-04   2.0965563801E+00   2.3669678641E+00   6.3335149592E-04   2.2175324330E+00   2.4054416245E+00   1.7058443188E-03   2.3058685669E+00   2.4472144805E+00   1.8997940111E-03   2.4283187692E+00   2.4859163760E+00   2.0898720377E-03   2.2582892085E+00   2.4381107376E+00   1.5688765039E-03   3.3622902747E-04
   1  -146   0    0  -4.4877659075E-01   8.0535368047E+00   1.5000293051E-04   1.9997627517E+00   2.3907491008E+00   2.0895250651E-04   2.0960371260E+00   2.3673595303E+00   6.3326579304E-04   2.2174364560E+00   2.4058287873E+00   1.7056134904E-03   2.3066913886E+00   2.4475990116E+00   1.8997620924E-03   2.4287780858E+00   2.4863625067E+00   2.0900218110E-03   2.2590092352E+00   2.4384952588E+00   1.5688501450E-03   3.3625764650E-04
   1  -147   0    0  -4.5863746952E-01   8.0545571593E+00   1.4972594184E-04   1.9993611228E+00   2.3911093633E+00   2.0892973648E-04   2.0955177766E+00   2.3677494129E+00   6.3318125157E-04   2.2173421902E+00   2.4062142261E+00   1.7053857901E-03   2.3075120856E+00   2.4479817357E+00   1.8997304188E-03   2.4292347914E+00   2.4868061033E+00   2.0901698090E-03   2.2597310130E+00   2.4388779739E+00   1.5688239885E-03   3.3628612106E-04
   1  -148   0    0  -4.6849903813E-01   8.0555739010E+00   1.4945257778E-04   1.9989599774E+00   2.3914681875E+00   2.0890727756E-04   2.0949985076E+00   2.3681374705E+00   6.3309786523E-04   2.2172495799E+00   2.4065978992E+00   1.7051612009E-03   2.3083305099E+00   2.4483626159E+00   1.8996989952E-03   2.4296888482E+00   2.4872471293E+00   2.0903160330E-03   2.2604543237E+00   2.4392588460E+00   1.5687980383E-03   3.3631444851E-04
   1  -149   0    0  -4.7836134088E-01   8.0565868829E+00   1.4918282384E-04   1.9985593427E+00   2.3918255317E+00   2.0888512796E-04   2.0944794933E+00   2.3685236630E+00   6.3301562728E-04   2.2171585691E+00   2.4069797662E+00   1.7049397048E-03   2.3091465153E+00   2.4487416164E+00   1.8996678260E-03   2.4301402202E+00   2.4876855494E+00   2.0904604851E-03   2.2611789506E+00   2.4396378394E+00   1.5687722984E-03   3.3634262629E-04
   1  -150   0    0  -4.8822442117E-01   8.0575959614E+00   1.4891666388E-04   1.9981592457E+00   2.3921813555E+00   2.0886328571E-04   2.0939609063E+00   2.3689079517E+00   6.3293453055E-04   2.2170691018E+00   2.4073597881E+00   1.7047212823E-03   2.3099599585E+00   2.4491187025E+00   1.8996369157E-03   2.4305888727E+00   2.4881213300E+00   2.0906031685E-03   2.2619046786E+00   2.4400149192E+00   1.5687467721E-03   3.3637065193E-04
   1  -151   0    0  -4.9808832142E-01   8.0586009957E+00   1.4865408019E-04   1.9977597134E+00   2.3925356192E+00   2.0884174880E-04   2.0934429174E+00   2.3692902989E+00   6.3285456743E-04   2.2169811223E+00   2.4077379268E+00   1.7045059131E-03   2.3107706980E+00   2.4494938405E+00   1.8996062680E-03   2.4310347725E+00   2.4885544389E+00   2.0907440872E-03   2.2626312941E+00   2.4403900517E+00   1.5687214629E-03   3.3639852304E-04
   1  -152   0    0  -5.0795308306E-01   8.0596018480E+00   1.4839505362E-04   1.9973607727E+00   2.3928882844E+00   2.0882051506E-04   2.0929256948E+00   2.3696706680E+00   6.3277572998E-04   2.2168945751E+00   2.4081141453E+00   1.7042935757E-03   2.3115785950E+00   2.4498669977E+00   1.8995758869E-03   2.4314778879E+00   2.4889848452E+00   2.0908832461E-03   2.2633585858E+00   2.4407632042E+00   1.5686963736E-03   3.3642623732E-04
   1  -153   0    0  -5.1781874650E-01   8.0605983835E+00   1.4813956368E-04   1.9969624508E+00   2.3932393134E+00   2.0879958227E-04   2.0924094048E+00   2.3700490235E+00   6.3269800989E-04   2.2168094050E+00   2.4084884079E+00   1.7040842478E-03   2.3123835130E+00   2.4502381423E+00   1.8995457756E-03   2.4319181884E+00   2.4894125193E+00   2.0910206507E-03   2.2640863440E+00   2.4411343450E+00   1.5686715073E-03   3.3645379254E-04
   1  -154   0    0  -5.2768535109E-01   8.0615904702E+00   1.4788758862E-04   1.9965647748E+00   2.3935886695E+00   2.0877894810E-04   2.0918942109E+00   2.3704253310E+00   6.3262139852E-04   2.2167255576E+00   2.4088606796E+00   1.7038779060E-03   2.3131853179E+00   2.4506072436E+00   1.8995159374E-03   2.4323556447E+00   2.4898374326E+00   2.0911563076E-03   2.2648143615E+00   2.4415034430E+00   1.5686468664E-03   3.3648118654E-04
   1  -155   0    0  -5.3755293510E-01   8.0625779789E+00   1.4763910557E-04   1.9961677724E+00   2.3939363168E+00   2.0875861016E-04   2.0913802739E+00   2.3707995570E+00   6.3254588700E-04   2.2166429790E+00   2.4092309267E+00   1.7036745265E-03   2.3139838783E+00   2.4509742714E+00   1.8994863751E-03   2.4327902289E+00   2.4902595581E+00   2.0912902238E-03   2.2655424333E+00   2.4418704683E+00   1.5686224535E-03   3.3650841722E-04
   1  -156   0    0  -5.4742153571E-01   8.0635607833E+00   1.4739409060E-04   1.9957714714E+00   2.3942822203E+00   2.0873856597E-04   2.0908677515E+00   2.3711716692E+00   6.3247146614E-04   2.2165616160E+00   2.4095991163E+00   1.7034740846E-03   2.3147790650E+00   2.4513391965E+00   1.8994570915E-03   2.4332219139E+00   2.4906788695E+00   2.0914224070E-03   2.2662703568E+00   2.4422353917E+00   1.5685982706E-03   3.3653548258E-04
   1  -157   0    0  -5.5729118898E-01   8.0645387597E+00   1.4715251881E-04   1.9953759002E+00   2.3946263459E+00   2.0871881301E-04   2.0903567985E+00   2.3715416358E+00   6.3239812656E-04   2.2164814165E+00   2.4099652162E+00   1.7032765550E-03   2.3155707516E+00   2.4517019907E+00   1.8994280891E-03   2.4336506741E+00   2.4910953417E+00   2.0915528656E-03   2.2669979319E+00   2.4425981847E+00   1.5685743200E-03   3.3656238064E-04
   1  -158   0    0  -5.6716192984E-01   8.0655117872E+00   1.4691436446E-04   1.9949810877E+00   2.3949686600E+00   2.0869934869E-04   2.0898475664E+00   2.3719094262E+00   6.3232585868E-04   2.2164023294E+00   2.4103291953E+00   1.7030819118E-03   2.3163588142E+00   2.4520626260E+00   1.8993993700E-03   2.4340764844E+00   2.4915089504E+00   2.0916816084E-03   2.2677249613E+00   2.4429588196E+00   1.5685506033E-03   3.3658910952E-04
   1  -159   0    0  -5.7703379204E-01   8.0664797477E+00   1.4667960101E-04   1.9945870632E+00   2.3953091299E+00   2.0868017039E-04   2.0893402032E+00   2.3722750104E+00   6.3225465272E-04   2.2163243044E+00   2.4106910232E+00   1.7028901287E-03   2.3171431312E+00   2.4524210757E+00   1.8993709362E-03   2.4344993211E+00   2.4919196725E+00   2.0918086450E-03   2.2684512504E+00   2.4433172693E+00   1.5685271223E-03   3.3661566736E-04
   1  -160   0    0  -5.8690680818E-01   8.0674425253E+00   1.4644820121E-04   1.9941938570E+00   2.3956477238E+00   2.0866127543E-04   2.0888348536E+00   2.3726383594E+00   6.3218449875E-04   2.2162472927E+00   2.4110506705E+00   1.7027011790E-03   2.3179235841E+00   2.4527773133E+00   1.8993427896E-03   2.4349191610E+00   2.4923274856E+00   2.0919339850E-03   2.2691766074E+00   2.4436735076E+00   1.5685038784E-03   3.3664205237E-04
   1  -161   0    0  -5.9678100968E-01   8.0684000070E+00   1.4622013720E-04   1.9938014997E+00   2.3959844102E+00   2.0864266109E-04   2.0883316583E+00   2.3729994449E+00   6.3211538672E-04   2.2161712466E+00   2.4114081081E+00   1.7025150356E-03   2.3187000565E+00   2.4531313132E+00   1.8993149319E-03   2.4353359821E+00   2.4927323681E+00   2.0920576389E-03   2.2699008436E+00   2.4440275088E+00   1.5684808730E-03   3.3666826282E-04
   1  -162   0    0  -6.0665642677E-01   8.0693520822E+00   1.4599538057E-04   1.9934100229E+00   2.3963191585E+00   2.0862432465E-04   2.0878307546E+00   2.3733582391E+00   6.3204730645E-04   2.2160961197E+00   2.4117633081E+00   1.7023316712E-03   2.3194724349E+00   2.4534830503E+00   1.8992873643E-03   2.4357497631E+00   2.4931342992E+00   2.0921796173E-03   2.2706237729E+00   2.4443792477E+00   1.5684581073E-03   3.3669429701E-04
   1  -163   0    0  -6.1653308846E-01   8.0702986430E+00   1.4577390242E-04   1.9930194588E+00   2.3966519389E+00   2.0860626334E-04   2.0873322758E+00   2.3737147152E+00   6.3198024769E-04   2.2160218672E+00   2.4121162429E+00   1.7021510580E-03   2.3202406083E+00   2.4538325002E+00   1.8992600882E-03   2.4361604832E+00   2.4935332589E+00   2.0922999313E-03   2.2713452129E+00   2.4447286998E+00   1.5684355823E-03   3.3672015330E-04
   1  -164   0    0  -6.2641102257E-01   8.0712395836E+00   1.4555567342E-04   1.9926298406E+00   2.3969827218E+00   2.0858847437E-04   2.0868363511E+00   2.3740688469E+00   6.3191420011E-04   2.2159484455E+00   2.4124668859E+00   1.7019731683E-03   2.3210044685E+00   2.4541796388E+00   1.8992331047E-03   2.4365681226E+00   2.4939292279E+00   2.0924185922E-03   2.2720649837E+00   2.4450758413E+00   1.5684132990E-03   3.3674583009E-04
   1  -165   0    0  -6.3629025570E-01   8.0721748009E+00   1.4534066392E-04   1.9922412023E+00   2.3973114785E+00   2.0857095494E-04   2.0863431061E+00   2.3744206085E+00   6.3184915330E-04   2.2158758126E+00   2.4128152109E+00   1.7017979740E-03   2.3217639097E+00   2.4545244429E+00   1.8992064147E-03   2.4369726621E+00   2.4943221874E+00   2.0925356116E-03   2.2727829091E+00   2.4454206486E+00   1.5683912579E-03   3.3677132582E-04
   1  -166   0    0  -6.4617081322E-01   8.0731041942E+00   1.4512884394E-04   1.9918535787E+00   2.3976381808E+00   2.0855370226E-04   2.0858526618E+00   2.3747699751E+00   6.3178509684E-04   2.2158039281E+00   2.4131611923E+00   1.7016254471E-03   2.3225188289E+00   2.4548668895E+00   1.8991800190E-03   2.4373740832E+00   2.4947121193E+00   2.0926510016E-03   2.2734988160E+00   2.4457630988E+00   1.5683694600E-03   3.3679663898E-04
   1  -167   0    0  -6.5605271930E-01   8.0740276650E+00   1.4492018326E-04   1.9914670055E+00   2.3979628011E+00   2.0853671349E-04   2.0853651356E+00   2.3751169222E+00   6.3172202027E-04   2.2157327532E+00   2.4135048052E+00   1.7014555594E-03   2.3232691258E+00   2.4552069562E+00   1.8991539182E-03   2.4377723679E+00   2.4950990063E+00   2.0927647741E-03   2.2742125345E+00   2.4461031696E+00   1.5683479055E-03   3.3682176807E-04
   1  -168   0    0  -6.6593599685E-01   8.0749451173E+00   1.4471465146E-04   1.9910815193E+00   2.3982853123E+00   2.0851998582E-04   2.0848806403E+00   2.3754614260E+00   6.3165991312E-04   2.2156622507E+00   2.4138460253E+00   1.7012882827E-03   2.3240147026E+00   2.4555446212E+00   1.8991281128E-03   2.4381674988E+00   2.4954828313E+00   2.0928769416E-03   2.2749238982E+00   2.4464408391E+00   1.5683265950E-03   3.3684671167E-04
   1  -169   0    0  -6.7582066758E-01   8.0758564574E+00   1.4451221799E-04   1.9906971577E+00   2.3986056879E+00   2.0850351643E-04   2.0843992849E+00   2.3758034632E+00   6.3159876492E-04   2.2155923850E+00   2.4141848287E+00   1.7011235887E-03   2.3247554641E+00   2.4558798629E+00   1.8991026031E-03   2.4385594591E+00   2.4958635781E+00   2.0929875166E-03   2.2756327442E+00   2.4467760857E+00   1.5683055287E-03   3.3687146835E-04
   1  -170   0    0  -6.8570675197E-01   8.0767615939E+00   1.4431285214E-04   1.9903139592E+00   2.3989239019E+00   2.0848730250E-04   2.0839211737E+00   2.3761430111E+00   6.3153856522E-04   2.2155231222E+00   2.4145211922E+00   1.7009614494E-03   2.3254913181E+00   2.4562126604E+00   1.8990773894E-03   2.4389482326E+00   2.4962412308E+00   2.0930965117E-03   2.2763389128E+00   2.4471088884E+00   1.5682847069E-03   3.3689603676E-04
   1  -171   0    0  -6.9559426926E-01   8.0776604379E+00   1.4411652318E-04   1.9899319629E+00   2.3992399288E+00   2.0847134123E-04   2.0834464073E+00   2.3764800474E+00   6.3147930356E-04   2.2154544301E+00   2.4148550931E+00   1.7008018366E-03   2.3262221746E+00   2.4565429932E+00   1.8990524719E-03   2.4393338035E+00   2.4966157740E+00   2.0932039397E-03   2.2770422480E+00   2.4474392268E+00   1.5682641296E-03   3.3692041555E-04
   1  -172   0    0  -7.0548323748E-01   8.0785529024E+00   1.4392320029E-04   1.9895512091E+00   2.3995537437E+00   2.0845562980E-04   2.0829750816E+00   2.3768145505E+00   6.3142096955E-04   2.2153862782E+00   2.4151865092E+00   1.7006447223E-03   2.3269479467E+00   2.4568708411E+00   1.8990278504E-03   2.4397161566E+00   2.4969871930E+00   2.0933098136E-03   2.2777425972E+00   2.4477670806E+00   1.5682437968E-03   3.3694460343E-04
   1  -173   0    0  -7.1537367346E-01   8.0794389032E+00   1.4373285267E-04   1.9891717389E+00   2.3998653221E+00   2.0844016543E-04   2.0825072886E+00   2.3771464993E+00   6.3136355282E-04   2.2153186376E+00   2.4155154188E+00   1.7004900786E-03   2.3276685499E+00   2.4571961846E+00   1.8990035250E-03   2.4400952772E+00   2.4973554734E+00   2.0934141464E-03   2.2784398115E+00   2.4480924303E+00   1.5682237085E-03   3.3696859911E-04
   1  -174   0    0  -7.2526559277E-01   8.0803183580E+00   1.4354544953E-04   1.9887935940E+00   2.4001746402E+00   2.0842494533E-04   2.0820431158E+00   2.3774758731E+00   6.3130704303E-04   2.2152514812E+00   2.4158418008E+00   1.7003378775E-03   2.3283839023E+00   2.4575190044E+00   1.8989794953E-03   2.4404711511E+00   2.4977206013E+00   2.0935169512E-03   2.2791337454E+00   2.4484152566E+00   1.5682038645E-03   3.3699240137E-04
   1  -175   0    0  -7.3515900982E-01   8.0811911871E+00   1.4336096010E-04   1.9884168172E+00   2.4004816745E+00   2.0840996673E-04   2.0815826467E+00   2.3778026517E+00   6.3125142992E-04   2.2151847835E+00   2.4161656346E+00   1.7001880916E-03   2.3290939250E+00   2.4578392817E+00   1.8989557612E-03   2.4408437645E+00   2.4980825634E+00   2.0936182411E-03   2.2798242571E+00   2.4487355407E+00   1.5681842645E-03   3.3701600900E-04
   1  -176   0    0  -7.4505393778E-01   8.0820573128E+00   1.4317935369E-04   1.9880414517E+00   2.4007864022E+00   2.0839522689E-04   2.0811259605E+00   2.3781268156E+00   6.3119670325E-04   2.2151185208E+00   2.4164868999E+00   1.7000406931E-03   2.3297985414E+00   2.4581569983E+00   1.8989323222E-03   2.4412131041E+00   2.4984413467E+00   2.0937180294E-03   2.2805112084E+00   2.4490532643E+00   1.5681649082E-03   3.3703942082E-04
   1  -177   0    0  -7.5495038867E-01   8.0829166601E+00   1.4300059969E-04   1.9876675418E+00   2.4010888009E+00   2.0838072307E-04   2.0806731324E+00   2.3784483457E+00   6.3114285288E-04   2.2150526708E+00   2.4168055773E+00   1.6998956548E-03   2.3304976777E+00   2.4584721362E+00   1.8989091778E-03   2.4415791572E+00   2.4987969388E+00   2.0938163294E-03   2.2811944647E+00   2.4493684095E+00   1.5681457952E-03   3.3706263571E-04
   1  -178   0    0  -7.6484837328E-01   8.0837691561E+00   1.4282466758E-04   1.9872951321E+00   2.4013888489E+00   2.0836645254E-04   2.0802242334E+00   2.3787672235E+00   6.3108986870E-04   2.2149872130E+00   2.4171216477E+00   1.6997529495E-03   2.3311912629E+00   2.4587846779E+00   1.8988863275E-03   2.4419419114E+00   2.4991493277E+00   2.0939131544E-03   2.2818738952E+00   2.4496809587E+00   1.5681269251E-03   3.3708565254E-04
   1  -179   0    0  -7.7474790125E-01   8.0846147301E+00   1.4265152692E-04   1.9869242680E+00   2.4016865248E+00   2.0835241261E-04   2.0797793303E+00   2.3790834308E+00   6.3103774069E-04   2.2149221284E+00   2.4174350924E+00   1.6996125502E-03   2.3318792285E+00   2.4590946067E+00   1.8988637706E-03   2.4423013551E+00   2.4994985019E+00   2.0940085177E-03   2.2825493727E+00   2.4499908952E+00   1.5681082973E-03   3.3710847026E-04
   1  -180   0    0  -7.8464898106E-01   8.0854533142E+00   1.4248114742E-04   1.9865549954E+00   2.4019818080E+00   2.0833860058E-04   2.0793384861E+00   2.3793969502E+00   6.3098645887E-04   2.2148573998E+00   2.4177458936E+00   1.6994744299E-03   2.3325615088E+00   2.4594019059E+00   1.8988415064E-03   2.4426574768E+00   2.4998444503E+00   2.0941024327E-03   2.2832207736E+00   2.4502982023E+00   1.5680899111E-03   3.3713108782E-04
   1  -181   0    0  -7.9455162003E-01   8.0862848424E+00   1.4231349892E-04   1.9861873607E+00   2.4022746782E+00   2.0832501381E-04   2.0789017599E+00   2.3797077648E+00   6.3093601336E-04   2.2147930113E+00   2.4180540338E+00   1.6993385622E-03   2.3332380405E+00   2.4597065595E+00   1.8988195340E-03   2.4430102658E+00   2.5001871625E+00   2.0941949127E-03   2.2838879781E+00   2.4506028640E+00   1.5680717660E-03   3.3715350423E-04
   1  -182   0    0  -8.0445582433E-01   8.0871092515E+00   1.4214855136E-04   1.9858214106E+00   2.4025651160E+00   2.0831164964E-04   2.0784692066E+00   2.3800158581E+00   6.3088639434E-04   2.2147289484E+00   2.4183594960E+00   1.6992049204E-03   2.3339087633E+00   2.4600085520E+00   1.8987978526E-03   2.4433597118E+00   2.5005266285E+00   2.0942859713E-03   2.2845508702E+00   2.4509048648E+00   1.5680538612E-03   3.3717571850E-04
   1  -183   0    0  -8.1436159902E-01   8.0879264804E+00   1.4198627484E-04   1.9854571923E+00   2.4028531021E+00   2.0829850544E-04   2.0780408775E+00   2.3803212143E+00   6.3083759205E-04   2.2146651985E+00   2.4186622640E+00   1.6990734784E-03   2.3345736193E+00   2.4603078685E+00   1.8987764613E-03   2.4437058050E+00   2.5008628386E+00   2.0943756217E-03   2.2852093373E+00   2.4512041897E+00   1.5680361959E-03   3.3719772973E-04
   1  -184   0    0  -8.2426894804E-01   8.0887364706E+00   1.4182663961E-04   1.9850947533E+00   2.4031386183E+00   2.0828557862E-04   2.0776168202E+00   2.3806238182E+00   6.3078959682E-04   2.2146017498E+00   2.4189623220E+00   1.6989442101E-03   2.3352325535E+00   2.4606044944E+00   1.8987553590E-03   2.4440485363E+00   2.5011957840E+00   2.0944638774E-03   2.2858632709E+00   2.4515008241E+00   1.5680187693E-03   3.3721953700E-04
   1  -185   0    0  -8.3417787422E-01   8.0895391660E+00   1.4166961603E-04   1.9847341412E+00   2.4034216467E+00   2.0827286657E-04   2.0771970785E+00   2.3809236551E+00   6.3074239903E-04   2.2145385925E+00   2.4192596548E+00   1.6988170897E-03   2.3358855133E+00   2.4608984157E+00   1.8987345446E-03   2.4443878969E+00   2.5015254562E+00   2.0945507519E-03   2.2865125660E+00   2.4517947542E+00   1.5680015804E-03   3.3724113947E-04
   1  -186   0    0  -8.4408837934E-01   8.0903345130E+00   1.4151517465E-04   1.9843754037E+00   2.4037021702E+00   2.0826036674E-04   2.0767816925E+00   2.3812207108E+00   6.3069598916E-04   2.2144757177E+00   2.4195542479E+00   1.6986920913E-03   2.3365324490E+00   2.4611896191E+00   1.8987140170E-03   2.4447238788E+00   2.5018518473E+00   2.0946362584E-03   2.2871571213E+00   2.4520859664E+00   1.5679846284E-03   3.3726253633E-04
   1  -187   0    0  -8.5400046409E-01   8.0911224606E+00   1.4136328612E-04   1.9840185888E+00   2.4039801720E+00   2.0824807656E-04   2.0763706990E+00   2.3815149721E+00   6.3065035773E-04   2.2144131180E+00   2.4198460874E+00   1.6985691896E-03   2.3371733134E+00   2.4614780917E+00   1.8986937749E-03   2.4450564744E+00   2.5021749499E+00   2.0947204104E-03   2.2877968394E+00   2.4523744480E+00   1.5679679122E-03   3.3728372680E-04
   1  -188   0    0  -8.6391412812E-01   8.0919029601E+00   1.4121392127E-04   1.9836637442E+00   2.4042556364E+00   2.0823599352E-04   2.0759641311E+00   2.3818064260E+00   6.3060549534E-04   2.2143507870E+00   2.4201351599E+00   1.6984483591E-03   2.3378080620E+00   2.4617638214E+00   1.8986738172E-03   2.4453856769E+00   2.5024947573E+00   2.0948032213E-03   2.2884316264E+00   2.4526601866E+00   1.5679514308E-03   3.3730471014E-04
   1  -189   0    0  -8.7382937004E-01   8.0926759656E+00   1.4106705105E-04   1.9833109178E+00   2.4045285480E+00   2.0822411510E-04   2.0755620187E+00   2.3820950604E+00   6.3056139267E-04   2.2142887197E+00   2.4204214529E+00   1.6983295749E-03   2.3384366528E+00   2.4620467963E+00   1.8986541424E-03   2.4457114800E+00   2.5028112634E+00   2.0948847046E-03   2.2890613923E+00   2.4529431706E+00   1.5679351831E-03   3.3732548566E-04
   1  -190   0    0  -8.8374618748E-01   8.0934414336E+00   1.4092264656E-04   1.9829601570E+00   2.4047988923E+00   2.0821243880E-04   2.0751643884E+00   2.3823808637E+00   6.3051804044E-04   2.2142269121E+00   2.4207049544E+00   1.6982128119E-03   2.3390590467E+00   2.4623270054E+00   1.8986347491E-03   2.4460338779E+00   2.5031244625E+00   2.0949648736E-03   2.2896860507E+00   2.4532233890E+00   1.5679191679E-03   3.3734605273E-04
   1  -191   0    0  -8.9366457706E-01   8.0941993233E+00   1.4078067903E-04   1.9826115091E+00   2.4050666554E+00   2.0820096215E-04   2.0747712635E+00   2.3826638253E+00   6.3047542946E-04   2.2141653613E+00   2.4209856530E+00   1.6980980453E-03   2.3396752071E+00   2.4626044385E+00   1.8986156360E-03   2.4463528657E+00   2.5034343499E+00   2.0950437416E-03   2.2903055189E+00   2.4535008313E+00   1.5679033839E-03   3.3736641073E-04
   1  -192   0    0  -9.0358453443E-01   8.0949495962E+00   1.4064111983E-04   1.9822650213E+00   2.4053318240E+00   2.0818968267E-04   2.0743826642E+00   2.3829439348E+00   6.3043355059E-04   2.2141040656E+00   2.4212635382E+00   1.6979852505E-03   2.3402850999E+00   2.4628790856E+00   1.8985968015E-03   2.4466684391E+00   2.5037409213E+00   2.0951213223E-03   2.2909197180E+00   2.4537754877E+00   1.5678878301E-03   3.3738655912E-04
   1  -193   0    0  -9.1350605430E-01   8.0956922170E+00   1.4050394047E-04   1.9819207401E+00   2.4055943858E+00   2.0817859794E-04   2.0739986079E+00   2.3832211830E+00   6.3039239475E-04   2.2140430239E+00   2.4215386000E+00   1.6978744031E-03   2.3408886938E+00   2.4631509376E+00   1.8985782440E-03   2.4469805943E+00   2.5040441730E+00   2.0951976288E-03   2.2915285725E+00   2.4540473492E+00   1.5678725050E-03   3.3740649738E-04
   1  -194   0    0  -9.2342913048E-01   8.0964271525E+00   1.4036911257E-04   1.9815787115E+00   2.4058543290E+00   2.0816770551E-04   2.0736191087E+00   2.3834955611E+00   6.3035195292E-04   2.2139822363E+00   2.4218108294E+00   1.6977654789E-03   2.3414859599E+00   2.4634199862E+00   1.8985599619E-03   2.4472893284E+00   2.5043441022E+00   2.0952726747E-03   2.2921320109E+00   2.4543164072E+00   1.5678574074E-03   3.3742622506E-04
   1  -195   0    0  -9.3335375583E-01   8.0971543724E+00   1.4023660788E-04   1.9812389813E+00   2.4061116426E+00   2.0815700298E-04   2.0732441781E+00   2.3837670610E+00   6.3031221614E-04   2.2139217037E+00   2.4220802178E+00   1.6976584535E-03   2.3420768722E+00   2.4636862237E+00   1.8985419535E-03   2.4475946391E+00   2.5046407066E+00   2.0953464732E-03   2.2927299650E+00   2.4545826541E+00   1.5678425359E-03   3.3744574175E-04
   1  -196   0    0  -9.4327992239E-01   8.0978738491E+00   1.4010639827E-04   1.9809015943E+00   2.4063663164E+00   2.0814648794E-04   2.0728738248E+00   2.3840356757E+00   6.3027317550E-04   2.2138614277E+00   2.4223467576E+00   1.6975533031E-03   2.3426614069E+00   2.4639496429E+00   1.8985242172E-03   2.4478965250E+00   2.5049339847E+00   2.0954190379E-03   2.2933223706E+00   2.4548460828E+00   1.5678278889E-03   3.3746504707E-04
   1  -197   0    0  -9.5320762132E-01   8.0985855576E+00   1.3997845574E-04   1.9805665949E+00   2.4066183409E+00   2.0813615802E-04   2.0725080548E+00   2.3843013986E+00   6.3023482215E-04   2.2138014109E+00   2.4226104419E+00   1.6974500039E-03   2.3432395431E+00   2.4642102375E+00   1.8985067511E-03   2.4481949851E+00   2.5052239357E+00   2.0954903822E-03   2.2939091667E+00   2.4551066869E+00   1.5678134652E-03   3.3748414074E-04
   1  -198   0    0  -9.6313684295E-01   8.0992894756E+00   1.3985275238E-04   1.9802340263E+00   2.4068677075E+00   2.0812601084E-04   2.0721468714E+00   2.3845642240E+00   6.3019714730E-04   2.2137416563E+00   2.4228712645E+00   1.6973485320E-03   2.3438112621E+00   2.4644680020E+00   1.8984895535E-03   2.4484900196E+00   2.5055105596E+00   2.0955605193E-03   2.2944902960E+00   2.4553644609E+00   1.5677992631E-03   3.3750302247E-04
   1  -199   0    0  -9.7306757683E-01   8.0999855835E+00   1.3972926042E-04   1.9799039315E+00   2.4071144082E+00   2.0811604404E-04   2.0717902757E+00   2.3848241470E+00   6.3016014219E-04   2.2136821677E+00   2.4231292200E+00   1.6972488640E-03   2.3443765480E+00   2.4647229316E+00   1.8984726224E-03   2.4487816292E+00   2.5057938571E+00   2.0956294628E-03   2.2950657050E+00   2.4556194000E+00   1.5677852811E-03   3.3752169209E-04
   1  -200   0    0  -9.8299981172E-01   8.1006738645E+00   1.3960795216E-04   1.9795763520E+00   2.4073584361E+00   2.0810625529E-04   2.0714382659E+00   2.3850811636E+00   6.3012379812E-04   2.2136229494E+00   2.4233843040E+00   1.6971509765E-03   2.3449353873E+00   2.4649750221E+00   1.8984559559E-03   2.4490698152E+00   2.5060738295E+00   2.0956972261E-03   2.2956353433E+00   2.4558715001E+00   1.5677715177E-03   3.3754014942E-04
   1  -201   0    0  -9.9293353567E-01   8.1013543043E+00   1.3948880004E-04   1.9792513287E+00   2.4075997848E+00   2.0809664225E-04   2.0710908385E+00   2.3853352703E+00   6.3008810644E-04   2.2135640066E+00   2.4236365125E+00   1.6970548461E-03   2.3454877690E+00   2.4652242703E+00   1.8984395520E-03   2.4493545802E+00   2.5063504792E+00   2.0957638226E-03   2.2961991643E+00   2.4561207578E+00   1.5677579712E-03   3.3755839438E-04
   1  -202  -4    4  -9.9999984907E-01   8.1018334924E+00   1.3940534951E-04   1.9790217317E+00   2.4077698119E+00   2.0808991058E-04   2.0708465142E+00   2.3855142328E+00   6.3006311284E-04   2.2135222536E+00   2.4238141457E+00   1.6969875294E-03   2.3458767187E+00   2.4653998182E+00   1.8984280434E-03   2.4495550404E+00   2.5065452272E+00   2.0958104869E-03   2.2965966208E+00   2.4562963124E+00   1.5677484672E-03   3.3757124194E-04
