        
   1    -1   0    0   9.9999994885E-01   7.9711698034E+00   1.9470735485E-04   2.0429204794E+00   2.3667322496E+00   2.0949222975E-04   2.1366567790E+00   2.3386609295E+00   6.3526966049E-04   2.2377787216E+00   2.3772350856E+00   1.7110106648E-03   2.2327195156E+00   2.4074315683E+00   1.9004593189E-03   2.3826517847E+00   2.4415298679E+00   2.0865864580E-03   2.2136422028E+00   2.3983282605E+00   1.5694259170E-03   3.3347822513E-04
   1    -2   0    0   9.8002435766E-01   7.9717298817E+00   1.9428595854E-04   2.0426352103E+00   2.3668816254E+00   2.0948515414E-04   2.1364458172E+00   2.3388544921E+00   6.3524338996E-04   2.2375960925E+00   2.3774272784E+00   1.7109399088E-03   2.2332320971E+00   2.4077339421E+00   1.9004508298E-03   2.3830110687E+00   2.4418790479E+00   2.0866306107E-03   2.2137944955E+00   2.3986306256E+00   1.5694189066E-03   3.3349913115E-04
   1    -3   0    0   9.7003724822E-01   7.9720178664E+00   1.9406995555E-04   2.0424886539E+00   2.3669585206E+00   2.0948152339E-04   2.1363370381E+00   2.3389540371E+00   6.3522990960E-04   2.2375025494E+00   2.3775261205E+00   1.7109036013E-03   2.2334955321E+00   2.4078891893E+00   1.9004464671E-03   2.3831955046E+00   2.4420582968E+00   2.0866532761E-03   2.2138736434E+00   2.3987858685E+00   1.5694153038E-03   3.3350986639E-04
   1    -4   0    0   9.6005061572E-01   7.9723112470E+00   1.9385037470E-04   2.0423394387E+00   2.3670369176E+00   2.0947782980E-04   2.1362260062E+00   2.3390554592E+00   6.3521619592E-04   2.2374075069E+00   2.3776268275E+00   1.7108666655E-03   2.2337638146E+00   2.4080471854E+00   1.9004420243E-03   2.3833831848E+00   2.4422406985E+00   2.0866763399E-03   2.2139548632E+00   2.3989438600E+00   1.5694116349E-03   3.3352079275E-04
   1    -5   0    0   9.5006447519E-01   7.9726100978E+00   1.9362718610E-04   2.0421875316E+00   2.3671168392E+00   2.0947407274E-04   2.1361126804E+00   2.3391587844E+00   6.3520224655E-04   2.2373109554E+00   2.3777294252E+00   1.7108290948E-03   2.2340370078E+00   2.4082079613E+00   1.9004375004E-03   2.3835741450E+00   2.4424262878E+00   2.0866998066E-03   2.2140382100E+00   2.3991046315E+00   1.5694078990E-03   3.3353191244E-04
   1    -6   0    0   9.4007884198E-01   7.9729144926E+00   1.9340036083E-04   2.0420328998E+00   2.3671983082E+00   2.0947025155E-04   2.1359970193E+00   2.3392640384E+00   6.3518805915E-04   2.2372128860E+00   2.3778339393E+00   1.7107908830E-03   2.2343151746E+00   2.4083715479E+00   1.9004328944E-03   2.3837684205E+00   2.4426150989E+00   2.0867236804E-03   2.2141237401E+00   2.3992682134E+00   1.5694040953E-03   3.3354322762E-04
   1    -7   0    0   9.3009373177E-01   7.9732245055E+00   1.9316987098E-04   2.0418755106E+00   2.3672813476E+00   2.0946636564E-04   2.1358789805E+00   2.3393712471E+00   6.3517363142E-04   2.2371132903E+00   2.3779403955E+00   1.7107520239E-03   2.2345983781E+00   2.4085379753E+00   1.9004282053E-03   2.3839660461E+00   2.4428071657E+00   2.0867479655E-03   2.2142115108E+00   2.3994346363E+00   1.5694002230E-03   3.3355474046E-04
   1    -8   0    0   9.2010916055E-01   7.9735402104E+00   1.9293568965E-04   2.0417153317E+00   2.3673659801E+00   2.0946241440E-04   2.1357585215E+00   2.3394804363E+00   6.3515896112E-04   2.2370121604E+00   2.3780488195E+00   1.7107125115E-03   2.2348866806E+00   2.4087072736E+00   1.9004234321E-03   2.3841670560E+00   2.4430025213E+00   2.0867726660E-03   2.2143015813E+00   2.3996039299E+00   1.5693962812E-03   3.3356645309E-04
   1    -9   0    0   9.1012514466E-01   7.9738616806E+00   1.9269779110E-04   2.0415523310E+00   2.3674522289E+00   2.0945839724E-04   2.1356355991E+00   2.3395916316E+00   6.3514404606E-04   2.2369094892E+00   2.3781592368E+00   1.7106723398E-03   2.2351801443E+00   2.4088794722E+00   1.9004185738E-03   2.3843714837E+00   2.4432011984E+00   2.0867977861E-03   2.2143940119E+00   2.3997761236E+00   1.5693922692E-03   3.3357836758E-04
   1   -10   0    0   9.0014170070E-01   7.9741889896E+00   1.9245615073E-04   2.0413864768E+00   2.3675401168E+00   2.0945431357E-04   2.1355101696E+00   2.3397048586E+00   6.3512888411E-04   2.2368052703E+00   2.3782716729E+00   1.7106315032E-03   2.2354788311E+00   2.4090545999E+00   1.9004136295E-03   2.3845793624E+00   2.4434032291E+00   2.0868233296E-03   2.2144888643E+00   2.3999512466E+00   1.5693881861E-03   3.3359048602E-04
   1   -11   0    0   8.9015884564E-01   7.9745222103E+00   1.9221074515E-04   2.0412177375E+00   2.3676296668E+00   2.0945016286E-04   2.1353821888E+00   2.3398201427E+00   6.3511347319E-04   2.2366994980E+00   2.3783861530E+00   1.7105899960E-03   2.2357828023E+00   2.4092326853E+00   1.9004085982E-03   2.3847907244E+00   2.4436086449E+00   2.0868493004E-03   2.2145862017E+00   2.4001293271E+00   1.5693840311E-03   3.3360281042E-04
   1   -12   0    0   8.8017659672E-01   7.9748614152E+00   1.9196155226E-04   2.0410460822E+00   2.3677209018E+00   2.0944594454E-04   2.1352516121E+00   2.3399375091E+00   6.3509781129E-04   2.2365921674E+00   2.3785027022E+00   1.7105478129E-03   2.2360921187E+00   2.4094137562E+00   1.9004034789E-03   2.3850056013E+00   2.4438174764E+00   2.0868757023E-03   2.2146860886E+00   2.4003103931E+00   1.5693798035E-03   3.3361534278E-04
   1   -13   0    0   8.7019497149E-01   7.9752066765E+00   1.9170855129E-04   2.0408714801E+00   2.3678138446E+00   2.0944165810E-04   2.1351183943E+00   2.3400569828E+00   6.3508189647E-04   2.2364832741E+00   2.3786213456E+00   1.7105049485E-03   2.2364068407E+00   2.4095978398E+00   1.9003982707E-03   2.3852240240E+00   2.4440297537E+00   2.0869025391E-03   2.2147885911E+00   2.4004944717E+00   1.5693755026E-03   3.3362808506E-04
   1   -14   0    0   8.6021398781E-01   7.9755580658E+00   1.9145172286E-04   2.0406939011E+00   2.3679085182E+00   2.0943730304E-04   2.1349824896E+00   2.3401785888E+00   6.3506572685E-04   2.2363728148E+00   2.3787421078E+00   1.7104613979E-03   2.2367270279E+00   2.4097849628E+00   1.9003929728E-03   2.3854460225E+00   2.4442455060E+00   2.0869298141E-03   2.2148937766E+00   2.4006815898E+00   1.5693711274E-03   3.3364103915E-04
   1   -15   0    0   8.5023366381E-01   7.9759156541E+00   1.9119104902E-04   2.0405133155E+00   2.3680049452E+00   2.0943287887E-04   2.1348438520E+00   2.3403023516E+00   6.3504930065E-04   2.2362607870E+00   2.3788650135E+00   1.7104171562E-03   2.2370527395E+00   2.4099751512E+00   1.9003875841E-03   2.3856716261E+00   2.4444647617E+00   2.0869575310E-03   2.2150017140E+00   2.4008717731E+00   1.5693666774E-03   3.3365420694E-04
   1   -16   0    0   8.4025401793E-01   7.9762795119E+00   1.9092651334E-04   2.0403296938E+00   2.3681031482E+00   2.0942838512E-04   2.1347024349E+00   2.3404282956E+00   6.3503261613E-04   2.2361471889E+00   2.3789900868E+00   1.7103722188E-03   2.2373840337E+00   2.4101684303E+00   1.9003821039E-03   2.3859008631E+00   2.4446875482E+00   2.0869856931E-03   2.2151124738E+00   2.4010650470E+00   1.5693621518E-03   3.3366759022E-04
   1   -17   0    0   8.3027506886E-01   7.9766497087E+00   1.9065810092E-04   2.0401430075E+00   2.3682031498E+00   2.0942382136E-04   2.1345581912E+00   2.3405564449E+00   6.3501567166E-04   2.2360320198E+00   2.3791173518E+00   1.7103265812E-03   2.2377209682E+00   2.4103648244E+00   1.9003765312E-03   2.3861337610E+00   2.4449138923E+00   2.0870143034E-03   2.2152261278E+00   2.4012614360E+00   1.5693575498E-03   3.3368119078E-04
   1   -18   0    0   8.2029683556E-01   7.9770263136E+00   1.9038579851E-04   2.0399532284E+00   2.3683049723E+00   2.0941918717E-04   2.1344110733E+00   2.3406868233E+00   6.3499846568E-04   2.2359152797E+00   2.3792468321E+00   1.7102802393E-03   2.2380635997E+00   2.4105643574E+00   1.9003708653E-03   2.3863703461E+00   2.4451438195E+00   2.0870433652E-03   2.2153427492E+00   2.4014609637E+00   1.5693528708E-03   3.3369501032E-04
   1   -19   0    0   8.1031933727E-01   7.9774093946E+00   1.9010959450E-04   2.0397603290E+00   2.3684086381E+00   2.0941448215E-04   2.1342610334E+00   2.3408194542E+00   6.3498099673E-04   2.2357969697E+00   2.3793785512E+00   1.7102331891E-03   2.2384119840E+00   2.4107670521E+00   1.9003651052E-03   2.3866106439E+00   2.4453773546E+00   2.0870728814E-03   2.2154624129E+00   2.4016636532E+00   1.5693481140E-03   3.3370905050E-04
   1   -20   0    0   8.0034259344E-01   7.9777990190E+00   1.8982947900E-04   2.0395642825E+00   2.3685141690E+00   2.0940970593E-04   2.1341080230E+00   2.3409543608E+00   6.3496326344E-04   2.2356770920E+00   2.3795125321E+00   1.7101854269E-03   2.2387661760E+00   2.4109729305E+00   1.9003592503E-03   2.3868546786E+00   2.4456145212E+00   2.0871028547E-03   2.2155851952E+00   2.4018695263E+00   1.5693432789E-03   3.3372331293E-04
   1   -21   0    0   7.9036662381E-01   7.9781952530E+00   1.8954544393E-04   2.0393650625E+00   2.3686215871E+00   2.0940485818E-04   2.1339519934E+00   2.3410915657E+00   6.3494526453E-04   2.2355556495E+00   2.3796487974E+00   1.7101369494E-03   2.2391262298E+00   2.4111820139E+00   1.9003532996E-03   2.3871024735E+00   2.4458553418E+00   2.0871332878E-03   2.2157111736E+00   2.4020786043E+00   1.5693383648E-03   3.3373779915E-04
   1   -22   0    0   7.8039144829E-01   7.9785981617E+00   1.8925748300E-04   2.0391626437E+00   2.3687309139E+00   2.0939993856E-04   2.1337928955E+00   2.3412310912E+00   6.3492699883E-04   2.2354326463E+00   2.3797873693E+00   1.7100877532E-03   2.2394921980E+00   2.4113943223E+00   1.9003472526E-03   2.3873540506E+00   2.4460998377E+00   2.0871641831E-03   2.2158404274E+00   2.4022909073E+00   1.5693333711E-03   3.3375251062E-04
   1   -23   0    0   7.7041708703E-01   7.9790078092E+00   1.8896559184E-04   2.0389570013E+00   2.3688421708E+00   2.0939494680E-04   2.1336306795E+00   2.3413729593E+00   6.3490846526E-04   2.2353080877E+00   2.3799282697E+00   1.7100378356E-03   2.2398641325E+00   2.4116098750E+00   1.9003411084E-03   2.3876094306E+00   2.4463480293E+00   2.0871955431E-03   2.2159730371E+00   2.4025064546E+00   1.5693282971E-03   3.3376744877E-04
   1   -24   0    0   7.6044356039E-01   7.9794242584E+00   1.8866976800E-04   2.0387481113E+00   2.3689553789E+00   2.0938988264E-04   2.1334652958E+00   2.3415171913E+00   6.3488966286E-04   2.2351819798E+00   2.3800715199E+00   1.7099871940E-03   2.2402420837E+00   2.4118286902E+00   1.9003348663E-03   2.3878686333E+00   2.4465999355E+00   2.0872273697E-03   2.2161090848E+00   2.4027252643E+00   1.5693231423E-03   3.3378261492E-04
   1   -25   0    0   7.5047088888E-01   7.9798475708E+00   1.8837001102E-04   2.0385359508E+00   2.3690705592E+00   2.0938474583E-04   2.1332966939E+00   2.3416638081E+00   6.3487059078E-04   2.2350543300E+00   2.3802171407E+00   1.7099358260E-03   2.2406261008E+00   2.4120507850E+00   1.9003285258E-03   2.3881316767E+00   2.4468555740E+00   2.0872596650E-03   2.2162486539E+00   2.4029473536E+00   1.5693179062E-03   3.3379801036E-04
   1   -26   0    0   7.4049909322E-01   7.9802778068E+00   1.8806632249E-04   2.0383204973E+00   2.3691877321E+00   2.0937953620E-04   2.1331248234E+00   2.3418128301E+00   6.3485124828E-04   2.2349251468E+00   2.3803651526E+00   1.7098837296E-03   2.2410162319E+00   2.4122761755E+00   1.9003220861E-03   2.3883985779E+00   2.4471149612E+00   2.0872924308E-03   2.2163918292E+00   2.4031727386E+00   1.5693125882E-03   3.3381363627E-04
   1   -27   0    0   7.3052819426E-01   7.9807150252E+00   1.8775870606E-04   2.0381017296E+00   2.3693069179E+00   2.0937425356E-04   2.1329496333E+00   2.3419642771E+00   6.3483163473E-04   2.2347944400E+00   2.3805155753E+00   1.7098309032E-03   2.2414125236E+00   2.4125048765E+00   1.9003155466E-03   2.3886693523E+00   2.4473781123E+00   2.0873256686E-03   2.2165386969E+00   2.4034014340E+00   1.5693071879E-03   3.3382949377E-04
   1   -28   0    0   7.2055821298E-01   7.9811592833E+00   1.8744716754E-04   2.0378796274E+00   2.3694281364E+00   2.0936889778E-04   2.1327710726E+00   2.3421181685E+00   6.3481174964E-04   2.2346622202E+00   2.3806684279E+00   1.7097773455E-03   2.2418150208E+00   2.4127369019E+00   1.9003089069E-03   2.3889440140E+00   2.4476450408E+00   2.0873593798E-03   2.2166893443E+00   2.4036334538E+00   1.5693017047E-03   3.3384558391E-04
   1   -29   0    0   7.1058917051E-01   7.9816106369E+00   1.8713171491E-04   2.0376541710E+00   2.3695514071E+00   2.0936346877E-04   2.1325890899E+00   2.3422745227E+00   6.3479159264E-04   2.2345284997E+00   2.3808237293E+00   1.7097230554E-03   2.2422237672E+00   2.4129722641E+00   1.9003021663E-03   2.3892225756E+00   2.4479157590E+00   2.0873935657E-03   2.2168438605E+00   2.4038688103E+00   1.5692961382E-03   3.3386190763E-04
   1   -30   0    0   7.0062108807E-01   7.9820691401E+00   1.8681235837E-04   2.0374253422E+00   2.3696767490E+00   2.0935796646E-04   2.1324036335E+00   2.3424333579E+00   6.3477116348E-04   2.2343932916E+00   2.3809814972E+00   1.7096680323E-03   2.2426388050E+00   2.4132109745E+00   1.9002953243E-03   2.3895050481E+00   2.4481902776E+00   2.0874282272E-03   2.2170023353E+00   2.4041075150E+00   1.5692904880E-03   3.3387846580E-04
   1   -31   0    0   6.9065398694E-01   7.9825348453E+00   1.8648911038E-04   2.0371931236E+00   2.3698041807E+00   2.0935239082E-04   2.1322146516E+00   2.3425946914E+00   6.3475046206E-04   2.2342566106E+00   2.3811417492E+00   1.7096122759E-03   2.2430601743E+00   2.4134530430E+00   1.9002883806E-03   2.3897914411E+00   2.4484686058E+00   2.0874633650E-03   2.2171648601E+00   2.4043495778E+00   1.5692847537E-03   3.3389525922E-04
   1   -32   0    0   6.8068788849E-01   7.9830078032E+00   1.8616198572E-04   2.0369574989E+00   2.3699337206E+00   2.0934674185E-04   2.1320220923E+00   2.3427585399E+00   6.3472948839E-04   2.2341184723E+00   2.3813045018E+00   1.7095557862E-03   2.2434879141E+00   2.4136984784E+00   1.9002813346E-03   2.3900817625E+00   2.4487507513E+00   2.0874989797E-03   2.2173315272E+00   2.4045950075E+00   1.5692789351E-03   3.3391228857E-04
   1   -33   0    0   6.7072281412E-01   7.9834880625E+00   1.8583100150E-04   2.0367184530E+00   2.3700653862E+00   2.0934101960E-04   2.1318259034E+00   2.3429249191E+00   6.3470824263E-04   2.2339788939E+00   2.3814697709E+00   1.7094985638E-03   2.2439220612E+00   2.4139472881E+00   1.9002741860E-03   2.3903760184E+00   2.4490367202E+00   2.0875350717E-03   2.2175024304E+00   2.4048438113E+00   1.5692730317E-03   3.3392955446E-04
   1   -34   0    0   6.6075878527E-01   7.9839756698E+00   1.8549617720E-04   2.0364759719E+00   2.3701991948E+00   2.0933522415E-04   2.1316260329E+00   2.3430938444E+00   6.3468672511E-04   2.2338378937E+00   2.3816375717E+00   1.7094406093E-03   2.2443626507E+00   2.4141994779E+00   1.9002669344E-03   2.3906742134E+00   2.4493265168E+00   2.0875716409E-03   2.2176776641E+00   2.4050959954E+00   1.5692670432E-03   3.3394705739E-04
   1   -35   0    0   6.5079582334E-01   7.9844706699E+00   1.8515753472E-04   2.0362300427E+00   2.3703351630E+00   2.0932935563E-04   2.1314224283E+00   2.3432653301E+00   6.3466493625E-04   2.2336954914E+00   2.3818079186E+00   1.7093819240E-03   2.2448097158E+00   2.4144550526E+00   1.9002595797E-03   2.3909763504E+00   2.4496201438E+00   2.0876086873E-03   2.2178573240E+00   2.4053515642E+00   1.5692609695E-03   3.3396479776E-04
   1   -36   0    0   6.4083394974E-01   7.9849731053E+00   1.8481509840E-04   2.0359806540E+00   2.3704733070E+00   2.0932341418E-04   2.1312150375E+00   2.3434393898E+00   6.3464287667E-04   2.2335517078E+00   2.3819808253E+00   1.7093225096E-03   2.2452632878E+00   2.4147140151E+00   1.9002521214E-03   2.3912824305E+00   2.4499176024E+00   2.0876462104E-03   2.2180415068E+00   2.4056105209E+00   1.5692548104E-03   3.3398277590E-04
   1   -37   0    0   6.3087318581E-01   7.9854830165E+00   1.8446889504E-04   2.0357277954E+00   2.3706136422E+00   2.0931740002E-04   2.1310038082E+00   2.3436160362E+00   6.3462054710E-04   2.2334065654E+00   2.3821563044E+00   1.7092623680E-03   2.2457233960E+00   2.4149763672E+00   1.9002445594E-03   2.3915924528E+00   2.4502188917E+00   2.0876842096E-03   2.2182303097E+00   2.4058728671E+00   1.5692485656E-03   3.3400099200E-04
   1   -38   0    0   6.2091355284E-01   7.9860004414E+00   1.8411895394E-04   2.0354714579E+00   2.3707561837E+00   2.0931131339E-04   2.1307886881E+00   2.3437952811E+00   6.3459794845E-04   2.2332600876E+00   2.3823343680E+00   1.7092015017E-03   2.2461900676E+00   2.4152421090E+00   1.9002368936E-03   2.3919064149E+00   2.4505240093E+00   2.0877226840E-03   2.2184238311E+00   2.4061386030E+00   1.5692422351E-03   3.3401944618E-04
   1   -39   0    0   6.1095507198E-01   7.9865254158E+00   1.8376530690E-04   2.0352116339E+00   2.3709009456E+00   2.0930515456E-04   2.1305696252E+00   2.3439771356E+00   6.3457508177E-04   2.2331122994E+00   2.3825150269E+00   1.7091399135E-03   2.2466633275E+00   2.4155112391E+00   1.9002291239E-03   2.3922243123E+00   2.4508329508E+00   2.0877616323E-03   2.2186221699E+00   2.4064077272E+00   1.5692358187E-03   3.3403813843E-04
   1   -40   0    0   6.0099776429E-01   7.9870579731E+00   1.8340798827E-04   2.0349483170E+00   2.3710479416E+00   2.0929892388E-04   2.1303465676E+00   2.3441616096E+00   6.3455194829E-04   2.2329632271E+00   2.3826982914E+00   1.7090776066E-03   2.2471431987E+00   2.4157837545E+00   1.9002212501E-03   2.3925461388E+00   2.4511457102E+00   2.0878010533E-03   2.2188254256E+00   2.4066802368E+00   1.5692293165E-03   3.3405706864E-04
   1   -41   0    0   5.9104165066E-01   7.9875981438E+00   1.8304703493E-04   2.0346815023E+00   2.3711971848E+00   2.0929262170E-04   2.1301194635E+00   2.3443487123E+00   6.3452854937E-04   2.2328128983E+00   2.3828841705E+00   1.7090145849E-03   2.2476297016E+00   2.4160596509E+00   1.9002132724E-03   2.3928718860E+00   2.4514622795E+00   2.0878409451E-03   2.2190336983E+00   2.4069561272E+00   1.5692227283E-03   3.3407623659E-04
   1   -42   0    0   5.8108675182E-01   7.9881459563E+00   1.8268248633E-04   2.0344111865E+00   2.3713486872E+00   2.0928624845E-04   2.1298882615E+00   2.3445384517E+00   6.3450488656E-04   2.2326613417E+00   2.3830726725E+00   1.7089508524E-03   2.2481228546E+00   2.4163389220E+00   1.9002051906E-03   2.3932015439E+00   2.4517826486E+00   2.0878813058E-03   2.2192470885E+00   2.4072353924E+00   1.5692160543E-03   3.3409564196E-04
   1   -43   0    0   5.7113308825E-01   7.9887014358E+00   1.8231438449E-04   2.0341373673E+00   2.3715024604E+00   2.0927980458E-04   2.1296529103E+00   2.3447308351E+00   6.3448096154E-04   2.2325085877E+00   2.3832638045E+00   1.7088864137E-03   2.2486226736E+00   2.4166215600E+00   1.9001970050E-03   2.3935351003E+00   2.4521068058E+00   2.0879221331E-03   2.2194656970E+00   2.4075180245E+00   1.5692092945E-03   3.3411528430E-04
   1   -44   0    0   5.6118068024E-01   7.9892646053E+00   1.8194277400E-04   2.0338600443E+00   2.3716585151E+00   2.0927329059E-04   2.1294133593E+00   2.3449258683E+00   6.3445677620E-04   2.2323546678E+00   2.3834575727E+00   1.7088212738E-03   2.2491291719E+00   2.4169075557E+00   1.9001887157E-03   2.3938725411E+00   2.4524347374E+00   2.0879634246E-03   2.2196896248E+00   2.4078040143E+00   1.5692024491E-03   3.3413516305E-04
   1   -45   0    0   5.5122954777E-01   7.9898354845E+00   1.8156770201E-04   2.0335792185E+00   2.3718168614E+00   2.0926670703E-04   2.1291695580E+00   2.3451235566E+00   6.3443233256E-04   2.2321996147E+00   2.3836539823E+00   1.7087554383E-03   2.2496423606E+00   2.4171968979E+00   1.9001803229E-03   2.3942138500E+00   2.4527664277E+00   2.0880051773E-03   2.2199189730E+00   2.4080933505E+00   1.5691955182E-03   3.3415527755E-04
   1   -46   0    0   5.4127971055E-01   7.9904140904E+00   1.8118921828E-04   2.0332948924E+00   2.3719775083E+00   2.0926005450E-04   2.1289214566E+00   2.3453239037E+00   6.3440763283E-04   2.2320434626E+00   2.3838530372E+00   1.7086889130E-03   2.2501622481E+00   2.4174895738E+00   1.9001718269E-03   2.3945590091E+00   2.4531018589E+00   2.0880473882E-03   2.2201538428E+00   2.4083860206E+00   1.5691885021E-03   3.3417562700E-04
   1   -47   0    0   5.3133118793E-01   7.9910004371E+00   1.8080737510E-04   2.0330070699E+00   2.3721404641E+00   2.0925333364E-04   2.1286690058E+00   2.3455269126E+00   6.3438267938E-04   2.2318862467E+00   2.3840547405E+00   1.7086217043E-03   2.2506888402E+00   2.4177855692E+00   1.9001632280E-03   2.3949079979E+00   2.4534410114E+00   2.0880900540E-03   2.2203943349E+00   2.4086820100E+00   1.5691814010E-03   3.3419621050E-04
   1   -48   0    0   5.2138399894E-01   7.9915945354E+00   1.8042222734E-04   2.0327157568E+00   2.3723057363E+00   2.0924654512E-04   2.1284121570E+00   2.3457325849E+00   6.3435747475E-04   2.2317280037E+00   2.3842590940E+00   1.7085538191E-03   2.2512221399E+00   2.4180848677E+00   1.9001545266E-03   2.3952607943E+00   2.4537838636E+00   2.0881331708E-03   2.2206405501E+00   2.4089813026E+00   1.5691742153E-03   3.3421702702E-04
   1   -49   0    0   5.1143816218E-01   7.9921963933E+00   1.8003383241E-04   2.0324209603E+00   2.3724733315E+00   2.0923968968E-04   2.1281508623E+00   2.3459409213E+00   6.3433202166E-04   2.2315687713E+00   2.3844660983E+00   1.7084852648E-03   2.2517621479E+00   2.4183874515E+00   1.9001457231E-03   2.3956173739E+00   2.4541303918E+00   2.0881767347E-03   2.2208925884E+00   2.4092838805E+00   1.5691669452E-03   3.3423807541E-04
   1   -50   0    0   5.0149369583E-01   7.9928060154E+00   1.7964225023E-04   2.0321226892E+00   2.3726432554E+00   2.0923276810E-04   2.1278850744E+00   2.3461519210E+00   6.3430632300E-04   2.2314085885E+00   2.3846757530E+00   1.7084160490E-03   2.2523088618E+00   2.4186933010E+00   1.9001368181E-03   2.3959777103E+00   2.4544805702E+00   2.0882207416E-03   2.2211505495E+00   2.4095897242E+00   1.5691595914E-03   3.3425935440E-04
   1   -51   0    0   4.9155061763E-01   7.9934234030E+00   1.7924754326E-04   2.0318209541E+00   2.3728155126E+00   2.0922578120E-04   2.1276147472E+00   2.3463655824E+00   6.3428038182E-04   2.2312474954E+00   2.3848880565E+00   1.7083461800E-03   2.2528622765E+00   2.4190023949E+00   1.9001278121E-03   2.3963417749E+00   2.4548343712E+00   2.0882651866E-03   2.2214145322E+00   2.4098988122E+00   1.5691521541E-03   3.3428086260E-04
   1   -52   0    0   4.8160894479E-01   7.9940485542E+00   1.7884977642E-04   2.0315157671E+00   2.3729901069E+00   2.0921872985E-04   2.1273398353E+00   2.3465819023E+00   6.3425420135E-04   2.2310855333E+00   2.3851030060E+00   1.7082756666E-03   2.2534223839E+00   2.4193147100E+00   1.9001187058E-03   2.3967095372E+00   2.4551917650E+00   2.0883100651E-03   2.2216846344E+00   2.4102111215E+00   1.5691446340E-03   3.3430259851E-04
   1   -53   0    0   4.7166869401E-01   7.9946814636E+00   1.7844901706E-04   2.0312071421E+00   2.3731670413E+00   2.0921161497E-04   2.1270602944E+00   2.3468008766E+00   6.3422778500E-04   2.2309227445E+00   2.3853205973E+00   1.7082045178E-03   2.2539891734E+00   2.4196302216E+00   1.9001094999E-03   2.3970809644E+00   2.4555527197E+00   2.0883553718E-03   2.2219609530E+00   2.4105266273E+00   1.5691370316E-03   3.3432456048E-04
   1   -54   0    0   4.6172988145E-01   7.9953221226E+00   1.7804533498E-04   2.0308950945E+00   2.3733463175E+00   2.0920443752E-04   2.1267760813E+00   2.3470224998E+00   6.3420113633E-04   2.2307591723E+00   2.3855408252E+00   1.7081327433E-03   2.2545626309E+00   2.4199489030E+00   1.9001001950E-03   2.3974560217E+00   2.4559172017E+00   2.0884011013E-03   2.2222435836E+00   2.4108453029E+00   1.5691293475E-03   3.3434674675E-04
   1   -55   0    0   4.5179252262E-01   7.9959705187E+00   1.7763880233E-04   2.0305796416E+00   2.3735279362E+00   2.0919719851E-04   2.1264871541E+00   2.3472467652E+00   6.3417425910E-04   2.2305948611E+00   2.3857636830E+00   1.7080603532E-03   2.2551427399E+00   2.4202707260E+00   1.9000907921E-03   2.3978346724E+00   2.4562851750E+00   2.0884472478E-03   2.2225326205E+00   2.4111671202E+00   1.5691215825E-03   3.3436915545E-04
   1   -56   0    0   4.4185663242E-01   7.9966266362E+00   1.7722949362E-04   2.0302608022E+00   2.3737118974E+00   2.0918989899E-04   2.1261934722E+00   2.3474736646E+00   6.3414715721E-04   2.2304298563E+00   2.3859891631E+00   1.7079873580E-03   2.2557294803E+00   2.4205956604E+00   1.9000812921E-03   2.3982168774E+00   2.4566566017E+00   2.0884938051E-03   2.2228281563E+00   2.4114920488E+00   1.5691137372E-03   3.3439178458E-04
   1   -57   0    0   4.3192222510E-01   7.9972904555E+00   1.7681748563E-04   2.0299385969E+00   2.3738981998E+00   2.0918254006E-04   2.1258949963E+00   2.3477031889E+00   6.3411983474E-04   2.2302642040E+00   2.3862172564E+00   1.7079137687E-03   2.2563228294E+00   2.4209236744E+00   1.9000716958E-03   2.3986025958E+00   2.4570314421E+00   2.0885407671E-03   2.2231302821E+00   2.4118200572E+00   1.5691058125E-03   3.3441463200E-04
   1   -58   0    0   4.2198931416E-01   7.9979619536E+00   1.7640285738E-04   2.0296130481E+00   2.3740868410E+00   2.0917512287E-04   2.1255916887E+00   2.3479353273E+00   6.3409229595E-04   2.2300979514E+00   2.3864479523E+00   1.7078395968E-03   2.2569227611E+00   2.4212547346E+00   1.9000620044E-03   2.3989917844E+00   2.4574096542E+00   2.0885881269E-03   2.2234390866E+00   2.4121511117E+00   1.5690978091E-03   3.3443769546E-04
   1   -59   0    0   4.1205791239E-01   7.9986411034E+00   1.7598569007E-04   2.0292841797E+00   2.3742778175E+00   2.0916764860E-04   2.1252835134E+00   2.3481700681E+00   6.3406454524E-04   2.2299311462E+00   2.3866812393E+00   1.7077648541E-03   2.2575292463E+00   2.4215888055E+00   1.9000522189E-03   2.3993843981E+00   2.4577911943E+00   2.0886358776E-03   2.2237546568E+00   2.4124851770E+00   1.5690897281E-03   3.3446097261E-04
   1   -60   0    0   4.0212803178E-01   7.9993278743E+00   1.7556606703E-04   2.0289520174E+00   2.3744711250E+00   2.0916011848E-04   2.1249704360E+00   2.3484073979E+00   6.3403658718E-04   2.2297638371E+00   2.3869171042E+00   1.7076895530E-03   2.2581422526E+00   2.4219258503E+00   1.9000423404E-03   2.3997803899E+00   2.4581760164E+00   2.0886840121E-03   2.2240770771E+00   2.4128222162E+00   1.5690815703E-03   3.3448446093E-04
   1   -61   0    0   3.9219968351E-01   8.0000222319E+00   1.7514407364E-04   2.0286165886E+00   2.3746667577E+00   2.0915253380E-04   2.1246524240E+00   2.3486473022E+00   6.3400842651E-04   2.2295960734E+00   2.3871555329E+00   1.7076137061E-03   2.2587617446E+00   2.4222658302E+00   1.9000323702E-03   2.4001797106E+00   2.4585640728E+00   2.0887325227E-03   2.2244064297E+00   2.4131621907E+00   1.5690733368E-03   3.3450815784E-04
   1   -62   0    0   3.8227287790E-01   8.0007241379E+00   1.7471979727E-04   2.0282779224E+00   2.3748647090E+00   2.0914489586E-04   2.1243294467E+00   2.3488897650E+00   6.3398006813E-04   2.2294279048E+00   2.3873965096E+00   1.7075373268E-03   2.2593876834E+00   2.4226087050E+00   1.9000223095E-03   2.4005823091E+00   2.4589553139E+00   2.0887814016E-03   2.2247427937E+00   2.4135050600E+00   1.5690650285E-03   3.3453206058E-04
   1   -63   0    0   3.7234762439E-01   8.0014335500E+00   1.7429332721E-04   2.0279360495E+00   2.3750649709E+00   2.0913720602E-04   2.1240014756E+00   2.3491347692E+00   6.3395151707E-04   2.2292593819E+00   2.3876400174E+00   1.7074604284E-03   2.2600200269E+00   2.4229544326E+00   1.9000121598E-03   2.4009881323E+00   2.4593496881E+00   2.0888306408E-03   2.2250862456E+00   2.4138507822E+00   1.5690566467E-03   3.3455616632E-04
   1   -64   0    0   3.6242393147E-01   8.0021504221E+00   1.7386475459E-04   2.0275910023E+00   2.3752675343E+00   2.0912946569E-04   2.1236684844E+00   2.3493822960E+00   6.3392277853E-04   2.2290905554E+00   2.3878860379E+00   1.7073830252E-03   2.2606587300E+00   2.4233029694E+00   1.9000019224E-03   2.4013971252E+00   2.4597471420E+00   2.0888802318E-03   2.2254368586E+00   2.4141993136E+00   1.5690481925E-03   3.3458047209E-04
   1   -65   0    0   3.5250180668E-01   8.0028747040E+00   1.7343417230E-04   2.0272428149E+00   2.3754723891E+00   2.0912167631E-04   2.1233304491E+00   2.3496323257E+00   6.3389385785E-04   2.2289214767E+00   2.3881345514E+00   1.7073051313E-03   2.2613037439E+00   2.4236542701E+00   1.8999915987E-03   2.4018092311E+00   2.4601476203E+00   2.0889301661E-03   2.2257947028E+00   2.4145506090E+00   1.5690396672E-03   3.3460497481E-04
   1   -66   0    0   3.4258125656E-01   8.0036063418E+00   1.7300167492E-04   2.0268915228E+00   2.3756795239E+00   2.0911383934E-04   2.1229873479E+00   2.3498848368E+00   6.3386476052E-04   2.2287521972E+00   2.3883855370E+00   1.7072267617E-03   2.2619550166E+00   2.4240082879E+00   1.8999811905E-03   2.4022243912E+00   2.4605510660E+00   2.0889804347E-03   2.2261598447E+00   2.4149046216E+00   1.5690310719E-03   3.3462967129E-04
   1   -67   0    0   3.3266228660E-01   8.0043452774E+00   1.7256735858E-04   2.0265371634E+00   2.3758889261E+00   2.0910595632E-04   2.1226391618E+00   2.3501398067E+00   6.3383549217E-04   2.2285827688E+00   2.3886389722E+00   1.7071479315E-03   2.2626124928E+00   2.4243649744E+00   1.8999706992E-03   2.4026425450E+00   2.4609574202E+00   2.0890310284E-03   2.2265323472E+00   2.4152613030E+00   1.5690224080E-03   3.3465455822E-04
   1   -68   0    0   3.2274490124E-01   8.0050914487E+00   1.7213132095E-04   2.0261797753E+00   2.3761005819E+00   2.0909802878E-04   2.1222858742E+00   2.3503972115E+00   6.3380605854E-04   2.2284132435E+00   2.3888948335E+00   1.7070686561E-03   2.2632761139E+00   2.4247242798E+00   1.8999601264E-03   2.4030636302E+00   2.4613666224E+00   2.0890819379E-03   2.2269122691E+00   2.4156206032E+00   1.5690136769E-03   3.3467963218E-04
   1   -69   0    0   3.1282910378E-01   8.0058447896E+00   1.7169366107E-04   2.0258193990E+00   2.3763144765E+00   2.0909005831E-04   2.1219274716E+00   2.3506570258E+00   6.3377646554E-04   2.2282436733E+00   2.3891530957E+00   1.7069889514E-03   2.2639458178E+00   2.4250861525E+00   1.8999494741E-03   2.4034875828E+00   2.4617786104E+00   2.0891331534E-03   2.2272996654E+00   2.4159824708E+00   1.5690048800E-03   3.3470488966E-04
   1   -70   0    0   3.0291489639E-01   8.0066052300E+00   1.7125447929E-04   2.0254560763E+00   2.3765305937E+00   2.0908204654E-04   2.1215639431E+00   2.3509192230E+00   6.3374671917E-04   2.2280741102E+00   2.3894137326E+00   1.7069088337E-03   2.2646215389E+00   2.4254505397E+00   1.8999387439E-03   2.4039143372E+00   2.4621933205E+00   2.0891846651E-03   2.2276945867E+00   2.4163468531E+00   1.5689960189E-03   3.3473032704E-04
   1   -71   0    0   2.9300228008E-01   8.0073726958E+00   1.7081387715E-04   2.0250898504E+00   2.3767489161E+00   2.0907399511E-04   2.1211952809E+00   2.3511837751E+00   6.3371682556E-04   2.2279046060E+00   2.3896767165E+00   1.7068283194E-03   2.2653032086E+00   2.4258173872E+00   1.8999279376E-03   2.4043438259E+00   2.4626106871E+00   2.0892364629E-03   2.2280970793E+00   2.4167136957E+00   1.5689870949E-03   3.3475594057E-04
   1   -72   0    0   2.8309125463E-01   8.0081471088E+00   1.7037195729E-04   2.0247207661E+00   2.3769694252E+00   2.0906590570E-04   2.1208214804E+00   2.3514506527E+00   6.3368679097E-04   2.2277352126E+00   2.3899420183E+00   1.7067474254E-03   2.2659907546E+00   2.4261866392E+00   1.8999170573E-03   2.4047759802E+00   2.4630306433E+00   2.0892885364E-03   2.2285071847E+00   2.4170829429E+00   1.5689781098E-03   3.3478172644E-04
   1   -73   0    0   2.7318181859E-01   8.0089283868E+00   1.6992882332E-04   2.0243488693E+00   2.3771921013E+00   2.0905778004E-04   2.1204425403E+00   2.3517198254E+00   6.3365662174E-04   2.2275659812E+00   2.3902096079E+00   1.7066661688E-03   2.2666841012E+00   2.4265582389E+00   1.8999061047E-03   2.4052107297E+00   2.4634531208E+00   2.0893408751E-03   2.2289249397E+00   2.4174545379E+00   1.5689690650E-03   3.3480768072E-04
   1   -74   0    0   2.6327396923E-01   8.0097164437E+00   1.6948457973E-04   2.0239742075E+00   2.3774169234E+00   2.0904961985E-04   2.1200584625E+00   2.3519912611E+00   6.3362632432E-04   2.2273969630E+00   2.3904794537E+00   1.7065845669E-03   2.2673831697E+00   2.4269321278E+00   1.8998950821E-03   2.4056480024E+00   2.4638780496E+00   2.0893934681E-03   2.2293503763E+00   2.4178284222E+00   1.5689599624E-03   3.3483379939E-04
   1   -75   0    0   2.5336770253E-01   8.0105111893E+00   1.6903933175E-04   2.0235968293E+00   2.3776438695E+00   2.0904142689E-04   2.1196692525E+00   2.3522649268E+00   6.3359590526E-04   2.2272282086E+00   2.3907515229E+00   1.7065026374E-03   2.2680878775E+00   2.4273082466E+00   1.8998839914E-03   2.4060877253E+00   2.4643053587E+00   2.0894463046E-03   2.2297835212E+00   2.4182045364E+00   1.5689508035E-03   3.3486007835E-04
   1   -76   0    0   2.4346301314E-01   8.0113125296E+00   1.6859318524E-04   2.0232167847E+00   2.3778729162E+00   2.0903320297E-04   2.1192749194E+00   2.3525407881E+00   6.3356537121E-04   2.2270597679E+00   2.3910257814E+00   1.7064203982E-03   2.2687981390E+00   2.4276865345E+00   1.8998728347E-03   2.4065298236E+00   2.4647349756E+00   2.0894993735E-03   2.2302243958E+00   2.4185828198E+00   1.5689415902E-03   3.3488651339E-04
   1   -77   0    0   2.3355989435E-01   8.0121203667E+00   1.6814624661E-04   2.0228341245E+00   2.3781040391E+00   2.0902494988E-04   2.1188754761E+00   2.3528188092E+00   6.3353472887E-04   2.2268916904E+00   2.3913021939E+00   1.7063378673E-03   2.2695138653E+00   2.4280669296E+00   1.8998616143E-03   2.4069742215E+00   2.4651668265E+00   2.0895526634E-03   2.2306730162E+00   2.4189632105E+00   1.5689323242E-03   3.3491310025E-04
   1   -78   0    0   2.2365833807E-01   8.0129345985E+00   1.6769862262E-04   2.0224489008E+00   2.3783372124E+00   2.0901666945E-04   2.1184709392E+00   2.3530989534E+00   6.3350398503E-04   2.2267240246E+00   2.3915807240E+00   1.7062550630E-03   2.2702349641E+00   2.4284493690E+00   1.8998503323E-03   2.4074208420E+00   2.4656008366E+00   2.0896061629E-03   2.2311293931E+00   2.4193456456E+00   1.5689230074E-03   3.3493983456E-04
   1   -79   0    0   2.1375833484E-01   8.0137551196E+00   1.6725042032E-04   2.0220611669E+00   2.3785724094E+00   2.0900836353E-04   2.1180613293E+00   2.3533811827E+00   6.3347314654E-04   2.2265568183E+00   2.3918613339E+00   1.7061720038E-03   2.2709613397E+00   2.4288337887E+00   1.8998389910E-03   2.4078696070E+00   2.4660369299E+00   2.0896598605E-03   2.2315935313E+00   2.4197300612E+00   1.5689136416E-03   3.3496671188E-04
   1   -80   0    0   2.0385987373E-01   8.0145818204E+00   1.6680174691E-04   2.0216709768E+00   2.3788096022E+00   2.0900003398E-04   2.1176466710E+00   2.3536654577E+00   6.3344222033E-04   2.2263901184E+00   2.3921439849E+00   1.7060887084E-03   2.2716928934E+00   2.4292201238E+00   1.8998275928E-03   2.4083204371E+00   2.4664750295E+00   2.0897137444E-03   2.2320654299E+00   2.4201163922E+00   1.5689042287E-03   3.3499372771E-04
   1   -81   0    0   1.9396294242E-01   8.0154145878E+00   1.6635270958E-04   2.0212783855E+00   2.3790487616E+00   2.0899168268E-04   2.1172269932E+00   2.3539517383E+00   6.3341121335E-04   2.2262239707E+00   2.3924286369E+00   1.7060051954E-03   2.2724295231E+00   2.4296083085E+00   1.8998161398E-03   2.4087732523E+00   2.4669150574E+00   2.0897678029E-03   2.2325450821E+00   2.4205045728E+00   1.5688947707E-03   3.3502087748E-04
   1   -82   0    0   1.8406752711E-01   8.0162533051E+00   1.6590341544E-04   2.0208834486E+00   2.3792898574E+00   2.0898331151E-04   2.1168023287E+00   2.3542399829E+00   6.3338013261E-04   2.2260584199E+00   2.3927152489E+00   1.7059214837E-03   2.2731711237E+00   2.4299982760E+00   1.8998046346E-03   2.4092279714E+00   2.4673569349E+00   2.0898220238E-03   2.2330324752E+00   2.4208945364E+00   1.5688852695E-03   3.3504815654E-04
   1   -83   0    0   1.7417361254E-01   8.0170978519E+00   1.6545397135E-04   2.0204862229E+00   2.3795328585E+00   2.0897492237E-04   2.1163727148E+00   2.3545301492E+00   6.3334898514E-04   2.2258935095E+00   2.3930037788E+00   1.7058375923E-03   2.2739175869E+00   2.4303899588E+00   1.8997930795E-03   2.4096845126E+00   2.4678005822E+00   2.0898763954E-03   2.2335275904E+00   2.4212862154E+00   1.5688757272E-03   3.3507556020E-04
   1   -84   0    0   1.6428118197E-01   8.0179481044E+00   1.6500448379E-04   2.0200867653E+00   2.3797777323E+00   2.0896651716E-04   2.1159381932E+00   2.3548221934E+00   6.3331777802E-04   2.2257292816E+00   2.3932941834E+00   1.7057535402E-03   2.2746688014E+00   2.4307832886E+00   1.8997814770E-03   2.4101427930E+00   2.4682459192E+00   2.0899309054E-03   2.2340304026E+00   2.4216795416E+00   1.5688661457E-03   3.3510308371E-04
   1   -85   0    0   1.5439021719E-01   8.0188039353E+00   1.6455505876E-04   2.0196851337E+00   2.3800244455E+00   2.0895809779E-04   2.1154988099E+00   2.3551160712E+00   6.3328651831E-04   2.2255657772E+00   2.3935864186E+00   1.7056693466E-03   2.2754246528E+00   2.4311781967E+00   1.8997698295E-03   2.4106027295E+00   2.4686928648E+00   2.0899855417E-03   2.2345408809E+00   2.4220744460E+00   1.5688565270E-03   3.3513072226E-04
   1   -86   0    0   1.4450069849E-01   8.0196652142E+00   1.6410580163E-04   2.0192813863E+00   2.3802729637E+00   2.0894966617E-04   2.1150546156E+00   2.3554117370E+00   6.3325521311E-04   2.2254030356E+00   2.3938804392E+00   1.7055850304E-03   2.2761850239E+00   2.4315746134E+00   1.8997581396E-03   2.4110642382E+00   2.4691413376E+00   2.0900402921E-03   2.2350589879E+00   2.4224708593E+00   1.5688468734E-03   3.3515847099E-04
   1   -87   0    0   1.3461260468E-01   8.0205318073E+00   1.6365681704E-04   2.0188755818E+00   2.3805232514E+00   2.0894122420E-04   2.1146056654E+00   2.3557091444E+00   6.3322386951E-04   2.2252410946E+00   2.3941761991E+00   1.7055006107E-03   2.2769497945E+00   2.4319724688E+00   1.8997464098E-03   2.4115272345E+00   2.4695912554E+00   2.0900951444E-03   2.2355846799E+00   2.4228687113E+00   1.5688371867E-03   3.3518632503E-04
   1   -88   0    0   1.2472591308E-01   8.0214035777E+00   1.6320820873E-04   2.0184677792E+00   2.3807752722E+00   2.0893277380E-04   2.1141520190E+00   2.3560082461E+00   6.3319249459E-04   2.2250799906E+00   2.3944736515E+00   1.7054161067E-03   2.2777188418E+00   2.4323716924E+00   1.8997346426E-03   2.4119916339E+00   2.4700425360E+00   2.0901500864E-03   2.2361179070E+00   2.4232679316E+00   1.5688274692E-03   3.3521427943E-04
   1   -89   0    0   1.1484059952E-01   8.0222803856E+00   1.6276007945E-04   2.0180580377E+00   2.3810289888E+00   2.0892431687E-04   2.1136937408E+00   2.3563089939E+00   6.3316109541E-04   2.2249197579E+00   2.3947727486E+00   1.7053315374E-03   2.2784920400E+00   2.4327722132E+00   1.8997228406E-03   2.4124573510E+00   2.4704950966E+00   2.0902051057E-03   2.2366586133E+00   2.4236684492E+00   1.5688177229E-03   3.3524232925E-04
   1   -90   0    0   1.0495663836E-01   8.0231620883E+00   1.6231253084E-04   2.0176464168E+00   2.3812843628E+00   2.0891585529E-04   2.1132308998E+00   2.3566113390E+00   6.3312967901E-04   2.2247604295E+00   2.3950734418E+00   1.7052469217E-03   2.2792692610E+00   2.4331739601E+00   1.8997110063E-03   2.4129243007E+00   2.4709488542E+00   2.0902601902E-03   2.2372067361E+00   2.4240701930E+00   1.5688079500E-03   3.3527046949E-04
   1   -91   0    0   9.5074002514E-02   8.0240485403E+00   1.6186566330E-04   2.0172329758E+00   2.3815413551E+00   2.0890739096E-04   2.1127635698E+00   2.3569152316E+00   6.3309825238E-04   2.2246020363E+00   2.3953756818E+00   1.7051622784E-03   2.2800503739E+00   2.4335768615E+00   1.8996991423E-03   2.4133923972E+00   2.4714037259E+00   2.0903153277E-03   2.2377622069E+00   2.4244730916E+00   1.5687981525E-03   3.3529869515E-04
   1   -92   0    0   8.5192663430E-02   8.0249395934E+00   1.6141957586E-04   2.0168177745E+00   2.3817999257E+00   2.0889892576E-04   2.1122918292E+00   2.3572206213E+00   6.3306682249E-04   2.2244446073E+00   2.3956794185E+00   1.7050776264E-03   2.2808352455E+00   2.4339808459E+00   1.8996872512E-03   2.4138615551E+00   2.4718596283E+00   2.0903705060E-03   2.2383249509E+00   2.4248770731E+00   1.5687883327E-03   3.3532700119E-04
   1   -93   0    0   7.5312591139E-02   8.0258350970E+00   1.6097436612E-04   2.0164008720E+00   2.3820600338E+00   2.0889046153E-04   2.1118157610E+00   2.3575274570E+00   6.3303539624E-04   2.2242881699E+00   2.3959846013E+00   1.7049929841E-03   2.2816237402E+00   2.4343858413E+00   1.8996753357E-03   2.4143316888E+00   2.4723164783E+00   2.0904257131E-03   2.2388948870E+00   2.4252820658E+00   1.5687784927E-03   3.3535538258E-04
   1   -94   0    0   6.5433754265E-02   8.0267348983E+00   1.6053013007E-04   2.0159823278E+00   2.3823216378E+00   2.0888200013E-04   2.1113354529E+00   2.3578356872E+00   6.3300398048E-04   2.2241327492E+00   2.3962911788E+00   1.7049083701E-03   2.2824157201E+00   2.4347917761E+00   1.8996633982E-03   2.4148027128E+00   2.4727741930E+00   2.0904809368E-03   2.2394719283E+00   2.4256879979E+00   1.5687686346E-03   3.3538383427E-04
   1   -95   0    0   5.5556120055E-02   8.0276388418E+00   1.6008696204E-04   2.0155622008E+00   2.3825846953E+00   2.0887354338E-04   2.1108509973E+00   2.3581452595E+00   6.3297258198E-04   2.2239783683E+00   2.3965990992E+00   1.7048238026E-03   2.2832110452E+00   2.4351985782E+00   1.8996514414E-03   2.4152745417E+00   2.4732326893E+00   2.0905361653E-03   2.2400559815E+00   2.4260947976E+00   1.5687587605E-03   3.3541235121E-04
   1   -96   0    0   4.5679654403E-02   8.0285467702E+00   1.5964495459E-04   2.0151405498E+00   2.3828491633E+00   2.0886509308E-04   2.1103624911E+00   2.3584561212E+00   6.3294120746E-04   2.2238250484E+00   2.3969083100E+00   1.7047392997E-03   2.2840095735E+00   2.4356061760E+00   1.8996394679E-03   2.4157470906E+00   2.4736918847E+00   2.0905913868E-03   2.2406469478E+00   2.4265023930E+00   1.5687488726E-03   3.3544092835E-04
   1   -97   0    0   3.5804321890E-02   8.0294585244E+00   1.5920419839E-04   2.0147174329E+00   2.3831149982E+00   2.0885665102E-04   2.1098700358E+00   2.3587682190E+00   6.3290986352E-04   2.2236728086E+00   2.3972187584E+00   1.7046548792E-03   2.2848111611E+00   2.4360144978E+00   1.8996274802E-03   2.4162202747E+00   2.4741516969E+00   2.0906465894E-03   2.2412447223E+00   2.4269107126E+00   1.5687389730E-03   3.3546956065E-04
   1   -98   0    0   2.5930085813E-02   8.0303739431E+00   1.5876478215E-04   2.0142929082E+00   2.3833821556E+00   2.0884821897E-04   2.1093737373E+00   2.3590814994E+00   6.3287855670E-04   2.2235216658E+00   2.3975303911E+00   1.7045705586E-03   2.2856156622E+00   2.4364234722E+00   1.8996154809E-03   2.4166940097E+00   2.4746120439E+00   2.0907017618E-03   2.2418491947E+00   2.4273196849E+00   1.5687290638E-03   3.3549824308E-04
   1   -99   0    0   1.6056908229E-02   8.0312928638E+00   1.5832679256E-04   2.0138670330E+00   2.3836505905E+00   2.0883979863E-04   2.1088737059E+00   2.3593959084E+00   6.3284729343E-04   2.2233716348E+00   2.3978431544E+00   1.7044863553E-03   2.2864229293E+00   2.4368330281E+00   1.8996034726E-03   2.4171682119E+00   2.4750728443E+00   2.0907568923E-03   2.2424602489E+00   2.4277292387E+00   1.5687191471E-03   3.3552697062E-04
   1  -100   0    0   6.1847499939E-03   8.0322151219E+00   1.5789031415E-04   2.0134398639E+00   2.3839202576E+00   2.0883139174E-04   2.1083700562E+00   2.3597113915E+00   6.3281608003E-04   2.2232227282E+00   2.3981569944E+00   1.7044022863E-03   2.2872328135E+00   2.4372430947E+00   1.8995914576E-03   2.4176427979E+00   2.4755340172E+00   2.0908119698E-03   2.2430777635E+00   2.4281393033E+00   1.5687092250E-03   3.3555573827E-04
   1  -101   0    0  -3.6864291884E-03   8.0331405521E+00   1.5745542929E-04   2.0130114572E+00   2.3841911109E+00   2.0882299995E-04   2.1078629071E+00   2.3600278943E+00   6.3278492273E-04   2.2230749565E+00   2.3984718567E+00   1.7043183685E-03   2.2880451643E+00   2.4376536014E+00   1.8995794387E-03   2.4181176852E+00   2.4759954823E+00   2.0908669831E-03   2.2437016118E+00   2.4285498083E+00   1.5686992996E-03   3.3558454106E-04
   1  -102   0    0  -1.3556670721E-02   8.0340689873E+00   1.5702221808E-04   2.0125818682E+00   2.3844631039E+00   2.0881462491E-04   2.1073523814E+00   2.3603453618E+00   6.3275382762E-04   2.2229283281E+00   2.3987876870E+00   1.7042346181E-03   2.2888598299E+00   2.4380644783E+00   1.8995674181E-03   2.4185927917E+00   2.4764571600E+00   2.0909219213E-03   2.2443316620E+00   2.4289606835E+00   1.5686893729E-03   3.3561337405E-04
   1  -103   0    0  -2.3426017061E-02   8.0350002598E+00   1.5659075829E-04   2.0121511517E+00   2.3847361900E+00   2.0880626823E-04   2.1068386061E+00   2.3606637392E+00   6.3272280067E-04   2.2227828493E+00   2.3991044304E+00   1.7041510513E-03   2.2896766575E+00   2.4384756560E+00   1.8995553985E-03   2.4190680364E+00   2.4769189715E+00   2.0909767736E-03   2.2449677774E+00   2.4293718596E+00   1.5686794469E-03   3.3564223231E-04
   1  -104   0    0  -3.3294511669E-02   8.0359342006E+00   1.5616112534E-04   2.0117193616E+00   2.3850103218E+00   2.0879793149E-04   2.1063217119E+00   2.3609829713E+00   6.3269184775E-04   2.2226385242E+00   2.3994220322E+00   1.7040676839E-03   2.2904954929E+00   2.4388870653E+00   1.8995433821E-03   2.4195433389E+00   2.4773808386E+00   2.0910315295E-03   2.2456098165E+00   2.4297832675E+00   1.5686695236E-03   3.3567111098E-04
   1  -105   0    0  -4.3162198948E-02   8.0368706403E+00   1.5573339223E-04   2.0112865509E+00   2.3852854518E+00   2.0878961622E-04   2.1058018331E+00   2.3613030028E+00   6.3266097456E-04   2.2224953547E+00   2.3997404375E+00   1.7039845313E-03   2.2913161814E+00   2.4392986380E+00   1.8995313714E-03   2.4200186196E+00   2.4778426842E+00   2.0910861787E-03   2.2462576333E+00   2.4301948389E+00   1.5686596050E-03   3.3570000521E-04
   1  -106   0    0  -5.3029124193E-02   8.0378094084E+00   1.5530762952E-04   2.0108527719E+00   2.3855615323E+00   2.0878132393E-04   2.1052791078E+00   2.3616237786E+00   6.3263018668E-04   2.2223533408E+00   2.4000595913E+00   1.7039016084E-03   2.2921385672E+00   2.4397103063E+00   1.8995193688E-03   2.4204938001E+00   2.4783044319E+00   2.0911407109E-03   2.2469110774E+00   2.4306065059E+00   1.5686496931E-03   3.3572891019E-04
   1  -107   0    0  -6.2895333524E-02   8.0387503344E+00   1.5488390529E-04   2.0104180761E+00   2.3858385150E+00   2.0877305609E-04   2.1047536772E+00   2.3619452434E+00   6.3259948957E-04   2.2222124804E+00   2.4003794387E+00   1.7038189300E-03   2.2929624938E+00   2.4401220032E+00   1.8995073765E-03   2.4209688027E+00   2.4787660062E+00   2.0911951164E-03   2.2475699941E+00   2.4310182017E+00   1.5686397897E-03   3.3575782119E-04
   1  -108   0    0  -7.2760873831E-02   8.0396932471E+00   1.5446228511E-04   2.0099825139E+00   2.3861163518E+00   2.0876481412E-04   2.1042256858E+00   2.3622673419E+00   6.3256888852E-04   2.2220727694E+00   2.4006999248E+00   1.7037365103E-03   2.2937878044E+00   2.4405336623E+00   1.8994953969E-03   2.4214435508E+00   2.4792273328E+00   2.0912493854E-03   2.2482342249E+00   2.4314298598E+00   1.5686298967E-03   3.3578673348E-04
   1  -109   0    0  -8.2625792704E-02   8.0406379753E+00   1.5404283206E-04   2.0095461349E+00   2.3863949941E+00   2.0875659941E-04   2.1036952813E+00   2.3625900192E+00   6.3253838868E-04   2.2219342019E+00   2.4010209948E+00   1.7036543632E-03   2.2946143417E+00   2.4409452179E+00   1.8994834321E-03   2.4219179689E+00   2.4796883382E+00   2.0913035085E-03   2.2489036075E+00   2.4318414145E+00   1.5686200160E-03   3.3581564242E-04
   1  -110   0    0  -9.2490138378E-02   8.0415843475E+00   1.5362560668E-04   2.0091089879E+00   2.3866743933E+00   2.0874841331E-04   2.1031626139E+00   2.3629132202E+00   6.3250799506E-04   2.2217967699E+00   2.4013425938E+00   1.7035725022E-03   2.2954419479E+00   2.4413566053E+00   1.8994714844E-03   2.4223919825E+00   2.4801489502E+00   2.0913574765E-03   2.2495779760E+00   2.4322528012E+00   1.5686101494E-03   3.3584454340E-04
   1  -111   0    0  -1.0235395966E-01   8.0425321924E+00   1.5321066698E-04   2.0086711207E+00   2.3869545007E+00   2.0874025712E-04   2.1026278366E+00   2.3632368900E+00   6.3247771252E-04   2.2216604637E+00   2.4016646674E+00   1.7034909404E-03   2.2962704653E+00   2.4417677605E+00   1.8994595558E-03   2.4228655183E+00   2.4806090974E+00   2.0914112805E-03   2.2502571612E+00   2.4326639557E+00   1.5686002987E-03   3.3587343187E-04
   1  -112   0    0  -1.1221730587E-01   8.0434813388E+00   1.5279806850E-04   2.0082325802E+00   2.3872352675E+00   2.0873213212E-04   2.1020911048E+00   2.3635609741E+00   6.3244754575E-04   2.2215252718E+00   2.4019871612E+00   1.7034096904E-03   2.2970997362E+00   2.4421786203E+00   1.8994476487E-03   2.4233385042E+00   2.4810687097E+00   2.0914649117E-03   2.2509409908E+00   2.4330748149E+00   1.5685904656E-03   3.3590230335E-04
   1  -113   0    0  -1.2208022676E-01   8.0444316159E+00   1.5238786423E-04   2.0077934126E+00   2.3875166447E+00   2.0872403952E-04   2.1015525760E+00   2.3638854180E+00   6.3241749931E-04   2.2213911811E+00   2.4023100209E+00   1.7033287645E-03   2.2979296027E+00   2.4425891224E+00   1.8994357648E-03   2.4238108690E+00   2.4815277181E+00   2.0915183617E-03   2.2516292896E+00   2.4334853165E+00   1.5685806517E-03   3.3593115339E-04
   1  -114   0    0  -1.3194277248E-01   8.0453828530E+00   1.5198010472E-04   2.0073536631E+00   2.3877985836E+00   2.0871598053E-04   2.1010124100E+00   2.3642101675E+00   6.3238757760E-04   2.2212581769E+00   2.4026331926E+00   1.7032481745E-03   2.2987599073E+00   2.4429992052E+00   1.8994239064E-03   2.4242825429E+00   2.4819860547E+00   2.0915716224E-03   2.2523218795E+00   2.4338953990E+00   1.5685708589E-03   3.3595997762E-04
   1  -115   0    0  -1.4180499347E-01   8.0463348801E+00   1.5157483804E-04   2.0069133761E+00   2.3880810353E+00   2.0870795627E-04   2.1004707678E+00   2.3645351687E+00   6.3235778487E-04   2.2211262428E+00   2.4029566227E+00   1.7031679319E-03   2.2995904928E+00   2.4434088083E+00   1.8994120754E-03   2.4247534572E+00   2.4824436528E+00   2.0916246857E-03   2.2530185804E+00   2.4343050018E+00   1.5685610886E-03   3.3598877173E-04
   1  -116   0    0  -1.5166694042E-01   8.0472875278E+00   1.5117210987E-04   2.0064725953E+00   2.3883639510E+00   2.0869996785E-04   2.0999278126E+00   2.3648603681E+00   6.3232812522E-04   2.2209953612E+00   2.4032802577E+00   1.7030880478E-03   2.3004212024E+00   2.4438178719E+00   1.8994002736E-03   2.4252235444E+00   2.4829004467E+00   2.0916775439E-03   2.2537192095E+00   2.4347140653E+00   1.5685513426E-03   3.3601753146E-04
   1  -117   0    0  -1.6152866422E-01   8.0482406272E+00   1.5077196349E-04   2.0060313637E+00   2.3886472820E+00   2.0869201634E-04   2.0993837083E+00   2.3651857123E+00   6.3229860260E-04   2.2208655130E+00   2.4036040447E+00   1.7030085327E-03   2.3012518799E+00   2.4442263372E+00   1.8993885030E-03   2.4256927383E+00   2.4833563721E+00   2.0917301897E-03   2.2544235823E+00   2.4351225306E+00   1.5685416222E-03   3.3604625262E-04
   1  -118   0    0  -1.7139021584E-01   8.0491940104E+00   1.5037443986E-04   2.0055897234E+00   2.3889309797E+00   2.0868410276E-04   2.0988386202E+00   2.3655111484E+00   6.3226922080E-04   2.2207366781E+00   2.4039279308E+00   1.7029293969E-03   2.3020823697E+00   2.4446341465E+00   1.8993767653E-03   2.4261609737E+00   2.4838113658E+00   2.0917826157E-03   2.2551315122E+00   2.4355303400E+00   1.5685319291E-03   3.3607493109E-04
   1  -119   0    0  -1.8125164632E-01   8.0501475101E+00   1.4997957766E-04   2.0051477162E+00   2.3892149956E+00   2.0867622809E-04   2.0982927143E+00   2.3658366239E+00   6.3223998349E-04   2.2206088349E+00   2.4042518638E+00   1.7028506502E-03   2.3029125169E+00   2.4450412427E+00   1.8993650624E-03   2.4266281869E+00   2.4842653655E+00   2.0918348151E-03   2.2558428114E+00   2.4359374363E+00   1.5685222647E-03   3.3610356279E-04
   1  -120   0    0  -1.9111300669E-01   8.0511009602E+00   1.4958741334E-04   2.0047053830E+00   2.3894992812E+00   2.0866839328E-04   2.0977461574E+00   2.3661620866E+00   6.3221089417E-04   2.2204819611E+00   2.4045757915E+00   1.7027723022E-03   2.3037421674E+00   2.4454475696E+00   1.8993533960E-03   2.4270943149E+00   2.4847183105E+00   2.0918867812E-03   2.2565572902E+00   2.4363437635E+00   1.5685126304E-03   3.3613214372E-04
   1  -121   0    0  -2.0097434788E-01   8.0520541954E+00   1.4919798117E-04   2.0042627644E+00   2.3897837885E+00   2.0866059924E-04   2.0971991164E+00   2.3664874846E+00   6.3218195621E-04   2.2203560333E+00   2.4048996624E+00   1.7026943618E-03   2.3045711682E+00   2.4458530723E+00   1.8993417678E-03   2.4275592964E+00   2.4851701409E+00   2.0919385075E-03   2.2572747582E+00   2.4367492665E+00   1.5685030277E-03   3.3616066994E-04
   1  -122   0    0  -2.1083572072E-01   8.0530070514E+00   1.4881131333E-04   2.0038199004E+00   2.3900684694E+00   2.0865284684E-04   2.0966517585E+00   2.3668127665E+00   6.3215317284E-04   2.2202310274E+00   2.4052234252E+00   1.7026168378E-03   2.3053993672E+00   2.4462576962E+00   1.8993301794E-03   2.4280230709E+00   2.4856207980E+00   2.0919899877E-03   2.2579950237E+00   2.4371538909E+00   1.5684934578E-03   3.3618913757E-04
   1  -123   0    0  -2.2069717581E-01   8.0539593652E+00   1.4842743996E-04   2.0033768309E+00   2.3903532760E+00   2.0864513691E-04   2.0961042506E+00   2.3671378813E+00   6.3212454716E-04   2.2201069184E+00   2.4055470291E+00   1.7025397385E-03   2.3062266135E+00   2.4466613881E+00   1.8993186324E-03   2.4284855792E+00   2.4860702243E+00   2.0920412158E-03   2.2587178943E+00   2.4375575833E+00   1.5684839221E-03   3.3621754278E-04
   1  -124   0    0  -2.3055876353E-01   8.0549109748E+00   1.4804638925E-04   2.0029335952E+00   2.3906381607E+00   2.0863747025E-04   2.0955567594E+00   2.3674627785E+00   6.3209608214E-04   2.2199836808E+00   2.4058704237E+00   1.7024630719E-03   2.3070527571E+00   2.4470640953E+00   1.8993071283E-03   2.4289467631E+00   2.4865183632E+00   2.0920921861E-03   2.2594431770E+00   2.4379602912E+00   1.5684744219E-03   3.3624588182E-04
   1  -125   0    0  -2.4042053391E-01   8.0558617195E+00   1.4766818745E-04   2.0024902325E+00   2.3909230761E+00   2.0862984762E-04   2.0950094510E+00   2.3677874079E+00   6.3206778061E-04   2.2198612887E+00   2.4061935589E+00   1.7023868457E-03   2.3078776497E+00   2.4474657661E+00   1.8992956687E-03   2.4294065656E+00   2.4869651593E+00   2.0921428930E-03   2.2601706784E+00   2.4383619627E+00   1.5684649584E-03   3.3627415097E-04
   1  -126   0    0  -2.5028253666E-01   8.0568114398E+00   1.4729285905E-04   2.0020467819E+00   2.3912079751E+00   2.0862226977E-04   2.0944624907E+00   2.3681117196E+00   6.3203964530E-04   2.2197397157E+00   2.4065163850E+00   1.7023110671E-03   2.3087011440E+00   2.4478663496E+00   1.8992842550E-03   2.4298649306E+00   2.4874105582E+00   2.0921933311E-03   2.2609002048E+00   2.4387625470E+00   1.5684555328E-03   3.3630234660E-04
   1  -127   0    0  -2.6014482105E-01   8.0577599776E+00   1.4692042674E-04   2.0016032823E+00   2.3914928107E+00   2.0861473738E-04   2.0939160428E+00   2.3684356644E+00   6.3201167881E-04   2.2196189351E+00   2.4068388530E+00   1.7022357433E-03   2.3095230942E+00   2.4482657957E+00   1.8992728887E-03   2.4303218033E+00   2.4878545065E+00   2.0922434953E-03   2.2616315626E+00   2.4391619941E+00   1.5684461463E-03   3.3633046512E-04
   1  -128   0    0  -2.7000743588E-01   8.0587071759E+00   1.4655091159E-04   2.0011597727E+00   2.3917775362E+00   2.0860725113E-04   2.0933702703E+00   2.3687591933E+00   6.3198388362E-04   2.2194989201E+00   2.4071609141E+00   1.7021608808E-03   2.3103433560E+00   2.4486640551E+00   1.8992615710E-03   2.4307771297E+00   2.4882969518E+00   2.0922933806E-03   2.2623645581E+00   2.4395602545E+00   1.5684368000E-03   3.3635850300E-04
   1  -129   0    0  -2.7987042946E-01   8.0596528792E+00   1.4618433305E-04   2.0007162922E+00   2.3920621051E+00   2.0859981166E-04   2.0928253348E+00   2.3690822579E+00   6.3195626211E-04   2.2193796439E+00   2.4074825198E+00   1.7020864861E-03   2.3111617866E+00   2.4490610792E+00   1.8992503034E-03   2.4312308567E+00   2.4887378426E+00   2.0923429823E-03   2.2630989980E+00   2.4399572797E+00   1.5684274951E-03   3.3638645674E-04
   1  -130   0    0  -2.8973384952E-01   8.0605969333E+00   1.4582070908E-04   2.0002728801E+00   2.3923464714E+00   2.0859241957E-04   2.0922813962E+00   2.3694048100E+00   6.3192881655E-04   2.2192610797E+00   2.4078036222E+00   1.7020125653E-03   2.3119782446E+00   2.4494568203E+00   1.8992390871E-03   2.4316829325E+00   2.4891771283E+00   2.0923922957E-03   2.2638346893E+00   2.4403530220E+00   1.5684182325E-03   3.3641432293E-04
   1  -131   0    0  -2.9959774318E-01   8.0615391855E+00   1.4546005619E-04   1.9998295759E+00   2.3926305890E+00   2.0858507547E-04   2.0917386126E+00   2.3697268021E+00   6.3190154912E-04   2.2191432007E+00   2.4081241738E+00   1.7019391242E-03   2.3127925905E+00   2.4498512312E+00   1.8992279235E-03   2.4321333057E+00   2.4896147592E+00   2.0924413164E-03   2.2645714399E+00   2.4407474341E+00   1.5684090135E-03   3.3644209819E-04
   1  -132   0    0  -3.0946215693E-01   8.0624794845E+00   1.4510238957E-04   1.9993864193E+00   2.3929144123E+00   2.0857777990E-04   2.0911971400E+00   2.3700481868E+00   6.3187446189E-04   2.2190259807E+00   2.4084441274E+00   1.7018661685E-03   2.3136046864E+00   2.4502442656E+00   1.8992168137E-03   2.4325819262E+00   2.4900506866E+00   2.0924900402E-03   2.2653090580E+00   2.4411404698E+00   1.5683998388E-03   3.3646977918E-04
   1  -133   0    0  -3.1932713657E-01   8.0634176802E+00   1.4474772308E-04   1.9989434507E+00   2.3931978959E+00   2.0857053340E-04   2.0906571323E+00   2.3703689173E+00   6.3184755686E-04   2.2189093935E+00   2.4087634363E+00   1.7017937036E-03   2.3144143960E+00   2.4506358776E+00   1.8992057590E-03   2.4330287446E+00   2.4904848623E+00   2.0925384629E-03   2.2660473529E+00   2.4415320832E+00   1.5683907097E-03   3.3649736262E-04
   1  -134   0    0  -3.2919272716E-01   8.0643536242E+00   1.4439606942E-04   1.9985007107E+00   2.3934809948E+00   2.0856333648E-04   2.0901187409E+00   2.3706889472E+00   6.3182083592E-04   2.2187934134E+00   2.4090820541E+00   1.7017217344E-03   2.3152215848E+00   2.4510260223E+00   1.8991947605E-03   2.4334737121E+00   2.4909172391E+00   2.0925865807E-03   2.2667861349E+00   2.4419222294E+00   1.5683816270E-03   3.3652484528E-04
   1  -135   0    0  -3.3905897301E-01   8.0652871694E+00   1.4404744015E-04   1.9980582405E+00   2.3937636641E+00   2.0855618964E-04   2.0895821146E+00   2.3710082304E+00   6.3179430091E-04   2.2186780155E+00   2.4093999350E+00   1.7016502661E-03   2.3160261202E+00   2.4514146551E+00   1.8991838193E-03   2.4339167811E+00   2.4913477707E+00   2.0926343897E-03   2.2675252153E+00   2.4423108637E+00   1.5683725916E-03   3.3655222396E-04
   1  -136   0    0  -3.4892591762E-01   8.0662181702E+00   1.4370184575E-04   1.9976160822E+00   2.3940458592E+00   2.0854909335E-04   2.0890473996E+00   2.3713267212E+00   6.3176795356E-04   2.2185631753E+00   2.4097170332E+00   1.7015793031E-03   2.3168278713E+00   2.4518017321E+00   1.8991729366E-03   2.4343579044E+00   2.4917764111E+00   2.0926818863E-03   2.2682644068E+00   2.4426979424E+00   1.5683636045E-03   3.3657949551E-04
   1  -137   0    0  -3.5879360366E-01   8.0671464826E+00   1.4335929572E-04   1.9971742781E+00   2.3943275359E+00   2.0854204805E-04   2.0885147391E+00   2.3716443743E+00   6.3174179556E-04   2.2184488690E+00   2.4100333036E+00   1.7015088502E-03   2.3176267092E+00   2.4521872102E+00   1.8991621135E-03   2.4347970356E+00   2.4922031153E+00   2.0927290668E-03   2.2690035233E+00   2.4430834221E+00   1.5683546666E-03   3.3660665682E-04
   1  -138   0    0  -3.6866207295E-01   8.0680719638E+00   1.4301979866E-04   1.9967328716E+00   2.3946086501E+00   2.0853505419E-04   2.0879842734E+00   2.3719611448E+00   6.3171582851E-04   2.2183350736E+00   2.4103487014E+00   1.7014389115E-03   2.3184225067E+00   2.4525710464E+00   1.8991513510E-03   2.4352341290E+00   2.4926278389E+00   2.0927759279E-03   2.2697423803E+00   2.4434672601E+00   1.5683457788E-03   3.3663370481E-04
   1  -139   0    0  -3.7853136641E-01   8.0689944728E+00   1.4268336226E-04   1.9962919067E+00   2.3948891582E+00   2.0852811216E-04   2.0874561397E+00   2.3722769883E+00   6.3169005395E-04   2.2182217669E+00   2.4106631821E+00   1.7013694913E-03   2.3192151389E+00   2.4529531987E+00   1.8991406501E-03   2.4356691396E+00   2.4930505382E+00   2.0928224663E-03   2.2704807949E+00   2.4438494143E+00   1.5683369418E-03   3.3666063646E-04
   1  -140   0    0  -3.8840152405E-01   8.0699138699E+00   1.4234999344E-04   1.9958514284E+00   2.3951690167E+00   2.0852122239E-04   2.0869304718E+00   2.3725918604E+00   6.3166447338E-04   2.2181089279E+00   2.4109767017E+00   1.7013005936E-03   2.3200044824E+00   2.4533336253E+00   1.8991300118E-03   2.4361020229E+00   2.4934711699E+00   2.0928686786E-03   2.2712185859E+00   2.4442298427E+00   1.5683281566E-03   3.3668744876E-04
   1  -141   0    0  -3.9827258490E-01   8.0708300170E+00   1.4201969836E-04   1.9954114824E+00   2.3954481824E+00   2.0851438525E-04   2.0864074002E+00   2.3729057174E+00   6.3163908821E-04   2.2179965362E+00   2.4112892164E+00   1.7012322222E-03   2.3207904162E+00   2.4537122851E+00   1.8991194372E-03   2.4365327351E+00   2.4938896916E+00   2.0929145619E-03   2.2719555736E+00   2.4446085044E+00   1.5683194240E-03   3.3671413875E-04
   1  -142   0    0  -4.0814458706E-01   8.0717427775E+00   1.4169248248E-04   1.9949721153E+00   2.3957266125E+00   2.0850760110E-04   2.0858870520E+00   2.3732185159E+00   6.3161389983E-04   2.2178845726E+00   2.4116006828E+00   1.7011643808E-03   2.3215728209E+00   2.4540891372E+00   1.8991089273E-03   2.4369612331E+00   2.4943060611E+00   2.0929601130E-03   2.2726915806E+00   2.4449853586E+00   1.5683107447E-03   3.3674070351E-04
   1  -143   0    0  -4.1801756761E-01   8.0726520164E+00   1.4136835061E-04   1.9945333749E+00   2.3960042644E+00   2.0850087032E-04   2.0853695506E+00   2.3735302128E+00   6.3158890956E-04   2.2177730191E+00   2.4119110579E+00   1.7010970730E-03   2.3223515795E+00   2.4544641416E+00   1.8990984828E-03   2.4373874741E+00   2.4947202371E+00   2.0930053291E-03   2.2734264312E+00   2.4453603651E+00   1.5683021195E-03   3.3676714015E-04
   1  -144   0    0  -4.2789156263E-01   8.0735576002E+00   1.4104730699E-04   1.9940953096E+00   2.3962810958E+00   2.0849419324E-04   2.0848550158E+00   2.3738407652E+00   6.3156411869E-04   2.2176618586E+00   2.4122202990E+00   1.7010303022E-03   2.3231265769E+00   2.4548372584E+00   1.8990881049E-03   2.4378114160E+00   2.4951321786E+00   2.0930502073E-03   2.2741599518E+00   2.4457334840E+00   1.5682935493E-03   3.3679344579E-04
   1  -145   0    0  -4.3776660715E-01   8.0744593969E+00   1.4072935524E-04   1.9936579692E+00   2.3965570649E+00   2.0848757020E-04   2.0843435639E+00   2.3741501309E+00   6.3153952844E-04   2.2175510754E+00   2.4125283639E+00   1.7009640718E-03   2.3238977000E+00   2.4552084483E+00   1.8990777943E-03   2.4382330172E+00   2.4955418452E+00   2.0930947448E-03   2.2748919711E+00   2.4461046761E+00   1.5682850347E-03   3.3681961761E-04
   1  -146   0    0  -4.4764273515E-01   8.0753572763E+00   1.4041449852E-04   1.9932214041E+00   2.3968321298E+00   2.0848100151E-04   2.0838353070E+00   2.3744582679E+00   6.3151514001E-04   2.2174406549E+00   2.4128352106E+00   1.7008983849E-03   2.3246648379E+00   2.4555776724E+00   1.8990675521E-03   2.4386522367E+00   2.4959491971E+00   2.0931389389E-03   2.2756223197E+00   2.4464739024E+00   1.5682765765E-03   3.3684565282E-04
   1  -147   0    0  -4.5751997953E-01   8.0762511097E+00   1.4010273944E-04   1.9927856659E+00   2.3971062492E+00   2.0847448749E-04   2.0833303538E+00   2.3747651345E+00   6.3149095457E-04   2.2173305836E+00   2.4131407976E+00   1.7008332448E-03   2.3254278819E+00   2.4559448922E+00   1.8990573790E-03   2.4390690339E+00   2.4963541947E+00   2.0931827870E-03   2.2763508309E+00   2.4468411246E+00   1.5682681754E-03   3.3687154864E-04
   1  -148   0    0  -4.6739837211E-01   8.0771407701E+00   1.3979408020E-04   1.9923508072E+00   2.3973793821E+00   2.0846802845E-04   2.0828288089E+00   2.3750706893E+00   6.3146697322E-04   2.2172208494E+00   2.4134450835E+00   1.7007686543E-03   2.3261867253E+00   2.4563100698E+00   1.8990472760E-03   2.4394833688E+00   2.4967567993E+00   2.0932262866E-03   2.2770773401E+00   2.4472063045E+00   1.5682598322E-03   3.3689730234E-04
   1  -149   0    0  -4.7727794359E-01   8.0780261320E+00   1.3948852252E-04   1.9919168816E+00   2.3976514878E+00   2.0846162467E-04   2.0823307729E+00   2.3753748916E+00   6.3144319704E-04   2.2171114417E+00   2.4137480276E+00   1.7007046165E-03   2.3269412635E+00   2.4566731676E+00   1.8990372438E-03   2.4398952018E+00   2.4971569723E+00   2.0932694351E-03   2.2778016851E+00   2.4475694047E+00   1.5682515475E-03   3.3692291122E-04
   1  -150   0    0  -4.8715872354E-01   8.0789070718E+00   1.3918606773E-04   1.9914839436E+00   2.3979225258E+00   2.0845527643E-04   2.0818363428E+00   2.3756777008E+00   6.3141962710E-04   2.2170023507E+00   2.4140495893E+00   1.7006411341E-03   2.3276913944E+00   2.4570341485E+00   1.8990272834E-03   2.4403044939E+00   2.4975546759E+00   2.0933122300E-03   2.2785237065E+00   2.4479303880E+00   1.5682433220E-03   3.3694837261E-04
   1  -151   0    0  -4.9704074043E-01   8.0797834675E+00   1.3888671677E-04   1.9910520488E+00   2.3981924563E+00   2.0844898400E-04   2.0813456113E+00   2.3759790767E+00   6.3139626439E-04   2.2168935683E+00   2.4143497287E+00   1.7005782099E-03   2.3284370178E+00   2.4573929757E+00   1.8990173955E-03   2.4407112066E+00   2.4979498726E+00   2.0933546692E-03   2.2792432472E+00   2.4482892177E+00   1.5682351565E-03   3.3697368385E-04
   1  -152   0    0  -5.0692402154E-01   8.0806551991E+00   1.3859047018E-04   1.9906212534E+00   2.3984612395E+00   2.0844274766E-04   2.0808586673E+00   2.3762789796E+00   6.3137310991E-04   2.2167850875E+00   2.4146484060E+00   1.7005158465E-03   2.3291780359E+00   2.4577496131E+00   1.8990075809E-03   2.4411153018E+00   2.4983425255E+00   2.0933967501E-03   2.2799601528E+00   2.4486458576E+00   1.5682270515E-03   3.3699884235E-04
   1  -153   0    0  -5.1680859302E-01   8.0815221481E+00   1.3829732815E-04   1.9901916149E+00   2.3987288360E+00   2.0843656766E-04   2.0803755956E+00   2.3765773703E+00   6.3135016459E-04   2.2166769026E+00   2.4149455819E+00   1.7004540465E-03   2.3299143530E+00   2.4581040248E+00   1.8989978405E-03   2.4415167421E+00   2.4987325982E+00   2.0934384706E-03   2.2806742718E+00   2.4490002718E+00   1.5682190077E-03   3.3702384552E-04
   1  -154   0    0  -5.2669447983E-01   8.0823841981E+00   1.3800729049E-04   1.9897631914E+00   2.3989952071E+00   2.0843044424E-04   2.0798964773E+00   2.3768742097E+00   6.3132742936E-04   2.2165690092E+00   2.4152412177E+00   1.7003928123E-03   2.3306458758E+00   2.4584561754E+00   1.8989881750E-03   2.4419154903E+00   2.4991200546E+00   2.0934798285E-03   2.2813854552E+00   2.4493524251E+00   1.5682110258E-03   3.3704869083E-04
   1  -155   0    0  -5.3658170576E-01   8.0832412344E+00   1.3772035666E-04   1.9893360419E+00   2.3992603142E+00   2.0842437764E-04   2.0794213893E+00   2.3771694594E+00   6.3130490510E-04   2.2164614043E+00   2.4155352749E+00   1.7003321464E-03   2.3313725132E+00   2.4588060303E+00   1.8989785852E-03   2.4423115103E+00   2.4995048595E+00   2.0935208216E-03   2.2820935570E+00   2.4497022827E+00   1.5682031064E-03   3.3707337575E-04
   1  -156   0    0  -5.4647029341E-01   8.0840931444E+00   1.3743652578E-04   1.9889102261E+00   2.3995241192E+00   2.0841836809E-04   2.0789504045E+00   2.3774630815E+00   6.3128259267E-04   2.2163540860E+00   2.4158277155E+00   1.7002720509E-03   2.3320941765E+00   2.4591535550E+00   1.8989690718E-03   2.4427047659E+00   2.4998869779E+00   2.0935614479E-03   2.2827984339E+00   2.4500498100E+00   1.5681952501E-03   3.3709789783E-04
   1  -157   0    0  -5.5636026419E-01   8.0849398173E+00   1.3715579661E-04   1.9884858044E+00   2.3997865845E+00   2.0841241582E-04   2.0784835922E+00   2.3777550384E+00   6.3126049288E-04   2.2162470537E+00   2.4161185021E+00   1.7002125282E-03   2.3328107793E+00   2.4594987157E+00   1.8989596355E-03   2.4430952220E+00   2.5002663756E+00   2.0936017054E-03   2.2834999457E+00   2.4503949734E+00   1.5681874575E-03   3.3712225462E-04
   1  -158   0    0  -5.6625163831E-01   8.0857811447E+00   1.3687816754E-04   1.9880628379E+00   2.4000476729E+00   2.0840652103E-04   2.0780210175E+00   2.3780452931E+00   6.3123860652E-04   2.2161403080E+00   2.4164075977E+00   1.7001535803E-03   2.3335222376E+00   2.4598414791E+00   1.8989502771E-03   2.4434828438E+00   2.5006430189E+00   2.0936415920E-03   2.2841979552E+00   2.4507377396E+00   1.5681797292E-03   3.3714644372E-04
   1  -159   0    0  -5.7614443475E-01   8.0866170198E+00   1.3660363662E-04   1.9876413882E+00   2.4003073477E+00   2.0840068393E-04   2.0775627419E+00   2.3783338090E+00   6.3121693435E-04   2.2160338505E+00   2.4166949658E+00   1.7000952093E-03   2.3342284697E+00   2.4601818124E+00   1.8989409973E-03   2.4438675972E+00   2.5010168745E+00   2.0936811060E-03   2.2848923281E+00   2.4510780757E+00   1.5681720658E-03   3.3717046277E-04
   1  -160   0    0  -5.8603867130E-01   8.0874473382E+00   1.3633220153E-04   1.9872215174E+00   2.4005655726E+00   2.0839490472E-04   2.0771088228E+00   2.3786205502E+00   6.3119547709E-04   2.2159276843E+00   2.4169805704E+00   1.7000374172E-03   2.3349293963E+00   2.4605196835E+00   1.8989317968E-03   2.4442494487E+00   2.5013879100E+00   2.0937202455E-03   2.2855829332E+00   2.4514159495E+00   1.5681644679E-03   3.3719430945E-04
   1  -161   0    0  -5.9593436454E-01   8.0882719978E+00   1.3606385956E-04   1.9868032880E+00   2.4008223119E+00   2.0838918357E-04   2.0766593142E+00   2.3789054812E+00   6.3117423541E-04   2.2158218134E+00   2.4172643762E+00   1.6999802057E-03   2.3356249406E+00   2.4608550607E+00   1.8989226761E-03   2.4446283655E+00   2.5017560935E+00   2.0937590087E-03   2.2862696424E+00   2.4517513296E+00   1.5681569359E-03   3.3721798148E-04
   1  -162   0    0  -6.0583152982E-01   8.0890908986E+00   1.3579860763E-04   1.9863867631E+00   2.4010775305E+00   2.0838352065E-04   2.0762142661E+00   2.3791885672E+00   6.3115320998E-04   2.2157162428E+00   2.4175463484E+00   1.6999235766E-03   2.3363150283E+00   2.4611879131E+00   1.8989136361E-03   2.4450043156E+00   2.5021213938E+00   2.0937973939E-03   2.2869523310E+00   2.4520841848E+00   1.5681494705E-03   3.3724147664E-04
   1  -163   0    0  -6.1573018129E-01   8.0899039429E+00   1.3553644226E-04   1.9859720056E+00   2.4013311937E+00   2.0837791615E-04   2.0757737249E+00   2.3794697738E+00   6.3113240139E-04   2.2156109786E+00   2.4178264526E+00   1.6998675316E-03   2.3369995873E+00   2.4615182103E+00   1.8989046772E-03   2.4453772674E+00   2.5024837804E+00   2.0938353996E-03   2.2876308773E+00   2.4524144849E+00   1.5681420722E-03   3.3726479272E-04
   1  -164   0    0  -6.2563033187E-01   8.0907110354E+00   1.3527735956E-04   1.9855590790E+00   2.4015832676E+00   2.0837237020E-04   2.0753377336E+00   2.3797490676E+00   6.3111181022E-04   2.2155060280E+00   2.4181046553E+00   1.6998120721E-03   2.3376785483E+00   2.4618459227E+00   1.8988958002E-03   2.4457471903E+00   2.5028432235E+00   2.0938730242E-03   2.2883051628E+00   2.4527422002E+00   1.5681347414E-03   3.3728792760E-04
   1  -165   0    0  -6.3553199327E-01   8.0915120832E+00   1.3502135520E-04   1.9851480466E+00   2.4018337185E+00   2.0836688296E-04   2.0749063313E+00   2.3800264153E+00   6.3109143701E-04   2.2154013990E+00   2.4183809235E+00   1.6997571997E-03   2.3383518443E+00   2.4621710212E+00   1.8988870056E-03   2.4461140544E+00   2.5031996941E+00   2.0939102662E-03   2.2889750725E+00   2.4530673017E+00   1.5681274787E-03   3.3731087918E-04
   1  -166   0    0  -6.4543517600E-01   8.0923069959E+00   1.3476842445E-04   1.9847389719E+00   2.4020825139E+00   2.0836145455E-04   2.0744795540E+00   2.3803017848E+00   6.3107128223E-04   2.2152971005E+00   2.4186552249E+00   1.6997029156E-03   2.3390194110E+00   2.4624934777E+00   1.8988782940E-03   2.4464778307E+00   2.5035531638E+00   2.0939471242E-03   2.2896404945E+00   2.4533897610E+00   1.5681202845E-03   3.3733364541E-04
   1  -167   0    0  -6.5533988935E-01   8.0930956857E+00   1.3451856211E-04   1.9843319183E+00   2.4023296214E+00   2.0835608509E-04   2.0740574340E+00   2.3805751445E+00   6.3105134633E-04   2.2151931424E+00   2.4189275280E+00   1.6996492210E-03   2.3396811865E+00   2.4628132645E+00   1.8988696660E-03   2.4468384907E+00   2.5039036052E+00   2.0939835969E-03   2.2903013204E+00   2.4537095508E+00   1.5681131594E-03   3.3735622432E-04
   1  -168   0    0  -6.6524614141E-01   8.0938780673E+00   1.3427176251E-04   1.9839269490E+00   2.4025750096E+00   2.0835077469E-04   2.0736400006E+00   2.3808464633E+00   6.3103162972E-04   2.2150895351E+00   2.4191978019E+00   1.6995961170E-03   2.3403371116E+00   2.4631303549E+00   1.8988611220E-03   2.4471960072E+00   2.5042509917E+00   2.0940196832E-03   2.2909574452E+00   2.4540266442E+00   1.5681061036E-03   3.3737861397E-04
   1  -169   0    0  -6.7515393910E-01   8.0946540581E+00   1.3402801951E-04   1.9835241268E+00   2.4028186477E+00   2.0834552345E-04   2.0732272794E+00   2.3811157112E+00   6.3101213275E-04   2.2149862899E+00   2.4194660163E+00   1.6995436047E-03   2.3409871294E+00   2.4634447230E+00   1.8988526625E-03   2.4475503535E+00   2.5045952975E+00   2.0940553819E-03   2.2916087673E+00   2.4543410153E+00   1.5680991177E-03   3.3740081249E-04
   1  -170   0    0  -6.8506328814E-01   8.0954235781E+00   1.3378732647E-04   1.9831235143E+00   2.4030605057E+00   2.0834033145E-04   2.0728192933E+00   2.3813828587E+00   6.3099285572E-04   2.2148834188E+00   2.4197321421E+00   1.6994916846E-03   2.3416311861E+00   2.4637563437E+00   1.8988442882E-03   2.4479015040E+00   2.5049364977E+00   2.0940906919E-03   2.2922551883E+00   2.4546526390E+00   1.5680922021E-03   3.3742281806E-04
   1  -171   0    0  -6.9497419306E-01   8.0961865502E+00   1.3354967624E-04   1.9827251736E+00   2.4033005542E+00   2.0833519876E-04   2.0724160617E+00   2.3816478774E+00   6.3097379889E-04   2.2147809345E+00   2.4199961505E+00   1.6994403577E-03   2.3422692300E+00   2.4640651926E+00   1.8988359994E-03   2.4482494341E+00   2.5052745683E+00   2.0941256123E-03   2.2928966138E+00   2.4549614909E+00   1.5680853570E-03   3.3744462891E-04
   1  -172   0    0  -7.0488665726E-01   8.0969429001E+00   1.3331506117E-04   1.9823291662E+00   2.4035387646E+00   2.0833012543E-04   2.0720176013E+00   2.3819107393E+00   6.3095496247E-04   2.2146788501E+00   2.4202580138E+00   1.6993896245E-03   2.3429012123E+00   2.4643712464E+00   1.8988277965E-03   2.4485941200E+00   2.5056094863E+00   2.0941601423E-03   2.2935329523E+00   2.4552675477E+00   1.5680785830E-03   3.3746624337E-04
   1  -173   0    0  -7.1480068298E-01   8.0976925561E+00   1.3308347304E-04   1.9819355532E+00   2.4037751092E+00   2.0832511150E-04   2.0716239254E+00   2.3821714177E+00   6.3093634662E-04   2.2145771794E+00   2.4205177051E+00   1.6993394852E-03   2.3435270868E+00   2.4646744825E+00   1.8988196800E-03   2.4489355391E+00   2.5059412298E+00   2.0941942812E-03   2.2941641163E+00   2.4555707868E+00   1.5680718803E-03   3.3748765980E-04
   1  -174   0    0  -7.2471627131E-01   8.0984354498E+00   1.3285490312E-04   1.9815443946E+00   2.4040095610E+00   2.0832015701E-04   2.0712350450E+00   2.3824298864E+00   6.3091795142E-04   2.2144759364E+00   2.4207751985E+00   1.6992899403E-03   2.3441468100E+00   2.4649748794E+00   1.8988116503E-03   2.4492736697E+00   2.5062697775E+00   2.0942280282E-03   2.2947900214E+00   2.4558711867E+00   1.5680652492E-03   3.3750887664E-04
   1  -175   0    0  -7.3463342223E-01   8.0991715155E+00   1.3262934208E-04   1.9811557500E+00   2.4042420939E+00   2.0831526197E-04   2.0708509679E+00   2.3826861202E+00   6.3089977694E-04   2.2143751358E+00   2.4210304686E+00   1.6992409899E-03   2.3447603409E+00   2.4652724164E+00   1.8988037076E-03   2.4496084911E+00   2.5065951096E+00   2.0942613828E-03   2.2954105871E+00   2.4561687268E+00   1.5680586900E-03   3.3752989240E-04
   1  -176   0    0  -7.4455213462E-01   8.0999006905E+00   1.3240678006E-04   1.9807696778E+00   2.4044726826E+00   2.0831042636E-04   2.0704716993E+00   2.3829400950E+00   6.3088182315E-04   2.2142747925E+00   2.4212834913E+00   1.6991926338E-03   2.3453676414E+00   2.4655670740E+00   1.8987958524E-03   2.4499399839E+00   2.5069172070E+00   2.0942943446E-03   2.2960257362E+00   2.4564633874E+00   1.5680522031E-03   3.3755070564E-04
   1  -177   0    0  -7.5447240627E-01   8.1006229152E+00   1.3218720659E-04   1.9803862354E+00   2.4047013027E+00   2.0830565018E-04   2.0700972418E+00   2.3831917874E+00   6.3086409000E-04   2.2141749218E+00   2.4215342433E+00   1.6991448720E-03   2.3459686758E+00   2.4658588334E+00   1.8987880849E-03   2.4502681296E+00   2.5072360518E+00   2.0943269134E-03   2.2966353951E+00   2.4567551499E+00   1.5680457886E-03   3.3757131502E-04
   1  -178   0    0  -7.6439423393E-01   8.1013381330E+00   1.3197061063E-04   1.9800054795E+00   2.4049279306E+00   2.0830093339E-04   2.0697275955E+00   2.3834411751E+00   6.3084657735E-04   2.2140755392E+00   2.4217827021E+00   1.6990977042E-03   2.3465634113E+00   2.4661476770E+00   1.8987804054E-03   2.4505929109E+00   2.5075516273E+00   2.0943590888E-03   2.2972394938E+00   2.4570439965E+00   1.5680394467E-03   3.3759171925E-04
   1  -179   0    0  -7.7431761326E-01   8.1020462903E+00   1.3175698054E-04   1.9796274653E+00   2.4051525438E+00   2.0829627594E-04   2.0693627580E+00   2.3836882365E+00   6.3082928503E-04   2.2139766603E+00   2.4220288464E+00   1.6990511297E-03   2.3471518177E+00   2.4664335883E+00   1.8987728141E-03   2.4509143116E+00   2.5078639178E+00   2.0943908708E-03   2.2978379659E+00   2.4573299108E+00   1.5680331777E-03   3.3761191712E-04
   1  -180   0    0  -7.8424253895E-01   8.1027473370E+00   1.3154630409E-04   1.9792522469E+00   2.4053751206E+00   2.0829167777E-04   2.0690027245E+00   2.3839329514E+00   6.3081221279E-04   2.2138783010E+00   2.4222726557E+00   1.6990051480E-03   2.3477338673E+00   2.4667165516E+00   1.8987653112E-03   2.4512323169E+00   2.5081729087E+00   2.0944222594E-03   2.2984307484E+00   2.4576128771E+00   1.5680269818E-03   3.3763190750E-04
   1  -181   0    0  -7.9416900466E-01   8.1034412256E+00   1.3133856841E-04   1.9788798772E+00   2.4055956403E+00   2.0828713879E-04   2.0686474880E+00   2.3841753004E+00   6.3079536033E-04   2.2137804772E+00   2.4225141107E+00   1.6989597582E-03   2.3483095353E+00   2.4669965525E+00   1.8987578970E-03   2.4515469127E+00   2.5084785865E+00   2.0944532547E-03   2.2990177820E+00   2.4578928811E+00   1.5680208590E-03   3.3765168933E-04
   1  -182   0    0  -8.0409700309E-01   8.1041279123E+00   1.3113376007E-04   1.9785104075E+00   2.4058140829E+00   2.0828265891E-04   2.0682970390E+00   2.3844152650E+00   6.3077872728E-04   2.2136832051E+00   2.4227531929E+00   1.6989149594E-03   2.3488787995E+00   2.4672735775E+00   1.8987505716E-03   2.4518580867E+00   2.5087809392E+00   2.0944838570E-03   2.2995990108E+00   2.4581699091E+00   1.5680148095E-03   3.3767126164E-04
   1  -183   0    0  -8.1402652599E-01   8.1048073562E+00   1.3093186499E-04   1.9781438879E+00   2.4060304298E+00   2.0827823801E-04   2.0679513662E+00   2.3846528279E+00   6.3076231322E-04   2.2135865005E+00   2.4229898850E+00   1.6988707504E-03   2.3494416403E+00   2.4675476144E+00   1.8987433350E-03   2.4521658273E+00   2.5090799556E+00   2.0945140667E-03   2.3001743826E+00   2.4584439491E+00   1.5680088335E-03   3.3769062352E-04
   1  -184   0    0  -8.2395756420E-01   8.1054795195E+00   1.3073286850E-04   1.9777803670E+00   2.4062446631E+00   2.0827387596E-04   2.0676104561E+00   2.3848879728E+00   6.3074611766E-04   2.2134903796E+00   2.4232241706E+00   1.6988271299E-03   2.3499980407E+00   2.4678186521E+00   1.8987361873E-03   2.4524701245E+00   2.5093756259E+00   2.0945438843E-03   2.3007438484E+00   2.4587149897E+00   1.5680029308E-03   3.3770977415E-04
   1  -185   0    0  -8.3389010767E-01   8.1061443679E+00   1.3053675530E-04   1.9774198918E+00   2.4064567659E+00   2.0826957261E-04   2.0672742933E+00   2.3851206844E+00   6.3073014006E-04   2.2133948580E+00   2.4234560345E+00   1.6987840965E-03   2.3505479864E+00   2.4680866803E+00   1.8987291287E-03   2.4527709692E+00   2.5096679414E+00   2.0945733103E-03   2.3013073630E+00   2.4589830209E+00   1.5679971017E-03   3.3772871279E-04
   1  -186   0    0  -8.4382414547E-01   8.1068018701E+00   1.3034350952E-04   1.9770625075E+00   2.4066667224E+00   2.0826532781E-04   2.0669428603E+00   2.3853509486E+00   6.3071437979E-04   2.2132999518E+00   2.4236854624E+00   1.6987416484E-03   2.3510914658E+00   2.4683516902E+00   1.8987221591E-03   2.4530683539E+00   2.5099568946E+00   2.0946023456E-03   2.3018648846E+00   2.4592480338E+00   1.5679913462E-03   3.3774743877E-04
   1  -187   0    0  -8.5375966587E-01   8.1074519981E+00   1.3015311464E-04   1.9767082581E+00   2.4068745177E+00   2.0826114135E-04   2.0666161379E+00   2.3855787522E+00   6.3069883621E-04   2.2132056764E+00   2.4239124412E+00   1.6986997839E-03   2.3516284697E+00   2.4686136740E+00   1.8987152785E-03   2.4533622721E+00   2.5102424794E+00   2.0946309909E-03   2.3024163747E+00   2.4595100206E+00   1.5679856641E-03   3.3776595152E-04
   1  -188   0    0  -8.6369665632E-01   8.1080947271E+00   1.2996555357E-04   1.9763571854E+00   2.4070801381E+00   2.0825701306E-04   2.0662941052E+00   2.3858040833E+00   6.3068350856E-04   2.2131120472E+00   2.4241369588E+00   1.6986585010E-03   2.3521589915E+00   2.4688726249E+00   1.8987084869E-03   2.4536527186E+00   2.5105246907E+00   2.0946592472E-03   2.3029617982E+00   2.4597689745E+00   1.5679800555E-03   3.3778425052E-04
   1  -189   0    0  -8.7363510350E-01   8.1087300355E+00   1.2978080863E-04   1.9760093298E+00   2.4072835707E+00   2.0825294272E-04   2.0659767396E+00   2.3860269308E+00   6.3066839605E-04   2.2130190796E+00   2.4243590043E+00   1.6986177976E-03   2.3526830273E+00   2.4691285375E+00   1.8987017842E-03   2.4539396895E+00   2.5108035248E+00   2.0946871156E-03   2.3035011237E+00   2.4600248900E+00   1.5679745203E-03   3.3780233537E-04
   1  -190   0    0  -8.8357499336E-01   8.1093579049E+00   1.2959886153E-04   1.9756647298E+00   2.4074848038E+00   2.0824893009E-04   2.0656640169E+00   2.3862472849E+00   6.3065349784E-04   2.2129267883E+00   2.4245785677E+00   1.6985776713E-03   2.3532005755E+00   2.4693814073E+00   1.8986951703E-03   2.4542231822E+00   2.5110789790E+00   2.0947145974E-03   2.3040343227E+00   2.4602777627E+00   1.5679690584E-03   3.3782020572E-04
   1  -191   0    0  -8.9351631117E-01   8.1099783201E+00   1.2941969342E-04   1.9753234220E+00   2.4076838265E+00   2.0824497493E-04   2.0653559112E+00   2.3864651368E+00   6.3063881300E-04   2.2128351880E+00   2.4247956402E+00   1.6985381197E-03   2.3537116371E+00   2.4696312311E+00   1.8986886450E-03   2.4545031953E+00   2.5113510520E+00   2.0947416938E-03   2.3045613704E+00   2.4605275895E+00   1.5679636697E-03   3.3783786132E-04
   1  -192   0    0  -9.0345904148E-01   8.1105912690E+00   1.2924328490E-04   1.9749854413E+00   2.4078806293E+00   2.0824107698E-04   2.0650523954E+00   2.3866804789E+00   6.3062434056E-04   2.2127442929E+00   2.4250102140E+00   1.6984991402E-03   2.3542162156E+00   2.4698780068E+00   1.8986822082E-03   2.4547797286E+00   2.5116197438E+00   2.0947684063E-03   2.3050822450E+00   2.4607743681E+00   1.5679583541E-03   3.3785530200E-04
   1  -193   0    0  -9.1340316826E-01   8.1111967427E+00   1.2906961599E-04   1.9746508206E+00   2.4080752033E+00   2.0823723596E-04   2.0647534408E+00   2.3868933045E+00   6.3061007949E-04   2.2126541171E+00   2.4252222826E+00   1.6984607300E-03   2.3547143169E+00   2.4701217334E+00   1.8986758596E-03   2.4550527832E+00   2.5118850553E+00   2.0947947365E-03   2.3055969280E+00   2.4610180976E+00   1.5679531114E-03   3.3787252766E-04
   1  -194   0    0  -9.2334867485E-01   8.1117947353E+00   1.2889866617E-04   1.9743195911E+00   2.4082675409E+00   2.0823345157E-04   2.0644590175E+00   2.3871036080E+00   6.3059602871E-04   2.2125646741E+00   2.4254318402E+00   1.6984228862E-03   2.3552059491E+00   2.4703624110E+00   1.8986695991E-03   2.4553223616E+00   2.5121469889E+00   2.0948206860E-03   2.3061054042E+00   2.4612587781E+00   1.5679479414E-03   3.3788953827E-04
   1  -195   0    0  -9.3329554402E-01   8.1123852442E+00   1.2873041442E-04   1.9739917817E+00   2.4084576354E+00   2.0822972352E-04   2.0641690942E+00   2.3873113851E+00   6.3058218705E-04   2.2124759769E+00   2.4256388825E+00   1.6983856056E-03   2.3556911230E+00   2.4706000410E+00   1.8986634264E-03   2.4555884672E+00   2.5124055481E+00   2.0948462566E-03   2.3066076613E+00   2.4614964109E+00   1.5679428438E-03   3.3790633393E-04
   1  -196   0    0  -9.4324375802E-01   8.1129682697E+00   1.2856483917E-04   1.9736674198E+00   2.4086454812E+00   2.0822605146E-04   2.0638836387E+00   2.3875166324E+00   6.3056855333E-04   2.2123880383E+00   2.4258434059E+00   1.6983488850E-03   2.3561698514E+00   2.4708346257E+00   1.8986573411E-03   2.4558511049E+00   2.5126607375E+00   2.0948714503E-03   2.3071036903E+00   2.4617309984E+00   1.5679378185E-03   3.3792291475E-04
   1  -197   0    0  -9.5319329861E-01   8.1135438149E+00   1.2840191837E-04   1.9733465306E+00   2.4088310737E+00   2.0822243507E-04   2.0636026172E+00   2.3877193474E+00   6.3055512627E-04   2.2123008706E+00   2.4260454081E+00   1.6983127211E-03   2.3566421495E+00   2.4710661685E+00   1.8986513430E-03   2.4561102806E+00   2.5129125629E+00   2.0948962689E-03   2.3075934850E+00   2.4619625441E+00   1.5679328652E-03   3.3793928098E-04
   1  -198   0    0  -9.6314414707E-01   8.1141118863E+00   1.2824162950E-04   1.9730291374E+00   2.4090144092E+00   2.0821887399E-04   2.0633259953E+00   2.3879195291E+00   6.3054190459E-04   2.2122144855E+00   2.4262448877E+00   1.6982771103E-03   2.3571080347E+00   2.4712946741E+00   1.8986454316E-03   2.4563660017E+00   2.5131610315E+00   2.0949207147E-03   2.3080770425E+00   2.4621910525E+00   1.5679279835E-03   3.3795543291E-04
   1  -199   0    0  -9.7309628427E-01   8.1146724931E+00   1.2808394954E-04   1.9727152616E+00   2.4091954851E+00   2.0821536786E-04   2.0630537372E+00   2.3881171770E+00   6.3052888690E-04   2.2121288943E+00   2.4264418444E+00   1.6982420490E-03   2.3575675267E+00   2.4715201481E+00   1.8986396067E-03   2.4566182763E+00   2.5134061513E+00   2.0949447898E-03   2.3085543624E+00   2.4624165293E+00   1.5679231732E-03   3.3797137092E-04
   1  -200   0    0  -9.8304969067E-01   8.1152256472E+00   1.2792885506E-04   1.9724049226E+00   2.4093742998E+00   2.0821191629E-04   2.0627858064E+00   2.3883122921E+00   6.3051607181E-04   2.2120441078E+00   2.4266362790E+00   1.6982075334E-03   2.3580206471E+00   2.4717425973E+00   1.8986338678E-03   2.4568671142E+00   2.5136479315E+00   2.0949684965E-03   2.3090254475E+00   2.4626389811E+00   1.5679184339E-03   3.3798709547E-04
   1  -201   0    0  -9.9300434638E-01   8.1157713635E+00   1.2777632218E-04   1.9720981378E+00   2.4095508524E+00   2.0820851889E-04   2.0625221655E+00   2.3885048762E+00   6.3050345785E-04   2.2119601364E+00   2.4268281932E+00   1.6981735594E-03   2.3584674197E+00   2.4719620293E+00   1.8986282144E-03   2.4571125258E+00   2.5138863826E+00   2.0949918373E-03   2.3094903032E+00   2.4628584159E+00   1.5679137653E-03   3.3800260707E-04
   1  -202  -4    6  -9.9999987271E-01   8.1161503796E+00   1.2767066192E-04   1.9718847054E+00   2.4096735569E+00   2.0820616385E-04   2.0623394598E+00   2.3886386857E+00   6.3049471397E-04   2.2119016255E+00   2.4269615384E+00   1.6981500090E-03   2.3587775679E+00   2.4721144163E+00   1.8986242929E-03   2.4572829249E+00   2.5140519486E+00   2.0950080205E-03   2.3098132189E+00   2.4630108048E+00   1.5679105269E-03   3.3801337948E-04
