        
   1    -1   0    0   9.9999995506E-01   7.9443990523E+00   1.7265554697E-04   2.0251536244E+00   2.3645189888E+00   1.7736947935E-04   2.1152169651E+00   2.3287199798E+00   2.6747180285E-04   2.2105359652E+00   2.3751504936E+00   1.5595137552E-03   2.2107864821E+00   2.4057660956E+00   1.8137845721E-03   2.3953098362E+00   2.4537388360E+00   2.1224029749E-03   2.1971842273E+00   2.3948128587E+00   1.3732280598E-03   3.3391007439E-04
   1    -2   0    0   9.8001967197E-01   7.9448947208E+00   1.7236188623E-04   2.0249081300E+00   2.3646764505E+00   1.7736947935E-04   2.1149997382E+00   2.3289080873E+00   2.6747180285E-04   2.2103795197E+00   2.3753386012E+00   1.5595137552E-03   2.2112657772E+00   2.4060359252E+00   1.8137845721E-03   2.3956130916E+00   2.4540336826E+00   2.1224029749E-03   2.1972652456E+00   2.3950826884E+00   1.3732280598E-03   3.3392852540E-04
   1    -3   0    0   9.7003010731E-01   7.9451497556E+00   1.7221117138E-04   2.0247818767E+00   2.3647575025E+00   1.7736947935E-04   2.1148875992E+00   2.3290048676E+00   2.6747180285E-04   2.2102992225E+00   2.3754353814E+00   1.5595137552E-03   2.2115123721E+00   2.4061746476E+00   1.8137845721E-03   2.3957689759E+00   2.4541852444E+00   2.1224029749E-03   2.1973074980E+00   2.3952214107E+00   1.3732280598E-03   3.3393801170E-04
   1    -4   0    0   9.6004094479E-01   7.9454096862E+00   1.7205783014E-04   2.0246532423E+00   2.3648401337E+00   1.7736947935E-04   2.1147730481E+00   2.3291035011E+00   2.6747180285E-04   2.2102175233E+00   2.3755340150E+00   1.5595137552E-03   2.2117636902E+00   2.4063159541E+00   1.8137845721E-03   2.3959277484E+00   2.4543396141E+00   2.1224029749E-03   2.1973509594E+00   2.3953627172E+00   1.3732280598E-03   3.3394767502E-04
   1    -5   0    0   9.5005219799E-01   7.9456745844E+00   1.7190183556E-04   2.0245221939E+00   2.3649243682E+00   1.7736947935E-04   2.1146560372E+00   2.3292040148E+00   2.6747180285E-04   2.2101344081E+00   2.3756345287E+00   1.5595137552E-03   2.2120198002E+00   2.4064598791E+00   1.8137845721E-03   2.3960894467E+00   2.4544968283E+00   2.1224029749E-03   2.1973956660E+00   2.3955066423E+00   1.3732280598E-03   3.3395751773E-04
   1    -6   0    0   9.4006388082E-01   7.9459445220E+00   1.7174316120E-04   2.0243886990E+00   2.3650102298E+00   1.7736947935E-04   2.1145365186E+00   2.3293064354E+00   2.6747180285E-04   2.2100498634E+00   2.3757369493E+00   1.5595137552E-03   2.2122807711E+00   2.4066064568E+00   1.8137845721E-03   2.3962541082E+00   2.4546569234E+00   2.1224029749E-03   2.1974416554E+00   2.3956532199E+00   1.3732280598E-03   3.3396754217E-04
   1    -7   0    0   9.3007600757E-01   7.9462195710E+00   1.7158178123E-04   2.0242527248E+00   2.3650977428E+00   1.7736947935E-04   2.1144144433E+00   2.3294107896E+00   2.6747180285E-04   2.2099638760E+00   2.3758413035E+00   1.5595137552E-03   2.2125466717E+00   2.4067557210E+00   1.8137845721E-03   2.3964217701E+00   2.4548199356E+00   2.1224029749E-03   2.1974889659E+00   2.3958024842E+00   1.3732280598E-03   3.3397775068E-04
   1    -8   0    0   9.2008859285E-01   7.9464998035E+00   1.7141767039E-04   2.0241142389E+00   2.3651869312E+00   1.7736947935E-04   2.1142897617E+00   2.3295171043E+00   2.6747180285E-04   2.2098764331E+00   2.3759476181E+00   1.5595137552E-03   2.2128175712E+00   2.4069077057E+00   1.8137845721E-03   2.3965924695E+00   2.4549859009E+00   2.1224029749E-03   2.1975376374E+00   2.3959544688E+00   1.3732280598E-03   3.3398814561E-04
   1    -9   0    0   9.1010165161E-01   7.9467852914E+00   1.7125080410E-04   2.0239732091E+00   2.3652778192E+00   1.7736947935E-04   2.1141624236E+00   2.3296254061E+00   2.6747180285E-04   2.2097875222E+00   2.3760559199E+00   1.5595137552E-03   2.2130935384E+00   2.4070624443E+00   1.8137845721E-03   2.3967662429E+00   2.4551548548E+00   2.1224029749E-03   2.1975877106E+00   2.3961092074E+00   1.3732280598E-03   3.3399872925E-04
   1   -10   0    0   9.0011519917E-01   7.9470761066E+00   1.7108115847E-04   2.0238296030E+00   2.3653704309E+00   1.7736947935E-04   2.1140323779E+00   2.3297357217E+00   2.6747180285E-04   2.2096971315E+00   2.3761662355E+00   1.5595137552E-03   2.2133746422E+00   2.4072199702E+00   1.8137845721E-03   2.3969431268E+00   2.4553268328E+00   2.1224029749E-03   2.1976392274E+00   2.3962667333E+00   1.3732280598E-03   3.3400950392E-04
   1   -11   0    0   8.9012925117E-01   7.9473723211E+00   1.7090871034E-04   2.0236833889E+00   2.3654647906E+00   1.7736947935E-04   2.1138995727E+00   2.3298480777E+00   2.6747180285E-04   2.2096052495E+00   2.3762785915E+00   1.5595137552E-03   2.2136609514E+00   2.4073803163E+00   1.8137845721E-03   2.3971231572E+00   2.4555018699E+00   2.1224029749E-03   2.1976922311E+00   2.3964270794E+00   1.3732280598E-03   3.3402047189E-04
   1   -12   0    0   8.8014382362E-01   7.9476740064E+00   1.7073343735E-04   2.0235345350E+00   2.3655609223E+00   1.7736947935E-04   2.1137639556E+00   2.3299625005E+00   2.6747180285E-04   2.2095118653E+00   2.3763930144E+00   1.5595137552E-03   2.2139525345E+00   2.4075435154E+00   1.8137845721E-03   2.3973063696E+00   2.4556800005E+00   2.1224029749E-03   2.1977467661E+00   2.3965902786E+00   1.3732280598E-03   3.3403163541E-04
   1   -13   0    0   8.7015893286E-01   7.9479812340E+00   1.7055531797E-04   2.0233830099E+00   2.3656588502E+00   1.7736947935E-04   2.1136254732E+00   2.3300790165E+00   2.6747180285E-04   2.2094169685E+00   2.3765095304E+00   1.5595137552E-03   2.2142494600E+00   2.4077095999E+00   1.8137845721E-03   2.3974927992E+00   2.4558612589E+00   2.1224029749E-03   2.1978028780E+00   2.3967563630E+00   1.3732280598E-03   3.3404299672E-04
   1   -14   0    0   8.6017459556E-01   7.9482940752E+00   1.7037433155E-04   2.0232287825E+00   2.3657585983E+00   1.7736947935E-04   2.1134840716E+00   2.3301976519E+00   2.6747180285E-04   2.2093205493E+00   2.3766281658E+00   1.5595137552E-03   2.2145517957E+00   2.4078786015E+00   1.8137845721E-03   2.3976824806E+00   2.4560456788E+00   2.1224029749E-03   2.1978606138E+00   2.3969253647E+00   1.3732280598E-03   3.3405455804E-04
   1   -15   0    0   8.5019082876E-01   7.9486126006E+00   1.7019045837E-04   2.0230718222E+00   2.3658601905E+00   1.7736947935E-04   2.1133396960E+00   2.3303184327E+00   2.6747180285E-04   2.2092225984E+00   2.3767489466E+00   1.5595137552E-03   2.2148596096E+00   2.4080505520E+00   1.8137845721E-03   2.3978754480E+00   2.4562332934E+00   2.1224029749E-03   2.1979200218E+00   2.3970973151E+00   1.3732280598E-03   3.3406632153E-04
   1   -16   0    0   8.4020764981E-01   7.9489368809E+00   1.7000367968E-04   2.0229120984E+00   2.3659636507E+00   1.7736947935E-04   2.1131922910E+00   2.3304413848E+00   2.6747180285E-04   2.2091231074E+00   2.3768718986E+00   1.5595137552E-03   2.2151729689E+00   2.4082254822E+00   1.8137845721E-03   2.3980717350E+00   2.4564241353E+00   2.1224029749E-03   2.1979811515E+00   2.3972722453E+00   1.3732280598E-03   3.3407828935E-04
   1   -17   0    0   8.3022507640E-01   7.9492669860E+00   1.6981397775E-04   2.0227495813E+00   2.3660690026E+00   1.7736947935E-04   2.1130418003E+00   2.3305665336E+00   2.6747180285E-04   2.2090220683E+00   2.3769970474E+00   1.5595137552E-03   2.2154919404E+00   2.4084034226E+00   1.8137845721E-03   2.3982713745E+00   2.4566182365E+00   2.1224029749E-03   2.1980440538E+00   2.3974501858E+00   1.3732280598E-03   3.3409046360E-04
   1   -18   0    0   8.2024312654E-01   7.9496029854E+00   1.6962133594E-04   2.0225842413E+00   2.3661762699E+00   1.7736947935E-04   2.1128881671E+00   2.3306939045E+00   2.6747180285E-04   2.2089194740E+00   2.3771244184E+00   1.5595137552E-03   2.2158165907E+00   2.4085844034E+00   1.8137845721E-03   2.3984743988E+00   2.4568156284E+00   2.1224029749E-03   2.1981087810E+00   2.3976311665E+00   1.3732280598E-03   3.3410284637E-04
   1   -19   0    0   8.1026181857E-01   7.9499449480E+00   1.6942573870E-04   2.0224160496E+00   2.3662854759E+00   1.7736947935E-04   2.1127313337E+00   2.3308235227E+00   2.6747180285E-04   2.2088153179E+00   2.3772540365E+00   1.5595137552E-03   2.2161469854E+00   2.4087684538E+00   1.8137845721E-03   2.3986808396E+00   2.4570163418E+00   2.1224029749E-03   2.1981753868E+00   2.3978152169E+00   1.3732280598E-03   3.3411543969E-04
   1   -20   0    0   8.0028117112E-01   7.9502929422E+00   1.6922717170E-04   2.0222449775E+00   2.3663966440E+00   1.7736947935E-04   2.1125712419E+00   2.3309554127E+00   2.6747180285E-04   2.2087095945E+00   2.3773859266E+00   1.5595137552E-03   2.2164831896E+00   2.4089556026E+00   1.8137845721E-03   2.3988907275E+00   2.4572204065E+00   2.1224029749E-03   2.1982439264E+00   2.3980023657E+00   1.3732280598E-03   3.3412824555E-04
   1   -21   0    0   7.9030120316E-01   7.9506470354E+00   1.6902562180E-04   2.0220709972E+00   2.3665097971E+00   1.7736947935E-04   2.1124078325E+00   2.3310895992E+00   2.6747180285E-04   2.2086022988E+00   2.3775201131E+00   1.5595137552E-03   2.2168252680E+00   2.4091458779E+00   1.8137845721E-03   2.3991040927E+00   2.4574278518E+00   2.1224029749E-03   2.1983144563E+00   2.3981926410E+00   1.3732280598E-03   3.3414126591E-04
   1   -22   0    0   7.8032193393E-01   7.9510072946E+00   1.6882107713E-04   2.0218940815E+00   2.3666249582E+00   1.7736947935E-04   2.1122410459E+00   2.3312261061E+00   2.6747180285E-04   2.2084934268E+00   2.3776566199E+00   1.5595137552E-03   2.2171732842E+00   2.4093393070E+00   1.8137845721E-03   2.3993209644E+00   2.4576387061E+00   2.1224029749E-03   2.1983870344E+00   2.3983860701E+00   1.3732280598E-03   3.3415450266E-04
   1   -23   0    0   7.7034338298E-01   7.9513737857E+00   1.6861352717E-04   2.0217142037E+00   2.3667421497E+00   1.7736947935E-04   2.1120708217E+00   2.3313649570E+00   2.6747180285E-04   2.2083829755E+00   2.3777954709E+00   1.5595137552E-03   2.2175273010E+00   2.4095359165E+00   1.8137845721E-03   2.3995413709E+00   2.4578529968E+00   2.1224029749E-03   2.1984617203E+00   2.3985826796E+00   1.3732280598E-03   3.3416795766E-04
   1   -24   0    0   7.6036557012E-01   7.9517465737E+00   1.6840296275E-04   2.0215313378E+00   2.3668613939E+00   1.7736947935E-04   2.1118970988E+00   2.3315061753E+00   2.6747180285E-04   2.2082709425E+00   2.3779366892E+00   1.5595137552E-03   2.2178873804E+00   2.4097357323E+00   1.8137845721E-03   2.3997653394E+00   2.4580707506E+00   2.1224029749E-03   2.1985385748E+00   2.3987824954E+00   1.3732280598E-03   3.3418163269E-04
   1   -25   0    0   7.5038851543E-01   7.9521257228E+00   1.6818937614E-04   2.0213454588E+00   2.3669827129E+00   1.7736947935E-04   2.1117198155E+00   2.3316497837E+00   2.6747180285E-04   2.2081573266E+00   2.3780802976E+00   1.5595137552E-03   2.2182535834E+00   2.4099387792E+00   1.8137845721E-03   2.3999928963E+00   2.4582919929E+00   2.1224029749E-03   2.1986176606E+00   2.3989855423E+00   1.3732280598E-03   3.3419552951E-04
   1   -26   0    0   7.4041223925E-01   7.9525112957E+00   1.6797276108E-04   2.0211565422E+00   2.3671061283E+00   1.7736947935E-04   2.1115389095E+00   2.3317958046E+00   2.6747180285E-04   2.2080421275E+00   2.3782263185E+00   1.5595137552E-03   2.2186259700E+00   2.4101450813E+00   1.8137845721E-03   2.4002240671E+00   2.4585167485E+00   2.1224029749E-03   2.1986990415E+00   2.3991918444E+00   1.3732280598E-03   3.3420964978E-04
   1   -27   0    0   7.3043676217E-01   7.9529033546E+00   1.6775311283E-04   2.0209645645E+00   2.3672316614E+00   1.7736947935E-04   2.1113543176E+00   2.3319442597E+00   2.6747180285E-04   2.2079253459E+00   2.3783747736E+00   1.5595137552E-03   2.2190045990E+00   2.4103546618E+00   1.8137845721E-03   2.4004588757E+00   2.4587450408E+00   2.1224029749E-03   2.1987827831E+00   2.3994014249E+00   1.3732280598E-03   3.3422399512E-04
   1   -28   0    0   7.2046210499E-01   7.9533019599E+00   1.6753042823E-04   2.0207695029E+00   2.3673593331E+00   1.7736947935E-04   2.1111659764E+00   2.3320951703E+00   2.6747180285E-04   2.2078069837E+00   2.3785256842E+00   1.5595137552E-03   2.2193895281E+00   2.4105675427E+00   1.8137845721E-03   2.4006973454E+00   2.4589768923E+00   2.1224029749E-03   2.1988689524E+00   2.3996143058E+00   1.3732280598E-03   3.3423856709E-04
   1   -29   0    0   7.1048828875E-01   7.9537071710E+00   1.6730470575E-04   2.0205713358E+00   2.3674891640E+00   1.7736947935E-04   2.1109738215E+00   2.3322485571E+00   2.6747180285E-04   2.2076870437E+00   2.3786790710E+00   1.5595137552E-03   2.2197808138E+00   2.4107837453E+00   1.8137845721E-03   2.4009394979E+00   2.4592123241E+00   2.1224029749E-03   2.1989576180E+00   2.3998305084E+00   1.3732280598E-03   3.3425336715E-04
   1   -30   0    0   7.0051533466E-01   7.9541190460E+00   1.6707594551E-04   2.0203700423E+00   2.3676211741E+00   1.7736947935E-04   2.1107777883E+00   2.3324044401E+00   2.6747180285E-04   2.2075655299E+00   2.3788349540E+00   1.5595137552E-03   2.2201785110E+00   2.4110032894E+00   1.8137845721E-03   2.4011853539E+00   2.4594513564E+00   2.1224029749E-03   2.1990488502E+00   2.4000500525E+00   1.3732280598E-03   3.3426839672E-04
   1   -31   0    0   6.9054326413E-01   7.9545376414E+00   1.6684414938E-04   2.0201656026E+00   2.3677553831E+00   1.7736947935E-04   2.1105778112E+00   2.3325628389E+00   2.6747180285E-04   2.2074424475E+00   2.3789933527E+00   1.5595137552E-03   2.2205826736E+00   2.4112261941E+00   1.8137845721E-03   2.4014349326E+00   2.4596940078E+00   2.1224029749E-03   2.1991427206E+00   2.4002729572E+00   1.3732280598E-03   3.3428365713E-04
   1   -32   0    0   6.8057209873E-01   7.9549630122E+00   1.6660932098E-04   2.0199579981E+00   2.3678918101E+00   1.7736947935E-04   2.1103738245E+00   2.3327237720E+00   2.6747180285E-04   2.2073178029E+00   2.3791542859E+00   1.5595137552E-03   2.2209933537E+00   2.4114524771E+00   1.8137845721E-03   2.4016882521E+00   2.4599402958E+00   2.1224029749E-03   2.1992393024E+00   2.4004992402E+00   1.3732280598E-03   3.3429914963E-04
   1   -33   0    0   6.7060186017E-01   7.9553952117E+00   1.6637146573E-04   2.0197472111E+00   2.3680304737E+00   1.7736947935E-04   2.1101657617E+00   2.3328872577E+00   2.6747180285E-04   2.2071916037E+00   2.3793177715E+00   1.5595137552E-03   2.2214106021E+00   2.4116821549E+00   1.8137845721E-03   2.4019453288E+00   2.4601902365E+00   2.1224029749E-03   2.1993386706E+00   2.4007289180E+00   1.3732280598E-03   3.3431487539E-04
   1   -34   0    0   6.6063257030E-01   7.9558342918E+00   1.6613059092E-04   2.0195332251E+00   2.3681713919E+00   1.7736947935E-04   2.1099535560E+00   2.3330533131E+00   2.6747180285E-04   2.2070638587E+00   2.3794838270E+00   1.5595137552E-03   2.2218344676E+00   2.4119152428E+00   1.8137845721E-03   2.4022061780E+00   2.4604438445E+00   2.1224029749E-03   2.1994409015E+00   2.4009620059E+00   1.3732280598E-03   3.3433083550E-04
   1   -35   0    0   6.5066425104E-01   7.9562803024E+00   1.6588670574E-04   2.0193160250E+00   2.3683145824E+00   1.7736947935E-04   2.1097371398E+00   2.3332219549E+00   2.6747180285E-04   2.2069345781E+00   2.3796524688E+00   1.5595137552E-03   2.2222649978E+00   2.4121517547E+00   1.8137845721E-03   2.4024708130E+00   2.4607011331E+00   2.1224029749E-03   2.1995460730E+00   2.4011985179E+00   1.3732280598E-03   3.3434703095E-04
   1   -36   0    0   6.4069692444E-01   7.9567332916E+00   1.6563982132E-04   2.0190955968E+00   2.3684600620E+00   1.7736947935E-04   2.1095164454E+00   2.3333931988E+00   2.6747180285E-04   2.2068037734E+00   2.3798237127E+00   1.5595137552E-03   2.2227022381E+00   2.4123917035E+00   1.8137845721E-03   2.4027392461E+00   2.4609621140E+00   2.1224029749E-03   2.1996542645E+00   2.4014384666E+00   1.3732280598E-03   3.3436346265E-04
   1   -37   0    0   6.3073061257E-01   7.9571933055E+00   1.6538995076E-04   2.0188719276E+00   2.3686078469E+00   1.7736947935E-04   2.1092914046E+00   2.3335670596E+00   2.6747180285E-04   2.2066714575E+00   2.3799975735E+00   1.5595137552E-03   2.2231462322E+00   2.4126351002E+00   1.8137845721E-03   2.4030114876E+00   2.4612267972E+00   2.1224029749E-03   2.1997655571E+00   2.4016818633E+00   1.3732280598E-03   3.3438013141E-04
   1   -38   0    0   6.2076533756E-01   7.9576603884E+00   1.6513710920E-04   2.0186450063E+00   2.3687579527E+00   1.7736947935E-04   2.1090619487E+00   2.3337435515E+00   2.6747180285E-04   2.2065376445E+00   2.3801740654E+00   1.5595137552E-03   2.2235970220E+00   2.4128819547E+00   1.8137845721E-03   2.4032875463E+00   2.4614951913E+00   2.1224029749E-03   2.1998800332E+00   2.4019287178E+00   1.3732280598E-03   3.3439703794E-04
   1   -39   0    0   6.1080112156E-01   7.9581345823E+00   1.6488131382E-04   2.0184148228E+00   2.3689103945E+00   1.7736947935E-04   2.1088280089E+00   2.3339226875E+00   2.6747180285E-04   2.2064023502E+00   2.3803532014E+00   1.5595137552E-03   2.2240546472E+00   2.4131322754E+00   1.8137845721E-03   2.4035674293E+00   2.4617673031E+00   2.1224029749E-03   2.1999977767E+00   2.4021790385E+00   1.3732280598E-03   3.3441418287E-04
   1   -40   0    0   6.0083798668E-01   7.9586159271E+00   1.6462258388E-04   2.0181813686E+00   2.3690651863E+00   1.7736947935E-04   2.1085895157E+00   2.3341044798E+00   2.6747180285E-04   2.2062655917E+00   2.3805349937E+00   1.5595137552E-03   2.2245191455E+00   2.4133860690E+00   1.8137845721E-03   2.4038511420E+00   2.4620431380E+00   2.1224029749E-03   2.2001188731E+00   2.4024328321E+00   1.3732280598E-03   3.3443156670E-04
   1   -41   0    0   5.9087595501E-01   7.9591044604E+00   1.6436094080E-04   2.0179446368E+00   2.3692223417E+00   1.7736947935E-04   2.1083463998E+00   2.3342889397E+00   2.6747180285E-04   2.2061273874E+00   2.3807194535E+00   1.5595137552E-03   2.2249905525E+00   2.4136433408E+00   1.8137845721E-03   2.4041386878E+00   2.4623226992E+00   2.1224029749E-03   2.2002434091E+00   2.4026901039E+00   1.3732280598E-03   3.3444918984E-04
   1   -42   0    0   5.8091504856E-01   7.9596002177E+00   1.6409640812E-04   2.0177046217E+00   2.3693818732E+00   1.7736947935E-04   2.1080985912E+00   2.3344760773E+00   2.6747180285E-04   2.2059877575E+00   2.3809065911E+00   1.5595137552E-03   2.2254689014E+00   2.4139040946E+00   1.8137845721E-03   2.4044300686E+00   2.4626059885E+00   2.1224029749E-03   2.2003714729E+00   2.4029508577E+00   1.3732280598E-03   3.3446705258E-04
   1   -43   0    0   5.7095528928E-01   7.9601032317E+00   1.6382901156E-04   2.0174613196E+00   2.3695437929E+00   1.7736947935E-04   2.1078460202E+00   2.3346659018E+00   2.6747180285E-04   2.2058467235E+00   2.3810964157E+00   1.5595137552E-03   2.2259542233E+00   2.4141683323E+00   1.8137845721E-03   2.4047252842E+00   2.4628930057E+00   2.1224029749E-03   2.2005031540E+00   2.4032150954E+00   1.3732280598E-03   3.3448515511E-04
   1   -44   0    0   5.6099669895E-01   7.9606135329E+00   1.6355877908E-04   2.0172147280E+00   2.3697081116E+00   1.7736947935E-04   2.1075886164E+00   2.3348584215E+00   2.6747180285E-04   2.2057043086E+00   2.3812889354E+00   1.5595137552E-03   2.2264465468E+00   2.4144360543E+00   1.8137845721E-03   2.4050243324E+00   2.4631837488E+00   2.1224029749E-03   2.2006385434E+00   2.4034828174E+00   1.3732280598E-03   3.3450349751E-04
   1   -45   0    0   5.5103929924E-01   7.9611311491E+00   1.6328574082E-04   2.0169648464E+00   2.3698748397E+00   1.7736947935E-04   2.1073263098E+00   2.3350536433E+00   2.6747180285E-04   2.2055605373E+00   2.3814841571E+00   1.5595137552E-03   2.2269458980E+00   2.4147072592E+00   1.8137845721E-03   2.4053272094E+00   2.4634782139E+00   2.1224029749E-03   2.2007777330E+00   2.4037540223E+00   1.3732280598E-03   3.3452207972E-04
   1   -46   0    0   5.4108311161E-01   7.9616561055E+00   1.6300992922E-04   2.0167116758E+00   2.3700439865E+00   1.7736947935E-04   2.1070590300E+00   2.3352515731E+00   2.6747180285E-04   2.2054154359E+00   2.3816820869E+00   1.5595137552E-03   2.2274523008E+00   2.4149819439E+00   1.8137845721E-03   2.4056339090E+00   2.4637763950E+00   2.1224029749E-03   2.2009208162E+00   2.4040287070E+00   1.3732280598E-03   3.3454090159E-04
   1   -47   0    0   5.3112815733E-01   7.9621884246E+00   1.6273137894E-04   2.0164552191E+00   2.3702155602E+00   1.7736947935E-04   2.1067867068E+00   2.3354522157E+00   2.6747180285E-04   2.2052690322E+00   2.3818827296E+00   1.5595137552E-03   2.2279657761E+00   2.4152601036E+00   1.8137845721E-03   2.4059444232E+00   2.4640782844E+00   2.1224029749E-03   2.2010678874E+00   2.4043068667E+00   1.3732280598E-03   3.3455996283E-04
   1   -48   0    0   5.2117445741E-01   7.9627281259E+00   1.6245012695E-04   2.0161954808E+00   2.3703895684E+00   1.7736947935E-04   2.1065092700E+00   2.3356555747E+00   2.6747180285E-04   2.2051213556E+00   2.3820860886E+00   1.5595137552E-03   2.2284863424E+00   2.4155417315E+00   1.8137845721E-03   2.4062587419E+00   2.4643838722E+00   2.1224029749E-03   2.2012190419E+00   2.4045884946E+00   1.3732280598E-03   3.3457926303E-04
   1   -49   0    0   5.1122203260E-01   7.9632752264E+00   1.6216621250E-04   2.0159324674E+00   2.3705660175E+00   1.7736947935E-04   2.1062266495E+00   2.3358616525E+00   2.6747180285E-04   2.2049724371E+00   2.3822921664E+00   1.5595137552E-03   2.2290140154E+00   2.4158268192E+00   1.8137845721E-03   2.4065768529E+00   2.4646931466E+00   2.1224029749E-03   2.2013743765E+00   2.4048735823E+00   1.3732280598E-03   3.3459880166E-04
   1   -50   0    0   5.0127090334E-01   7.9638297399E+00   1.6187967713E-04   2.0156661872E+00   2.3707449130E+00   1.7736947935E-04   2.1059387753E+00   2.3360704503E+00   2.6747180285E-04   2.2048223093E+00   2.3825009641E+00   1.5595137552E-03   2.2295488081E+00   2.4161153561E+00   1.8137845721E-03   2.4068987418E+00   2.4650060935E+00   2.1224029749E-03   2.2015339883E+00   2.4051621193E+00   1.3732280598E-03   3.3461857806E-04
   1   -51   0    0   4.9132108971E-01   7.9643916771E+00   1.6159056469E-04   2.0153966504E+00   2.3709262595E+00   1.7736947935E-04   2.1056455778E+00   2.3362819679E+00   2.6747180285E-04   2.2046710064E+00   2.3827124817E+00   1.5595137552E-03   2.2300907304E+00   2.4164073301E+00   1.8137845721E-03   2.4072243923E+00   2.4653226970E+00   2.1224029749E-03   2.2016979757E+00   2.4054540932E+00   1.3732280598E-03   3.3463859144E-04
   1   -52   0    0   4.8137261145E-01   7.9649610459E+00   1.6129892133E-04   2.0151238690E+00   2.3711100603E+00   1.7736947935E-04   2.1053469876E+00   2.3364962039E+00   2.6747180285E-04   2.2045185641E+00   2.3829267178E+00   1.5595137552E-03   2.2306397897E+00   2.4167027269E+00   1.8137845721E-03   2.4075537856E+00   2.4656429389E+00   2.1224029749E-03   2.2018664377E+00   2.4057494900E+00   1.3732280598E-03   3.3465884087E-04
   1   -53   0    0   4.7142548787E-01   7.9655378508E+00   1.6100479550E-04   2.0148478573E+00   2.3712963178E+00   1.7736947935E-04   2.1050429357E+00   2.3367131558E+00   2.6747180285E-04   2.2043650200E+00   2.3831436697E+00   1.5595137552E-03   2.2311959900E+00   2.4170015303E+00   1.8137845721E-03   2.4078869008E+00   2.4659667989E+00   2.1224029749E-03   2.2020394740E+00   2.4060482935E+00   1.3732280598E-03   3.3467932531E-04
   1   -54   0    0   4.6147973785E-01   7.9661220933E+00   1.6070823794E-04   2.0145686312E+00   2.3714850334E+00   1.7736947935E-04   2.1047333534E+00   2.3369328195E+00   2.6747180285E-04   2.2042104130E+00   2.3833633334E+00   1.5595137552E-03   2.2317593326E+00   2.4173037223E+00   1.8137845721E-03   2.4082237150E+00   2.4662942546E+00   2.1224029749E-03   2.2022171847E+00   2.4063504854E+00   1.3732280598E-03   3.3470004357E-04
   1   -55   0    0   4.5153537980E-01   7.9667137715E+00   1.6040930167E-04   2.0142862088E+00   2.3716762072E+00   1.7736947935E-04   2.1044181728E+00   2.3371551896E+00   2.6747180285E-04   2.2040547838E+00   2.3835857035E+00   1.5595137552E-03   2.2323298156E+00   2.4176092826E+00   1.8137845721E-03   2.4085642028E+00   2.4666252814E+00   2.1224029749E-03   2.2023996706E+00   2.4066560458E+00   1.3732280598E-03   3.3472099432E-04
   1   -56   0    0   4.4159243161E-01   7.9673128801E+00   1.6010804198E-04   2.0140006103E+00   2.3718698383E+00   1.7736947935E-04   2.1040973264E+00   2.3373802595E+00   2.6747180285E-04   2.2038981746E+00   2.3838107734E+00   1.5595137552E-03   2.2329074339E+00   2.4179181893E+00   1.8137845721E-03   2.4089083366E+00   2.4669598524E+00   2.1224029749E-03   2.2025870327E+00   2.4069649525E+00   1.3732280598E-03   3.3474217611E-04
   1   -57   0    0   4.3165091065E-01   7.9679194107E+00   1.5980451641E-04   2.0137118580E+00   2.3720659246E+00   1.7736947935E-04   2.1037707473E+00   2.3376080211E+00   2.6747180285E-04   2.2037406291E+00   2.3840385349E+00   1.5595137552E-03   2.2334921794E+00   2.4182304183E+00   1.8137845721E-03   2.4092560867E+00   2.4672979387E+00   2.1224029749E-03   2.2027793721E+00   2.4072771814E+00   1.3732280598E-03   3.3476358735E-04
   1   -58   0    0   4.2171083369E-01   7.9685333510E+00   1.5949878473E-04   2.0134199759E+00   2.3722644628E+00   1.7736947935E-04   2.1034383696E+00   2.3378384648E+00   2.6747180285E-04   2.2035821926E+00   2.3842689787E+00   1.5595137552E-03   2.2340840405E+00   2.4185459433E+00   1.8137845721E-03   2.4096074209E+00   2.4676395091E+00   2.1224029749E-03   2.2029767903E+00   2.4075927064E+00   1.3732280598E-03   3.3478522629E-04
   1   -59   0    0   4.1177221691E-01   7.9691546857E+00   1.5919090889E-04   2.0131249907E+00   2.3724654486E+00   1.7736947935E-04   2.1031001280E+00   2.3380715799E+00   2.6747180285E-04   2.2034229119E+00   2.3845020937E+00   1.5595137552E-03   2.2346830026E+00   2.4188647364E+00   1.8137845721E-03   2.4099623049E+00   2.4679845301E+00   2.1224029749E-03   2.2031793885E+00   2.4079114995E+00   1.3732280598E-03   3.3480709108E-04
   1   -60   0    0   4.0183507582E-01   7.9697833956E+00   1.5888095304E-04   2.0128269307E+00   2.3726688764E+00   1.7736947935E-04   2.1027559584E+00   2.3383073539E+00   2.6747180285E-04   2.2032628354E+00   2.3847378678E+00   1.5595137552E-03   2.2352890476E+00   2.4191867673E+00   1.8137845721E-03   2.4103207020E+00   2.4683329661E+00   2.1224029749E-03   2.2033872680E+00   2.4082335304E+00   1.3732280598E-03   3.3482917969E-04
   1   -61   0    0   3.9189942529E-01   7.9704194582E+00   1.5856898344E-04   2.0125258266E+00   2.3728747392E+00   1.7736947935E-04   2.1024057976E+00   2.3385457732E+00   2.6747180285E-04   2.2031020128E+00   2.3849762871E+00   1.5595137552E-03   2.2359021540E+00   2.4195120038E+00   1.8137845721E-03   2.4106825735E+00   2.4686847794E+00   2.1224029749E-03   2.2036005294E+00   2.4085587669E+00   1.3732280598E-03   3.3485148998E-04
   1   -62   0    0   3.8196527945E-01   7.9710628470E+00   1.5825506847E-04   2.0122217111E+00   2.3730830291E+00   1.7736947935E-04   2.1020495834E+00   2.3387868226E+00   2.6747180285E-04   2.2029404953E+00   2.3852173365E+00   1.5595137552E-03   2.2365222972E+00   2.4198404118E+00   1.8137845721E-03   2.4110478780E+00   2.4690399298E+00   2.1224029749E-03   2.2038192733E+00   2.4088871750E+00   1.3732280598E-03   3.3487401967E-04
   1   -63   0    0   3.7203265169E-01   7.9717135323E+00   1.5793927855E-04   2.0119146191E+00   2.3732937368E+00   1.7736947935E-04   2.1016872550E+00   2.3390304855E+00   2.6747180285E-04   2.2027783355E+00   2.3854609993E+00   1.5595137552E-03   2.2371494488E+00   2.4201719551E+00   1.8137845721E-03   2.4114165722E+00   2.4693983752E+00   2.1224029749E-03   2.2040435993E+00   2.4092187182E+00   1.3732280598E-03   3.3489676633E-04
   1   -64   0    0   3.6210155462E-01   7.9723714803E+00   1.5762168612E-04   2.0116045877E+00   2.3735068518E+00   1.7736947935E-04   2.1013187530E+00   2.3392767437E+00   2.6747180285E-04   2.2026155874E+00   2.3857072575E+00   1.5595137552E-03   2.2377835772E+00   2.4205065953E+00   1.8137845721E-03   2.4117886105E+00   2.4697600711E+00   2.1224029749E-03   2.2042736064E+00   2.4095533584E+00   1.3732280598E-03   3.3491972740E-04
   1   -65   0    0   3.5217200005E-01   7.9730366537E+00   1.5730236556E-04   2.0112916561E+00   2.3737223622E+00   1.7736947935E-04   2.1009440193E+00   2.3395255777E+00   2.6747180285E-04   2.2024523061E+00   2.3859560915E+00   1.5595137552E-03   2.2384246471E+00   2.4208442922E+00   1.8137845721E-03   2.4121639448E+00   2.4701249710E+00   2.1224029749E-03   2.2045093928E+00   2.4098910553E+00   1.3732280598E-03   3.3494290017E-04
   1   -66   0    0   3.4224399893E-01   7.9737090113E+00   1.5698139316E-04   2.0109758655E+00   2.3739402550E+00   1.7736947935E-04   2.1005629974E+00   2.3397769665E+00   2.6747180285E-04   2.2022885481E+00   2.3862074804E+00   1.5595137552E-03   2.2390726199E+00   2.4211850036E+00   1.8137845721E-03   2.4125425251E+00   2.4704930261E+00   2.1224029749E-03   2.2047510553E+00   2.4102317667E+00   1.3732280598E-03   3.3496628181E-04
   1   -67   0    0   3.3231756135E-01   7.9743885083E+00   1.5665884706E-04   2.0106572593E+00   2.3741605160E+00   1.7736947935E-04   2.1001756325E+00   2.3400308876E+00   2.6747180285E-04   2.2021243712E+00   2.3864614015E+00   1.5595137552E-03   2.2397274534E+00   2.4215286853E+00   1.8137845721E-03   2.4129242991E+00   2.4708641855E+00   2.1224029749E-03   2.2049986896E+00   2.4105754485E+00   1.3732280598E-03   3.3498986935E-04
   1   -68   0    0   3.2239269647E-01   7.9750750958E+00   1.5633480718E-04   2.0103358831E+00   2.3743831294E+00   1.7736947935E-04   2.0997818716E+00   2.3402873172E+00   2.6747180285E-04   2.2019598340E+00   2.3867178311E+00   1.5595137552E-03   2.2403891016E+00   2.4218752912E+00   1.8137845721E-03   2.4133092122E+00   2.4712383963E+00   2.1224029749E-03   2.2052523900E+00   2.4109220543E+00   1.3732280598E-03   3.3501365967E-04
   1   -69   0    0   3.1246941253E-01   7.9757687215E+00   1.5600935515E-04   2.0100117844E+00   2.3746080786E+00   1.7736947935E-04   2.0993816636E+00   2.3405462298E+00   2.6747180285E-04   2.2017949965E+00   2.3869767437E+00   1.5595137552E-03   2.2410575152E+00   2.4222247730E+00   1.8137845721E-03   2.4136972079E+00   2.4716156034E+00   2.1224029749E-03   2.2055122489E+00   2.4112715361E+00   1.3732280598E-03   3.3503764954E-04
   1   -70   0    0   3.0254771680E-01   7.9764693288E+00   1.5568257423E-04   2.0096850129E+00   2.3748353452E+00   1.7736947935E-04   2.0989749595E+00   2.3408075986E+00   2.6747180285E-04   2.2016299196E+00   2.3872381125E+00   1.5595137552E-03   2.2417326413E+00   2.4225770809E+00   1.8137845721E-03   2.4140882274E+00   2.4719957498E+00   2.1224029749E-03   2.2057783572E+00   2.4116238440E+00   1.3732280598E-03   3.3506183559E-04
   1   -71   0    0   2.9262761554E-01   7.9771768576E+00   1.5535454926E-04   2.0093556204E+00   2.3750649100E+00   1.7736947935E-04   2.0985617123E+00   2.3410713953E+00   2.6747180285E-04   2.2014646649E+00   2.3875019092E+00   1.5595137552E-03   2.2424144232E+00   2.4229321628E+00   1.8137845721E-03   2.4144822100E+00   2.4723787762E+00   2.1224029749E-03   2.2060508037E+00   2.4119789260E+00   1.3732280598E-03   3.3508621432E-04
   1   -72   0    0   2.8270911398E-01   7.9778912439E+00   1.5502536658E-04   2.0090236605E+00   2.3752967521E+00   1.7736947935E-04   2.0981418775E+00   2.3413375903E+00   2.6747180285E-04   2.2012992953E+00   2.3877681042E+00   1.5595137552E-03   2.2431028009E+00   2.4232899652E+00   1.8137845721E-03   2.4148790927E+00   2.4727646217E+00   2.1224029749E-03   2.2063296747E+00   2.4123367283E+00   1.3732280598E-03   3.3511078210E-04
   1   -73   0    0   2.7279221631E-01   7.9786124196E+00   1.5469511390E-04   2.0086891888E+00   2.3755308497E+00   1.7736947935E-04   2.0977154128E+00   2.3416061523E+00   2.6747180285E-04   2.2011338740E+00   2.3880366662E+00   1.5595137552E-03   2.2437977105E+00   2.4236504324E+00   1.8137845721E-03   2.4152788109E+00   2.4731532232E+00   2.1224029749E-03   2.2066150546E+00   2.4126971956E+00   1.3732280598E-03   3.3513553518E-04
   1   -74   0    0   2.6287692561E-01   7.9793403132E+00   1.5436388028E-04   2.0083522629E+00   2.3757671795E+00   1.7736947935E-04   2.0972822786E+00   2.3418770489E+00   2.6747180285E-04   2.2009684652E+00   2.3883075628E+00   1.5595137552E-03   2.2444990847E+00   2.4240135072E+00   1.8137845721E-03   2.4156812977E+00   2.4735445158E+00   2.1224029749E-03   2.2069070247E+00   2.4130602703E+00   1.3732280598E-03   3.3516046968E-04
   1   -75   0    0   2.5296324388E-01   7.9800748491E+00   1.5403175600E-04   2.0080129423E+00   2.3760057170E+00   1.7736947935E-04   2.0968424382E+00   2.3421502462E+00   2.6747180285E-04   2.2008031337E+00   2.3885807600E+00   1.5595137552E-03   2.2452068524E+00   2.4243791305E+00   1.8137845721E-03   2.4160864845E+00   2.4739384327E+00   2.1224029749E-03   2.2072056640E+00   2.4134258936E+00   1.3732280598E-03   3.3518558161E-04
   1   -76   0    0   2.4305117196E-01   7.9808159477E+00   1.5369883247E-04   2.0076712883E+00   2.3762464364E+00   1.7736947935E-04   2.0963958572E+00   2.3424257088E+00   2.6747180285E-04   2.2006379446E+00   2.3888562226E+00   1.5595137552E-03   2.2459209391E+00   2.4247472416E+00   1.8137845721E-03   2.4164943009E+00   2.4743349055E+00   2.1224029749E-03   2.2075110480E+00   2.4137940047E+00   1.3732280598E-03   3.3521086686E-04
   1   -77   0    0   2.3314070954E-01   7.9815635261E+00   1.5336520215E-04   2.0073273639E+00   2.3764893108E+00   1.7736947935E-04   2.0959425048E+00   2.3427034000E+00   2.6747180285E-04   2.2004729636E+00   2.3891339139E+00   1.5595137552E-03   2.2466412666E+00   2.4251177780E+00   1.8137845721E-03   2.4169046745E+00   2.4747338640E+00   2.1224029749E-03   2.2078232495E+00   2.4141645411E+00   1.3732280598E-03   3.3523632121E-04
   1   -78   0    0   2.2323185511E-01   7.9823174973E+00   1.5303095843E-04   2.0069812339E+00   2.3767343118E+00   1.7736947935E-04   2.0954823528E+00   2.3429832821E+00   2.6747180285E-04   2.2003082568E+00   2.3894137959E+00   1.5595137552E-03   2.2473677533E+00   2.4254906759E+00   1.8137845721E-03   2.4173175314E+00   2.4751352361E+00   2.1224029749E-03   2.2081423376E+00   2.4145374390E+00   1.3732280598E-03   3.3526194032E-04
   1   -79   0    0   2.1332460596E-01   7.9830777704E+00   1.5269619554E-04   2.0066329647E+00   2.3769814102E+00   1.7736947935E-04   2.0950153766E+00   2.3432653155E+00   2.6747180285E-04   2.2001438902E+00   2.3896958294E+00   1.5595137552E-03   2.2481003139E+00   2.4258658697E+00   1.8137845721E-03   2.4177327959E+00   2.4755389484E+00   2.1224029749E-03   2.2084683780E+00   2.4149126328E+00   1.3732280598E-03   3.3528771975E-04
   1   -80   0    0   2.0341895817E-01   7.9838442513E+00   1.5236100843E-04   2.0062826243E+00   2.3772305751E+00   1.7736947935E-04   2.0945415548E+00   2.3435494599E+00   2.6747180285E-04   2.1999799302E+00   2.3899799737E+00   1.5595137552E-03   2.2488388596E+00   2.4262432924E+00   1.8137845721E-03   2.4181503909E+00   2.4759449257E+00   2.1224029749E-03   2.2088014325E+00   2.4152900555E+00   1.3732280598E-03   3.3531365496E-04
   1   -81   0    0   1.9351490652E-01   7.9846168418E+00   1.5202549271E-04   2.0059302821E+00   2.3774817749E+00   1.7736947935E-04   2.0940608697E+00   2.3438356733E+00   2.6747180285E-04   2.1998164431E+00   2.3902661872E+00   1.5595137552E-03   2.2495832981E+00   2.4266228757E+00   1.8137845721E-03   2.4185702376E+00   2.4763530916E+00   2.1224029749E-03   2.2091415590E+00   2.4156696388E+00   1.3732280598E-03   3.3533974130E-04
   1   -82   0    0   1.8361244458E-01   7.9853954403E+00   1.5168974445E-04   2.0055760091E+00   2.3777349764E+00   1.7736947935E-04   2.0935733072E+00   2.3441239128E+00   2.6747180285E-04   2.1996534951E+00   2.3905544267E+00   1.5595137552E-03   2.2503335336E+00   2.4270045497E+00   1.8137845721E-03   2.4189922558E+00   2.4767633680E+00   2.1224029749E-03   2.2094888112E+00   2.4160513128E+00   1.3732280598E-03   3.3536597404E-04
   1   -83   0    0   1.7371156459E-01   7.9861799415E+00   1.5135386017E-04   2.0052198774E+00   2.3779901456E+00   1.7736947935E-04   2.0930788571E+00   2.3444141341E+00   2.6747180285E-04   2.1994911523E+00   2.3908446480E+00   1.5595137552E-03   2.2510894671E+00   2.4273882434E+00   1.8137845721E-03   2.4194163639E+00   2.4771756757E+00   2.1224029749E-03   2.2098432386E+00   2.4164350065E+00   1.3732280598E-03   3.3539234836E-04
   1   -84   0    0   1.6381225751E-01   7.9869702366E+00   1.5101793662E-04   2.0048619606E+00   2.3782472471E+00   1.7736947935E-04   2.0925775131E+00   2.3447062919E+00   2.6747180285E-04   2.1993294803E+00   2.3911368057E+00   1.5595137552E-03   2.2518509960E+00   2.4277738845E+00   1.8137845721E-03   2.4198424791E+00   2.4775899342E+00   2.1224029749E-03   2.2102048861E+00   2.4168206476E+00   1.3732280598E-03   3.3541885933E-04
   1   -85   0    0   1.5391451297E-01   7.9877662135E+00   1.5068207077E-04   2.0045023333E+00   2.3785062446E+00   1.7736947935E-04   2.0920692730E+00   2.3450003396E+00   2.6747180285E-04   2.1991685444E+00   2.3914308535E+00   1.5595137552E-03   2.2526180144E+00   2.4281613996E+00   1.8137845721E-03   2.4202705174E+00   2.4780060616E+00   2.1224029749E-03   2.2105737940E+00   2.4172081627E+00   1.3732280598E-03   3.3544550196E-04
   1   -86   0    0   1.4401831927E-01   7.9885677564E+00   1.5034635959E-04   2.0041410712E+00   2.3787671007E+00   1.7736947935E-04   2.0915541390E+00   2.3452962298E+00   2.6747180285E-04   2.1990084093E+00   2.3917267437E+00   1.5595137552E-03   2.2533904131E+00   2.4285507140E+00   1.8137845721E-03   2.4207003935E+00   2.4784239753E+00   2.1224029749E-03   2.2109499976E+00   2.4175974771E+00   1.3732280598E-03   3.3547227119E-04
   1   -87   0    0   1.3412366337E-01   7.9893747466E+00   1.5001090002E-04   2.0037782508E+00   2.3790297769E+00   1.7736947935E-04   2.0910321175E+00   2.3455939138E+00   2.6747180285E-04   2.1988491389E+00   2.3920244277E+00   1.5595137552E-03   2.2541680797E+00   2.4289417522E+00   1.8137845721E-03   2.4211320212E+00   2.4788435913E+00   2.1224029749E-03   2.2113335273E+00   2.4179885153E+00   1.3732280598E-03   3.3549916186E-04
   1   -88   0    0   1.2423053089E-01   7.9901870618E+00   1.4967578877E-04   2.0034139497E+00   2.3792942336E+00   1.7736947935E-04   2.0905032196E+00   2.3458933420E+00   2.6747180285E-04   2.1986907966E+00   2.3923238559E+00   1.5595137552E-03   2.2549508986E+00   2.4293344377E+00   1.8137845721E-03   2.4215653133E+00   2.4792648250E+00   2.1224029749E-03   2.2117244083E+00   2.4183812008E+00   1.3732280598E-03   3.3552616878E-04
   1   -89   0    0   1.1433890605E-01   7.9910045767E+00   1.4934112224E-04   2.0030482460E+00   2.3795604304E+00   1.7736947935E-04   2.0899674609E+00   2.3461944639E+00   2.6747180285E-04   2.1985334445E+00   2.3926249778E+00   1.5595137552E-03   2.2557387510E+00   2.4297286931E+00   1.8137845721E-03   2.4220001817E+00   2.4796875906E+00   2.1224029749E-03   2.2121226606E+00   2.4187754562E+00   1.3732280598E-03   3.3555328666E-04
   1   -90   0    0   1.0444877176E-01   7.9918271629E+00   1.4900699642E-04   2.0026812185E+00   2.3798283259E+00   1.7736947935E-04   2.0894248620E+00   2.3464972280E+00   2.6747180285E-04   2.1983771440E+00   2.3929277419E+00   1.5595137552E-03   2.2565315152E+00   2.4301244402E+00   1.8137845721E-03   2.4224365377E+00   2.4801118020E+00   2.1224029749E-03   2.2125282987E+00   2.4191712033E+00   1.3732280598E-03   3.3558051018E-04
   1   -91   0    0   9.4560109507E-02   7.9926546890E+00   1.4867350669E-04   2.0023129466E+00   2.3800978776E+00   1.7736947935E-04   2.0888754482E+00   2.3468015820E+00   2.6747180285E-04   2.1982219552E+00   2.3932320959E+00   1.5595137552E-03   2.2573290663E+00   2.4305216002E+00   1.8137845721E-03   2.4228742918E+00   2.4805373720E+00   2.1224029749E-03   2.2129413315E+00   2.4195683633E+00   1.3732280598E-03   3.3560783397E-04
   1   -92   0    0   8.4672899436E-02   7.9934870208E+00   1.4834074777E-04   2.0019435098E+00   2.3803690424E+00   1.7736947935E-04   2.0883192498E+00   2.3471074728E+00   2.6747180285E-04   2.1980679368E+00   2.3935379866E+00   1.5595137552E-03   2.2581312767E+00   2.4309200936E+00   1.8137845721E-03   2.4233133539E+00   2.4809642132E+00   2.1224029749E-03   2.2133617623E+00   2.4199668568E+00   1.3732280598E-03   3.3563525260E-04
   1   -93   0    0   7.4787120307E-02   7.9943240213E+00   1.4800881358E-04   2.0015729881E+00   2.3806417761E+00   1.7736947935E-04   2.0877563025E+00   2.3474148464E+00   2.6747180285E-04   2.1979151464E+00   2.3938453603E+00   1.5595137552E-03   2.2589380158E+00   2.4313198404E+00   1.8137845721E-03   2.4237536335E+00   2.4813922374E+00   2.1224029749E-03   2.2137895885E+00   2.4203666036E+00   1.3732280598E-03   3.3566276061E-04
   1   -94   0    0   6.4902749514E-02   7.9951655507E+00   1.4767779707E-04   2.0012014614E+00   2.3809160339E+00   1.7736947935E-04   2.0871866468E+00   2.3477236483E+00   2.6747180285E-04   2.1977636397E+00   2.3941541622E+00   1.5595137552E-03   2.2597491503E+00   2.4317207601E+00   1.8137845721E-03   2.4241950395E+00   2.4818213565E+00   2.1224029749E-03   2.2142248018E+00   2.4207675232E+00   1.3732280598E-03   3.3569035252E-04
   1   -95   0    0   5.5019763080E-02   7.9960114668E+00   1.4734779016E-04   2.0008290099E+00   2.3811917700E+00   1.7736947935E-04   2.0866103290E+00   2.3480338233E+00   2.6747180285E-04   2.1976134711E+00   2.3944643372E+00   1.5595137552E-03   2.2605645443E+00   2.4321227719E+00   1.8137845721E-03   2.4246374809E+00   2.4822514815E+00   2.1224029749E-03   2.2146673879E+00   2.4211695350E+00   1.3732280598E-03   3.3571802279E-04
   1   -96   0    0   4.5138135673E-02   7.9968616249E+00   1.4701888359E-04   2.0004557132E+00   2.3814689382E+00   1.7736947935E-04   2.0860274005E+00   2.3483453154E+00   2.6747180285E-04   2.1974646932E+00   2.3947758293E+00   1.5595137552E-03   2.2613840591E+00   2.4325257946E+00   1.8137845721E-03   2.4250808662E+00   2.4826825238E+00   2.1224029749E-03   2.2151173264E+00   2.4215725577E+00   1.3732280598E-03   3.3574576589E-04
   1   -97   0    0   3.5257840609E-02   7.9977158781E+00   1.4669116679E-04   2.0000816510E+00   2.3817474913E+00   1.7736947935E-04   2.0854379183E+00   2.3486580684E+00   2.6747180285E-04   2.1973173564E+00   2.3950885822E+00   1.5595137552E-03   2.2622075538E+00   2.4329297470E+00   1.8137845721E-03   2.4255251040E+00   2.4831143944E+00   2.1224029749E-03   2.2155745909E+00   2.4219765101E+00   1.3732280598E-03   3.3577357626E-04
   1   -98   0    0   2.5378849865E-02   7.9985740772E+00   1.4636472780E-04   1.9997069025E+00   2.3820273816E+00   1.7736947935E-04   2.0848419450E+00   2.3489720251E+00   2.6747180285E-04   2.1971715097E+00   2.3954025390E+00   1.5595137552E-03   2.2630348850E+00   2.4333345477E+00   1.8137845721E-03   2.4259701027E+00   2.4835470045E+00   2.1224029749E-03   2.2160391488E+00   2.4223813108E+00   1.3732280598E-03   3.3580144833E-04
   1   -99   0    0   1.5501134098E-02   7.9994360709E+00   1.4603965311E-04   1.9993315462E+00   2.3823085609E+00   1.7736947935E-04   2.0842395488E+00   2.3492871285E+00   2.6747180285E-04   2.1970271995E+00   2.3957176423E+00   1.5595137552E-03   2.2638659070E+00   2.4337401153E+00   1.8137845721E-03   2.4264157712E+00   2.4839802652E+00   2.1224029749E-03   2.2165109616E+00   2.4227868784E+00   1.3732280598E-03   3.3582937654E-04
   1  -100   0    0   5.6246626540E-03   8.0003017062E+00   1.4571602756E-04   1.9989556599E+00   2.3825909802E+00   1.7736947935E-04   2.0836308036E+00   2.3496033206E+00   2.6747180285E-04   2.1968844702E+00   2.3960338345E+00   1.5595137552E-03   2.2647004719E+00   2.4341463684E+00   1.8137845721E-03   2.4268620182E+00   2.4844140880E+00   2.1224029749E-03   2.2169899844E+00   2.4231931315E+00   1.3732280598E-03   3.3585735531E-04
   1  -101   0    0  -4.2505964041E-03   8.0011708281E+00   1.4539393427E-04   1.9985793208E+00   2.3828745902E+00   1.7736947935E-04   2.0830157890E+00   2.3499205436E+00   2.6747180285E-04   2.1967433641E+00   2.3963510575E+00   1.5595137552E-03   2.2655384298E+00   2.4345532259E+00   1.8137845721E-03   2.4273087531E+00   2.4848483847E+00   2.1224029749E-03   2.2174761663E+00   2.4235999890E+00   1.3732280598E-03   3.3588537910E-04
   1  -102   0    0  -1.4124676279E-02   8.0020432801E+00   1.4507345446E-04   1.9982026050E+00   2.3831593412E+00   1.7736947935E-04   2.0823945905E+00   2.3502387392E+00   2.6747180285E-04   2.1966039209E+00   2.3966692530E+00   1.5595137552E-03   2.2663796288E+00   2.4349606070E+00   1.8137845721E-03   2.4277558855E+00   2.4852830674E+00   2.1224029749E-03   2.2179694501E+00   2.4240073701E+00   1.3732280598E-03   3.3591344234E-04
   1  -103   0    0  -2.3997611413E-02   8.0029189042E+00   1.4475466741E-04   1.9978255874E+00   2.3834451828E+00   1.7736947935E-04   2.0817672993E+00   2.3505578487E+00   2.6747180285E-04   2.1964661779E+00   2.3969883626E+00   1.5595137552E-03   2.2672239153E+00   2.4353684310E+00   1.8137845721E-03   2.4282033256E+00   2.4857180489E+00   2.1224029749E-03   2.2184697726E+00   2.4244151941E+00   1.3732280598E-03   3.3594153954E-04
   1  -104   0    0  -3.3869437458E-02   8.0037975411E+00   1.4443765033E-04   1.9974483418E+00   2.3837320646E+00   1.7736947935E-04   2.0811340124E+00   2.3508778138E+00   2.6747180285E-04   2.1963301698E+00   2.3973083276E+00   1.5595137552E-03   2.2680711339E+00   2.4357766179E+00   1.8137845721E-03   2.4286509841E+00   2.4861532425E+00   2.1224029749E-03   2.2189770645E+00   2.4248233810E+00   1.3732280598E-03   3.3596966518E-04
   1  -105   0    0  -4.3740191247E-02   8.0046790303E+00   1.4412247827E-04   1.9970709406E+00   2.3840199357E+00   1.7736947935E-04   2.0804948325E+00   2.3511985755E+00   2.6747180285E-04   2.1961959288E+00   2.3976290894E+00   1.5595137552E-03   2.2689211277E+00   2.4361850881E+00   1.8137845721E-03   2.4290987728E+00   2.4865885622E+00   2.1224029749E-03   2.2194912506E+00   2.4252318512E+00   1.3732280598E-03   3.3599781381E-04
   1  -106   0    0  -5.3609910761E-02   8.0055632102E+00   1.4380922404E-04   1.9966934548E+00   2.3843087449E+00   1.7736947935E-04   2.0798498682E+00   2.3515200752E+00   2.6747180285E-04   2.1960634843E+00   2.3979505891E+00   1.5595137552E-03   2.2697737382E+00   2.4365937626E+00   1.8137845721E-03   2.4295466038E+00   2.4870239229E+00   2.1224029749E-03   2.2200122495E+00   2.4256405257E+00   1.3732280598E-03   3.3602598001E-04
   1  -107   0    0  -6.3478635088E-02   8.0064499185E+00   1.4349795808E-04   1.9963159537E+00   2.3845984409E+00   1.7736947935E-04   2.0791992339E+00   2.3518422543E+00   2.6747180285E-04   2.1959328629E+00   2.3982727682E+00   1.5595137552E-03   2.2706288057E+00   2.4370025631E+00   1.8137845721E-03   2.4299943905E+00   2.4874592401E+00   2.1224029749E-03   2.2205399742E+00   2.4260493262E+00   1.3732280598E-03   3.3605415839E-04
   1  -108   0    0  -7.3346404393E-02   8.0073389920E+00   1.4318874846E-04   1.9959385048E+00   2.3848889723E+00   1.7736947935E-04   2.0785430496E+00   2.3521650540E+00   2.6747180285E-04   2.1958040885E+00   2.3985955679E+00   1.5595137552E-03   2.2714861694E+00   2.4374114120E+00   1.8137845721E-03   2.4304420472E+00   2.4878944306E+00   2.1224029749E-03   2.2210743317E+00   2.4264581751E+00   1.3732280598E-03   3.3608234363E-04
   1  -109   0    0  -8.3213259867E-02   8.0082302670E+00   1.4288166072E-04   1.9955611739E+00   2.3851802873E+00   1.7736947935E-04   2.0778814410E+00   2.3524884161E+00   2.6747180285E-04   2.1956771820E+00   2.3989189299E+00   1.5595137552E-03   2.2723456673E+00   2.4378202327E+00   1.8137845721E-03   2.4308894892E+00   2.4883294122E+00   2.1224029749E-03   2.2216152236E+00   2.4268669958E+00   1.3732280598E-03   3.3611053046E-04
   1  -110   0    0  -9.3079243689E-02   8.0091235795E+00   1.4257675785E-04   1.9951840248E+00   2.3854723344E+00   1.7736947935E-04   2.0772145394E+00   2.3528122821E+00   2.6747180285E-04   2.1955521614E+00   2.3992427960E+00   1.5595137552E-03   2.2732071365E+00   2.4382289495E+00   1.8137845721E-03   2.4313366331E+00   2.4887641036E+00   2.1224029749E-03   2.2221625458E+00   2.4272757126E+00   1.3732280598E-03   3.3613871365E-04
   1  -111   0    0  -1.0294439898E-01   8.0100187653E+00   1.4227410022E-04   1.9948071193E+00   2.3857650618E+00   1.7736947935E-04   2.0765424816E+00   2.3531365943E+00   2.6747180285E-04   2.1954290419E+00   2.3995671082E+00   1.5595137552E-03   2.2740704135E+00   2.4386374874E+00   1.8137845721E-03   2.4317833966E+00   2.4891984250E+00   2.1224029749E-03   2.2227161889E+00   2.4276842506E+00   1.3732280598E-03   3.3616688807E-04
   1  -112   0    0  -1.1280876974E-01   8.0109156598E+00   1.4197374549E-04   1.9944305170E+00   2.3860584180E+00   1.7736947935E-04   2.0758654098E+00   2.3534612948E+00   2.6747180285E-04   2.1953078354E+00   2.3998918087E+00   1.5595137552E-03   2.2749353340E+00   2.4390457730E+00   1.8137845721E-03   2.4322296989E+00   2.4896322978E+00   2.1224029749E-03   2.2232760380E+00   2.4280925361E+00   1.3732280598E-03   3.3619504863E-04
   1  -113   0    0  -1.2267240084E-01   8.0118140989E+00   1.4167574862E-04   1.9940542752E+00   2.3863523514E+00   1.7736947935E-04   2.0751834715E+00   2.3537863266E+00   2.6747180285E-04   2.1951885511E+00   2.4002168404E+00   1.5595137552E-03   2.2758017333E+00   2.4394537335E+00   1.8137845721E-03   2.4326754605E+00   2.4900656447E+00   2.1224029749E-03   2.2238419734E+00   2.4285004966E+00   1.3732280598E-03   3.3622319033E-04
   1  -114   0    0  -1.3253533789E-01   8.0127139185E+00   1.4138016176E-04   1.9936784491E+00   2.3866468106E+00   1.7736947935E-04   2.0744968195E+00   2.3541116326E+00   2.6747180285E-04   2.1950711949E+00   2.4005421464E+00   1.5595137552E-03   2.2766694463E+00   2.4398612976E+00   1.8137845721E-03   2.4331206034E+00   2.4904983898E+00   2.1224029749E-03   2.2244138704E+00   2.4289080607E+00   1.3732280598E-03   3.3625130825E-04
   1  -115   0    0  -1.4239762727E-01   8.0136149548E+00   1.4108703425E-04   1.9933030914E+00   2.3869417444E+00   1.7736947935E-04   2.0738056114E+00   2.3544371565E+00   2.6747180285E-04   2.1949557699E+00   2.4008676703E+00   1.5595137552E-03   2.2775383077E+00   2.4402683953E+00   1.8137845721E-03   2.4335650512E+00   2.4909304590E+00   2.1224029749E-03   2.2249915994E+00   2.4293151584E+00   1.3732280598E-03   3.3627939756E-04
   1  -116   0    0  -1.5225931602E-01   8.0145170447E+00   1.4079641258E-04   1.9929282522E+00   2.3872371017E+00   1.7736947935E-04   2.0731100101E+00   2.3547628424E+00   2.6747180285E-04   2.1948422761E+00   2.4011933563E+00   1.5595137552E-03   2.2784081523E+00   2.4406749576E+00   1.8137845721E-03   2.4340087289E+00   2.4913617795E+00   2.1224029749E-03   2.2255750264E+00   2.4297217207E+00   1.3732280598E-03   3.3630745349E-04
   1  -117   0    0  -1.6212045179E-01   8.0154200257E+00   1.4050834037E-04   1.9925539794E+00   2.3875328318E+00   1.7736947935E-04   2.0724101828E+00   2.3550886352E+00   2.6747180285E-04   2.1947307104E+00   2.4015191490E+00   1.5595137552E-03   2.2792788147E+00   2.4410809172E+00   1.8137845721E-03   2.4344515635E+00   2.4917922800E+00   2.1224029749E-03   2.2261640130E+00   2.4301276804E+00   1.3732280598E-03   3.3633547138E-04
   1  -118   0    0  -1.7198108279E-01   8.0163237361E+00   1.4022285835E-04   1.9921803181E+00   2.3878288844E+00   1.7736947935E-04   2.0717063016E+00   2.3554144800E+00   2.6747180285E-04   2.1946210667E+00   2.4018449938E+00   1.5595137552E-03   2.2801501299E+00   2.4414862081E+00   1.8137845721E-03   2.4348934835E+00   2.4922218911E+00   2.1224029749E-03   2.2267584164E+00   2.4305329712E+00   1.3732280598E-03   3.3636344668E-04
   1  -119   0    0  -1.8184125773E-01   8.0172280152E+00   1.3994000434E-04   1.9918073110E+00   2.3881252092E+00   1.7736947935E-04   2.0709985428E+00   2.3557403228E+00   2.6747180285E-04   2.1945133363E+00   2.4021708367E+00   1.5595137552E-03   2.2810219334E+00   2.4418907657E+00   1.8137845721E-03   2.4353344190E+00   2.4926505451E+00   2.1224029749E-03   2.2273580902E+00   2.4309375289E+00   1.3732280598E-03   3.3639137491E-04
   1  -120   0    0  -1.9170102574E-01   8.0181327033E+00   1.3965981326E-04   1.9914349981E+00   2.3884217567E+00   1.7736947935E-04   2.0702870870E+00   2.3560661104E+00   2.6747180285E-04   2.1944075070E+00   2.4024966243E+00   1.5595137552E-03   2.2818940607E+00   2.4422945270E+00   1.8137845721E-03   2.4357743022E+00   2.4930781758E+00   2.1224029749E-03   2.2279628841E+00   2.4313412901E+00   1.3732280598E-03   3.3641925170E-04
   1  -121   0    0  -2.0156043630E-01   8.0190376421E+00   1.3938231713E-04   1.9910634168E+00   2.3887184775E+00   1.7736947935E-04   2.0695721188E+00   2.3563917901E+00   2.6747180285E-04   2.1943035642E+00   2.4028223040E+00   1.5595137552E-03   2.2827663485E+00   2.4426974304E+00   1.8137845721E-03   2.4362130670E+00   2.4935047191E+00   2.1224029749E-03   2.2285726440E+00   2.4317441935E+00   1.3732280598E-03   3.3644707279E-04
   1  -122   0    0  -2.1141953922E-01   8.0199426743E+00   1.3910754510E-04   1.9906926018E+00   2.3890153228E+00   1.7736947935E-04   2.0688538265E+00   2.3567173100E+00   2.6747180285E-04   2.1942014903E+00   2.4031478239E+00   1.5595137552E-03   2.2836386339E+00   2.4430994160E+00   1.8137845721E-03   2.4366506492E+00   2.4939301125E+00   2.1224029749E-03   2.2291872129E+00   2.4321461791E+00   1.3732280598E-03   3.3647483402E-04
   1  -123   0    0  -2.2127838454E-01   8.0208476444E+00   1.3883552343E-04   1.9903225853E+00   2.3893122443E+00   1.7736947935E-04   2.0681324020E+00   2.3570426192E+00   2.6747180285E-04   2.1941012649E+00   2.4034731331E+00   1.5595137552E-03   2.2845107549E+00   2.4435004253E+00   1.8137845721E-03   2.4370869863E+00   2.4943542954E+00   2.1224029749E-03   2.2298064305E+00   2.4325471884E+00   1.3732280598E-03   3.3650253133E-04
   1  -124   0    0  -2.3113702245E-01   8.0217523982E+00   1.3856627555E-04   1.9899533969E+00   2.3896091943E+00   1.7736947935E-04   2.0674080403E+00   2.3573676673E+00   2.6747180285E-04   2.1940028651E+00   2.4037981811E+00   1.5595137552E-03   2.2853825507E+00   2.4439004017E+00   1.8137845721E-03   2.4375220179E+00   2.4947772091E+00   2.1224029749E-03   2.2304301336E+00   2.4329471648E+00   1.3732280598E-03   3.3653016078E-04
   1  -125   0    0  -2.4099550327E-01   8.0226567832E+00   1.3829982208E-04   1.9895850633E+00   2.3899061254E+00   1.7736947935E-04   2.0666809399E+00   2.3576924049E+00   2.6747180285E-04   2.1939062651E+00   2.4041229187E+00   1.5595137552E-03   2.2862538615E+00   2.4442992900E+00   1.8137845721E-03   2.4379556856E+00   2.4951987965E+00   2.1224029749E-03   2.2310581565E+00   2.4333460531E+00   1.3732280598E-03   3.3655771853E-04
   1  -126   0    0  -2.5085387733E-01   8.0235606488E+00   1.3803618086E-04   1.9892176091E+00   2.3902029910E+00   1.7736947935E-04   2.0659513016E+00   2.3580167835E+00   2.6747180285E-04   2.1938114369E+00   2.4044472974E+00   1.5595137552E-03   2.2871245287E+00   2.4446970367E+00   1.8137845721E-03   2.4383879327E+00   2.4956190028E+00   2.1224029749E-03   2.2316903310E+00   2.4337437998E+00   1.3732280598E-03   3.3658520085E-04
   1  -127   0    0  -2.6071219496E-01   8.0244638461E+00   1.3777536702E-04   1.9888510562E+00   2.3904997450E+00   1.7736947935E-04   2.0652193291E+00   2.3583407554E+00   2.6747180285E-04   2.1937183500E+00   2.4047712693E+00   1.5595137552E-03   2.2879943951E+00   2.4450935899E+00   1.8137845721E-03   2.4388187044E+00   2.4960377748E+00   2.1224029749E-03   2.2323264867E+00   2.4341403530E+00   1.3732280598E-03   3.3661260413E-04
   1  -128   0    0  -2.7057050639E-01   8.0253662282E+00   1.3751739301E-04   1.9884854239E+00   2.3907963419E+00   1.7736947935E-04   2.0644852284E+00   2.3586642740E+00   2.6747180285E-04   2.1936269714E+00   2.4050947878E+00   1.5595137552E-03   2.2888633051E+00   2.4454888994E+00   1.8137845721E-03   2.4392479482E+00   2.4964550611E+00   2.1224029749E-03   2.2329664513E+00   2.4345356625E+00   1.3732280598E-03   3.3663992486E-04
   1  -129   0    0  -2.8042886169E-01   8.0262676500E+00   1.3726226866E-04   1.9881207293E+00   2.3910927370E+00   1.7736947935E-04   2.0637492072E+00   2.3589872932E+00   2.6747180285E-04   2.1935372661E+00   2.4054178071E+00   1.5595137552E-03   2.2897311045E+00   2.4458829165E+00   1.8137845721E-03   2.4396756130E+00   2.4968708123E+00   2.1224029749E-03   2.2336100509E+00   2.4349296797E+00   1.3732280598E-03   3.3666715964E-04
   1  -130   0    0  -2.9028731072E-01   8.0271679688E+00   1.3701000126E-04   1.9877569872E+00   2.3913888859E+00   1.7736947935E-04   2.0630114754E+00   2.3593097683E+00   2.6747180285E-04   2.1934491970E+00   2.4057402822E+00   1.5595137552E-03   2.2905976407E+00   2.4462755945E+00   1.8137845721E-03   2.4401016500E+00   2.4972849809E+00   2.1224029749E-03   2.2342571099E+00   2.4353223576E+00   1.3732280598E-03   3.3669430520E-04
   1  -131   0    0  -3.0014590305E-01   8.0280670437E+00   1.3676059561E-04   1.9873942101E+00   2.3916847453E+00   1.7736947935E-04   2.0622722440E+00   2.3596316551E+00   2.6747180285E-04   2.1933627250E+00   2.4060621690E+00   1.5595137552E-03   2.2914627631E+00   2.4466668878E+00   1.8137845721E-03   2.4405260121E+00   2.4976975211E+00   2.1224029749E-03   2.2349074515E+00   2.4357136509E+00   1.3732280598E-03   3.3672135836E-04
   1  -132   0    0  -3.1000468791E-01   8.0289647362E+00   1.3651405410E-04   1.9870324083E+00   2.3919802723E+00   1.7736947935E-04   2.0615317253E+00   2.3599529107E+00   2.6747180285E-04   2.1932778091E+00   2.4063834245E+00   1.5595137552E-03   2.2923263228E+00   2.4470567528E+00   1.8137845721E-03   2.4409486541E+00   2.4981083890E+00   2.1224029749E-03   2.2355608978E+00   2.4361035159E+00   1.3732280598E-03   3.3674831604E-04
   1  -133   0    0  -3.1986371414E-01   8.0298609097E+00   1.3627037679E-04   1.9866715902E+00   2.3922754248E+00   1.7736947935E-04   2.0607901326E+00   2.3602734928E+00   2.6747180285E-04   2.1931944065E+00   2.4067040066E+00   1.5595137552E-03   2.2931881727E+00   2.4474451472E+00   1.8137845721E-03   2.4413695325E+00   2.4985175423E+00   2.1224029749E-03   2.2362172701E+00   2.4364919103E+00   1.3732280598E-03   3.3677517530E-04
   1  -134   0    0  -3.2972303012E-01   8.0307554303E+00   1.3602956148E-04   1.9863117622E+00   2.3925701612E+00   1.7736947935E-04   2.0600476798E+00   2.3605933602E+00   2.6747180285E-04   2.1931124731E+00   2.4070238740E+00   1.5595137552E-03   2.2940481680E+00   2.4478320305E+00   1.8137845721E-03   2.4417886059E+00   2.4989249406E+00   2.1224029749E-03   2.2368763890E+00   2.4368787936E+00   1.3732280598E-03   3.3680193326E-04
   1  -135   0    0  -3.3958268372E-01   8.0316481659E+00   1.3579160383E-04   1.9859529288E+00   2.3928644409E+00   1.7736947935E-04   2.0593045811E+00   2.3609124726E+00   2.6747180285E-04   2.1930319632E+00   2.4073429864E+00   1.5595137552E-03   2.2949061657E+00   2.4482173635E+00   1.8137845721E-03   2.4422058343E+00   2.4993305453E+00   2.1224029749E-03   2.2375380749E+00   2.4372641266E+00   1.3732280598E-03   3.3682858719E-04
   1  -136   0    0  -3.4944272223E-01   8.0325389871E+00   1.3555649742E-04   1.9855950930E+00   2.3931582237E+00   1.7736947935E-04   2.0585610508E+00   2.3612307906E+00   2.6747180285E-04   2.1929528297E+00   2.4076613044E+00   1.5595137552E-03   2.2957620251E+00   2.4486011087E+00   1.8137845721E-03   2.4426211797E+00   2.4997343192E+00   2.1224029749E-03   2.2382021475E+00   2.4376478718E+00   1.3732280598E-03   3.3685513442E-04
   1  -137   0    0  -3.5930319233E-01   8.0334277665E+00   1.3532423384E-04   1.9852382560E+00   2.3934514703E+00   1.7736947935E-04   2.0578173029E+00   2.3615482756E+00   2.6747180285E-04   2.1928750244E+00   2.4079787895E+00   1.5595137552E-03   2.2966156076E+00   2.4489832299E+00   1.8137845721E-03   2.4430346055E+00   2.5001362269E+00   2.1224029749E-03   2.2388684268E+00   2.4380299930E+00   1.3732280598E-03   3.3688157241E-04
   1  -138   0    0  -3.6916414005E-01   8.0343143792E+00   1.3509480279E-04   1.9848824178E+00   2.3937441419E+00   1.7736947935E-04   2.0570735512E+00   2.3618648902E+00   2.6747180285E-04   2.1927984982E+00   2.4082954041E+00   1.5595137552E-03   2.2974667768E+00   2.4493636922E+00   1.8137845721E-03   2.4434460770E+00   2.5005362345E+00   2.1224029749E-03   2.2395367327E+00   2.4384104553E+00   1.3732280598E-03   3.3690789870E-04
   1  -139   0    0  -3.7902561068E-01   8.0351987024E+00   1.3486819221E-04   1.9845275768E+00   2.3940362007E+00   1.7736947935E-04   2.0563300085E+00   2.3621805976E+00   2.6747180285E-04   2.1927232010E+00   2.4086111114E+00   1.5595137552E-03   2.2983153988E+00   2.4497424624E+00   1.8137845721E-03   2.4438555608E+00   2.5009343097E+00   2.1224029749E-03   2.2402068857E+00   2.4387892256E+00   1.3732280598E-03   3.3693411092E-04
   1  -140   0    0  -3.8888764876E-01   8.0360806160E+00   1.3464438832E-04   1.9841737305E+00   2.3943276092E+00   1.7736947935E-04   2.0555868866E+00   2.3624953617E+00   2.6747180285E-04   2.1926490821E+00   2.4089258756E+00   1.5595137552E-03   2.2991613419E+00   2.4501195084E+00   1.8137845721E-03   2.4442630252E+00   2.5013304216E+00   2.1224029749E-03   2.2408787065E+00   2.4391662716E+00   1.3732280598E-03   3.3696020680E-04
   1  -141   0    0  -3.9875029804E-01   8.0369600018E+00   1.3442337577E-04   1.9838208752E+00   2.3946183307E+00   1.7736947935E-04   2.0548443961E+00   2.3628091477E+00   2.6747180285E-04   2.1925760900E+00   2.4092396616E+00   1.5595137552E-03   2.3000044766E+00   2.4504947994E+00   1.8137845721E-03   2.4446684399E+00   2.5017245407E+00   2.1224029749E-03   2.2415520164E+00   2.4395415626E+00   1.3732280598E-03   3.3698618416E-04
   1  -142   0    0  -4.0861360142E-01   8.0378367440E+00   1.3420513772E-04   1.9834690064E+00   2.3949083294E+00   1.7736947935E-04   2.0541027461E+00   2.3631219212E+00   2.6747180285E-04   2.1925041731E+00   2.4095524351E+00   1.5595137552E-03   2.3008446761E+00   2.4508683059E+00   1.8137845721E-03   2.4450717760E+00   2.5021166388E+00   2.1224029749E-03   2.2422266376E+00   2.4399150690E+00   1.3732280598E-03   3.3701204088E-04
   1  -143   0    0  -4.1847760093E-01   8.0387107293E+00   1.3398965595E-04   1.9831181189E+00   2.3951975698E+00   1.7736947935E-04   2.0533621439E+00   2.3634336488E+00   2.6747180285E-04   2.1924332792E+00   2.4098641627E+00   1.5595137552E-03   2.3016818159E+00   2.4512399994E+00   1.8137845721E-03   2.4454730058E+00   2.5025066892E+00   2.1224029749E-03   2.2429023933E+00   2.4402867625E+00   1.3732280598E-03   3.3703777496E-04
   1  -144   0    0  -4.2834233769E-01   8.0395818462E+00   1.3377691094E-04   1.9827682067E+00   2.3954860173E+00   1.7736947935E-04   2.0526227946E+00   2.3637442979E+00   2.6747180285E-04   2.1923633560E+00   2.4101748118E+00   1.5595137552E-03   2.3025157739E+00   2.4516098527E+00   1.8137845721E-03   2.4458721030E+00   2.5028946663E+00   2.1224029749E-03   2.2435791077E+00   2.4406566159E+00   1.3732280598E-03   3.3706338443E-04
   1  -145   0    0  -4.3820785186E-01   8.0404499857E+00   1.3356688201E-04   1.9824192636E+00   2.3957736377E+00   1.7736947935E-04   2.0518849013E+00   2.3640538364E+00   2.6747180285E-04   2.1922943515E+00   2.4104843503E+00   1.5595137552E-03   2.3033464305E+00   2.4519778397E+00   1.8137845721E-03   2.4462690426E+00   2.5032805457E+00   2.1224029749E-03   2.2442566060E+00   2.4410246028E+00   1.3732280598E-03   3.3708886743E-04
   1  -146   0    0  -4.4807418264E-01   8.0413150409E+00   1.3335954738E-04   1.9820712830E+00   2.3960603975E+00   1.7736947935E-04   2.0511486646E+00   2.3643622332E+00   2.6747180285E-04   2.1922262135E+00   2.4107927471E+00   1.5595137552E-03   2.3041736686E+00   2.4523439351E+00   1.8137845721E-03   2.4466638005E+00   2.5036643039E+00   2.1224029749E-03   2.2449347150E+00   2.4413906982E+00   1.3732280598E-03   3.3711422216E-04
   1  -147   0    0  -4.5794136825E-01   8.0421769070E+00   1.3315488429E-04   1.9817242580E+00   2.3963462638E+00   1.7736947935E-04   2.0504142822E+00   2.3646694577E+00   2.6747180285E-04   2.1921588902E+00   2.4110999716E+00   1.5595137552E-03   2.3049973735E+00   2.4527081148E+00   1.8137845721E-03   2.4470563539E+00   2.5040459189E+00   2.1224029749E-03   2.2456132627E+00   2.4417548779E+00   1.3732280598E-03   3.3713944687E-04
   1  -148   0    0  -4.6780944584E-01   8.0430354814E+00   1.3295286910E-04   1.9813781820E+00   2.3966312042E+00   1.7736947935E-04   2.0496819491E+00   2.3649754800E+00   2.6747180285E-04   2.1920923302E+00   2.4114059939E+00   1.5595137552E-03   2.3058174332E+00   2.4530703554E+00   1.8137845721E-03   2.4474466808E+00   2.5044253692E+00   2.1224029749E-03   2.2462920789E+00   2.4421171186E+00   1.3732280598E-03   3.3716453989E-04
   1  -149   0    0  -4.7767845156E-01   8.0438906634E+00   1.3275347739E-04   1.9810330482E+00   2.3969151871E+00   1.7736947935E-04   2.0489518572E+00   2.3652802710E+00   2.6747180285E-04   2.1920264827E+00   2.4117107849E+00   1.5595137552E-03   2.3066337379E+00   2.4534306346E+00   1.8137845721E-03   2.4478347604E+00   2.5048026346E+00   2.1224029749E-03   2.2469709948E+00   2.4424773977E+00   1.3732280598E-03   3.3718949961E-04
   1  -150   0    0  -4.8754842049E-01   8.0447423543E+00   1.3255668402E-04   1.9806888502E+00   2.3971981810E+00   1.7736947935E-04   2.0482241950E+00   2.3655838019E+00   2.6747180285E-04   2.1919612975E+00   2.4120143157E+00   1.5595137552E-03   2.3074461805E+00   2.4537889306E+00   1.8137845721E-03   2.4482205725E+00   2.5051776954E+00   2.1224029749E-03   2.2476498435E+00   2.4428356937E+00   1.3732280598E-03   3.3721432446E-04
   1  -151   0    0  -4.9741938659E-01   8.0455904575E+00   1.3236246327E-04   1.9803455820E+00   2.3974801554E+00   1.7736947935E-04   2.0474991475E+00   2.3658860446E+00   2.6747180285E-04   2.1918967251E+00   2.4123165585E+00   1.5595137552E-03   2.3082546563E+00   2.4541452226E+00   1.8137845721E-03   2.4486040979E+00   2.5055505331E+00   2.1224029749E-03   2.2483284598E+00   2.4431919857E+00   1.3732280598E-03   3.3723901293E-04
   1  -152   0    0  -5.0729138278E-01   8.0464348781E+00   1.3217078889E-04   1.9800032382E+00   2.3977610798E+00   1.7736947935E-04   2.0467768964E+00   2.3661869718E+00   2.6747180285E-04   2.1918327170E+00   2.4126174857E+00   1.5595137552E-03   2.3090590630E+00   2.4544994903E+00   1.8137845721E-03   2.4489853182E+00   2.5059211296E+00   2.1224029749E-03   2.2490066804E+00   2.4435462535E+00   1.3732280598E-03   3.3726356356E-04
   1  -153   0    0  -5.1716444084E-01   8.0472755233E+00   1.3198163420E-04   1.9796618138E+00   2.3980409245E+00   1.7736947935E-04   2.0460576192E+00   2.3664865563E+00   2.6747180285E-04   2.1917692257E+00   2.4129170702E+00   1.5595137552E-03   2.3098593008E+00   2.4548517143E+00   1.8137845721E-03   2.4493642156E+00   2.5062894676E+00   2.1224029749E-03   2.2496843442E+00   2.4438984774E+00   1.3732280598E-03   3.3728797493E-04
   1  -154   0    0  -5.2703859143E-01   8.0481123020E+00   1.3179497218E-04   1.9793213046E+00   2.3983196603E+00   1.7736947935E-04   2.0453414898E+00   2.3667847717E+00   2.6747180285E-04   2.1917062048E+00   2.4132152856E+00   1.5595137552E-03   2.3106552724E+00   2.4552018754E+00   1.8137845721E-03   2.4497407728E+00   2.5066555305E+00   2.1224029749E-03   2.2503612919E+00   2.4442486385E+00   1.3732280598E-03   3.3731224566E-04
   1  -155   0    0  -5.3691386411E-01   8.0489451247E+00   1.3161077554E-04   1.9789817076E+00   2.3985972583E+00   1.7736947935E-04   2.0446286778E+00   2.3670815920E+00   2.6747180285E-04   2.1916436091E+00   2.4135121059E+00   1.5595137552E-03   2.3114468829E+00   2.4555499553E+00   1.8137845721E-03   2.4501149734E+00   2.5070193021E+00   2.1224029749E-03   2.2510373664E+00   2.4445967184E+00   1.3732280598E-03   3.3733637442E-04
   1  -156   0    0  -5.4679028728E-01   8.0497739039E+00   1.3142901678E-04   1.9786430203E+00   2.3988736899E+00   1.7736947935E-04   2.0439193487E+00   2.3673769916E+00   2.6747180285E-04   2.1915813946E+00   2.4138075055E+00   1.5595137552E-03   2.3122340398E+00   2.4558959361E+00   1.8137845721E-03   2.4504868012E+00   2.5073807669E+00   2.1224029749E-03   2.2517124129E+00   2.4449426992E+00   1.3732280598E-03   3.3736035989E-04
   1  -157   0    0  -5.5666788822E-01   8.0505985537E+00   1.3124966829E-04   1.9783052415E+00   2.3991489271E+00   1.7736947935E-04   2.0432136639E+00   2.3676709453E+00   2.6747180285E-04   2.1915195188E+00   2.4141014591E+00   1.5595137552E-03   2.3130166529E+00   2.4562398002E+00   1.8137845721E-03   2.4508562409E+00   2.5077399097E+00   2.1224029749E-03   2.2523862785E+00   2.4452865633E+00   1.3732280598E-03   3.3738420080E-04
   1  -158   0    0  -5.6654669306E-01   8.0514189896E+00   1.3107270240E-04   1.9779683712E+00   2.3994229424E+00   1.7736947935E-04   2.0425117802E+00   2.3679634283E+00   2.6747180285E-04   2.1914579407E+00   2.4143939421E+00   1.5595137552E-03   2.3137946345E+00   2.4565815306E+00   1.8137845721E-03   2.4512232771E+00   2.5080967159E+00   2.1224029749E-03   2.2530588128E+00   2.4456282937E+00   1.3732280598E-03   3.3740789591E-04
   1  -159   0    0  -5.7642672682E-01   8.0522351290E+00   1.3089809144E-04   1.9776324104E+00   2.3996957083E+00   1.7736947935E-04   2.0418138498E+00   2.3682544162E+00   2.6747180285E-04   2.1913966206E+00   2.4146849301E+00   1.5595137552E-03   2.3145678992E+00   2.4569211106E+00   1.8137845721E-03   2.4515878953E+00   2.5084511710E+00   2.1224029749E-03   2.2537298679E+00   2.4459678737E+00   1.3732280598E-03   3.3743144400E-04
   1  -160   0    0  -5.8630801334E-01   8.0530468907E+00   1.3072580782E-04   1.9772973618E+00   2.3999671980E+00   1.7736947935E-04   2.0411200206E+00   2.3685438851E+00   2.6747180285E-04   2.1913355207E+00   2.4149743989E+00   1.5595137552E-03   2.3153363640E+00   2.4572585238E+00   1.8137845721E-03   2.4519500809E+00   2.5088032611E+00   2.1224029749E-03   2.2543992978E+00   2.4463052869E+00   1.3732280598E-03   3.3745484388E-04
   1  -161   0    0  -5.9619057536E-01   8.0538541951E+00   1.3055582405E-04   1.9769632290E+00   2.4002373849E+00   1.7736947935E-04   2.0404304358E+00   2.3688318111E+00   2.6747180285E-04   2.1912746045E+00   2.4152623250E+00   1.5595137552E-03   2.3160999480E+00   2.4575937542E+00   1.8137845721E-03   2.4523098199E+00   2.5091529724E+00   2.1224029749E-03   2.2550669593E+00   2.4466405173E+00   1.3732280598E-03   3.3747809436E-04
   1  -162   0    0  -6.0607443446E-01   8.0546569639E+00   1.3038811284E-04   1.9766300173E+00   2.4005062428E+00   1.7736947935E-04   2.0397452337E+00   2.3691181710E+00   2.6747180285E-04   2.1912138376E+00   2.4155486848E+00   1.5595137552E-03   2.3168585728E+00   2.4579267860E+00   1.8137845721E-03   2.4526670983E+00   2.5095002915E+00   2.1224029749E-03   2.2557327115E+00   2.4469735491E+00   1.3732280598E-03   3.3750119430E-04
   1  -163   0    0  -6.1595961110E-01   8.0554551204E+00   1.3022264708E-04   1.9762977336E+00   2.4007737457E+00   1.7736947935E-04   2.0390645481E+00   2.3694029415E+00   2.6747180285E-04   2.1911531869E+00   2.4158334554E+00   1.5595137552E-03   2.3176121621E+00   2.4582576036E+00   1.8137845721E-03   2.4530219027E+00   2.5098452052E+00   2.1224029749E-03   2.2563964159E+00   2.4473043668E+00   1.3732280598E-03   3.3752414256E-04
   1  -164   0    0  -6.2584612463E-01   8.0562485894E+00   1.3005939996E-04   1.9759663860E+00   2.4010398681E+00   1.7736947935E-04   2.0383885079E+00   2.3696861000E+00   2.6747180285E-04   2.1910926216E+00   2.4161166139E+00   1.5595137552E-03   2.3183606419E+00   2.4585861918E+00   1.8137845721E-03   2.4533742196E+00   2.5101877003E+00   2.1224029749E-03   2.2570579364E+00   2.4476329549E+00   1.3732280598E-03   3.3754693802E-04
   1  -165   0    0  -6.3573399327E-01   8.0570372968E+00   1.2989834494E-04   1.9756359844E+00   2.4013045846E+00   1.7736947935E-04   2.0377172373E+00   2.3699676239E+00   2.6747180285E-04   2.1910321122E+00   2.4163981378E+00   1.5595137552E-03   2.3191039406E+00   2.4589125352E+00   1.8137845721E-03   2.4537240357E+00   2.5105277641E+00   2.1224029749E-03   2.2577171398E+00   2.4479592983E+00   1.3732280598E-03   3.3756957957E-04
   1  -166   0    0  -6.4562323412E-01   8.0578211701E+00   1.2973945582E-04   1.9753065402E+00   2.4015678703E+00   1.7736947935E-04   2.0370508554E+00   2.3702474909E+00   2.6747180285E-04   2.1909716315E+00   2.4166780048E+00   1.5595137552E-03   2.3198419885E+00   2.4592366191E+00   1.8137845721E-03   2.4540713379E+00   2.5108653837E+00   2.1224029749E-03   2.2583738949E+00   2.4482833822E+00   1.3732280598E-03   3.3759206611E-04
   1  -167   0    0  -6.5551386322E-01   8.0586001382E+00   1.2958270676E-04   1.9749780663E+00   2.4018297004E+00   1.7736947935E-04   2.0363894768E+00   2.3705256790E+00   2.6747180285E-04   2.1909111537E+00   2.4169561929E+00   1.5595137552E-03   2.3205747183E+00   2.4595584286E+00   1.8137845721E-03   2.4544161133E+00   2.5112005466E+00   2.1224029749E-03   2.2590280735E+00   2.4486051917E+00   1.3732280598E-03   3.3761439656E-04
   1  -168   0    0  -6.6540589547E-01   8.0593741312E+00   1.2942807232E-04   1.9746505774E+00   2.4020900507E+00   1.7736947935E-04   2.0357332110E+00   2.3708021666E+00   2.6747180285E-04   2.1908506553E+00   2.4172326805E+00   1.5595137552E-03   2.3213020646E+00   2.4598779489E+00   1.8137845721E-03   2.4547583490E+00   2.5115332403E+00   2.1224029749E-03   2.2596795498E+00   2.4489247120E+00   1.3732280598E-03   3.3763656985E-04
   1  -169   0    0  -6.7529934473E-01   8.0601430805E+00   1.2927552746E-04   1.9743240897E+00   2.4023488968E+00   1.7736947935E-04   2.0350821626E+00   2.3710769320E+00   2.6747180285E-04   2.1907901145E+00   2.4175074459E+00   1.5595137552E-03   2.3220239645E+00   2.4601951657E+00   1.8137845721E-03   2.4550980323E+00   2.5118634524E+00   2.1224029749E-03   2.2603282006E+00   2.4492419288E+00   1.3732280598E-03   3.3765858492E-04
   1  -170   0    0  -6.8519422377E-01   8.0609069190E+00   1.2912504758E-04   1.9739986210E+00   2.4026062151E+00   1.7736947935E-04   2.0344364316E+00   2.3713499540E+00   2.6747180285E-04   2.1907295113E+00   2.4177804679E+00   1.5595137552E-03   2.3227403570E+00   2.4605100644E+00   1.8137845721E-03   2.4554351504E+00   2.5121911705E+00   2.1224029749E-03   2.2609739053E+00   2.4495568275E+00   1.3732280598E-03   3.3768044071E-04
   1  -171   0    0  -6.9509054429E-01   8.0616655809E+00   1.2897660851E-04   1.9736741907E+00   2.4028619820E+00   1.7736947935E-04   2.0337961131E+00   2.3716212117E+00   2.6747180285E-04   2.1906688276E+00   2.4180517255E+00   1.5595137552E-03   2.3234511833E+00   2.4608226308E+00   1.8137845721E-03   2.4557696909E+00   2.5125163824E+00   2.1224029749E-03   2.2616165460E+00   2.4498693939E+00   1.3732280598E-03   3.3770213619E-04
   1  -172   0    0  -7.0498831698E-01   8.0624190014E+00   1.2883018654E-04   1.9733508197E+00   2.4031161742E+00   1.7736947935E-04   2.0331612973E+00   2.3718906841E+00   2.6747180285E-04   2.1906080472E+00   2.4183211980E+00   1.5595137552E-03   2.3241563865E+00   2.4611328506E+00   1.8137845721E-03   2.4561016412E+00   2.5128390759E+00   2.1224029749E-03   2.2622560073E+00   2.4501796137E+00   1.3732280598E-03   3.3772367030E-04
   1  -173   0    0  -7.1488755146E-01   8.0631671175E+00   1.2868575844E-04   1.9730285306E+00   2.4033687687E+00   1.7736947935E-04   2.0325320698E+00   2.3721583509E+00   2.6747180285E-04   2.1905471559E+00   2.4185888648E+00   1.5595137552E-03   2.3248559121E+00   2.4614407099E+00   1.8137845721E-03   2.4564309888E+00   2.5131592391E+00   2.1224029749E-03   2.2628921766E+00   2.4504874731E+00   1.3732280598E-03   3.3774504203E-04
   1  -174   0    0  -7.2478825633E-01   8.0639098672E+00   1.2854330145E-04   1.9727073473E+00   2.4036197430E+00   1.7736947935E-04   2.0319085113E+00   2.3724241917E+00   2.6747180285E-04   2.1904861409E+00   2.4188547056E+00   1.5595137552E-03   2.3255497074E+00   2.4617461947E+00   1.8137845721E-03   2.4567577214E+00   2.5134768598E+00   2.1224029749E-03   2.2635249438E+00   2.4507929578E+00   1.3732280598E-03   3.3776625037E-04
   1  -175   0    0  -7.3469043921E-01   8.0646471899E+00   1.2840279326E-04   1.9723872954E+00   2.4038690747E+00   1.7736947935E-04   2.0312906980E+00   2.3726881865E+00   2.6747180285E-04   2.1904249917E+00   2.4191187004E+00   1.5595137552E-03   2.3262377220E+00   2.4620492912E+00   1.8137845721E-03   2.4570818268E+00   2.5137919262E+00   2.1224029749E-03   2.2641542018E+00   2.4510960543E+00   1.3732280598E-03   3.3778729429E-04
   1  -176   0    0  -7.4459410669E-01   8.0653790264E+00   1.2826421205E-04   1.9720684016E+00   2.4041167417E+00   1.7736947935E-04   2.0306787013E+00   2.3729503155E+00   2.6747180285E-04   2.1903636991E+00   2.4193808294E+00   1.5595137552E-03   2.3269199073E+00   2.4623499856E+00   1.8137845721E-03   2.4574032927E+00   2.5141044263E+00   2.1224029749E-03   2.2647798459E+00   2.4513967487E+00   1.3732280598E-03   3.3780817281E-04
   1  -177   0    0  -7.5449926439E-01   8.0661053190E+00   1.2812753647E-04   1.9717506942E+00   2.4043627222E+00   1.7736947935E-04   2.0300725883E+00   2.3732105592E+00   2.6747180285E-04   2.1903022560E+00   2.4196410731E+00   1.5595137552E-03   2.3275962170E+00   2.4626482645E+00   1.8137845721E-03   2.4577221072E+00   2.5144143486E+00   2.1224029749E-03   2.2654017742E+00   2.4516950276E+00   1.3732280598E-03   3.3782888494E-04
   1  -178   0    0  -7.6440591697E-01   8.0668260110E+00   1.2799274564E-04   1.9714342027E+00   2.4046069950E+00   1.7736947935E-04   2.0294724212E+00   2.3734688985E+00   2.6747180285E-04   2.1902406567E+00   2.4198994124E+00   1.5595137552E-03   2.3282666066E+00   2.4629441144E+00   1.8137845721E-03   2.4580382582E+00   2.5147216813E+00   2.1224029749E-03   2.2660198874E+00   2.4519908775E+00   1.3732280598E-03   3.3784942969E-04
   1  -179   0    0  -7.7431406812E-01   8.0675410475E+00   1.2785981913E-04   1.9711189580E+00   2.4048495390E+00   1.7736947935E-04   2.0288782582E+00   2.3737253144E+00   2.6747180285E-04   2.1901788974E+00   2.4201558283E+00   1.5595137552E-03   2.3289310337E+00   2.4632375220E+00   1.8137845721E-03   2.4583517340E+00   2.5150264130E+00   2.1224029749E-03   2.2666340891E+00   2.4522842852E+00   1.3732280598E-03   3.3786980612E-04
   1  -180   0    0  -7.8422372061E-01   8.0682503749E+00   1.2772873696E-04   1.9708049919E+00   2.4050903335E+00   1.7736947935E-04   2.0282901528E+00   2.3739797883E+00   2.6747180285E-04   2.1901169756E+00   2.4204103022E+00   1.5595137552E-03   2.3295894580E+00   2.4635284745E+00   1.8137845721E-03   2.4586625228E+00   2.5153285323E+00   2.1224029749E-03   2.2672442856E+00   2.4525752376E+00   1.3732280598E-03   3.3789001327E-04
   1  -181   0    0  -7.9413487626E-01   8.0689539409E+00   1.2759947960E-04   1.9704923375E+00   2.4053293581E+00   1.7736947935E-04   2.0277081543E+00   2.3742323019E+00   2.6747180285E-04   2.1900548907E+00   2.4206628158E+00   1.5595137552E-03   2.3302418412E+00   2.4638169588E+00   1.8137845721E-03   2.4589706131E+00   2.5156280281E+00   2.1224029749E-03   2.2678503858E+00   2.4528637219E+00   1.3732280598E-03   3.3791005019E-04
   1  -182   0    0  -8.0404753600E-01   8.0696516950E+00   1.2747202792E-04   1.9701810289E+00   2.4055665929E+00   1.7736947935E-04   2.0271323079E+00   2.3744828373E+00   2.6747180285E-04   2.1899926432E+00   2.4209133512E+00   1.5595137552E-03   2.3308881470E+00   2.4641029624E+00   1.8137845721E-03   2.4592759937E+00   2.5159248893E+00   2.1224029749E-03   2.2684523015E+00   2.4531497255E+00   1.3732280598E-03   3.3792991599E-04
   1  -183   0    0  -8.1396169985E-01   8.0703435879E+00   1.2734636324E-04   1.9698711010E+00   2.4058020183E+00   1.7736947935E-04   2.0265626543E+00   2.3747313768E+00   2.6747180285E-04   2.1899302354E+00   2.4211618907E+00   1.5595137552E-03   2.3315283410E+00   2.4643864728E+00   1.8137845721E-03   2.4595786533E+00   2.5162191051E+00   2.1224029749E-03   2.2690499471E+00   2.4534332359E+00   1.3732280598E-03   3.3794960974E-04
   1  -184   0    0  -8.2387736697E-01   8.0710295721E+00   1.2722246724E-04   1.9695625897E+00   2.4060356152E+00   1.7736947935E-04   2.0259992305E+00   2.3749779033E+00   2.6747180285E-04   2.1898676707E+00   2.4214084172E+00   1.5595137552E-03   2.3321623910E+00   2.4646674780E+00   1.8137845721E-03   2.4598785812E+00   2.5165106650E+00   2.1224029749E-03   2.2696432401E+00   2.4537142411E+00   1.3732280598E-03   3.3796913058E-04
   1  -185   0    0  -8.3379453564E-01   8.0717096014E+00   1.2710032200E-04   1.9692555316E+00   2.4062673649E+00   1.7736947935E-04   2.0254420695E+00   2.3752223998E+00   2.6747180285E-04   2.1898049540E+00   2.4216529137E+00   1.5595137552E-03   2.3327902667E+00   2.4649459660E+00   1.8137845721E-03   2.4601757666E+00   2.5167995586E+00   2.1224029749E-03   2.2702321003E+00   2.4539927291E+00   1.3732280598E-03   3.3798847763E-04
   1  -186   0    0  -8.4371320331E-01   8.0723836315E+00   1.2697990996E-04   1.9689499642E+00   2.4064972491E+00   1.7736947935E-04   2.0248912000E+00   2.3754648499E+00   2.6747180285E-04   2.1897420914E+00   2.4218953638E+00   1.5595137552E-03   2.3334119398E+00   2.4652219253E+00   1.8137845721E-03   2.4604701992E+00   2.5170857758E+00   2.1224029749E-03   2.2708164506E+00   2.4542686884E+00   1.3732280598E-03   3.3800765005E-04
   1  -187   0    0  -8.5363336657E-01   8.0730516196E+00   1.2686121392E-04   1.9686459253E+00   2.4067252500E+00   1.7736947935E-04   2.0243466474E+00   2.3757052376E+00   2.6747180285E-04   2.1896790902E+00   2.4221357515E+00   1.5595137552E-03   2.3340273840E+00   2.4654953446E+00   1.8137845721E-03   2.4607618689E+00   2.5173693068E+00   2.1224029749E-03   2.2713962167E+00   2.4545421077E+00   1.3732280598E-03   3.3802664703E-04
   1  -188   0    0  -8.6355502123E-01   8.0737135246E+00   1.2674421697E-04   1.9683434534E+00   2.4069513501E+00   1.7736947935E-04   2.0238084331E+00   2.3759435473E+00   2.6747180285E-04   2.1896159589E+00   2.4223740612E+00   1.5595137552E-03   2.3346365750E+00   2.4657662131E+00   1.8137845721E-03   2.4610507661E+00   2.5176501423E+00   2.1224029749E-03   2.2719713268E+00   2.4548129762E+00   1.3732280598E-03   3.3804546777E-04
   1  -189   0    0  -8.7347816230E-01   8.0743693069E+00   1.2662890255E-04   1.9680425874E+00   2.4071755327E+00   1.7736947935E-04   2.0232765749E+00   2.3761797639E+00   2.6747180285E-04   2.1895527069E+00   2.4226102777E+00   1.5595137552E-03   2.3352394907E+00   2.4660345202E+00   1.8137845721E-03   2.4613368812E+00   2.5179282730E+00   2.1224029749E-03   2.2725417122E+00   2.4550812833E+00   1.3732280598E-03   3.3806411151E-04
   1  -190   0    0  -8.8340278398E-01   8.0750189291E+00   1.2651525437E-04   1.9677433665E+00   2.4073977813E+00   1.7736947935E-04   2.0227510871E+00   2.3764138726E+00   2.6747180285E-04   2.1894893447E+00   2.4228443865E+00   1.5595137552E-03   2.3358361106E+00   2.4663002558E+00   1.8137845721E-03   2.4616202054E+00   2.5182036903E+00   2.1224029749E-03   2.2731073068E+00   2.4553470189E+00   1.3732280598E-03   3.3808257751E-04
   1  -191   0    0  -8.9332887976E-01   8.0756623552E+00   1.2640325640E-04   1.9674458301E+00   2.4076180802E+00   1.7736947935E-04   2.0222319804E+00   2.3766458594E+00   2.6747180285E-04   2.1894258839E+00   2.4230763732E+00   1.5595137552E-03   2.3364264165E+00   2.4665634102E+00   1.8137845721E-03   2.4619007300E+00   2.5184763858E+00   2.1224029749E-03   2.2736680474E+00   2.4556101733E+00   1.3732280598E-03   3.3810086505E-04
   1  -192   0    0  -9.0325644234E-01   8.0762995511E+00   1.2629289289E-04   1.9671500179E+00   2.4078364141E+00   1.7736947935E-04   2.0217192625E+00   2.3768757105E+00   2.6747180285E-04   2.1893623367E+00   2.4233062244E+00   1.5595137552E-03   2.3370103922E+00   2.4668239741E+00   1.8137845721E-03   2.4621784469E+00   2.5187463516E+00   2.1224029749E-03   2.2742238735E+00   2.4558707372E+00   1.3732280598E-03   3.3811897347E-04
   1  -193   0    0  -9.1318546373E-01   8.0769304846E+00   1.2618414830E-04   1.9668559696E+00   2.4080527681E+00   1.7736947935E-04   2.0212129374E+00   2.3771034129E+00   2.6747180285E-04   2.1892987163E+00   2.4235339268E+00   1.5595137552E-03   2.3375880232E+00   2.4670819388E+00   1.8137845721E-03   2.4624533484E+00   2.5190135803E+00   2.1224029749E-03   2.2747747276E+00   2.4561287019E+00   1.3732280598E-03   3.3813690212E-04
   1  -194   0    0  -9.2311593523E-01   8.0775551254E+00   1.2607700730E-04   1.9665637248E+00   2.4082671282E+00   1.7736947935E-04   2.0207130063E+00   2.3773289540E+00   2.6747180285E-04   2.1892350366E+00   2.4237594679E+00   1.5595137552E-03   2.3381592974E+00   2.4673372959E+00   1.8137845721E-03   2.4627254273E+00   2.5192780647E+00   2.1224029749E-03   2.2753205546E+00   2.4563840590E+00   1.3732280598E-03   3.3815465039E-04
   1  -195   0    0  -9.3304784744E-01   8.0781734449E+00   1.2597145478E-04   1.9662733231E+00   2.4084794808E+00   1.7736947935E-04   2.0202194670E+00   2.3775523218E+00   2.6747180285E-04   2.1891713121E+00   2.4239828357E+00   1.5595137552E-03   2.3387242043E+00   2.4675900376E+00   1.8137845721E-03   2.4629946768E+00   2.5195397984E+00   2.1224029749E-03   2.2758613027E+00   2.4566368007E+00   1.3732280598E-03   3.3817221770E-04
   1  -196   0    0  -9.4298119032E-01   8.0787854167E+00   1.2586747579E-04   1.9659848038E+00   2.4086898128E+00   1.7736947935E-04   2.0197323146E+00   2.3777735048E+00   2.6747180285E-04   2.1891075580E+00   2.4242040187E+00   1.5595137552E-03   2.3392827356E+00   2.4678401567E+00   1.8137845721E-03   2.4632610909E+00   2.5197987755E+00   2.1224029749E-03   2.2763969224E+00   2.4568869198E+00   1.3732280598E-03   3.3818960353E-04
   1  -197   0    0  -9.5291595316E-01   8.0793910162E+00   1.2576505553E-04   1.9656982061E+00   2.4088981120E+00   1.7736947935E-04   2.0192515412E+00   2.3779924924E+00   2.6747180285E-04   2.1890437900E+00   2.4244230062E+00   1.5595137552E-03   2.3398348849E+00   2.4680876465E+00   1.8137845721E-03   2.4635246638E+00   2.5200549905E+00   2.1224029749E-03   2.2769273673E+00   2.4571344096E+00   1.3732280598E-03   3.3820680738E-04
   1  -198   0    0  -9.6285212465E-01   8.0799902208E+00   1.2566417937E-04   1.9654135685E+00   2.4091043666E+00   1.7736947935E-04   2.0187771361E+00   2.3782092741E+00   2.6747180285E-04   2.1889800245E+00   2.4246397880E+00   1.5595137552E-03   2.3403806479E+00   2.4683325009E+00   1.8137845721E-03   2.4637853907E+00   2.5203084385E+00   2.1224029749E-03   2.2774525937E+00   2.4573792640E+00   1.3732280598E-03   3.3822382879E-04
   1  -199   0    0  -9.7278969287E-01   8.0805830099E+00   1.2556483277E-04   1.9651309295E+00   2.4093085655E+00   1.7736947935E-04   2.0183090858E+00   2.3784238406E+00   2.6747180285E-04   2.1889162779E+00   2.4248543545E+00   1.5595137552E-03   2.3409200219E+00   2.4685747143E+00   1.8137845721E-03   2.4640432671E+00   2.5205591153E+00   2.1224029749E-03   2.2779725604E+00   2.4576214774E+00   1.3732280598E-03   3.3824066735E-04
   1  -200   0    0  -9.8272864532E-01   8.0811693650E+00   1.2546700133E-04   1.9648503267E+00   2.4095106983E+00   1.7736947935E-04   2.0178473743E+00   2.3786361829E+00   2.6747180285E-04   2.1888525674E+00   2.4250666968E+00   1.5595137552E-03   2.3414530066E+00   2.4688142819E+00   1.8137845721E-03   2.4642982891E+00   2.5208070171E+00   2.1224029749E-03   2.2784872294E+00   2.4578610450E+00   1.3732280598E-03   3.3825732270E-04
   1  -201   0    0  -9.9266896894E-01   8.0817492696E+00   1.2537067073E-04   1.9645717973E+00   2.4097107552E+00   1.7736947935E-04   2.0173919830E+00   2.3788462927E+00   2.6747180285E-04   2.1887889104E+00   2.4252768066E+00   1.5595137552E-03   2.3419796033E+00   2.4690511993E+00   1.8137845721E-03   2.4645504537E+00   2.5210521409E+00   2.1224029749E-03   2.2789965651E+00   2.4580979624E+00   1.3732280598E-03   3.3827379450E-04
   1  -202  -4    3  -9.9999986924E-01   8.0821727527E+00   1.2530058929E-04   1.9643677584E+00   2.4098569429E+00   1.7736947935E-04   2.0170602124E+00   2.3789997939E+00   2.6747180285E-04   2.1887420139E+00   2.4254303078E+00   1.5595137552E-03   2.3423638275E+00   2.4692242033E+00   1.8137845721E-03   2.4647345688E+00   2.5212311152E+00   2.1224029749E-03   2.2793687154E+00   2.4582709664E+00   1.3732280598E-03   3.3828582313E-04
