 
   1    -1   0    0   9.9999997475E-01   7.8845455025E+00   2.0470598289E-04   2.0034199819E+00   2.2957331079E+00   2.1386538197E-04   2.1043062619E+00   2.2834189398E+00   6.5150651976E-04   2.2128511309E+00   2.3167198903E+00   1.7547422551E-03   2.2301393340E+00   2.4022308041E+00   1.9029356382E-03   2.3743827248E+00   2.4334883633E+00   2.0630572830E-03   2.2219913144E+00   2.3947682362E+00   1.5714709121E-03   3.3218108317E-04
   1    -2   0    0   9.8001120130E-01   7.8847664068E+00   2.0442988067E-04   2.0031641319E+00   2.2957576604E+00   2.1383769147E-04   2.1041244718E+00   2.2834693590E+00   6.5140370926E-04   2.2126261210E+00   2.3168066821E+00   1.7544653500E-03   2.2304405409E+00   2.4024020391E+00   1.9029346526E-03   2.3746547846E+00   2.4337521721E+00   2.0631863258E-03   2.2219952146E+00   2.3949278756E+00   1.5714700981E-03   3.3219445813E-04
   1    -3   0    0   9.7001715274E-01   7.8848804162E+00   2.0428793868E-04   2.0030324342E+00   2.2957704287E+00   2.1382347097E-04   2.1040307877E+00   2.2834954101E+00   6.5135091078E-04   2.2125104784E+00   2.3168514885E+00   1.7543231450E-03   2.2305957691E+00   2.4024901785E+00   1.9029340856E-03   2.3747948140E+00   2.4338879542E+00   2.0632526785E-03   2.2219975991E+00   2.3950100628E+00   1.5714696299E-03   3.3220134349E-04
   1    -4   0    0   9.6002334045E-01   7.8849968574E+00   2.0414335652E-04   2.0028981690E+00   2.2957835365E+00   2.1380899639E-04   2.1039352006E+00   2.2835220371E+00   6.5129716894E-04   2.2123927080E+00   2.3168972593E+00   1.7541783992E-03   2.2307541513E+00   2.4025800338E+00   1.9029334660E-03   2.3749375642E+00   2.4340263742E+00   2.0633202744E-03   2.2220002958E+00   2.3950938616E+00   1.5714691182E-03   3.3220836352E-04
   1    -5   0    0   9.5002977283E-01   7.8851157766E+00   2.0399609967E-04   2.0027612971E+00   2.2957969926E+00   2.1379426483E-04   2.1038376772E+00   2.2835492512E+00   6.5124247297E-04   2.2122727831E+00   2.3169440127E+00   1.7540310836E-03   2.2309157412E+00   2.4026716310E+00   1.9029327913E-03   2.3750830759E+00   2.4341674716E+00   2.0633891302E-03   2.2220033228E+00   2.3951792970E+00   1.5714685610E-03   3.3221552026E-04
   1    -6   0    0   9.4003645854E-01   7.8852372203E+00   2.0384613380E-04   2.0026217787E+00   2.2958108059E+00   2.1377927343E-04   2.1037381839E+00   2.2835770639E+00   6.5118681226E-04   2.2121506770E+00   2.3169917673E+00   1.7538811695E-03   2.2310805932E+00   2.4027649964E+00   1.9029320590E-03   2.3752313903E+00   2.4343112863E+00   2.0634592626E-03   2.2220066992E+00   2.3952663942E+00   1.5714679562E-03   3.3222281579E-04
   1    -7   0    0   9.3004340647E-01   7.8853612357E+00   2.0369342482E-04   2.0024795742E+00   2.2958249856E+00   2.1376401937E-04   2.1036366867E+00   2.2836054867E+00   6.5113017632E-04   2.2120263636E+00   2.3170405417E+00   1.7537286289E-03   2.2312487619E+00   2.4028601560E+00   1.9029312664E-03   2.3753825484E+00   2.4344578580E+00   2.0635306882E-03   2.2220104445E+00   2.3953551786E+00   1.5714673017E-03   3.3223025218E-04
   1    -8   0    0   9.2005062575E-01   7.8854878705E+00   2.0353793887E-04   2.0023346438E+00   2.2958395410E+00   2.1374849987E-04   2.1035331513E+00   2.2836345313E+00   6.5107255485E-04   2.2118998167E+00   2.3170903549E+00   1.7535734338E-03   2.2314203023E+00   2.4029571363E+00   1.9029304109E-03   2.3755365913E+00   2.4346072266E+00   2.0636034234E-03   2.2220145795E+00   2.3954456754E+00   1.5714665951E-03   3.3223783151E-04
   1    -9   0    0   9.1005812579E-01   7.8856171733E+00   2.0337964237E-04   2.0021869476E+00   2.2958544816E+00   2.1373271220E-04   2.1034275428E+00   2.2836642094E+00   6.5101393771E-04   2.2117710105E+00   2.3171412260E+00   1.7534155571E-03   2.2315952700E+00   2.4030559636E+00   1.9029294895E-03   2.3756935601E+00   2.4347594319E+00   2.0636774847E-03   2.2220191258E+00   2.3955379103E+00   1.5714658342E-03   3.3224555584E-04
   1   -10   0    0   9.0006591621E-01   7.8857491927E+00   2.0321850208E-04   2.0020364455E+00   2.2958698172E+00   2.1371665368E-04   2.1033198262E+00   2.2836945331E+00   6.5095431496E-04   2.2116399197E+00   2.3171931742E+00   1.7532549719E-03   2.2317737210E+00   2.4031566641E+00   1.9029284994E-03   2.3758534961E+00   2.4349145138E+00   2.0637528883E-03   2.2220241058E+00   2.3956319086E+00   1.5714650165E-03   3.3225342727E-04
   1   -11   0    0   8.9007400690E-01   7.8858839784E+00   2.0305448512E-04   2.0018830975E+00   2.2958855577E+00   2.1370032170E-04   2.1032099659E+00   2.2837255142E+00   6.5089367688E-04   2.2115065190E+00   2.3172462191E+00   1.7530916521E-03   2.2319557114E+00   2.4032592642E+00   1.9029274377E-03   2.3760164402E+00   2.4350725122E+00   2.0638296503E-03   2.2220295433E+00   2.3957276960E+00   1.5714641397E-03   3.3226144788E-04
   1   -12   0    0   8.8008240801E-01   7.8860215801E+00   2.0288755901E-04   2.0017268635E+00   2.2959017132E+00   2.1368371369E-04   2.1030979262E+00   2.2837571650E+00   6.5083201393E-04   2.2113707839E+00   2.3173003804E+00   1.7529255719E-03   2.2321412979E+00   2.4033637902E+00   1.9029263012E-03   2.3761824335E+00   2.4352334668E+00   2.0639077868E-03   2.2220354626E+00   2.3958252981E+00   1.5714632012E-03   3.3226961973E-04
   1   -13   0    0   8.7009112995E-01   7.8861620485E+00   2.0271769171E-04   2.0015677034E+00   2.2959182939E+00   2.1366682714E-04   2.1029836708E+00   2.2837894977E+00   6.5076931685E-04   2.2112326901E+00   2.3173556778E+00   1.7527567064E-03   2.2323305375E+00   2.4034702685E+00   1.9029250869E-03   2.3763515168E+00   2.4353974171E+00   2.0639873136E-03   2.2220418895E+00   2.3959247405E+00   1.5714621983E-03   3.3227794492E-04
   1   -14   0    0   8.6010018336E-01   7.8863054346E+00   2.0254485166E-04   2.0014055771E+00   2.2959353103E+00   2.1364965964E-04   2.1028671633E+00   2.2838225246E+00   6.5070557661E-04   2.2110922138E+00   2.3174121314E+00   1.7525850314E-03   2.2325234875E+00   2.4035787253E+00   1.9029237914E-03   2.3765237311E+00   2.4355644028E+00   2.0640682462E-03   2.2220488508E+00   2.3960260488E+00   1.5714611285E-03   3.3228642549E-04
   1   -15   0    0   8.5010957917E-01   7.8864517898E+00   2.0236900783E-04   2.0012404448E+00   2.2959527731E+00   2.1363220882E-04   2.1027483666E+00   2.2838562581E+00   6.5064078445E-04   2.2109493316E+00   2.3174697613E+00   1.7524105231E-03   2.2327202053E+00   2.4036891866E+00   1.9029224114E-03   2.3766991167E+00   2.4357344631E+00   2.0641506001E-03   2.2220563744E+00   2.3961292487E+00   1.5714599888E-03   3.3229506353E-04
   1   -16   0    0   8.4011932855E-01   7.8866011661E+00   2.0219012978E-04   2.0010722663E+00   2.2959706931E+00   2.1361447239E-04   2.1026272435E+00   2.2838907106E+00   6.5057493189E-04   2.2108040209E+00   2.3175285879E+00   1.7522331588E-03   2.2329207487E+00   2.4038016787E+00   1.9029209435E-03   2.3768777142E+00   2.4359076371E+00   2.0642343905E-03   2.2220644893E+00   2.3962343657E+00   1.5714587766E-03   3.3230386109E-04
   1   -17   0    0   8.3012944295E-01   7.8867536160E+00   2.0200818764E-04   2.0009010019E+00   2.2959890814E+00   2.1359644816E-04   2.1025037565E+00   2.2839258947E+00   6.5050801075E-04   2.2106562595E+00   2.3175886315E+00   1.7520529165E-03   2.2331251757E+00   2.4039162275E+00   1.9029193842E-03   2.3770595637E+00   2.4360839638E+00   2.0643196323E-03   2.2220732259E+00   2.3963414253E+00   1.5714574889E-03   3.3231282020E-04
   1   -18   0    0   8.2013993405E-01   7.8869091923E+00   2.0182315223E-04   2.0007266119E+00   2.2960079491E+00   2.1357813401E-04   2.1023778676E+00   2.2839618230E+00   6.5044001318E-04   2.2105060258E+00   2.3176499127E+00   1.7518697749E-03   2.2333335446E+00   2.4040328587E+00   1.9029177299E-03   2.3772447049E+00   2.4362634818E+00   2.0644063401E-03   2.2220826158E+00   2.3964504531E+00   1.5714561227E-03   3.3232194291E-04
   1   -19   0    0   8.1015081382E-01   7.8870679483E+00   2.0163499507E-04   2.0005490567E+00   2.2960273077E+00   2.1355952791E-04   2.1022495386E+00   2.2839985082E+00   6.5037093165E-04   2.2103532989E+00   2.3177124522E+00   1.7516837138E-03   2.2335459137E+00   2.4041515981E+00   1.9029159769E-03   2.3774331775E+00   2.4364462294E+00   2.0644945283E-03   2.2220926919E+00   2.3965614744E+00   1.5714546750E-03   3.3233123123E-04
   1   -20   0    0   8.0016209446E-01   7.8872299378E+00   2.0144368843E-04   2.0003682970E+00   2.2960471686E+00   2.1354062792E-04   2.1021187310E+00   2.2840359630E+00   6.5030075899E-04   2.2101980587E+00   2.3177762708E+00   1.7514947140E-03   2.2337623414E+00   2.4042724711E+00   1.9029141213E-03   2.3776250206E+00   2.4366322444E+00   2.0645842111E-03   2.2221034884E+00   2.3966745144E+00   1.5714531425E-03   3.3234068716E-04
   1   -21   0    0   7.9017378846E-01   7.8873952148E+00   2.0124920540E-04   2.0001842938E+00   2.2960675436E+00   2.1352143223E-04   2.1019854057E+00   2.2840742000E+00   6.5022948837E-04   2.2100402856E+00   2.3178413893E+00   1.7513027569E-03   2.2339828863E+00   2.4043955031E+00   1.9029121592E-03   2.3778202730E+00   2.4368215645E+00   2.0646754021E-03   2.2221150410E+00   2.3967895983E+00   1.5714515223E-03   3.3235031270E-04
   1   -22   0    0   7.8018590853E-01   7.8875638337E+00   2.0105151989E-04   1.9999970081E+00   2.2960884446E+00   2.1350193908E-04   2.1018495237E+00   2.2841132321E+00   6.5015711339E-04   2.2098799611E+00   2.3179078286E+00   1.7511078254E-03   2.2342076070E+00   2.4045207190E+00   1.9029100868E-03   2.3780189729E+00   2.4370142268E+00   2.0647681147E-03   2.2221273868E+00   2.3969067510E+00   1.5714498108E-03   3.3236010981E-04
   1   -23   0    0   7.7019846765E-01   7.8877358495E+00   2.0085060673E-04   1.9998064015E+00   2.2961098836E+00   2.1348214687E-04   2.1017110454E+00   2.2841530719E+00   6.5008362801E-04   2.2097170672E+00   2.3179756097E+00   1.7509099033E-03   2.2344365623E+00   2.4046481437E+00   1.9029079000E-03   2.3782211582E+00   2.4372102679E+00   2.0648623618E-03   2.2221405642E+00   2.3970259975E+00   1.5714480048E-03   3.3237008043E-04
   1   -24   0    0   7.6021147905E-01   7.8879113171E+00   2.0064644170E-04   1.9996124357E+00   2.2961318728E+00   2.1346205407E-04   2.1015699309E+00   2.2841937322E+00   6.5000902663E-04   2.2095515870E+00   2.3180447537E+00   1.7507089753E-03   2.2346698107E+00   2.4047778016E+00   1.9029055945E-03   2.3784268661E+00   2.4374097239E+00   2.0649581562E-03   2.2221546135E+00   2.3971473623E+00   1.5714461009E-03   3.3238022648E-04
   1   -25   0    0   7.5022495621E-01   7.8880902919E+00   2.0043900159E-04   1.9994150728E+00   2.2961544246E+00   2.1344165931E-04   2.1014261403E+00   2.2842352258E+00   6.4993330408E-04   2.2093835045E+00   2.3181152815E+00   1.7505050276E-03   2.2349074108E+00   2.4049097171E+00   1.9029031662E-03   2.3786361334E+00   2.4376126304E+00   2.0650555100E-03   2.2221695761E+00   2.3972708698E+00   1.5714440955E-03   3.3239054986E-04
   1   -26   0    0   7.4023891283E-01   7.8882728296E+00   2.0022826424E-04   1.9992142755E+00   2.2961775516E+00   2.1342096131E-04   2.1012796330E+00   2.2842775654E+00   6.4985645565E-04   2.2092128046E+00   2.3181872144E+00   1.7502980475E-03   2.2351494211E+00   2.4050439138E+00   1.9029006106E-03   2.3788489962E+00   2.4378190223E+00   2.0651544349E-03   2.2221854954E+00   2.3973965442E+00   1.5714419851E-03   3.3240105242E-04
   1   -27   0    0   7.3025336289E-01   7.8884589860E+00   2.0001420858E-04   1.9990100066E+00   2.2962012662E+00   2.1339995892E-04   2.1011303684E+00   2.2843207635E+00   6.4977847709E-04   2.2090394732E+00   2.3182605732E+00   1.7500880236E-03   2.2353959000E+00   2.4051804155E+00   1.9028979235E-03   2.3790654898E+00   2.4380289340E+00   2.0652549422E-03   2.2222024162E+00   2.3975244094E+00   1.5714397660E-03   3.3241173601E-04
   1   -28   0    0   7.2026832056E-01   7.8886488172E+00   1.9979681473E-04   1.9988022297E+00   2.2962255814E+00   2.1337865113E-04   2.1009783055E+00   2.2843648327E+00   6.4969936464E-04   2.2088634972E+00   2.3183353792E+00   1.7498749457E-03   2.2356469057E+00   2.4053192451E+00   1.9028951003E-03   2.3792856489E+00   2.4382423988E+00   2.0653570426E-03   2.2222203851E+00   2.3976544892E+00   1.5714374345E-03   3.3242260242E-04
   1   -29   0    0   7.1028380026E-01   7.8888423793E+00   1.9957606400E-04   1.9985909087E+00   2.2962505099E+00   2.1335703708E-04   2.1008234030E+00   2.2844097857E+00   6.4961911506E-04   2.2086848649E+00   2.3184116532E+00   1.7496588052E-03   2.2359024962E+00   2.4054604254E+00   1.9028921364E-03   2.3795095074E+00   2.4384594499E+00   2.0654607465E-03   2.2222394505E+00   2.3977868067E+00   1.5714349868E-03   3.3243365341E-04
   1   -30   0    0   7.0029981663E-01   7.8890397288E+00   1.9935193899E-04   1.9983760081E+00   2.2962760649E+00   2.1333511602E-04   2.1006656196E+00   2.2844556348E+00   6.4953772562E-04   2.2085035653E+00   2.3184894162E+00   1.7494395945E-03   2.2361627290E+00   2.4056039787E+00   1.9028890272E-03   2.3797370983E+00   2.4386801190E+00   2.0655660634E-03   2.2222596623E+00   2.3979213849E+00   1.5714324192E-03   3.3244489071E-04
   1   -31   0    0   6.9031638452E-01   7.8892409221E+00   1.9912442359E-04   1.9981574931E+00   2.2963022593E+00   2.1331288737E-04   2.1005049133E+00   2.2845023923E+00   6.4945519413E-04   2.2083195890E+00   2.3185686891E+00   1.7492173079E-03   2.2364276618E+00   2.4057499267E+00   1.9028857679E-03   2.3799684540E+00   2.4389044375E+00   2.0656730026E-03   2.2222810727E+00   2.3980582467E+00   1.5714297275E-03   3.3245631601E-04
   1   -32   0    0   6.8033351899E-01   7.8894460155E+00   1.9889350309E-04   1.9979353294E+00   2.2963291066E+00   2.1329035068E-04   2.1003412422E+00   2.2845500705E+00   6.4937151895E-04   2.2081329275E+00   2.3186494927E+00   1.7489919410E-03   2.2366973514E+00   2.4058982907E+00   1.9028823537E-03   2.3802036056E+00   2.4391324356E+00   2.0657815726E-03   2.2223037352E+00   2.3981974141E+00   1.5714269080E-03   3.3246793095E-04
   1   -33   0    0   6.7035123529E-01   7.8896550658E+00   1.9865916420E-04   1.9977094834E+00   2.2963566199E+00   2.1326750567E-04   2.1001745641E+00   2.2845986813E+00   6.4928669903E-04   2.2079435739E+00   2.3187318475E+00   1.7487634909E-03   2.2369718546E+00   2.4060490916E+00   1.9028787798E-03   2.3804425835E+00   2.4393641427E+00   2.0658917814E-03   2.2223277057E+00   2.3983389090E+00   1.5714239566E-03   3.3247973712E-04
   1   -34   0    0   6.6036954887E-01   7.8898681293E+00   1.9842139510E-04   1.9974799223E+00   2.2963848126E+00   2.1324435221E-04   2.1000048364E+00   2.2846482367E+00   6.4920073389E-04   2.2077515224E+00   2.3188157741E+00   1.7485319563E-03   2.2372512276E+00   2.4062023494E+00   1.9028750411E-03   2.3806854169E+00   2.4395995872E+00   2.0660036362E-03   2.2223530417E+00   2.3984827529E+00   1.5714208691E-03   3.3249173606E-04
   1   -35   0    0   6.5038847538E-01   7.8900852624E+00   1.9818018552E-04   1.9972466138E+00   2.2964136983E+00   2.1322089035E-04   2.0998320163E+00   2.2846987484E+00   6.4911362367E-04   2.2075567688E+00   2.3189012928E+00   1.7482973375E-03   2.2375355261E+00   2.4063580839E+00   1.9028711327E-03   2.3809321342E+00   2.4398387962E+00   2.0661171438E-03   2.2223798028E+00   2.3986289668E+00   1.5714176415E-03   3.3250392929E-04
   1   -36   0    0   6.4040803059E-01   7.8903065215E+00   1.9793552677E-04   1.9970095266E+00   2.2964432903E+00   2.1319712027E-04   2.0996560610E+00   2.2847502279E+00   6.4902536912E-04   2.2073593100E+00   2.3189884237E+00   1.7480596367E-03   2.2378248052E+00   2.4065163139E+00   1.9028670495E-03   2.3811827622E+00   2.4400817961E+00   2.0662323099E-03   2.2224080508E+00   2.3987775710E+00   1.5714142695E-03   3.3251631822E-04
   1   -37   0    0   6.3042823049E-01   7.8905319628E+00   1.9768741179E-04   1.9967686303E+00   2.2964736024E+00   2.1317304236E-04   2.0994769273E+00   2.2848026865E+00   6.4893597163E-04   2.2071591448E+00   2.3190771868E+00   1.7478188576E-03   2.2381191194E+00   2.4066770579E+00   1.9028627864E-03   2.3814373270E+00   2.4403286119E+00   2.0663491400E-03   2.2224378492E+00   2.3989285857E+00   1.5714107489E-03   3.3252890426E-04
   1   -38   0    0   6.2044909119E-01   7.8907616422E+00   1.9743583523E-04   1.9965238951E+00   2.2965046480E+00   2.1314865716E-04   2.0992945717E+00   2.2848561352E+00   6.4884543323E-04   2.2069562732E+00   2.3191676017E+00   1.7475750055E-03   2.2384185228E+00   2.4068403335E+00   1.9028583382E-03   2.3816958531E+00   2.4405792674E+00   2.0664676384E-03   2.2224692639E+00   2.3990820301E+00   1.5714070755E-03   3.3254168873E-04
   1   -39   0    0   6.1047062892E-01   7.8909956155E+00   1.9718079346E-04   1.9962752924E+00   2.2965364407E+00   2.1312396540E-04   2.0991089507E+00   2.2849105850E+00   6.4875375662E-04   2.2067506969E+00   2.3192596880E+00   1.7473280879E-03   2.2387230685E+00   2.4070061576E+00   1.9028536997E-03   2.3819583639E+00   2.4408337853E+00   2.0665878090E-03   2.2225023628E+00   2.3992379233E+00   1.5714032449E-03   3.3255467289E-04
   1   -40   0    0   6.0049286009E-01   7.8912339381E+00   1.9692228465E-04   1.9960227943E+00   2.2965689943E+00   2.1309896799E-04   2.0989200205E+00   2.2849660463E+00   6.4866094517E-04   2.2065424192E+00   2.3193534646E+00   1.7470781137E-03   2.2390328089E+00   2.4071745464E+00   1.9028488656E-03   2.3822248815E+00   2.4410921869E+00   2.0667096546E-03   2.2225372160E+00   2.3993962834E+00   1.5713992527E-03   3.3256785794E-04
   1   -41   0    0   5.9051580117E-01   7.8914766651E+00   1.9666030881E-04   1.9957663740E+00   2.2966023223E+00   2.1307366602E-04   2.0987277371E+00   2.2850225293E+00   6.4856700296E-04   2.2063314450E+00   2.3194489506E+00   1.7468250940E-03   2.2393477958E+00   2.4073455155E+00   1.9028438306E-03   2.3824954265E+00   2.4413544921E+00   2.0668331774E-03   2.2225738958E+00   2.3995571282E+00   1.5713950947E-03   3.3258124502E-04
   1   -42   0    0   5.8053946876E-01   7.8917238513E+00   1.9639486784E-04   1.9955060059E+00   2.2966364382E+00   2.1304806078E-04   2.0985320563E+00   2.2850800440E+00   6.4847193473E-04   2.2061177809E+00   2.3195461642E+00   1.7465690416E-03   2.2396680798E+00   2.4075190793E+00   1.9028385893E-03   2.3827700181E+00   2.4416207194E+00   2.0669583788E-03   2.2226124765E+00   2.3997204746E+00   1.5713907663E-03   3.3259483519E-04
   1   -43   0    0   5.7056387955E-01   7.8919755509E+00   1.9612596557E-04   1.9952416652E+00   2.2966713557E+00   2.1302215374E-04   2.0983329337E+00   2.2851385999E+00   6.4837574598E-04   2.2059014354E+00   2.3196451238E+00   1.7463099711E-03   2.2399937109E+00   2.4076952518E+00   1.9028331364E-03   2.3830486738E+00   2.4418908861E+00   2.0670852593E-03   2.2226530350E+00   2.3998863391E+00   1.5713862632E-03   3.3260862944E-04
   1   -44   0    0   5.6058905027E-01   7.8922318178E+00   1.9585360781E-04   1.9949733284E+00   2.2967070882E+00   2.1299594658E-04   2.0981303250E+00   2.2851982062E+00   6.4827844289E-04   2.2056824185E+00   2.3197458469E+00   1.7460478994E-03   2.2403247379E+00   2.4078740459E+00   1.9028274666E-03   2.3833314100E+00   2.4421650076E+00   2.0672138183E-03   2.2226956502E+00   2.4000547374E+00   1.5713815810E-03   3.3262262869E-04
   1   -45   0    0   5.5061499775E-01   7.8924927052E+00   1.9557780238E-04   1.9947009730E+00   2.2967436492E+00   2.1296944114E-04   2.0979241854E+00   2.2852588717E+00   6.4818003241E-04   2.2054607423E+00   2.3198483509E+00   1.7457828450E-03   2.2406612088E+00   2.4080554736E+00   1.9028215744E-03   2.3836182411E+00   2.4424430980E+00   2.0673440547E-03   2.2227404034E+00   2.4002256843E+00   1.5713767151E-03   3.3263683378E-04
   1   -46   0    0   5.4064173883E-01   7.8927582657E+00   1.9529855919E-04   1.9944245779E+00   2.2967810519E+00   2.1294263952E-04   2.0977144700E+00   2.2853206048E+00   6.4808052219E-04   2.2052364205E+00   2.3199526527E+00   1.7455148287E-03   2.2410031702E+00   2.4082395461E+00   1.9028154545E-03   2.3839091800E+00   2.4427251698E+00   2.0674759662E-03   2.2227873781E+00   2.4003991940E+00   1.5713716611E-03   3.3265124547E-04
   1   -47   0    0   5.3066929040E-01   7.8930285513E+00   1.9501589022E-04   1.9941441230E+00   2.2968193097E+00   2.1291554396E-04   2.0975011340E+00   2.2853834135E+00   6.4797992067E-04   2.2050094689E+00   2.3200587685E+00   1.7452438731E-03   2.2413506678E+00   2.4084262737E+00   1.9028091014E-03   2.3842042379E+00   2.4430112338E+00   2.0676095496E-03   2.2228366601E+00   2.4005752802E+00   1.5713664146E-03   3.3266586444E-04
   1   -48   0    0   5.2069766933E-01   7.8933036133E+00   1.9472980963E-04   1.9938595896E+00   2.2968584356E+00   2.1288815695E-04   2.0972841322E+00   2.2854473053E+00   6.4787823703E-04   2.2047799051E+00   2.3201667144E+00   1.7449700029E-03   2.2417037462E+00   2.4086156655E+00   1.9028025098E-03   2.3845034242E+00   2.4433012990E+00   2.0677448009E-03   2.2228883377E+00   2.4007539552E+00   1.5713609711E-03   3.3268069127E-04
   1   -49   0    0   5.1072689251E-01   7.8935835022E+00   1.9444033373E-04   1.9935709604E+00   2.2968984426E+00   2.1286048117E-04   2.0970634195E+00   2.2855122871E+00   6.4777548120E-04   2.2045477486E+00   2.3202765057E+00   1.7446932450E-03   2.2420624484E+00   2.4088077298E+00   1.9027956743E-03   2.3848067466E+00   2.4435953729E+00   2.0678817150E-03   2.2229425013E+00   2.4009352311E+00   1.5713553262E-03   3.3269572648E-04
   1   -50   0    0   5.0075697680E-01   7.8938682677E+00   1.9414748104E-04   1.9932782192E+00   2.2969393435E+00   2.1283251949E-04   2.0968389504E+00   2.2855783656E+00   6.4767166389E-04   2.2043130212E+00   2.3203881570E+00   1.7444136282E-03   2.2424268164E+00   2.4090024738E+00   1.9027885896E-03   2.3851142110E+00   2.4438934611E+00   2.0680202858E-03   2.2229992437E+00   2.4011191188E+00   1.5713494755E-03   3.3271097048E-04
   1   -51   0    0   4.9078793901E-01   7.8941579585E+00   1.9385127233E-04   1.9929813515E+00   2.2969811510E+00   2.1280427501E-04   2.0966106795E+00   2.2856455466E+00   6.4756679660E-04   2.2040757463E+00   2.3205016826E+00   1.7441311833E-03   2.2427968907E+00   2.4091999037E+00   1.9027812504E-03   2.3854258212E+00   2.4441955673E+00   2.0681605063E-03   2.2230586600E+00   2.4013056283E+00   1.5713434146E-03   3.3272642360E-04
   1   -52   0    0   4.8081979591E-01   7.8944526223E+00   1.9355173065E-04   1.9926803440E+00   2.2970238775E+00   2.1277575103E-04   2.0963785614E+00   2.2857138356E+00   6.4746089157E-04   2.2038359495E+00   2.3206170960E+00   1.7438459435E-03   2.2431727104E+00   2.4094000247E+00   1.9027736514E-03   2.3857415793E+00   2.4445016935E+00   2.0683023684E-03   2.2231208476E+00   2.4014947690E+00   1.5713371392E-03   3.3274208606E-04
   1   -53   0    0   4.7085256417E-01   7.8947523061E+00   1.9324888134E-04   1.9923751849E+00   2.2970675351E+00   2.1274695107E-04   2.0961425503E+00   2.2857832374E+00   6.4735396185E-04   2.2035936585E+00   2.3207344101E+00   1.7435579438E-03   2.2435543133E+00   2.4096028406E+00   1.9027657873E-03   2.3860614854E+00   2.4448118396E+00   2.0684458629E-03   2.2231859060E+00   2.4016865492E+00   1.5713306449E-03   3.3275795799E-04
   1   -54   0    0   4.6088626038E-01   7.8950570554E+00   1.9294275205E-04   1.9920658638E+00   2.2971121360E+00   2.1271787884E-04   2.0959026006E+00   2.2858537562E+00   6.4724602125E-04   2.2033489032E+00   2.3208536371E+00   1.7432672214E-03   2.2439417353E+00   2.4098083545E+00   1.9027576532E-03   2.3863855374E+00   2.4451260038E+00   2.0685909798E-03   2.2232539373E+00   2.4018809761E+00   1.5713239276E-03   3.3277403945E-04
   1   -55   0    0   4.5092090101E-01   7.8953669149E+00   1.9263337278E-04   1.9917523720E+00   2.2971576918E+00   2.1268853827E-04   2.0956586666E+00   2.2859253957E+00   6.4713708435E-04   2.2031017153E+00   2.3209747886E+00   1.7429738157E-03   2.2443350112E+00   2.4100165680E+00   1.9027492438E-03   2.3867137315E+00   2.4454441820E+00   2.0687377077E-03   2.2233250456E+00   2.4020780564E+00   1.5713169829E-03   3.3279033036E-04
   1   -56   0    0   4.4095650241E-01   7.8956819278E+00   1.9232077591E-04   1.9914347023E+00   2.2972042140E+00   2.1265893351E-04   2.0954107024E+00   2.2859981589E+00   6.4702716654E-04   2.2028521288E+00   2.3210978753E+00   1.7426777680E-03   2.2447341737E+00   2.4102274817E+00   1.9027405541E-03   2.3870460615E+00   2.4457663685E+00   2.0688860343E-03   2.2233993371E+00   2.4022777953E+00   1.5713098068E-03   3.3280683055E-04
   1   -57   0    0   4.3099308077E-01   7.8960021363E+00   1.9200499616E-04   1.9911128491E+00   2.2972517137E+00   2.1262906890E-04   2.0951586622E+00   2.2860720480E+00   6.4691628396E-04   2.2026001798E+00   2.3212229071E+00   1.7423791218E-03   2.2451392542E+00   2.4104410951E+00   1.9027315793E-03   2.3873825193E+00   2.4460925551E+00   2.0690359463E-03   2.2234769204E+00   2.4024801973E+00   1.5713023953E-03   3.3282353976E-04
   1   -58   0    0   4.2103065212E-01   7.8963275809E+00   1.9168607065E-04   1.9907868082E+00   2.2973002018E+00   2.1259894900E-04   2.0949025003E+00   2.2861470646E+00   6.4680445353E-04   2.2023459065E+00   2.3213498934E+00   1.7420779228E-03   2.2455502820E+00   2.4106574064E+00   1.9027223146E-03   2.3877230946E+00   2.4464227320E+00   2.0691874292E-03   2.2235579059E+00   2.4026852660E+00   1.5712947443E-03   3.3284045761E-04
   1   -59   0    0   4.1106923230E-01   7.8966583010E+00   1.9136403891E-04   1.9904565774E+00   2.2973496888E+00   2.1256857857E-04   2.0946421708E+00   2.2862232097E+00   6.4669169293E-04   2.2020893493E+00   2.3214788424E+00   1.7417742184E-03   2.2459672851E+00   2.4108764125E+00   1.9027127551E-03   2.3880677749E+00   2.4467568869E+00   2.0693404675E-03   2.2236424064E+00   2.4028930036E+00   1.5712868499E-03   3.3285758362E-04
   1   -60   0    0   4.0110883693E-01   7.8969943343E+00   1.9103894285E-04   1.9901221559E+00   2.2974001848E+00   2.1253796258E-04   2.0943776278E+00   2.2863004833E+00   6.4657802060E-04   2.2018305506E+00   2.3216097616E+00   1.7414680585E-03   2.2463902891E+00   2.4110981092E+00   1.9027028964E-03   2.3884165456E+00   2.4470950057E+00   2.0694950443E-03   2.2237305364E+00   2.4031034115E+00   1.5712787084E-03   3.3287491720E-04
   1   -61   0    0   3.9114948143E-01   7.8973357171E+00   1.9071082680E-04   1.9897835447E+00   2.2974516995E+00   2.1250710620E-04   2.0941088257E+00   2.2863788848E+00   6.4646345576E-04   2.2015695551E+00   2.3217426578E+00   1.7411594947E-03   2.2468193182E+00   2.4113224911E+00   1.9026927340E-03   2.3887693897E+00   2.4474370718E+00   2.0696511421E-03   2.2238224123E+00   2.4033164900E+00   1.5712703160E-03   3.3289245765E-04
   1   -62   0    0   3.8119118096E-01   7.8976824841E+00   1.9037973748E-04   1.9894407464E+00   2.2975042424E+00   2.1247601481E-04   2.0938357188E+00   2.2864584129E+00   6.4634801834E-04   2.2013064095E+00   2.3218775366E+00   1.7408485807E-03   2.2472543943E+00   2.4115495513E+00   1.9026822635E-03   2.3891262882E+00   2.4477830667E+00   2.0698087417E-03   2.2239181525E+00   2.4035322382E+00   1.5712616693E-03   3.3291020416E-04
   1   -63   0    0   3.7123395042E-01   7.8980346680E+00   1.9004572401E-04   1.9890937657E+00   2.2975578223E+00   2.1244469398E-04   2.0935582614E+00   2.2865390654E+00   6.4623172903E-04   2.2010411627E+00   2.3220144029E+00   1.7405353723E-03   2.2476955375E+00   2.4117792819E+00   1.9026714807E-03   2.3894872197E+00   2.4481329696E+00   2.0699678233E-03   2.2240178771E+00   2.4037506543E+00   1.5712527647E-03   3.3292815580E-04
   1   -64   0    0   3.6127780444E-01   7.8983923001E+00   1.8970883791E-04   1.9887426086E+00   2.2976124478E+00   2.1241314946E-04   2.0932764081E+00   2.2866208393E+00   6.4611460923E-04   2.2007738656E+00   2.3221532603E+00   1.7402199271E-03   2.2481427659E+00   2.4120116736E+00   1.9026603817E-03   2.3898521605E+00   2.4484867576E+00   2.0701283657E-03   2.2241217078E+00   2.4039717352E+00   1.5712435989E-03   3.3294631155E-04
   1   -65   0    0   3.5132275735E-01   7.8987554096E+00   1.8936913306E-04   1.9883872831E+00   2.2976681268E+00   2.1238138723E-04   2.0929901135E+00   2.2867037307E+00   6.4599668108E-04   2.2005045714E+00   2.3222941119E+00   1.7399023047E-03   2.2485960954E+00   2.4122467156E+00   1.9026489626E-03   2.3902210847E+00   2.4488444055E+00   2.0702903467E-03   2.2242297678E+00   2.4041954766E+00   1.5712341688E-03   3.3296467024E-04
   1   -66   0    0   3.4136882315E-01   7.8991240241E+00   1.8902666571E-04   1.9880277992E+00   2.2977248669E+00   2.1234941343E-04   2.0926993326E+00   2.2867877349E+00   6.4587796740E-04   2.2002333351E+00   2.3224369594E+00   1.7395825666E-03   2.2490555399E+00   2.4124843962E+00   1.9026372197E-03   2.3905939640E+00   2.4492058858E+00   2.0704537428E-03   2.2243421818E+00   2.4044218734E+00   1.5712244712E-03   3.3298323062E-04
   1   -67   0    0   3.3141601551E-01   7.8994981688E+00   1.8868149447E-04   1.9876641684E+00   2.2977826751E+00   2.1231723438E-04   2.0924040203E+00   2.2868728464E+00   6.4575849170E-04   2.1999602140E+00   2.3225818036E+00   1.7392607760E-03   2.2495211109E+00   2.4127247020E+00   1.9026251494E-03   2.3909707679E+00   2.4495711690E+00   2.0706185296E-03   2.2244590759E+00   2.4046509189E+00   1.5712145034E-03   3.3300199131E-04
   1   -68   0    0   3.2146434775E-01   7.8998778671E+00   1.8833368026E-04   1.9872964041E+00   2.2978415579E+00   2.1228485661E-04   2.0921041319E+00   2.2869590588E+00   6.4563827817E-04   2.1996852671E+00   2.3227286442E+00   1.7389369983E-03   2.2499928180E+00   2.4129676186E+00   1.9026127486E-03   2.3913514635E+00   2.4499402230E+00   2.0707846816E-03   2.2245805773E+00   2.4048826055E+00   1.5712042626E-03   3.3302095081E-04
   1   -69   0    0   3.1151383282E-01   7.9002631404E+00   1.8798328630E-04   1.9869245218E+00   2.2979015212E+00   2.1225228682E-04   2.0917996231E+00   2.2870463647E+00   6.4551735166E-04   2.1994085558E+00   2.3228774799E+00   1.7386113002E-03   2.2504706683E+00   2.4132131300E+00   1.9026000141E-03   2.3917360157E+00   2.4503130137E+00   2.0709521720E-03   2.2247068141E+00   2.4051169245E+00   1.5711937462E-03   3.3304010751E-04
   1   -70   0    0   3.0156448329E-01   7.9006540076E+00   1.8763037808E-04   1.9865485386E+00   2.2979625704E+00   2.1221953185E-04   2.0914904497E+00   2.2871347558E+00   6.4539573764E-04   2.1991301431E+00   2.3230283083E+00   1.7382837505E-03   2.2509546667E+00   2.4134612191E+00   1.9025869431E-03   2.3921243870E+00   2.4506895048E+00   2.0711209732E-03   2.2248379156E+00   2.4053538656E+00   1.5711829519E-03   3.3305945969E-04
   1   -71   0    0   2.9161631130E-01   7.9010504855E+00   1.8727502333E-04   1.9861684736E+00   2.2980247103E+00   2.1218659874E-04   2.0911765680E+00   2.2872242231E+00   6.4527346224E-04   2.1988500940E+00   2.3231811258E+00   1.7379544194E-03   2.2514448158E+00   2.4137118673E+00   1.9025735329E-03   2.3925165374E+00   2.4510696577E+00   2.0712910562E-03   2.2249740116E+00   2.4055934177E+00   1.5711718775E-03   3.3307900550E-04
   1   -72   0    0   2.8166932858E-01   7.9014525886E+00   1.8691729197E-04   1.9857843478E+00   2.2980879451E+00   2.1215349470E-04   2.0908579347E+00   2.2873147564E+00   6.4515055215E-04   2.1985684753E+00   2.3233359276E+00   1.7376233788E-03   2.2519411157E+00   2.4139650548E+00   1.9025597811E-03   2.3929124251E+00   2.4514534314E+00   2.0714623912E-03   2.2251152325E+00   2.4058355684E+00   1.5711605211E-03   3.3309874298E-04
   1   -73   0    0   2.7172354641E-01   7.9018603290E+00   1.8655725609E-04   1.9853961839E+00   2.2981522782E+00   2.1212022706E-04   2.0905345069E+00   2.2874063446E+00   6.4502703468E-04   2.1982853558E+00   2.3234927079E+00   1.7372907024E-03   2.2524435642E+00   2.4142207602E+00   1.9025456856E-03   2.3933120054E+00   2.4518407829E+00   2.0716349471E-03   2.2252617094E+00   2.4060803039E+00   1.5711488807E-03   3.3311867006E-04
   1   -74   0    0   2.6177897564E-01   7.9022737161E+00   1.8619498992E-04   1.9850040069E+00   2.2982177127E+00   2.1208680333E-04   2.0902062424E+00   2.2874989759E+00   6.4490293767E-04   2.1980008059E+00   2.3236514596E+00   1.7369564651E-03   2.2529521565E+00   2.4144789612E+00   1.9025312444E-03   2.3937152318E+00   2.4522316670E+00   2.0718086920E-03   2.2254135732E+00   2.4063276094E+00   1.5711369549E-03   3.3313878455E-04
   1   -75   0    0   2.5183562660E-01   7.9026927569E+00   1.8583056972E-04   1.9846078432E+00   2.2982842507E+00   2.1205323116E-04   2.0898730993E+00   2.2875926372E+00   6.4477828953E-04   2.1977148976E+00   2.3238121744E+00   1.7366207433E-03   2.2534668855E+00   2.4147396339E+00   1.9025164559E-03   2.3941220552E+00   2.4526260360E+00   2.0719835928E-03   2.2255709552E+00   2.4065774687E+00   1.5711247423E-03   3.3315908415E-04
   1   -76   0    0   2.4189350916E-01   7.9031174559E+00   1.8546407380E-04   1.9842077216E+00   2.2983518938E+00   2.1201951834E-04   2.0895350366E+00   2.2876873147E+00   6.4465311916E-04   2.1974277048E+00   2.3239748429E+00   1.7362836150E-03   2.2539877414E+00   2.4150027531E+00   1.9025013187E-03   2.3945324245E+00   2.4530238403E+00   2.0721596155E-03   2.2257339863E+00   2.4068298644E+00   1.5711122418E-03   3.3317956644E-04
   1   -77   0    0   2.3195263265E-01   7.9035478147E+00   1.8509558245E-04   1.9838036724E+00   2.2984206427E+00   2.1198567279E-04   2.0891920138E+00   2.2877829935E+00   6.4452745599E-04   2.1971393026E+00   2.3241394543E+00   1.7359451594E-03   2.2545147118E+00   2.4152682922E+00   1.9024858318E-03   2.3949462862E+00   2.4534250281E+00   2.0723367250E-03   2.2259027971E+00   2.4070847779E+00   1.5710994524E-03   3.3320022888E-04
   1   -78   0    0   2.2201300590E-01   7.9039838322E+00   1.8472517787E-04   1.9833957281E+00   2.2984904977E+00   2.1195170255E-04   2.0888439914E+00   2.2878796578E+00   6.4440132988E-04   2.1968497679E+00   2.3243059968E+00   1.7356054570E-03   2.2550477820E+00   2.4155362236E+00   1.9024699943E-03   2.3953635846E+00   2.4538295454E+00   2.0725148852E-03   2.2260775176E+00   2.4073421893E+00   1.5710863735E-03   3.3322106883E-04
   1   -79   0    0   2.1207463717E-01   7.9044255045E+00   1.8435294410E-04   1.9829839230E+00   2.2985614581E+00   2.1191761580E-04   2.0884909306E+00   2.2879772908E+00   6.4427477116E-04   2.1965591789E+00   2.3244744570E+00   1.7352645894E-03   2.2555869343E+00   2.4158065180E+00   1.9024538058E-03   2.3957842619E+00   2.4542373361E+00   2.0726940594E-03   2.2262582771E+00   2.4076020776E+00   1.5710730047E-03   3.3324208354E-04
   1   -80   0    0   2.0213753416E-01   7.9048728248E+00   1.8397896698E-04   1.9825682932E+00   2.2986335226E+00   2.1188342081E-04   2.0881327934E+00   2.2880758748E+00   6.4414781058E-04   2.1962676150E+00   2.3246448206E+00   1.7349226394E-03   2.2561321484E+00   2.4160791451E+00   1.9024372659E-03   2.3962082582E+00   2.4546483421E+00   2.0728742094E-03   2.2264452036E+00   2.4078644203E+00   1.5710593458E-03   3.3326327015E-04
   1   -81   0    0   1.9220170401E-01   7.9053257832E+00   1.8360333411E-04   1.9821488769E+00   2.2987066890E+00   2.1184912597E-04   2.0877695432E+00   2.2881753910E+00   6.4402047928E-04   2.1959751569E+00   2.3248170717E+00   1.7345796910E-03   2.2566834016E+00   2.4163540733E+00   1.9024203748E-03   2.3966355112E+00   2.4550625030E+00   2.0730552966E-03   2.2266384242E+00   2.4081291939E+00   1.5710453969E-03   3.3328462567E-04
   1   -82   0    0   1.8226715323E-01   7.9057843670E+00   1.8322613471E-04   1.9817257140E+00   2.2987809543E+00   2.1181473976E-04   2.0874011441E+00   2.2882758199E+00   6.4389280875E-04   2.1956818867E+00   2.3249911933E+00   1.7342358288E-03   2.2572406680E+00   2.4166312695E+00   1.9024031329E-03   2.3970659568E+00   2.4554797566E+00   2.0732372812E-03   2.2268380642E+00   2.4083963734E+00   1.5710311582E-03   3.3330614704E-04
   1   -83   0    0   1.7233388773E-01   7.9062485603E+00   1.8284745961E-04   1.9812988463E+00   2.2988563150E+00   2.1178027077E-04   2.0870275617E+00   2.2883771407E+00   6.4376483085E-04   2.1953878872E+00   2.3251671672E+00   1.7338911389E-03   2.2578039192E+00   2.4169106995E+00   1.9023855410E-03   2.3974995288E+00   2.4559000388E+00   2.0734201228E-03   2.2270442472E+00   2.4086659327E+00   1.5710166305E-03   3.3332783106E-04
   1   -84   0    0   1.6240191277E-01   7.9067183438E+00   1.8246740115E-04   1.9808683175E+00   2.2989327664E+00   2.1174572765E-04   2.0866487626E+00   2.2884793319E+00   6.4363657772E-04   2.1950932423E+00   2.3253449736E+00   1.7335457076E-03   2.2583731241E+00   2.4171923280E+00   1.9023676000E-03   2.3979361589E+00   2.4563232833E+00   2.0736037799E-03   2.2272570948E+00   2.4089378446E+00   1.5710018145E-03   3.3334967445E-04
   1   -85   0    0   1.5247123296E-01   7.9071936955E+00   1.8208605312E-04   1.9804341731E+00   2.2990103032E+00   2.1171111914E-04   2.0862647149E+00   2.2885823711E+00   6.4350808180E-04   2.1947980368E+00   2.3255245916E+00   1.7331996224E-03   2.2589482485E+00   2.4174761183E+00   1.9023493114E-03   2.3983757769E+00   2.4567494221E+00   2.0737882103E-03   2.2274767264E+00   2.4092120802E+00   1.5709867115E-03   3.3337167382E-04
   1   -86   0    0   1.4254185225E-01   7.9076745896E+00   1.8170351067E-04   1.9799964605E+00   2.2990889192E+00   2.1167645404E-04   2.0858753884E+00   2.2886862349E+00   6.4337937579E-04   2.1945023563E+00   2.3257059990E+00   1.7328529713E-03   2.2595292555E+00   2.4177620324E+00   1.9023306769E-03   2.3988183107E+00   2.4571783852E+00   2.0739733712E-03   2.2277032586E+00   2.4094886098E+00   1.5709713227E-03   3.3339382567E-04
   1   -87   0    0   1.3261377386E-01   7.9081609973E+00   1.8131987020E-04   1.9795552288E+00   2.2991686074E+00   2.1164174122E-04   2.0854807542E+00   2.2887908989E+00   6.4325049258E-04   2.1942062869E+00   2.3258891723E+00   1.7325058430E-03   2.2601161052E+00   2.4180500314E+00   1.9023116984E-03   2.3992636862E+00   2.4576101009E+00   2.0741592189E-03   2.2279368055E+00   2.4097674023E+00   1.5709556500E-03   3.3341612643E-04
   1   -88   0    0   1.2268700033E-01   7.9086528862E+00   1.8093522934E-04   1.9791105290E+00   2.2992493598E+00   2.1160698959E-04   2.0850807851E+00   2.2888963381E+00   6.4312146530E-04   2.1939099152E+00   2.3260740865E+00   1.7321583267E-03   2.2607087551E+00   2.4183400749E+00   1.9022923785E-03   2.3997118277E+00   2.4580444957E+00   2.0743457091E-03   2.2281774781E+00   2.4100484254E+00   1.5709396952E-03   3.3343857241E-04
   1   -89   0    0   1.1276153344E-01   7.9091502206E+00   1.8054968680E-04   1.9786624136E+00   2.2993311679E+00   2.1157220811E-04   2.0846754561E+00   2.2890025262E+00   6.4299232720E-04   2.1936133284E+00   2.3262607154E+00   1.7318105118E-03   2.2613071594E+00   2.4186321217E+00   1.9022727197E-03   2.4001626576E+00   2.4584814944E+00   2.0745327968E-03   2.2284253837E+00   2.4103316454E+00   1.5709234607E-03   3.3346115983E-04
   1   -90   0    0   1.0283737424E-01   7.9096529614E+00   1.8016334232E-04   1.9782109371E+00   2.2994140218E+00   2.1153740579E-04   2.0842647437E+00   2.2891094364E+00   6.4286311169E-04   2.1933166139E+00   2.3264490317E+00   1.7314624885E-03   2.2619112695E+00   2.4189261292E+00   1.9022527252E-03   2.4006160965E+00   2.4589210202E+00   2.0747204362E-03   2.2286806265E+00   2.4106170275E+00   1.5709069489E-03   3.3348388483E-04
   1   -91   0    0   9.2914522981E-02   7.9101610656E+00   1.7977629654E-04   1.9777561556E+00   2.2994979111E+00   2.1150259163E-04   2.0838486266E+00   2.2892170410E+00   6.4273385226E-04   2.1930198592E+00   2.3266390065E+00   1.7311143469E-03   2.2625210338E+00   2.4192220537E+00   1.9022323983E-03   2.4010720636E+00   2.4593629945E+00   2.0749085812E-03   2.2289433064E+00   2.4109045359E+00   1.5708901626E-03   3.3350674347E-04
   1   -92   0    0   8.2992979124E-02   7.9106744871E+00   1.7938865095E-04   1.9772981266E+00   2.2995828245E+00   2.1146777469E-04   2.0834270860E+00   2.2893253115E+00   6.4260458249E-04   2.1927231520E+00   2.3268306097E+00   1.7307661774E-03   2.2631363977E+00   2.4195198507E+00   1.9022117429E-03   2.4015304764E+00   2.4598073374E+00   2.0750971850E-03   2.2292135195E+00   2.4111941333E+00   1.5708731050E-03   3.3352973170E-04
   1   -93   0    0   7.3072741312E-02   7.9111931759E+00   1.7900050777E-04   1.9768369097E+00   2.2996687495E+00   2.1143296402E-04   2.0830001049E+00   2.2894342184E+00   6.4247533598E-04   2.1924265798E+00   2.3270238101E+00   1.7304180706E-03   2.2637573037E+00   2.4198194743E+00   1.9021907629E-03   2.4019912507E+00   2.4602539674E+00   2.0752862003E-03   2.2294913572E+00   2.4114857813E+00   1.5708557794E-03   3.3355284541E-04
   1   -94   0    0   6.3153807345E-02   7.9117170784E+00   1.7861196983E-04   1.9763725655E+00   2.2997556730E+00   2.1139816866E-04   2.0825676691E+00   2.2895437318E+00   6.4234614636E-04   2.1921302300E+00   2.3272185749E+00   1.7300701170E-03   2.2643836909E+00   2.4201208778E+00   1.9021694629E-03   2.4024543012E+00   2.4607028018E+00   2.0754755794E-03   2.2297769063E+00   2.4117794404E+00   1.5708381895E-03   3.3357608041E-04
   1   -95   0    0   5.3236174162E-02   7.9122461373E+00   1.7822314052E-04   1.9759051566E+00   2.2998435809E+00   2.1136339767E-04   2.0821297669E+00   2.2896538208E+00   6.4221704719E-04   2.1918341895E+00   2.3274148702E+00   1.7297224070E-03   2.2650154958E+00   2.4204240134E+00   1.9021478475E-03   2.4029195409E+00   2.4611537562E+00   2.0756652740E-03   2.2300702488E+00   2.4120750699E+00   1.5708203392E-03   3.3359943241E-04
   1   -96   0    0   4.3319837813E-02   7.9127802918E+00   1.7783412364E-04   1.9754347468E+00   2.2999324582E+00   2.1132866008E-04   2.0816863894E+00   2.2897644539E+00   6.4208807201E-04   2.1915385448E+00   2.3276126609E+00   1.7293750310E-03   2.2656526515E+00   2.4207288325E+00   1.9021259219E-03   2.4033868816E+00   2.4616067452E+00   2.0758552357E-03   2.2303714614E+00   2.4123726279E+00   1.5708022326E-03   3.3362289709E-04
   1   -97   0    0   3.3404793443E-02   7.9133194773E+00   1.7744502332E-04   1.9749614015E+00   2.3000222889E+00   2.1129396488E-04   2.0812375303E+00   2.2898755989E+00   6.4195925425E-04   2.1912433820E+00   2.3278119106E+00   1.7290280789E-03   2.2662950883E+00   2.4210352853E+00   1.9021036915E-03   2.4038562339E+00   2.4620616821E+00   2.0760454155E-03   2.2306806154E+00   2.4126720715E+00   1.5707838744E-03   3.3364647004E-04
   1   -98   0    0   2.3491035266E-02   7.9138636253E+00   1.7705594390E-04   1.9744851871E+00   2.3001130563E+00   2.1125932105E-04   2.0807831865E+00   2.2899872232E+00   6.4183062722E-04   2.1909487861E+00   2.3280125817E+00   1.7286816406E-03   2.2669427331E+00   2.4213433213E+00   1.9020811620E-03   2.4043275072E+00   2.4625184792E+00   2.0762357643E-03   2.2309977763E+00   2.4129733567E+00   1.5707652691E-03   3.3367014677E-04
   1   -99   0    0   1.3578556543E-02   7.9144126638E+00   1.7666698984E-04   1.9740061719E+00   2.3002047427E+00   2.1122473752E-04   2.0803233581E+00   2.2900992932E+00   6.4170222408E-04   2.1906548415E+00   2.3282146354E+00   1.7283358052E-03   2.2675955100E+00   2.4216528891E+00   1.9020583395E-03   2.4048006099E+00   2.4629770475E+00   2.0764262326E-03   2.2313230038E+00   2.4132764381E+00   1.5707464220E-03   3.3369392275E-04
   1  -100   0    0   3.6673495618E-03   7.9149665171E+00   1.7627826558E-04   1.9735244249E+00   2.3002973293E+00   2.1119022317E-04   2.0798580483E+00   2.2902117751E+00   6.4157407778E-04   2.1903616314E+00   2.3284180317E+00   1.7279906616E-03   2.2682533398E+00   2.4219639363E+00   1.9020352305E-03   2.4052754491E+00   2.4634372973E+00   2.0766167708E-03   2.2316563516E+00   2.4135812698E+00   1.5707273381E-03   3.3371779340E-04
   1  -101   0    0  -6.2425943865E-03   7.9155251056E+00   1.7588987545E-04   1.9730400165E+00   2.3003907967E+00   2.1115578681E-04   2.0793872636E+00   2.2903246345E+00   6.4144622106E-04   2.1900692380E+00   2.3286227295E+00   1.7276462980E-03   2.2689161404E+00   2.4222764100E+00   1.9020118415E-03   2.4057519314E+00   2.4638991377E+00   2.0768073293E-03   2.2319978669E+00   2.4138878043E+00   1.5707080231E-03   3.3374175406E-04
   1  -102   0    0  -1.6151285026E-02   7.9160883461E+00   1.7550192359E-04   1.9725530183E+00   2.3004851245E+00   2.1112143720E-04   2.0789110143E+00   2.2904378363E+00   6.4131868640E-04   2.1897777422E+00   2.3288286865E+00   1.7273028018E-03   2.2695838265E+00   2.4225902564E+00   1.9019881796E-03   2.4062299622E+00   2.4643624774E+00   2.0769978580E-03   2.2323475903E+00   2.4141959936E+00   1.5706884827E-03   3.3376580003E-04
   1  -103   0    0  -2.6058733120E-02   7.9166561517E+00   1.7511451375E-04   1.9720635028E+00   2.3005802913E+00   2.1108718300E-04   2.0784293143E+00   2.2905513453E+00   6.4119150600E-04   2.1894872233E+00   2.3290358594E+00   1.7269602597E-03   2.2702563096E+00   2.4229054208E+00   1.9019642520E-03   2.4067094464E+00   2.4648272240E+00   2.0771883072E-03   2.2327055558E+00   2.4145057882E+00   1.5706687230E-03   3.3378992658E-04
   1  -104   0    0  -3.5964950484E-02   7.9172284319E+00   1.7472774927E-04   1.9715715435E+00   2.3006762751E+00   2.1105303279E-04   2.0779421810E+00   2.2906651258E+00   6.4106471172E-04   2.1891977594E+00   2.3292442039E+00   1.7266187576E-03   2.2709334986E+00   2.4232218482E+00   1.9019400665E-03   2.4071902880E+00   2.4652932846E+00   2.0773786270E-03   2.2330717904E+00   2.4148171381E+00   1.5706487501E-03   3.3381412893E-04
   1  -105   0    0  -4.5869950014E-02   7.9178050925E+00   1.7434173291E-04   1.9710772149E+00   2.3007730527E+00   2.1101899507E-04   2.0774496361E+00   2.2907791417E+00   6.4093833507E-04   2.1889094265E+00   2.3294536743E+00   1.7262783803E-03   2.2716152988E+00   2.4235394825E+00   1.9019156307E-03   2.4076723906E+00   2.4657605657E+00   2.0775687675E-03   2.2334463141E+00   2.4151299922E+00   1.5706285707E-03   3.3383840226E-04
   1  -106   0    0  -5.5773745694E-02   7.9183860359E+00   1.7395656674E-04   1.9705805920E+00   2.3008706003E+00   2.1098507822E-04   2.0769517051E+00   2.2908933566E+00   6.4081240720E-04   2.1886222990E+00   2.3296642244E+00   1.7259392117E-03   2.2723016128E+00   2.4238582676E+00   1.9018909528E-03   2.4081556573E+00   2.4662289735E+00   2.0777586792E-03   2.2338291396E+00   2.4154442985E+00   1.5706081913E-03   3.3386274171E-04
   1  -107   0    0  -6.5676352617E-02   7.9189711606E+00   1.7357235206E-04   1.9700817508E+00   2.3009688931E+00   2.1095129051E-04   2.0764484178E+00   2.2910077340E+00   6.4068695881E-04   2.1883364495E+00   2.3298758068E+00   1.7256013345E-03   2.2729923402E+00   2.4241781463E+00   1.9018660413E-03   2.4086399907E+00   2.4666984135E+00   2.0779483125E-03   2.2342202724E+00   2.4157600041E+00   1.5705876189E-03   3.3388714241E-04
   1  -108   0    0  -7.5577787002E-02   7.9195603621E+00   1.7318918923E-04   1.9695807679E+00   2.3010679057E+00   2.1091764009E-04   2.0759398081E+00   2.2911222370E+00   6.4056202015E-04   2.1880519483E+00   2.3300883730E+00   1.7252648303E-03   2.2736873776E+00   2.4244990611E+00   1.9018409045E-03   2.4091252932E+00   2.4671687913E+00   2.0781376182E-03   2.2346197105E+00   2.4160770555E+00   1.5705668606E-03   3.3391159945E-04
   1  -109   0    0  -8.5478066198E-02   7.9201535321E+00   1.7280717762E-04   1.9690777203E+00   2.3011676116E+00   2.1088413498E-04   2.0754259143E+00   2.2912368287E+00   6.4043762101E-04   2.1877688636E+00   2.3303018740E+00   1.7249297791E-03   2.2743866185E+00   2.4248209542E+00   1.9018155515E-03   2.4096114669E+00   2.4676400119E+00   2.0783265472E-03   2.2350274441E+00   2.4163953982E+00   1.5705459236E-03   3.3393610792E-04
   1  -110   0    0  -9.5377208706E-02   7.9207505592E+00   1.7242641544E-04   1.9685726857E+00   2.3012679838E+00   2.1085078307E-04   2.0749067792E+00   2.2913514721E+00   6.4031379067E-04   2.1874872613E+00   2.3305162597E+00   1.7245962599E-03   2.2750899539E+00   2.4251437672E+00   1.9017899913E-03   2.4100984139E+00   2.4681119806E+00   2.0785150509E-03   2.2354434560E+00   2.4167149772E+00   1.5705248156E-03   3.3396066287E-04
   1  -111   0    0  -1.0527523418E-01   7.9213513288E+00   1.7204699966E-04   1.9680657419E+00   2.3013689942E+00   2.1081759209E-04   2.0743824502E+00   2.2914661302E+00   6.4019055783E-04   2.1872072050E+00   2.3307314794E+00   1.7242643500E-03   2.2757972717E+00   2.4254674415E+00   1.9017642331E-03   2.4105860362E+00   2.4685846022E+00   2.0787030812E-03   2.2358677214E+00   2.4170357366E+00   1.5705035440E-03   3.3398525937E-04
   1  -112   0    0  -1.1517216343E-01   7.9219557229E+00   1.7166902590E-04   1.9675569672E+00   2.3014706144E+00   2.1078456962E-04   2.0738529792E+00   2.2915807658E+00   6.4006795067E-04   2.1869287556E+00   2.3309474814E+00   1.7239341253E-03   2.2765084570E+00   2.4257919180E+00   1.9017382863E-03   2.4110742359E+00   2.4690577821E+00   2.0788905902E-03   2.2363002074E+00   2.4173576200E+00   1.5704821168E-03   3.3400989246E-04
   1  -113   0    0  -1.2506801845E-01   7.9225636207E+00   1.7129258828E-04   1.9670464398E+00   2.3015728149E+00   2.1075172309E-04   2.0733184228E+00   2.2916953420E+00   6.3994599674E-04   2.1866519716E+00   2.3311642137E+00   1.7236056599E-03   2.2772233924E+00   2.4261171374E+00   1.9017121606E-03   2.4115629153E+00   2.4695314255E+00   2.0790775305E-03   2.2367408737E+00   2.4176805703E+00   1.5704605418E-03   3.3403455720E-04
   1  -114   0    0  -1.3496282238E-01   7.9231748982E+00   1.7091777940E-04   1.9665342382E+00   2.3016755658E+00   2.1071905975E-04   2.0727788425E+00   2.2918098220E+00   6.3982472297E-04   2.1863769085E+00   2.3313816233E+00   1.7232790265E-03   2.2779419575E+00   2.4264430404E+00   1.9016858658E-03   2.4120519768E+00   2.4700054380E+00   2.0792638557E-03   2.2371896719E+00   2.4180045300E+00   1.5704388270E-03   3.3405924863E-04
   1  -115   0    0  -1.4485659954E-01   7.9237894288E+00   1.7054469012E-04   1.9660204408E+00   2.3017788362E+00   2.1068658668E-04   2.0722343044E+00   2.2919241690E+00   6.3970415563E-04   2.1861036193E+00   2.3315996568E+00   1.7229542957E-03   2.2786640297E+00   2.4267695673E+00   1.9016594117E-03   2.4125413235E+00   2.4704797256E+00   2.0794495194E-03   2.2376465462E+00   2.4183294409E+00   1.5704169808E-03   3.3408396182E-04
   1  -116   0    0  -1.5474937542E-01   7.9244070831E+00   1.7017340956E-04   1.9655051260E+00   2.3018825949E+00   2.1065431077E-04   2.0716848796E+00   2.2920383466E+00   6.3958432032E-04   2.1858321540E+00   2.3318182603E+00   1.7226315366E-03   2.2793894835E+00   2.4270966583E+00   1.9016328084E-03   2.4130308587E+00   2.4709541946E+00   2.0796344764E-03   2.2381114327E+00   2.4186552447E+00   1.5703950114E-03   3.3410869186E-04
   1  -117   0    0  -1.6464117664E-01   7.9250277289E+00   1.6980402494E-04   1.9649883718E+00   2.3019868099E+00   2.1062223873E-04   2.0711306440E+00   2.2921523186E+00   6.3946524194E-04   2.1855625596E+00   2.3320373794E+00   1.7223108161E-03   2.2801181914E+00   2.4274242538E+00   1.9016060660E-03   2.4135204863E+00   2.4714287519E+00   2.0798186818E-03   2.2385842600E+00   2.4189818823E+00   1.5703729271E-03   3.3413343383E-04
   1  -118   0    0  -1.7453203099E-01   7.9256512319E+00   1.6943662151E-04   1.9644702561E+00   2.3020914488E+00   2.1059037707E-04   2.0705716785E+00   2.2922660490E+00   6.3934694466E-04   2.1852948803E+00   2.3322569592E+00   1.7219921994E-03   2.2808500233E+00   2.4277522940E+00   1.9015791948E-03   2.4140101109E+00   2.4719033051E+00   2.0800020919E-03   2.2390649493E+00   2.4193092945E+00   1.5703507364E-03   3.3415818285E-04
   1  -119   0    0  -1.8442196739E-01   7.9262774552E+00   1.6907128244E-04   1.9639508562E+00   2.3021964785E+00   2.1055873209E-04   2.0700080686E+00   2.2923795025E+00   6.3922945188E-04   2.1850291569E+00   2.3324769446E+00   1.7216757495E-03   2.2815848467E+00   2.4280807191E+00   1.9015522051E-03   2.4144996377E+00   2.4723777624E+00   2.0801846634E-03   2.2395534138E+00   2.4196374218E+00   1.5703284479E-03   3.3418293408E-04
   1  -120   0    0  -1.9431101588E-01   7.9269062598E+00   1.6870808876E-04   1.9634302491E+00   2.3023018654E+00   2.1052730989E-04   2.0694399050E+00   2.2924926440E+00   6.3911278626E-04   2.1847654274E+00   2.3326972802E+00   1.7213615274E-03   2.2823225273E+00   2.4284094696E+00   1.9015251073E-03   2.4149889729E+00   2.4728520330E+00   2.0803663543E-03   2.2400495597E+00   2.4199662044E+00   1.5703060701E-03   3.3420768269E-04
   1  -121   0    0  -2.0419920757E-01   7.9275375048E+00   1.6834711925E-04   1.9629085111E+00   2.3024075757E+00   2.1049611636E-04   2.0688672831E+00   2.2926054388E+00   6.3899696966E-04   2.1845037264E+00   2.3329179103E+00   1.7210495921E-03   2.2830629285E+00   2.4287384861E+00   1.9014979118E-03   2.4154780235E+00   2.4733260266E+00   2.0805471231E-03   2.2405532857E+00   2.4202955823E+00   1.5702836116E-03   3.3423242390E-04
   1  -122   0    0  -2.1408657469E-01   7.9281710471E+00   1.6798845038E-04   1.9623857180E+00   2.3025135748E+00   2.1046515717E-04   2.0682903032E+00   2.2927178530E+00   6.3888202312E-04   2.1842440855E+00   2.3331387790E+00   1.7207400001E-03   2.2838059119E+00   2.4290677092E+00   1.9014706291E-03   2.4159666976E+00   2.4737996543E+00   2.0807269296E-03   2.2410644835E+00   2.4206254955E+00   1.5702610811E-03   3.3425715297E-04
   1  -123   0    0  -2.2397315049E-01   7.9288067423E+00   1.6763215620E-04   1.9618619447E+00   2.3026198281E+00   2.1043443776E-04   2.0677090702E+00   2.2928298531E+00   6.3876796687E-04   2.1839865330E+00   2.3333598304E+00   1.7204328060E-03   2.2845513371E+00   2.4293970800E+00   1.9014432696E-03   2.4164549042E+00   2.4742728279E+00   2.0809057344E-03   2.2415830377E+00   2.4209558837E+00   1.5702384872E-03   3.3428186521E-04
   1  -124   0    0  -2.3385896925E-01   7.9294444440E+00   1.6727830833E-04   1.9613372654E+00   2.3027263004E+00   2.1040396337E-04   2.0671236940E+00   2.2929414061E+00   6.3865482030E-04   2.1837310939E+00   2.3335810086E+00   1.7201280620E-03   2.2852990620E+00   2.4297265399E+00   1.9014158438E-03   2.4169425536E+00   2.4747454606E+00   2.0810834992E-03   2.2421088262E+00   2.4212866870E+00   1.5702158385E-03   3.3430655596E-04
   1  -125   0    0  -2.4374406622E-01   7.9300840049E+00   1.6692697585E-04   1.9608117534E+00   2.3028329563E+00   2.1037373897E-04   2.0665342890E+00   2.2930524800E+00   6.3854260195E-04   2.1834777902E+00   2.3338022576E+00   1.7198258180E-03   2.2860489431E+00   2.4300560305E+00   1.9013883620E-03   2.4174295572E+00   2.4752174666E+00   2.0812601870E-03   2.2426417202E+00   2.4216178450E+00   1.5701931437E-03   3.3433122062E-04
   1  -126   0    0  -2.5362847764E-01   7.9307252761E+00   1.6657822526E-04   1.9602854810E+00   2.3029397601E+00   2.1034376934E-04   2.0659409741E+00   2.2931630433E+00   6.3843132949E-04   2.1832266403E+00   2.3340235216E+00   1.7195261216E-03   2.2868008353E+00   2.4303854939E+00   1.9013608348E-03   2.4179158279E+00   2.4756887613E+00   2.0814357616E-03   2.2431815845E+00   2.4219492977E+00   1.5701704112E-03   3.3435585468E-04
   1  -127   0    0  -2.6351224062E-01   7.9313681077E+00   1.6623212042E-04   1.9597585195E+00   2.3030466761E+00   2.1031405900E-04   2.0653438727E+00   2.2932730651E+00   6.3832101973E-04   2.1829776598E+00   2.3342447448E+00   1.7192290182E-03   2.2875545919E+00   2.4307148727E+00   1.9013332723E-03   2.4184012797E+00   2.4761592617E+00   2.0816101881E-03   2.2437282776E+00   2.4222809853E+00   1.5701476497E-03   3.3438045364E-04
   1  -128   0    0  -2.7339539319E-01   7.9320123492E+00   1.6588872253E-04   1.9592309391E+00   2.3031536681E+00   2.1028461224E-04   2.0647431126E+00   2.2933825155E+00   6.3821168860E-04   2.1827308609E+00   2.3344658719E+00   1.7189345505E-03   2.2883100654E+00   2.4310441098E+00   1.9013056850E-03   2.4188858283E+00   2.4766288858E+00   2.0817834329E-03   2.2442816523E+00   2.4226128481E+00   1.5701248676E-03   3.3440501310E-04
   1  -129   0    0  -2.8327797416E-01   7.9326578490E+00   1.6554809006E-04   1.9587028091E+00   2.3032607000E+00   2.1025543310E-04   2.0641388257E+00   2.2934913655E+00   6.3810335113E-04   2.1824862527E+00   2.3346868476E+00   1.7186427591E-03   2.2890671070E+00   2.4313731489E+00   1.9012780829E-03   2.4193693907E+00   2.4770975535E+00   2.0819554634E-03   2.2448415553E+00   2.4229448265E+00   1.5701020734E-03   3.3442952872E-04
   1  -130   0    0  -2.9316002315E-01   7.9333044552E+00   1.6521027873E-04   1.9581741974E+00   2.3033677357E+00   2.1022652541E-04   2.0635311482E+00   2.2935995866E+00   6.3799602147E-04   2.1822438413E+00   2.3349076171E+00   1.7183536821E-03   2.2898255668E+00   2.4317019341E+00   1.9012504761E-03   2.4198518854E+00   2.4775651857E+00   2.0821262484E-03   2.2454078282E+00   2.4232768613E+00   1.5700792753E-03   3.3445399621E-04
   1  -131   0    0  -3.0304158051E-01   7.9339520155E+00   1.6487534148E-04   1.9576451708E+00   2.3034747389E+00   2.1019789273E-04   2.0629202199E+00   2.2937071514E+00   6.3788971291E-04   2.1820036294E+00   2.3351281259E+00   1.7180673552E-03   2.2905852943E+00   2.4320304100E+00   1.9012228745E-03   2.4203332328E+00   2.4780317053E+00   2.0822957579E-03   2.2459803070E+00   2.4236088938E+00   1.5700564815E-03   3.3447841138E-04
   1  -132   0    0  -3.1292268726E-01   7.9346003773E+00   1.6454332848E-04   1.9571157948E+00   2.3035816734E+00   2.1016953840E-04   2.0623061848E+00   2.2938140334E+00   6.3778443780E-04   2.1817656172E+00   2.3353483200E+00   1.7177838119E-03   2.2913461382E+00   2.4323585220E+00   1.9011952881E-03   2.4208133546E+00   2.4784970364E+00   2.0824639632E-03   2.2465588231E+00   2.4239408655E+00   1.5700337002E-03   3.3450277011E-04
   1  -133   0    0  -3.2280338506E-01   7.9352493882E+00   1.6421428707E-04   1.9565861337E+00   2.3036885031E+00   2.1014146551E-04   2.0616891900E+00   2.2939202071E+00   6.3768020764E-04   2.1815298017E+00   2.3355681459E+00   1.7175030829E-03   2.2921079465E+00   2.4326862163E+00   1.9011677265E-03   2.4212921742E+00   2.4789611051E+00   2.0826308369E-03   2.2471432030E+00   2.4242727182E+00   1.5700109393E-03   3.3452706834E-04
   1  -134   0    0  -3.3268371613E-01   7.9358988957E+00   1.6388826179E-04   1.9560562507E+00   2.3037951920E+00   2.1011367692E-04   2.0610693865E+00   2.2940256477E+00   6.3757703304E-04   2.1812961771E+00   2.3357875507E+00   1.7172251969E-03   2.2928705671E+00   2.4330134396E+00   1.9011401991E-03   2.4217696170E+00   2.4794238387E+00   2.0827963530E-03   2.2477332688E+00   2.4246043945E+00   1.5699882068E-03   3.3455130212E-04
   1  -135   0    0  -3.4256372321E-01   7.9365487476E+00   1.6356529436E-04   1.9555262074E+00   2.3039017043E+00   2.1008617525E-04   2.0604469282E+00   2.2941303315E+00   6.3747492371E-04   2.1810647348E+00   2.3360064821E+00   1.7169501801E-03   2.2936338474E+00   2.4333401393E+00   1.9011127154E-03   2.4222456098E+00   2.4798851667E+00   2.0829604865E-03   2.2483288385E+00   2.4249358373E+00   1.5699655104E-03   3.3457546755E-04
   1  -136   0    0  -3.5244344948E-01   7.9371987924E+00   1.6324542371E-04   1.9549960643E+00   2.3040080043E+00   2.1005896288E-04   2.0598219721E+00   2.2942342360E+00   6.3737388853E-04   2.1808354638E+00   2.3362248884E+00   1.7166780564E-03   2.2943976345E+00   2.4336662637E+00   1.9010852846E-03   2.4227200815E+00   2.4803450198E+00   2.0831232141E-03   2.2489297264E+00   2.4252669899E+00   1.5699428575E-03   3.3459956083E-04
   1  -137   0    0  -3.6232293854E-01   7.9378488790E+00   1.6292868597E-04   1.9544658808E+00   2.3041140566E+00   2.1003204197E-04   2.0591946782E+00   2.2943373392E+00   6.3727393548E-04   2.1806083503E+00   2.3364427187E+00   1.7164088472E-03   2.2951617757E+00   2.4339917618E+00   1.9010579155E-03   2.4231929624E+00   2.4808033309E+00   2.0832845137E-03   2.2495357431E+00   2.4255977966E+00   1.5699202557E-03   3.3462357826E-04
   1  -138   0    0  -3.7220223430E-01   7.9384988570E+00   1.6261511450E-04   1.9539357147E+00   2.3042198262E+00   2.1000541444E-04   2.0585652089E+00   2.2944396206E+00   6.3717507172E-04   2.1803833780E+00   2.3366599229E+00   1.7161425719E-03   2.2959261185E+00   2.4343165836E+00   1.9010306171E-03   2.4236641849E+00   2.4812600343E+00   2.0834443643E-03   2.2501466960E+00   2.4259282019E+00   1.5698977123E-03   3.3464751619E-04
   1  -139   0    0  -3.8208138095E-01   7.9391485772E+00   1.6230473993E-04   1.9534056228E+00   2.3043252783E+00   2.0997908199E-04   2.0579337291E+00   2.2945410603E+00   6.3707730356E-04   2.1801605287E+00   2.3368764517E+00   1.7158792474E-03   2.2966905103E+00   2.4346406796E+00   1.9010033979E-03   2.4241336831E+00   2.4817150661E+00   2.0836027466E-03   2.2507623894E+00   2.4262581510E+00   1.5698752342E-03   3.3467137110E-04
   1  -140   0    0  -3.9196042288E-01   7.9397978911E+00   1.6199759016E-04   1.9528756607E+00   2.3044303786E+00   2.0995304611E-04   2.0573004059E+00   2.2946416398E+00   6.3698063650E-04   2.1799397814E+00   2.3370922565E+00   1.7156188885E-03   2.2974547990E+00   2.4349640013E+00   1.9009762662E-03   2.4246013929E+00   2.4821683644E+00   2.0837596424E-03   2.2513826253E+00   2.4265875901E+00   1.5698528285E-03   3.3469513952E-04
   1  -141   0    0  -4.0183940465E-01   7.9404466516E+00   1.6169369044E-04   1.9523458828E+00   2.3045350932E+00   2.0992730806E-04   2.0566654081E+00   2.2947413413E+00   6.3688507522E-04   2.1797211136E+00   2.3373072897E+00   1.7153615079E-03   2.2982188333E+00   2.4352865011E+00   1.9009492303E-03   2.4250672520E+00   2.4826198688E+00   2.0839150346E-03   2.2520072028E+00   2.4269164656E+00   1.5698305018E-03   3.3471881809E-04
   1  -142   0    0  -4.1171837089E-01   7.9410947129E+00   1.6139306336E-04   1.9518163422E+00   2.3046393886E+00   2.0990186888E-04   2.0560289064E+00   2.2948401481E+00   6.3679062361E-04   2.1795045004E+00   2.3375215046E+00   1.7151071161E-03   2.2989824619E+00   2.4356081323E+00   1.9009222980E-03   2.4255312000E+00   2.4830695208E+00   2.0840689079E-03   2.2526359193E+00   2.4272447250E+00   1.5698082607E-03   3.3474240353E-04
   1  -143   0    0  -4.2159736624E-01   7.9417419305E+00   1.6109572895E-04   1.9512870911E+00   2.3047432319E+00   2.0987672942E-04   2.0553910730E+00   2.2949380446E+00   6.3669728482E-04   2.1792899155E+00   2.3377348556E+00   1.7148557215E-03   2.2997455349E+00   2.4359288488E+00   1.9008954770E-03   2.4259931783E+00   2.4835172634E+00   2.0842212477E-03   2.2532685703E+00   2.4275723163E+00   1.5697861115E-03   3.3476589266E-04
   1  -144   0    0  -4.3147643531E-01   7.9423881616E+00   1.6080170471E-04   1.9507581807E+00   2.3048465907E+00   2.0985189032E-04   2.0547520813E+00   2.2950350161E+00   6.3660506121E-04   2.1790773305E+00   2.3379472979E+00   1.7146073304E-03   2.3005079027E+00   2.4362486057E+00   1.9008687749E-03   2.4264531299E+00   2.4839630417E+00   2.0843720412E-03   2.2539049496E+00   2.4278991883E+00   1.5697640604E-03   3.3478928237E-04
   1  -145   0    0  -4.4135562261E-01   7.9430332650E+00   1.6051100565E-04   1.9502296611E+00   2.3049494332E+00   2.0982735203E-04   2.0541121054E+00   2.2951310489E+00   6.3651395444E-04   2.1788667157E+00   2.3381587878E+00   1.7143619474E-03   2.3012694169E+00   2.4365673587E+00   1.9008421987E-03   2.4269109997E+00   2.4844068022E+00   2.0845212764E-03   2.2545448498E+00   2.4282252907E+00   1.5697421134E-03   3.3481256965E-04
   1  -146   0    0  -4.5123497248E-01   7.9436771012E+00   1.6022364438E-04   1.9497015815E+00   2.3050517283E+00   2.0980311479E-04   2.0534713206E+00   2.2952261303E+00   6.3642396545E-04   2.1786580401E+00   2.3383692825E+00   1.7141195750E-03   2.3020299302E+00   2.4368850646E+00   1.9008157555E-03   2.4273667345E+00   2.4848484933E+00   2.0846689427E-03   2.2551880625E+00   2.4285505738E+00   1.5697202762E-03   3.3483575158E-04
   1  -147   0    0  -4.6111452905E-01   7.9443195328E+00   1.5993963117E-04   1.9491739903E+00   2.3051534452E+00   2.0977917868E-04   2.0528299024E+00   2.2953202486E+00   6.3633509449E-04   2.1784512713E+00   2.3385787406E+00   1.7138802138E-03   2.3027892963E+00   2.4372016810E+00   1.9007894520E-03   2.4278202825E+00   2.4852880649E+00   2.0848150306E-03   2.2558343787E+00   2.4288749888E+00   1.5696985543E-03   3.3485882532E-04
   1  -148   0    0  -4.7099433615E-01   7.9449604240E+00   1.5965897400E-04   1.9486469352E+00   2.3052545543E+00   2.0975554359E-04   2.0521880265E+00   2.2954133929E+00   6.3624734118E-04   2.1782463759E+00   2.3387871214E+00   1.7136438629E-03   2.3035473704E+00   2.4375171663E+00   1.9007632946E-03   2.4282715937E+00   2.4857254686E+00   2.0849595319E-03   2.2564835887E+00   2.4291984875E+00   1.5696769532E-03   3.3488178811E-04
   1  -149   0    0  -4.8087443728E-01   7.9455996412E+00   1.5938167863E-04   1.9481204631E+00   2.3053550264E+00   2.0973220924E-04   2.0515458689E+00   2.2955055534E+00   6.3616070447E-04   2.1780433193E+00   2.3389943856E+00   1.7134105193E-03   2.3043040089E+00   2.4378314798E+00   1.9007372896E-03   2.4287206200E+00   2.4861606577E+00   2.0851024394E-03   2.2571354825E+00   2.4295210228E+00   1.5696554779E-03   3.3490463728E-04
   1  -150   0    0  -4.9075487556E-01   7.9462370531E+00   1.5910774872E-04   1.9475946203E+00   2.3054548330E+00   2.0970917519E-04   2.0509036051E+00   2.2955967212E+00   6.3607518271E-04   2.1778420665E+00   2.3392004948E+00   1.7131801787E-03   2.3050590696E+00   2.4381445817E+00   1.9007114430E-03   2.4291673147E+00   2.4865935869E+00   2.0852437471E-03   2.2577898504E+00   2.4298425481E+00   1.5696341333E-03   3.3492737026E-04
   1  -151   0    0  -5.0063569364E-01   7.9468725304E+00   1.5883718584E-04   1.9470694524E+00   2.3055539466E+00   2.0968644083E-04   2.0502614104E+00   2.2956868880E+00   6.3599077367E-04   2.1776425814E+00   2.3394054119E+00   1.7129528351E-03   2.3058124120E+00   2.4384564332E+00   1.9006857605E-03   2.4296116326E+00   2.4870242126E+00   2.0853834499E-03   2.2584464826E+00   2.4301630179E+00   1.5696129243E-03   3.3494998453E-04
   1  -152   0    0  -5.1051693369E-01   7.9475059459E+00   1.5856998959E-04   1.9465450049E+00   2.3056523403E+00   2.0966400541E-04   2.0496194592E+00   2.2957760468E+00   6.3590747456E-04   2.1774448278E+00   2.3396091009E+00   1.7127284809E-03   2.3065638971E+00   2.4387669960E+00   1.9006602476E-03   2.4300535303E+00   2.4874524926E+00   2.0855215439E-03   2.2591051699E+00   2.4304823872E+00   1.5695918554E-03   3.3497247768E-04
   1  -153   0    0  -5.2039863730E-01   7.9481371751E+00   1.5830615766E-04   1.9460213225E+00   2.3057499880E+00   2.0964186804E-04   2.0489779253E+00   2.2958641912E+00   6.3582528204E-04   2.1772487688E+00   2.3398115268E+00   1.7125071071E-03   2.3073133878E+00   2.4390762328E+00   1.9006349096E-03   2.4304929657E+00   2.4878783863E+00   2.0856580260E-03   2.2597657038E+00   2.4308006120E+00   1.5695709308E-03   3.3499484735E-04
   1  -154   0    0  -5.3028084549E-01   7.9487660956E+00   1.5804568594E-04   1.9454984498E+00   2.3058468645E+00   2.0962002768E-04   2.0483369811E+00   2.2959513155E+00   6.3574419227E-04   2.1770543673E+00   2.3400126560E+00   1.7122887035E-03   2.3080607484E+00   2.4393841073E+00   1.9006097513E-03   2.4309298984E+00   2.4883018543E+00   2.0857928943E-03   2.2604278765E+00   2.4311176490E+00   1.5695501547E-03   3.3501709129E-04
   1  -155   0    0  -5.4016359863E-01   7.9493925874E+00   1.5778856854E-04   1.9449764312E+00   2.3059429456E+00   2.0959848316E-04   2.0476967978E+00   2.2960374151E+00   6.3566420093E-04   2.1768615862E+00   2.3402124558E+00   1.7120732583E-03   2.3088058454E+00   2.4396905838E+00   1.9005847776E-03   2.4313642892E+00   2.4887228588E+00   2.0859261477E-03   2.2610914814E+00   2.4314334559E+00   1.5695295311E-03   3.3503920729E-04
   1  -156   0    0  -5.5004693639E-01   7.9500165331E+00   1.5753479792E-04   1.9444553109E+00   2.3060382077E+00   2.0957723321E-04   2.0470575450E+00   2.2961224859E+00   6.3558530325E-04   2.1766703883E+00   2.3404108949E+00   1.7118607587E-03   2.3095485470E+00   2.4399956274E+00   1.9005599931E-03   2.4317961004E+00   2.4891413632E+00   2.0860577860E-03   2.2617563131E+00   2.4317479909E+00   1.5695090636E-03   3.3506119324E-04
   1  -157   0    0  -5.5993089771E-01   7.9506378178E+00   1.5728436498E-04   1.9439351330E+00   2.3061326283E+00   2.0955627641E-04   2.0464193909E+00   2.2962065246E+00   6.3550749401E-04   2.1764807367E+00   2.3406079429E+00   1.7116511907E-03   2.3102887235E+00   2.4402992041E+00   1.9005354020E-03   2.4322252956E+00   2.4895573324E+00   2.0861878098E-03   2.2624221675E+00   2.4320612132E+00   1.5694887559E-03   3.3508304709E-04
   1  -158   0    0  -5.6981552077E-01   7.9512563290E+00   1.5703725909E-04   1.9434159417E+00   2.3062261857E+00   2.0953561125E-04   2.0457825013E+00   2.2962895287E+00   6.3543076758E-04   2.1762925946E+00   2.3408035708E+00   1.7114445391E-03   2.3110262472E+00   2.4406012806E+00   1.9005110083E-03   2.4326518398E+00   2.4899707322E+00   2.0863162205E-03   2.2630888423E+00   2.4323730828E+00   1.5694686112E-03   3.3510476686E-04
   1  -159   0    0  -5.7970084292E-01   7.9518719568E+00   1.5679346820E-04   1.9428977811E+00   2.3063188591E+00   2.0951523612E-04   2.0451470403E+00   2.2963714963E+00   6.3535511798E-04   2.1761059256E+00   2.3409977507E+00   1.7112407877E-03   2.3117609924E+00   2.4409018244E+00   1.9004868159E-03   2.4330756991E+00   2.4903815299E+00   2.0864430205E-03   2.2637561367E+00   2.4326835602E+00   1.5694486328E-03   3.3512635064E-04
   1  -160   0    0  -5.8958690068E-01   7.9524845939E+00   1.5655297893E-04   1.9423806957E+00   2.3064106286E+00   2.0949514930E-04   2.0445131696E+00   2.2964524261E+00   6.3528053885E-04   2.1759206938E+00   2.3411904557E+00   1.7110399195E-03   2.3124928355E+00   2.4412008035E+00   1.9004628285E-03   2.4334968408E+00   2.4907896938E+00   2.0865682127E-03   2.2644238522E+00   2.4329926070E+00   1.5694288236E-03   3.3514779658E-04
   1  -161   0    0  -5.9947372970E-01   7.9530941357E+00   1.5631577661E-04   1.9418647299E+00   2.3065014754E+00   2.0947534900E-04   2.0438810485E+00   2.2965323175E+00   6.3520702348E-04   2.1757368641E+00   2.3413816601E+00   1.7108419164E-03   2.3132216553E+00   2.4414981871E+00   1.9004390495E-03   2.4339152336E+00   2.4911951936E+00   2.0866918007E-03   2.2650917920E+00   2.4333001854E+00   1.5694091865E-03   3.3516910291E-04
   1  -162   0    0  -6.0936136469E-01   7.9537004800E+00   1.5608184539E-04   1.9413499287E+00   2.3065913813E+00   2.0945583332E-04   2.0432508336E+00   2.2966111705E+00   6.3513456488E-04   2.1755544018E+00   2.3415713394E+00   1.7106467596E-03   2.3139473326E+00   2.4417939446E+00   1.9004154820E-03   2.4343308471E+00   2.4915979999E+00   2.0868137890E-03   2.2657597615E+00   2.4336062584E+00   1.5693897241E-03   3.3519026791E-04
   1  -163   0    0  -6.1924983946E-01   7.9543035275E+00   1.5585116831E-04   1.9408363373E+00   2.3066803294E+00   2.0943660030E-04   2.0426226790E+00   2.2966889857E+00   6.3506315576E-04   2.1753732731E+00   2.3417594702E+00   1.7104544293E-03   2.3146697505E+00   2.4420880465E+00   1.9003921291E-03   2.4347436520E+00   2.4919980841E+00   2.0869341825E-03   2.2664275686E+00   2.4339107896E+00   1.5693704389E-03   3.3521128991E-04
   1  -164   0    0  -6.2913918682E-01   7.9549031813E+00   1.5562372732E-04   1.9403240011E+00   2.3067683036E+00   2.0941764791E-04   2.0419967357E+00   2.2967657641E+00   6.3499278855E-04   2.1751934452E+00   2.3419460302E+00   1.7102649053E-03   2.3153887945E+00   2.4423804638E+00   1.9003689935E-03   2.4351536202E+00   2.4923954191E+00   2.0870529869E-03   2.2670950236E+00   2.4342137436E+00   1.5693513332E-03   3.3523216732E-04
   1  -165   0    0  -6.3902943861E-01   7.9554993473E+00   1.5539950345E-04   1.9398129663E+00   2.3068552886E+00   2.0939897404E-04   2.0413731519E+00   2.2968415073E+00   6.3492345547E-04   2.1750148861E+00   2.3421309981E+00   1.7100781666E-03   2.3161043522E+00   2.4426711681E+00   1.9003460779E-03   2.4355607244E+00   2.4927899785E+00   2.0871702081E-03   2.2677619392E+00   2.4345150855E+00   1.5693324091E-03   3.3525289859E-04
   1  -166   0    0  -6.4892062567E-01   7.9560919340E+00   1.5517847678E-04   1.9393032794E+00   2.3069412702E+00   2.0938057653E-04   2.0407520725E+00   2.2969162174E+00   6.3485514847E-04   2.1748375649E+00   2.3423143538E+00   1.7098941915E-03   2.3168163137E+00   2.4429601319E+00   1.9003233846E-03   2.4359649383E+00   2.4931817368E+00   2.0872858531E-03   2.2684281309E+00   2.4348147813E+00   1.5693136687E-03   3.3527348224E-04
   1  -167   0    0  -6.5881277777E-01   7.9566808526E+00   1.5496062654E-04   1.9387949874E+00   2.3070262351E+00   2.0936245317E-04   2.0401336395E+00   2.2969898969E+00   6.3478785932E-04   2.1746614518E+00   2.3424960782E+00   1.7097129578E-03   2.3175245716E+00   2.4432473280E+00   1.9003009160E-03   2.4363662367E+00   2.4935706694E+00   2.0873999288E-03   2.2690934169E+00   2.4351127975E+00   1.5692951138E-03   3.3529391682E-04
   1  -168   0    0  -6.6870592368E-01   7.9572660168E+00   1.5474593121E-04   1.9382881378E+00   2.3071101710E+00   2.0934460168E-04   2.0395179911E+00   2.2970625488E+00   6.3472157961E-04   2.1744865183E+00   2.3426761535E+00   1.7095344430E-03   2.3182290207E+00   2.4435327302E+00   1.9002786741E-03   2.4367645952E+00   2.4939567528E+00   2.0875124431E-03   2.2697576182E+00   2.4354091016E+00   1.5692767461E-03   3.3531420096E-04
   1  -169   0    0  -6.7860009106E-01   7.9578473430E+00   1.5453436851E-04   1.9377827789E+00   2.3071930664E+00   2.0932701976E-04   2.0389052626E+00   2.2971341765E+00   6.3465630075E-04   2.1743127369E+00   2.3428545624E+00   1.7093586237E-03   2.3189295584E+00   2.4438163127E+00   1.9002566608E-03   2.4371599901E+00   2.4943399641E+00   2.0876234039E-03   2.2704205590E+00   2.4357036615E+00   1.5692585671E-03   3.3533433332E-04
   1  -170   0    0  -6.8849530651E-01   7.9584247505E+00   1.5432591552E-04   1.9372789594E+00   2.3072749108E+00   2.0930970504E-04   2.0382955854E+00   2.2972047837E+00   6.3459201399E-04   2.1741400815E+00   2.3430312893E+00   1.7091854765E-03   2.3196260843E+00   2.4440980503E+00   1.9002348777E-03   2.4375523988E+00   2.4947202812E+00   2.0877328198E-03   2.2710820661E+00   2.4359964460E+00   1.5692405783E-03   3.3535431262E-04
   1  -171   0    0  -6.9839159553E-01   7.9589981609E+00   1.5412054868E-04   1.9367767288E+00   2.3073556946E+00   2.0929265515E-04   2.0376890875E+00   2.2972743746E+00   6.3452871045E-04   2.1739685273E+00   2.3432063190E+00   1.7090149775E-03   2.3203185007E+00   2.4443779186E+00   1.9002133266E-03   2.4379417993E+00   2.4950976830E+00   2.0878406997E-03   2.2717419696E+00   2.4362874246E+00   1.5692227811E-03   3.3537413762E-04
   1  -172   0    0  -7.0828898254E-01   7.9595674986E+00   1.5391824390E-04   1.9362761369E+00   2.3074354091E+00   2.0927586764E-04   2.0370858934E+00   2.2973429537E+00   6.3446638114E-04   2.1737980509E+00   2.3433796377E+00   1.7088471025E-03   2.3210067124E+00   2.4446558936E+00   1.9001920087E-03   2.4383281706E+00   2.4954721490E+00   2.0879470529E-03   2.2724001030E+00   2.4365765674E+00   1.5692051765E-03   3.3539380713E-04
   1  -173   0    0  -7.1818749081E-01   7.9601326906E+00   1.5371897655E-04   1.9357772346E+00   2.3075140464E+00   2.0925934008E-04   2.0364861236E+00   2.2974105257E+00   6.3440501695E-04   2.1736286302E+00   2.3435512325E+00   1.7086818268E-03   2.3216906265E+00   2.4449319520E+00   1.9001709255E-03   2.4387114923E+00   2.4958436594E+00   2.0880518889E-03   2.2730563025E+00   2.4368638451E+00   1.5691877656E-03   3.3541332001E-04
   1  -174   0    0  -7.2808714253E-01   7.9606936665E+00   1.5352272155E-04   1.9352800730E+00   2.3075915998E+00   2.0924306998E-04   2.0358898952E+00   2.2974770957E+00   6.3434460867E-04   2.1734602445E+00   2.3437210913E+00   1.7085191257E-03   2.3223701528E+00   2.4452060712E+00   1.9001500779E-03   2.4390917448E+00   2.4962121952E+00   2.0881552177E-03   2.2737104079E+00   2.4371492294E+00   1.5691705493E-03   3.3543267516E-04
   1  -175   0    0  -7.3798795873E-01   7.9612503584E+00   1.5332945339E-04   1.9347847041E+00   2.3076680630E+00   2.0922705484E-04   2.0352973212E+00   2.2975426692E+00   6.3428514702E-04   2.1732928746E+00   2.3438892031E+00   1.7083589743E-03   2.3230452036E+00   2.4454782288E+00   1.9001294670E-03   2.4394689091E+00   2.4965777381E+00   2.0882570494E-03   2.2743622625E+00   2.4374326924E+00   1.5691535285E-03   3.3545187152E-04
   1  -176   0    0  -7.4788995934E-01   7.9618027012E+00   1.5313914619E-04   1.9342911803E+00   2.3077434310E+00   2.0921129214E-04   2.0347085111E+00   2.2976072518E+00   6.3422662265E-04   2.1731265027E+00   2.3440555578E+00   1.7082013473E-03   2.3237156936E+00   2.4457484034E+00   1.9001090936E-03   2.4398429670E+00   2.4969402705E+00   2.0883573945E-03   2.2750117125E+00   2.4377142070E+00   1.5691367039E-03   3.3547090807E-04
   1  -177   0    0  -7.5779316314E-01   7.9623506323E+00   1.5295177371E-04   1.9337995548E+00   2.3078176995E+00   2.0919577935E-04   2.0341235703E+00   2.2976708493E+00   6.3416902614E-04   2.1729611125E+00   2.3442201462E+00   1.7080462194E-03   2.3243815401E+00   2.4460165740E+00   1.9000889585E-03   2.4402139012E+00   2.4972997754E+00   2.0884562638E-03   2.2756586079E+00   2.4379937467E+00   1.5691200760E-03   3.3548978386E-04
   1  -178   0    0  -7.6769758780E-01   7.9628940915E+00   1.5276730941E-04   1.9333098810E+00   2.3078908647E+00   2.0918051392E-04   2.0335426005E+00   2.2977334680E+00   6.3411234803E-04   2.1727966890E+00   2.3443829599E+00   1.7078935650E-03   2.3250426631E+00   2.4462827202E+00   1.9000690623E-03   2.4405816947E+00   2.4976562365E+00   2.0885536681E-03   2.2763028022E+00   2.4382712858E+00   1.5691036454E-03   3.3550849794E-04
   1  -179   0    0  -7.7760324985E-01   7.9634330214E+00   1.5258572647E-04   1.9328222133E+00   2.3079629242E+00   2.0916549329E-04   2.0329656995E+00   2.2977951141E+00   6.3405657883E-04   2.1726332188E+00   2.3445439916E+00   1.7077433586E-03   2.3256989851E+00   2.4465468222E+00   1.9000494053E-03   2.4409463315E+00   2.4980096382E+00   2.0886496186E-03   2.2769441520E+00   2.4385467992E+00   1.5690874124E-03   3.3552704942E-04
   1  -180   0    0  -7.8751016468E-01   7.9639673668E+00   1.5240699783E-04   1.9323366062E+00   2.3080338760E+00   2.0915071488E-04   2.0323929613E+00   2.2978557943E+00   6.3400170898E-04   2.1724706898E+00   2.3447032347E+00   1.7075955746E-03   2.3263504310E+00   2.4468088606E+00   1.9000299881E-03   2.4413077960E+00   2.4983599655E+00   2.0887441266E-03   2.2775825178E+00   2.4388202625E+00   1.5690713773E-03   3.3554543746E-04
   1  -181   0    0  -7.9741834658E-01   7.9644970755E+00   1.5223109622E-04   1.9318531148E+00   2.3081037189E+00   2.0913617613E-04   2.0318244760E+00   2.2979155152E+00   6.3394772894E-04   2.1723090913E+00   2.3448606834E+00   1.7074501871E-03   2.3269969284E+00   2.4470688169E+00   1.9000108108E-03   2.4416660735E+00   2.4987072039E+00   2.0888372038E-03   2.2782177636E+00   2.4390916521E+00   1.5690555404E-03   3.3556366126E-04
   1  -182   0    0  -8.0732780871E-01   7.9650220974E+00   1.5205799415E-04   1.9313717945E+00   2.3081724525E+00   2.0912187446E-04   2.0312603298E+00   2.2979742839E+00   6.3389462912E-04   2.1721484141E+00   2.3450163329E+00   1.7073071703E-03   2.3276384075E+00   2.4473266729E+00   1.8999918736E-03   2.4420211497E+00   2.4990513399E+00   2.0889288618E-03   2.2788497570E+00   2.4393609449E+00   1.5690399018E-03   3.3558172003E-04
   1  -183   0    0  -8.1723856313E-01   7.9655423850E+00   1.5188766399E-04   1.9308927011E+00   2.3082400774E+00   2.0910780728E-04   2.0307006051E+00   2.2980321073E+00   6.3384239994E-04   2.1719886504E+00   2.3451701791E+00   1.7071664985E-03   2.3282748011E+00   2.4475824111E+00   1.8999731765E-03   2.4423730112E+00   2.4993923602E+00   2.0890191125E-03   2.2794783689E+00   2.4396281187E+00   1.5690244614E-03   3.3559961305E-04
   1  -184   0    0  -8.2715062076E-01   7.9660578933E+00   1.5172007797E-04   1.9304158909E+00   2.3083065945E+00   2.0909397201E-04   2.0301453806E+00   2.2980889929E+00   6.3379103180E-04   2.1718297935E+00   2.3453222187E+00   1.7070281458E-03   2.3289060444E+00   2.4478360147E+00   1.8999547194E-03   2.4427216451E+00   2.4997302525E+00   2.0891079678E-03   2.2801034743E+00   2.4398931518E+00   1.5690092193E-03   3.3561733963E-04
   1  -185   0    0  -8.3706399147E-01   7.9665685798E+00   1.5155520818E-04   1.9299414199E+00   2.3083720057E+00   2.0908036607E-04   2.0295947309E+00   2.2981449479E+00   6.3374051511E-04   2.1716718383E+00   2.3454724492E+00   1.7068920863E-03   2.3295320754E+00   2.4480874673E+00   1.8999365023E-03   2.4430670393E+00   2.5000650049E+00   2.0891954400E-03   2.2807249515E+00   2.4401560235E+00   1.5689941753E-03   3.3563489912E-04
   1  -186   0    0  -8.4697868401E-01   7.9670744043E+00   1.5139302660E-04   1.9294693449E+00   2.3084363134E+00   2.0906698687E-04   2.0290487273E+00   2.2981999800E+00   6.3369084027E-04   2.1715147807E+00   2.3456208689E+00   1.7067582943E-03   2.3301528344E+00   2.4483367532E+00   1.8999185247E-03   2.4434091821E+00   2.5003966061E+00   2.0892815412E-03   2.2813426826E+00   2.4404167134E+00   1.5689793292E-03   3.3565229091E-04
   1  -187   0    0  -8.5689470607E-01   7.9675753292E+00   1.5123350514E-04   1.9289997222E+00   2.3084995208E+00   2.0905383183E-04   2.0285074369E+00   2.2982540968E+00   6.3364199772E-04   2.1713586181E+00   2.3457674767E+00   1.7066267438E-03   2.3307682647E+00   2.4485838573E+00   1.8999007865E-03   2.4437480628E+00   2.5007250458E+00   2.0893662839E-03   2.2819565534E+00   2.4406752023E+00   1.5689646807E-03   3.3566951442E-04
   1  -188   0    0  -8.6681206429E-01   7.9680713192E+00   1.5107661561E-04   1.9285326087E+00   2.3085616317E+00   2.0904089837E-04   2.0279709235E+00   2.2983073061E+00   6.3359397787E-04   2.1712033488E+00   2.3459122724E+00   1.7064974092E-03   2.3313783117E+00   2.4488287650E+00   1.8998832871E-03   2.4440836710E+00   2.5010503139E+00   2.0894496806E-03   2.2825664531E+00   2.4409314712E+00   1.5689502294E-03   3.3568656912E-04
   1  -189   0    0  -8.7673076423E-01   7.9685623413E+00   1.5092232979E-04   1.9280680607E+00   2.3086226506E+00   2.0902818393E-04   2.0274392471E+00   2.2983596159E+00   6.3354677117E-04   2.1710489726E+00   2.3460552564E+00   1.7063702648E-03   2.3319829237E+00   2.4490714626E+00   1.8998660260E-03   2.4444159973E+00   2.5013724012E+00   2.0895317437E-03   2.2831722750E+00   2.4411855023E+00   1.5689359749E-03   3.3570345453E-04
   1  -190   0    0  -8.8665081044E-01   7.9690483651E+00   1.5077061938E-04   1.9276061349E+00   2.3086825823E+00   2.0901568592E-04   2.0269124640E+00   2.2984110343E+00   6.3350036809E-04   2.1708954901E+00   2.3461964298E+00   1.7062452847E-03   2.3325820514E+00   2.4493119366E+00   1.8998490026E-03   2.4447450327E+00   2.5016912992E+00   2.0896124860E-03   2.2837739157E+00   2.4414372784E+00   1.5689219168E-03   3.3572017018E-04
   1  -191   0    0  -8.9657220644E-01   7.9695293622E+00   1.5062145607E-04   1.9271468875E+00   2.3087414325E+00   2.0900340180E-04   2.0263906271E+00   2.2984615693E+00   6.3345475912E-04   2.1707429031E+00   2.3463357946E+00   1.7061224435E-03   2.3331756482E+00   2.4495501745E+00   1.8998322163E-03   2.4450707692E+00   2.5020069998E+00   2.0896919203E-03   2.2843712757E+00   2.4416867828E+00   1.5689080544E-03   3.3573671566E-04
   1  -192   0    0  -9.0649495474E-01   7.9700053069E+00   1.5047481151E-04   1.9266903744E+00   2.3087992074E+00   2.0899132900E-04   2.0258737857E+00   2.2985112293E+00   6.3340993476E-04   2.1705912144E+00   2.3464733532E+00   1.7060017155E-03   2.3337636698E+00   2.4497861643E+00   1.8998156662E-03   2.4453931991E+00   2.5023194959E+00   2.0897700593E-03   2.2849642591E+00   2.4419339999E+00   1.5688943871E-03   3.3575309060E-04
   1  -193   0    0  -9.1641905688E-01   7.9704761755E+00   1.5033065733E-04   1.9262366515E+00   2.3088559136E+00   2.0897946498E-04   2.0253619859E+00   2.2985600225E+00   6.3336588554E-04   2.1704404276E+00   2.3466091087E+00   1.7058830752E-03   2.3343460748E+00   2.4500198945E+00   1.8997993515E-03   2.4457123158E+00   2.5026287809E+00   2.0898469160E-03   2.2855527736E+00   2.4421789147E+00   1.5688809141E-03   3.3576929466E-04
   1  -194   0    0  -9.2634451342E-01   7.9709419468E+00   1.5018896516E-04   1.9257857739E+00   2.3089115584E+00   2.0896780719E-04   2.0248552701E+00   2.2986079575E+00   6.3332260203E-04   2.1702905474E+00   2.3467430649E+00   1.7057664973E-03   2.3349228239E+00   2.4502513546E+00   1.8997832714E-03   2.4460281131E+00   2.5029348487E+00   2.0899225033E-03   2.2861367306E+00   2.4424215129E+00   1.5688676349E-03   3.3578532756E-04
   1  -195   0    0  -9.3627132396E-01   7.9714026016E+00   1.5004970662E-04   1.9253377964E+00   2.3089661493E+00   2.0895635310E-04   2.0243536775E+00   2.2986550428E+00   6.3328007482E-04   2.1701415793E+00   2.3468752263E+00   1.7056519563E-03   2.3354938808E+00   2.4504805344E+00   1.8997674247E-03   2.4463405858E+00   2.5032376944E+00   2.0899968343E-03   2.2867160452E+00   2.4426617810E+00   1.5688545485E-03   3.3580118904E-04
   1  -196   0    0  -9.4619948720E-01   7.9718581232E+00   1.4991285336E-04   1.9248927733E+00   2.3090196946E+00   2.0894510018E-04   2.0238572442E+00   2.2987012869E+00   6.3323829453E-04   2.1699935295E+00   2.3470055977E+00   1.7055394271E-03   2.3360592113E+00   2.4507074245E+00   1.8997518105E-03   2.4466497291E+00   2.5035373133E+00   2.0900699220E-03   2.2872906360E+00   2.4428997065E+00   1.5688416541E-03   3.3581687888E-04
   1  -197   0    0  -9.5612900089E-01   7.9723084970E+00   1.4977837700E-04   1.9244507580E+00   2.3090722029E+00   2.0893404591E-04   2.0233660028E+00   2.2987466986E+00   6.3319725180E-04   2.1698464051E+00   2.3471341849E+00   1.7054288844E-03   2.3366187840E+00   2.4509320163E+00   1.8997364277E-03   2.4469555391E+00   2.5038337018E+00   2.0901417796E-03   2.2878604254E+00   2.4431352774E+00   1.5688289506E-03   3.3583239692E-04
   1  -198   0    0  -9.6605986193E-01   7.9727537105E+00   1.4964624922E-04   1.9240118035E+00   2.3091236831E+00   2.0892318778E-04   2.0228799830E+00   2.2987912867E+00   6.3315693733E-04   2.1697002135E+00   2.3472609940E+00   1.7053203031E-03   2.3371725698E+00   2.4511543015E+00   1.8997212749E-03   2.4472580128E+00   2.5041268567E+00   2.0902124203E-03   2.2884253393E+00   2.4433684826E+00   1.5688164373E-03   3.3584774304E-04
   1  -199   0    0  -9.7599206632E-01   7.9731937535E+00   1.4951644170E-04   1.9235759617E+00   2.3091741448E+00   2.0891252330E-04   2.0223992113E+00   2.2988350599E+00   6.3311734181E-04   2.1695549633E+00   2.3473860317E+00   1.7052136583E-03   2.3377205421E+00   2.4513742730E+00   1.8997063511E-03   2.4475571477E+00   2.5044167757E+00   2.0902818573E-03   2.2889853070E+00   2.4435993117E+00   1.5688041130E-03   3.3586291714E-04
   1  -200   0    0  -9.8592560924E-01   7.9736286177E+00   1.4938892616E-04   1.9231432838E+00   2.3092235977E+00   2.0890204997E-04   2.0219237113E+00   2.2988780272E+00   6.3307845601E-04   2.1694106631E+00   2.3475093052E+00   1.7051089249E-03   2.3382626768E+00   2.4515919240E+00   1.8996916548E-03   2.4478529423E+00   2.5047034573E+00   2.0903501039E-03   2.2895402617E+00   2.4438277553E+00   1.5687919766E-03   3.3587791918E-04
   1  -201   0    0  -9.9586048504E-01   7.9740582973E+00   1.4926367435E-04   1.9227138201E+00   2.3092720521E+00   2.0889176531E-04   2.0214535035E+00   2.2989201977E+00   6.3304027070E-04   2.1692673224E+00   2.3476308225E+00   1.7050060783E-03   2.3387989523E+00   2.4518072484E+00   1.8996771848E-03   2.4481453955E+00   2.5049869006E+00   2.0904171734E-03   2.2900901399E+00   2.4440538046E+00   1.5687800270E-03   3.3589274915E-04
   1  -202  -4    5  -9.9999983885E-01   7.9742357749E+00   1.4921215457E-04   1.9225358617E+00   2.3092919464E+00   2.0888753570E-04   2.0212591766E+00   2.2989375332E+00   6.3302456687E-04   2.1692078908E+00   2.3476809314E+00   1.7049637823E-03   2.3390206360E+00   2.4518962668E+00   1.8996712228E-03   2.4482662483E+00   2.5051040301E+00   2.0904447710E-03   2.2903177119E+00   2.4441472705E+00   1.5687751035E-03   3.3589887669E-04
