        
   1    -1   0    0   9.9999995005E-01   7.9744915269E+00   1.9430928728E-04   2.0442385648E+00   2.3688683767E+00   2.0858653922E-04   2.1380644202E+00   2.3408667432E+00   6.3190698004E-04   2.2375253695E+00   2.3792644020E+00   1.7019537552E-03   2.2324507045E+00   2.4074026189E+00   1.8992301487E-03   2.3841825518E+00   2.4430021879E+00   2.0924315479E-03   2.2135514788E+00   2.3982988215E+00   1.5684108502E-03   3.3354376944E-04
   1    -2   0    0   9.8002340362E-01   7.9750415183E+00   1.9390300816E-04   2.0439587418E+00   2.3690099100E+00   2.0858653922E-04   2.1378473997E+00   2.3410506749E+00   6.3190698004E-04   2.2373666470E+00   2.3794483337E+00   1.7019537552E-03   2.2329699622E+00   2.4076996130E+00   1.8992301487E-03   2.3845236404E+00   2.4433337929E+00   2.0924315479E-03   2.2137156908E+00   2.3985958156E+00   1.5684108502E-03   3.3356393843E-04
   1    -3   0    0   9.7003578863E-01   7.9753241644E+00   1.9369474166E-04   2.0438149279E+00   2.3690826972E+00   2.0858653922E-04   2.1377354732E+00   2.3411451964E+00   6.3190698004E-04   2.2372852948E+00   2.3795428551E+00   1.7019537552E-03   2.2332367561E+00   2.4078520924E+00   1.8992301487E-03   2.3846987304E+00   2.4435040145E+00   2.0924315479E-03   2.2138009035E+00   2.3987482950E+00   1.5684108502E-03   3.3357429391E-04
   1    -4   0    0   9.6004863116E-01   7.9756120015E+00   1.9348301619E-04   2.0436684660E+00   2.3691568570E+00   2.0858653922E-04   2.1376212131E+00   2.3412414514E+00   6.3190698004E-04   2.2372026007E+00   2.3796391102E+00   1.7019537552E-03   2.2335084094E+00   2.4080072680E+00   1.8992301487E-03   2.3848768971E+00   2.4436772271E+00   2.0924315479E-03   2.2138882568E+00   2.3989034706E+00   1.5684108502E-03   3.3358483287E-04
   1    -5   0    0   9.5006194561E-01   7.9759050972E+00   1.9326780197E-04   2.0435193214E+00   2.3692324088E+00   2.0858653922E-04   2.1375045766E+00   2.3413394625E+00   6.3190698004E-04   2.2371185539E+00   2.3797371212E+00   1.7019537552E-03   2.2337849837E+00   2.4081651705E+00   1.8992301487E-03   2.3850581745E+00   2.4438534637E+00   2.0924315479E-03   2.2139778041E+00   2.3990613731E+00   1.5684108502E-03   3.3359555743E-04
   1    -6   0    0   9.4007574673E-01   7.9762035192E+00   1.9304907010E-04   2.0433674595E+00   2.3693093718E+00   2.0858653922E-04   2.1373855203E+00   2.3414392518E+00   6.3190698004E-04   2.2370331442E+00   2.3798369106E+00   1.7019537552E-03   2.2340665406E+00   2.4083258302E+00   1.8992301487E-03   2.3852425963E+00   2.4440327571E+00   2.0924315479E-03   2.2140696003E+00   2.3992220328E+00   1.5684108502E-03   3.3360646965E-04
   1    -7   0    0   9.3009004955E-01   7.9765073348E+00   1.9282679254E-04   2.0432128459E+00   2.3693877651E+00   2.0858653922E-04   2.1372640005E+00   2.3415408416E+00   6.3190698004E-04   2.2369463618E+00   2.3799385003E+00   1.7019537552E-03   2.2343531412E+00   2.4084892770E+00   1.8992301487E-03   2.3854301959E+00   2.4442151398E+00   2.0924315479E-03   2.2141637012E+00   2.3993854796E+00   1.5684108502E-03   3.3361757160E-04
   1    -8   0    0   9.2010486942E-01   7.9768166111E+00   1.9260094222E-04   2.0430554464E+00   2.3694676081E+00   2.0858653922E-04   2.1371399729E+00   2.3416442538E+00   6.3190698004E-04   2.2368581975E+00   2.3800419125E+00   1.7019537552E-03   2.2346448463E+00   2.4086555406E+00   1.8992301487E-03   2.3856210061E+00   2.4444006436E+00   2.0924315479E-03   2.2142601640E+00   2.3995517432E+00   1.5684108502E-03   3.3362886530E-04
   1    -9   0    0   9.1012022202E-01   7.9771314149E+00   1.9237149306E-04   2.0428952267E+00   2.3695489199E+00   2.0858653922E-04   2.1370133924E+00   2.3417495105E+00   6.3190698004E-04   2.2367686422E+00   2.3801471692E+00   1.7019537552E-03   2.2349417164E+00   2.4088246501E+00   1.8992301487E-03   2.3858150592E+00   2.4445892998E+00   2.0924315479E-03   2.2143590471E+00   2.3997208527E+00   1.5684108502E-03   3.3364035277E-04
   1   -10   0    0   9.0013612330E-01   7.9774518125E+00   1.9213842003E-04   2.0427321530E+00   2.3696317197E+00   2.0858653922E-04   2.1368842137E+00   2.3418566332E+00   6.3190698004E-04   2.2366776876E+00   2.3802542920E+00   1.7019537552E-03   2.2352438114E+00   2.4089966342E+00   1.8992301487E-03   2.3860123869E+00   2.4447811394E+00   2.0924315479E-03   2.2144604102E+00   2.3998928368E+00   1.5684108502E-03   3.3365203597E-04
   1   -11   0    0   8.9015258956E-01   7.9777778699E+00   1.9190169920E-04   2.0425661917E+00   2.3697160266E+00   2.0858653922E-04   2.1367523911E+00   2.3419656438E+00   6.3190698004E-04   2.2365853259E+00   2.3803633025E+00   1.7019537552E-03   2.2355511909E+00   2.4091715211E+00   1.8992301487E-03   2.3862130203E+00   2.4449761927E+00   2.0924315479E-03   2.2145643141E+00   2.4000677237E+00   1.5684108502E-03   3.3366391685E-04
   1   -12   0    0   8.8016963736E-01   7.9781096526E+00   1.9166130778E-04   2.0423973092E+00   2.3698018595E+00   2.0858653922E-04   2.1366178780E+00   2.3420765634E+00   6.3190698004E-04   2.2364915496E+00   2.3804742221E+00   1.7019537552E-03   2.2358639138E+00   2.4093493387E+00   1.8992301487E-03   2.3864169901E+00   2.4451744892E+00   2.0924315479E-03   2.2146708211E+00   2.4002455413E+00   1.5684108502E-03   3.3367599731E-04
   1   -13   0    0   8.7018728359E-01   7.9784472253E+00   1.9141722418E-04   2.0422254725E+00   2.3698892374E+00   2.0858653922E-04   2.1364806276E+00   2.3421894134E+00   6.3190698004E-04   2.2363963521E+00   2.3805870721E+00   1.7019537552E-03   2.2361820383E+00   2.4095301141E+00   1.8992301487E-03   2.3866243261E+00   2.4453760581E+00   2.0924315479E-03   2.2147799945E+00   2.4004263167E+00   1.5684108502E-03   3.3368827924E-04
   1   -14   0    0   8.6020554539E-01   7.9787906526E+00   1.9116942806E-04   2.0420506488E+00   2.3699781792E+00   2.0858653922E-04   2.1363405927E+00   2.3423042147E+00   6.3190698004E-04   2.2362997270E+00   2.3807018734E+00   1.7019537552E-03   2.2365056223E+00   2.4097138739E+00   1.8992301487E-03   2.3868350574E+00   2.4455809277E+00   2.0924315479E-03   2.2148918990E+00   2.4006100765E+00   1.5684108502E-03   3.3370076446E-04
   1   -15   0    0   8.5022444024E-01   7.9791399979E+00   1.9091790039E-04   2.0418728057E+00   2.3700687036E+00   2.0858653922E-04   2.1361977254E+00   2.3424209879E+00   6.3190698004E-04   2.2362016688E+00   2.3808186466E+00   1.7019537552E-03   2.2368347226E+00   2.4099006442E+00   1.8992301487E-03   2.3870492125E+00   2.4457891256E+00   2.0924315479E-03   2.2150066007E+00   2.4007968468E+00   1.5684108502E-03   3.3371345477E-04
   1   -16   0    0   8.4024398585E-01   7.9794953243E+00   1.9066262348E-04   2.0416919110E+00   2.3701608291E+00   2.0858653922E-04   2.1360519774E+00   2.3425397535E+00   6.3190698004E-04   2.2361021725E+00   2.3809374122E+00   1.7019537552E-03   2.2371693955E+00   2.4100904502E+00   1.8992301487E-03   2.3872668191E+00   2.4460006786E+00   2.0924315479E-03   2.2151241668E+00   2.4009866528E+00   1.5684108502E-03   3.3372635192E-04
   1   -17   0    0   8.3026420024E-01   7.9798566939E+00   1.9040358104E-04   2.0415079333E+00   2.3702545741E+00   2.0858653922E-04   2.1359033002E+00   2.3426605317E+00   6.3190698004E-04   2.2360012339E+00   2.3810581904E+00   1.7019537552E-03   2.2375096963E+00   2.4102833166E+00   1.8992301487E-03   2.3874879038E+00   2.4462156129E+00   2.0924315479E-03   2.2152446658E+00   2.4011795192E+00   1.5684108502E-03   3.3373945762E-04
   1   -18   0    0   8.2028510167E-01   7.9802241681E+00   1.9014075825E-04   2.0413208412E+00   2.3703499571E+00   2.0858653922E-04   2.1357516447E+00   2.3427833422E+00   6.3190698004E-04   2.2358988492E+00   2.3811810009E+00   1.7019537552E-03   2.2378556797E+00   2.4104792675E+00   1.8992301487E-03   2.3877124928E+00   2.4464339536E+00   2.0924315479E-03   2.2153681675E+00   2.4013754701E+00   1.5684108502E-03   3.3375277351E-04
   1   -19   0    0   8.1030670869E-01   7.9805978074E+00   1.8987414178E-04   2.0411306040E+00   2.3704469960E+00   2.0858653922E-04   2.1355969613E+00   2.3429082046E+00   6.3190698004E-04   2.2357950155E+00   2.3813058634E+00   1.7019537552E-03   2.2382073992E+00   2.4106783259E+00   1.8992301487E-03   2.3879406110E+00   2.4466557252E+00   2.0924315479E-03   2.2154947431E+00   2.4015745285E+00   1.5684108502E-03   3.3376630121E-04
   1   -20   0    0   8.0032904006E-01   7.9809776712E+00   1.8960371986E-04   2.0409371917E+00   2.3705457088E+00   2.0858653922E-04   2.1354392001E+00   2.3430351381E+00   6.3190698004E-04   2.2356897307E+00   2.3814327968E+00   1.7019537552E-03   2.2385649073E+00   2.4108805144E+00   1.8992301487E-03   2.3881722825E+00   2.4468809509E+00   2.0924315479E-03   2.2156244648E+00   2.4017767170E+00   1.5684108502E-03   3.3378004227E-04
   1   -21   0    0   7.9035211482E-01   7.9813638181E+00   1.8932948232E-04   2.0407405745E+00   2.3706461131E+00   2.0858653922E-04   2.1352783110E+00   2.3431641613E+00   6.3190698004E-04   2.2355829931E+00   2.3815618200E+00   1.7019537552E-03   2.2389282557E+00   2.4110858545E+00   1.8992301487E-03   2.3884075305E+00   2.4471096533E+00   2.0924315479E-03   2.2157574064E+00   2.4019820571E+00   1.5684108502E-03   3.3379399820E-04
   1   -22   0    0   7.8037595220E-01   7.9817563055E+00   1.8905142064E-04   2.0405407233E+00   2.3707482266E+00   2.0858653922E-04   2.1351142433E+00   2.3432952926E+00   6.3190698004E-04   2.2354748021E+00   2.3816929513E+00   1.7019537552E-03   2.2392974948E+00   2.4112943669E+00   1.8992301487E-03   2.3886463771E+00   2.4473418538E+00   2.0924315479E-03   2.2158936425E+00   2.4021905695E+00   1.5684108502E-03   3.3380817042E-04
   1   -23   0    0   7.7040057169E-01   7.9821551897E+00   1.8876952801E-04   2.0403376098E+00   2.3708520663E+00   2.0858653922E-04   2.1349469461E+00   2.3434285501E+00   6.3190698004E-04   2.2353651578E+00   2.3818262088E+00   1.7019537552E-03   2.2396726738E+00   2.4115060716E+00   1.8992301487E-03   2.3888888432E+00   2.4475775729E+00   2.0924315479E-03   2.2160332494E+00   2.4024022742E+00   1.5684108502E-03   3.3382256033E-04
   1   -24   0    0   7.6042599295E-01   7.9825605257E+00   1.8848379935E-04   2.0401312061E+00   2.3709576493E+00   2.0858653922E-04   2.1347763681E+00   2.3435639511E+00   6.3190698004E-04   2.2352540610E+00   2.3819616098E+00   1.7019537552E-03   2.2400538409E+00   2.4117209873E+00   1.8992301487E-03   2.3891349488E+00   2.4478168299E+00   2.0924315479E-03   2.2161763043E+00   2.4026171899E+00   1.5684108502E-03   3.3383716924E-04
   1   -25   0    0   7.5045223587E-01   7.9829723675E+00   1.8819423139E-04   2.0399214851E+00   2.3710649923E+00   2.0858653922E-04   2.1346024578E+00   2.3437015128E+00   6.3190698004E-04   2.2351415134E+00   2.3820991715E+00   1.7019537552E-03   2.2404410428E+00   2.4119391322E+00   1.8992301487E-03   2.3893847127E+00   2.4480596431E+00   2.0924315479E-03   2.2163228856E+00   2.4028353348E+00   1.5684108502E-03   3.3385199841E-04
   1   -26   0    0   7.4047932048E-01   7.9833907675E+00   1.8790082269E-04   2.0397084205E+00   2.3711741117E+00   2.0858653922E-04   2.1344251635E+00   2.3438412517E+00   6.3190698004E-04   2.2350275176E+00   2.3822389104E+00   1.7019537552E-03   2.2408343248E+00   2.4121605230E+00   1.8992301487E-03   2.3896381524E+00   2.4483060294E+00   2.0924315479E-03   2.2164730732E+00   2.4030567256E+00   1.5684108502E-03   3.3386704902E-04
   1   -27   0    0   7.3050726702E-01   7.9838157767E+00   1.8760357370E-04   2.0394919866E+00   2.3712850236E+00   2.0858653922E-04   2.1342444330E+00   2.3439831838E+00   6.3190698004E-04   2.2349120768E+00   2.3823808425E+00   1.7019537552E-03   2.2412337311E+00   2.4123851759E+00   1.8992301487E-03   2.3898952843E+00   2.4485560049E+00   2.0924315479E-03   2.2166269477E+00   2.4032813785E+00   1.5684108502E-03   3.3388232221E-04
   1   -28   0    0   7.2053609586E-01   7.9842474449E+00   1.8730248679E-04   2.0392721586E+00   2.3713977438E+00   2.0858653922E-04   2.1340602142E+00   2.3441273248E+00   6.3190698004E-04   2.2347951956E+00   2.3825249835E+00   1.7019537552E-03   2.2416393042E+00   2.4126131055E+00   1.8992301487E-03   2.3901561235E+00   2.4488095842E+00   2.0924315479E-03   2.2167845911E+00   2.4035093081E+00   1.5684108502E-03   3.3389781901E-04
   1   -29   0    0   7.1056582751E-01   7.9846858202E+00   1.8699756628E-04   2.0390489124E+00   2.3715122876E+00   2.0858653922E-04   2.1338724547E+00   2.3442736895E+00   6.3190698004E-04   2.2346768789E+00   2.3826713482E+00   1.7019537552E-03   2.2420510850E+00   2.4128443258E+00   1.8992301487E-03   2.3904206838E+00   2.4490667807E+00   2.0924315479E-03   2.2169460865E+00   2.4037405284E+00   1.5684108502E-03   3.3391354039E-04
   1   -30   0    0   7.0059648261E-01   7.9851309491E+00   1.8668881852E-04   2.0388222249E+00   2.3716286703E+00   2.0858653922E-04   2.1336811018E+00   2.3444222923E+00   6.3190698004E-04   2.2345571329E+00   2.3828199511E+00   1.7019537552E-03   2.2424691132E+00   2.4130788493E+00   1.8992301487E-03   2.3906889777E+00   2.4493276064E+00   2.0924315479E-03   2.2171115178E+00   2.4039750519E+00   1.5684108502E-03   3.3392948727E-04
   1   -31   0    0   6.9062808189E-01   7.9855828766E+00   1.8637625190E-04   2.0385920738E+00   2.3717469064E+00   2.0858653922E-04   2.1334861030E+00   2.3445731472E+00   6.3190698004E-04   2.2344359646E+00   2.3829708059E+00   1.7019537552E-03   2.2428934263E+00   2.4133166876E+00   1.8992301487E-03   2.3909610163E+00   2.4495920723E+00   2.0924315479E-03   2.2172809701E+00   2.4042128902E+00   1.5684108502E-03   3.3394566045E-04
   1   -32   0    0   6.8066064618E-01   7.9860416456E+00   1.8605987687E-04   2.0383584379E+00   2.3718670102E+00   2.0858653922E-04   2.1332874053E+00   2.3447262673E+00   6.3190698004E-04   2.2343133819E+00   2.3831239260E+00   1.7019537552E-03   2.2433240607E+00   2.4135578508E+00   1.8992301487E-03   2.3912368092E+00   2.4498601875E+00   2.0924315479E-03   2.2174545295E+00   2.4044540534E+00   1.5684108502E-03   3.3396206067E-04
   1   -33   0    0   6.7069419636E-01   7.9865072978E+00   1.8573970602E-04   2.0381212968E+00   2.3719889957E+00   2.0858653922E-04   2.1330849561E+00   2.3448816650E+00   6.3190698004E-04   2.2341893939E+00   2.3832793238E+00   1.7019537552E-03   2.2437610505E+00   2.4138023482E+00   1.8992301487E-03   2.3915163646E+00   2.4501319602E+00   2.0924315479E-03   2.2176322830E+00   2.4046985508E+00   1.5684108502E-03   3.3397868860E-04
   1   -34   0    0   6.6072875339E-01   7.9869798726E+00   1.8541575406E-04   2.0378806311E+00   2.3721128762E+00   2.0858653922E-04   2.1328787024E+00   2.3450393525E+00   6.3190698004E-04   2.2340640102E+00   2.3834370112E+00   1.7019537552E-03   2.2442044284E+00   2.4140501874E+00   1.8992301487E-03   2.3917996894E+00   2.4504073970E+00   2.0924315479E-03   2.2178143182E+00   2.4049463900E+00   1.5684108502E-03   3.3399554481E-04
   1   -35   0    0   6.5076433823E-01   7.9874594076E+00   1.8508803789E-04   2.0376364225E+00   2.3722386648E+00   2.0858653922E-04   2.1326685916E+00   2.3451993408E+00   6.3190698004E-04   2.2339372419E+00   2.3835969996E+00   1.7019537552E-03   2.2446542248E+00   2.4143013751E+00   1.8992301487E-03   2.3920867888E+00   2.4506865028E+00   2.0924315479E-03   2.2180007239E+00   2.4051975777E+00   1.5684108502E-03   3.3401262978E-04
   1   -36   0    0   6.4080097187E-01   7.9879459385E+00   1.8475657661E-04   2.0373886537E+00   2.3723663740E+00   2.0858653922E-04   2.1324545709E+00   2.3453616406E+00   6.3190698004E-04   2.2338091006E+00   2.3837592993E+00   1.7019537552E-03   2.2451104687E+00   2.4145559164E+00   1.8992301487E-03   2.3923776665E+00   2.4509692813E+00   2.0924315479E-03   2.2181915894E+00   2.4054521190E+00   1.5684108502E-03   3.3402994392E-04
   1   -37   0    0   6.3083867526E-01   7.9884394990E+00   1.8442139155E-04   2.0371373087E+00   2.3724960158E+00   2.0858653922E-04   2.1322365876E+00   2.3455262616E+00   6.3190698004E-04   2.2336795994E+00   2.3839239203E+00   1.7019537552E-03   2.2455731866E+00   2.4148138152E+00   1.8992301487E-03   2.3926723246E+00   2.4512557345E+00   2.0924315479E-03   2.2183870047E+00   2.4057100178E+00   1.5684108502E-03   3.3404748752E-04
   1   -38   0    0   6.2087746935E-01   7.9889401205E+00   1.8408250628E-04   2.0368823724E+00   2.3726276018E+00   2.0858653922E-04   2.1320145894E+00   2.3456932129E+00   6.3190698004E-04   2.2335487518E+00   2.3840908716E+00   1.7019537552E-03   2.2460424032E+00   2.4150750741E+00   1.8992301487E-03   2.3929707636E+00   2.4515458631E+00   2.0924315479E-03   2.2185870605E+00   2.4059712767E+00   1.5684108502E-03   3.3406526082E-04
   1   -39   0    0   6.1091737499E-01   7.9894478325E+00   1.8373994666E-04   2.0366238310E+00   2.3727611430E+00   2.0858653922E-04   2.1317885240E+00   2.3458625029E+00   6.3190698004E-04   2.2334165729E+00   2.3842601616E+00   1.7019537552E-03   2.2465181411E+00   2.4153396941E+00   1.8992301487E-03   2.3932729826E+00   2.4518396658E+00   2.0924315479E-03   2.2187918481E+00   2.4062358967E+00   1.5684108502E-03   3.3408326392E-04
   1   -40   0    0   6.0095841298E-01   7.9899626621E+00   1.8339374082E-04   2.0363616719E+00   2.3728966499E+00   2.0858653922E-04   2.1315583394E+00   2.3460341391E+00   6.3190698004E-04   2.2332830783E+00   2.3844317978E+00   1.7019537552E-03   2.2470004206E+00   2.4156076751E+00   1.8992301487E-03   2.3935789787E+00   2.4521371400E+00   2.0924315479E-03   2.2190014590E+00   2.4065038777E+00   1.5684108502E-03   3.3410149686E-04
   1   -41   0    0   5.9100060402E-01   7.9904846340E+00   1.8304391921E-04   2.0360958836E+00   2.3730341324E+00   2.0858653922E-04   2.1313239840E+00   2.3462081282E+00   6.3190698004E-04   2.2331482849E+00   2.3846057870E+00   1.7019537552E-03   2.2474892601E+00   2.4158790152E+00   1.8992301487E-03   2.3938887476E+00   2.4524382815E+00   2.0924315479E-03   2.2192159853E+00   2.4067752178E+00   1.5684108502E-03   3.3411995957E-04
   1   -42   0    0   5.8104396864E-01   7.9910137710E+00   1.8269051458E-04   2.0358264561E+00   2.3731736000E+00   2.0858653922E-04   2.1310854065E+00   2.3463844763E+00   6.3190698004E-04   2.2330122105E+00   2.3847821350E+00   1.7019537552E-03   2.2479846753E+00   2.4161537114E+00   1.8992301487E-03   2.3942022831E+00   2.4527430842E+00   2.0924315479E-03   2.2194355193E+00   2.4070499140E+00   1.5684108502E-03   3.3413865189E-04
   1   -43   0    0   5.7108852724E-01   7.9915500931E+00   1.8233356201E-04   2.0355533804E+00   2.3733150613E+00   2.0858653922E-04   2.1308425560E+00   2.3465631884E+00   6.3190698004E-04   2.2328748740E+00   2.3849608471E+00   1.7019537552E-03   2.2484866800E+00   2.4164317589E+00   1.8992301487E-03   2.3945195774E+00   2.4530515406E+00   2.0924315479E-03   2.2196601536E+00   2.4073279615E+00   1.5684108502E-03   3.3415757354E-04
   1   -44   0    0   5.6113430005E-01   7.9920936179E+00   1.8197309891E-04   2.0352766491E+00   2.3734585246E+00   2.0858653922E-04   2.1305953820E+00   2.3467442689E+00   6.3190698004E-04   2.2327362950E+00   2.3851419276E+00   1.7019537552E-03   2.2489952853E+00   2.4167131518E+00   1.8992301487E-03   2.3948406210E+00   2.4533636413E+00   2.0924315479E-03   2.2198899808E+00   2.4076093544E+00   1.5684108502E-03   3.3417672416E-04
   1   -45   0    0   5.5118130706E-01   7.9926443606E+00   1.8160916502E-04   2.0349962561E+00   2.3736039975E+00   2.0858653922E-04   2.1303438349E+00   2.3469277211E+00   6.3190698004E-04   2.2325964944E+00   2.3853253798E+00   1.7019537552E-03   2.2495105002E+00   2.4169978822E+00   1.8992301487E-03   2.3951654024E+00   2.4536793753E+00   2.0924315479E-03   2.2201250935E+00   2.4078940848E+00   1.5684108502E-03   3.3419610328E-04
   1   -46   0    0   5.4122956805E-01   7.9932023339E+00   1.8124180243E-04   2.0347121964E+00   2.3737514869E+00   2.0858653922E-04   2.1300878652E+00   2.3471135476E+00   6.3190698004E-04   2.2324554940E+00   2.3855112064E+00   1.7019537552E-03   2.2500323310E+00   2.4172859412E+00   1.8992301487E-03   2.3954939088E+00   2.4539987299E+00   2.0924315479E-03   2.2203655842E+00   2.4081821438E+00   1.5684108502E-03   3.3421571033E-04
   1   -47   0    0   5.3127910251E-01   7.9937675477E+00   1.8087105553E-04   2.0344244668E+00   2.3739009991E+00   2.0858653922E-04   2.1298274245E+00   2.3473017502E+00   6.3190698004E-04   2.2323133163E+00   2.3856994089E+00   1.7019537552E-03   2.2505607816E+00   2.4175773180E+00   1.8992301487E-03   2.3958261251E+00   2.4543216906E+00   2.0924315479E-03   2.2206115452E+00   2.4084735206E+00   1.5684108502E-03   3.3423554463E-04
   1   -48   0    0   5.2132992966E-01   7.9943400093E+00   1.8049697105E-04   2.0341330653E+00   2.3740525397E+00   2.0858653922E-04   2.1295624649E+00   2.3474923295E+00   6.3190698004E-04   2.2321699852E+00   2.3858899882E+00   1.7019537552E-03   2.2510958533E+00   2.4178720003E+00   1.8992301487E-03   2.3961620347E+00   2.4546482412E+00   2.0924315479E-03   2.2208630685E+00   2.4087682029E+00   1.5684108502E-03   3.3425560540E-04
   1   -49   0    0   5.1138206837E-01   7.9949197232E+00   1.8011959802E-04   2.0338379913E+00   2.3742061138E+00   2.0858653922E-04   2.1292929393E+00   2.3476852853E+00   6.3190698004E-04   2.2320255251E+00   2.3860829441E+00   1.7019537552E-03   2.2516375448E+00   2.4181699744E+00   1.8992301487E-03   2.3965016191E+00   2.4549783637E+00   2.0924315479E-03   2.2211202455E+00   2.4090661770E+00   1.5684108502E-03   3.3427589176E-04
   1   -50   0    0   5.0143553719E-01   7.9955066913E+00   1.7973898779E-04   2.0335392458E+00   2.3743617255E+00   2.0858653922E-04   2.1290188017E+00   2.3478806168E+00   6.3190698004E-04   2.2318799615E+00   2.3862782755E+00   1.7019537552E-03   2.2521858524E+00   2.4184712249E+00   1.8992301487E-03   2.3968448581E+00   2.4553120385E+00   2.0924315479E-03   2.2213831672E+00   2.4093674275E+00   1.5684108502E-03   3.3429640271E-04
   1   -51   0    0   4.9149035426E-01   7.9961009126E+00   1.7935519396E-04   2.0332368312E+00   2.3745193786E+00   2.0858653922E-04   2.1287400069E+00   2.3480783217E+00   6.3190698004E-04   2.2317333209E+00   2.3864759804E+00   1.7019537552E-03   2.2527407693E+00   2.4187757349E+00   1.8992301487E-03   2.3971917296E+00   2.4556492439E+00   2.0924315479E-03   2.2216519237E+00   2.4096719375E+00   1.5684108502E-03   3.3431713716E-04
   1   -52   0    0   4.8154653732E-01   7.9967023832E+00   1.7896827241E-04   2.0329307516E+00   2.3746790758E+00   2.0858653922E-04   2.1284565108E+00   2.3482783972E+00   6.3190698004E-04   2.2315856305E+00   2.3866760560E+00   1.7019537552E-03   2.2533022863E+00   2.4190834858E+00   1.8992301487E-03   2.3975422095E+00   2.4559899567E+00   2.0924315479E-03   2.2219266043E+00   2.4099796884E+00   1.5684108502E-03   3.3433809390E-04
   1   -53   0    0   4.7160410366E-01   7.9973110963E+00   1.7857828124E-04   2.0326210123E+00   2.3748408194E+00   2.0858653922E-04   2.1281682702E+00   2.3484808394E+00   6.3190698004E-04   2.2314369182E+00   2.3868784981E+00   1.7019537552E-03   2.2538703915E+00   2.4193944577E+00   1.8992301487E-03   2.3978962723E+00   2.4563341519E+00   2.0924315479E-03   2.2222072976E+00   2.4102906603E+00   1.5684108502E-03   3.3435927161E-04
   1   -54   0    0   4.6166307011E-01   7.9979270422E+00   1.7818528078E-04   2.0323076205E+00   2.3750046106E+00   2.0858653922E-04   2.1278752435E+00   2.3486856433E+00   6.3190698004E-04   2.2312872132E+00   2.3870833021E+00   1.7019537552E-03   2.2544450699E+00   2.4197086287E+00   1.8992301487E-03   2.3982538903E+00   2.4566818027E+00   2.0924315479E-03   2.2224940906E+00   2.4106048313E+00   1.5684108502E-03   3.3438066888E-04
   1   -55   0    0   4.5172345296E-01   7.9985502082E+00   1.7778933351E-04   2.0319905846E+00   2.3751704503E+00   2.0858653922E-04   2.1275773900E+00   2.3488928032E+00   6.3190698004E-04   2.2311365449E+00   2.3872904619E+00   1.7019537552E-03   2.2550263039E+00   2.4200259757E+00   1.8992301487E-03   2.3986150341E+00   2.4570328805E+00   2.0924315479E-03   2.2227870693E+00   2.4109221783E+00   1.5684108502E-03   3.3440228418E-04
   1   -56   0    0   4.4178526800E-01   7.9991805784E+00   1.7739050407E-04   2.0316699148E+00   2.3753383382E+00   2.0858653922E-04   2.1272746707E+00   2.3491023121E+00   6.3190698004E-04   2.2309849439E+00   2.3874999708E+00   1.7019537552E-03   2.2556140731E+00   2.4203464739E+00   1.8992301487E-03   2.3989796726E+00   2.4573873549E+00   2.0924315479E-03   2.2230863183E+00   2.4112426765E+00   1.5684108502E-03   3.3442411588E-04
   1   -57   0    0   4.3184853041E-01   7.9998181341E+00   1.7698885920E-04   2.0313456228E+00   2.3755082736E+00   2.0858653922E-04   2.1269670478E+00   2.3493141623E+00   6.3190698004E-04   2.2308324412E+00   2.3877118210E+00   1.7019537552E-03   2.2562083541E+00   2.4206700968E+00   1.8992301487E-03   2.3993477728E+00   2.4577451940E+00   2.0924315479E-03   2.2233919205E+00   2.4115662994E+00   1.5684108502E-03   3.3444616223E-04
   1   -58   0    0   4.2191325479E-01   8.0004628534E+00   1.7658446768E-04   2.0310177220E+00   2.3756802548E+00   2.0858653922E-04   2.1266544852E+00   2.3495283448E+00   6.3190698004E-04   2.2306790688E+00   2.3879260036E+00   1.7019537552E-03   2.2568091207E+00   2.4209968165E+00   1.8992301487E-03   2.3997192999E+00   2.4581063638E+00   2.0924315479E-03   2.2237039572E+00   2.4118930191E+00   1.5684108502E-03   3.3446842138E-04
   1   -59   0    0   4.1197945509E-01   8.0011147112E+00   1.7617740034E-04   2.0306862271E+00   2.3758542793E+00   2.0858653922E-04   2.1263369484E+00   2.3497448500E+00   6.3190698004E-04   2.2305248590E+00   2.3881425087E+00   1.7019537552E-03   2.2574163436E+00   2.4213266035E+00   1.8992301487E-03   2.4000942173E+00   2.4584708289E+00   2.0924315479E-03   2.2240225076E+00   2.4122228061E+00   1.5684108502E-03   3.3449089139E-04
   1   -60   0    0   4.0204714459E-01   8.0017736793E+00   1.7576772996E-04   2.0303511547E+00   2.3760303439E+00   2.0858653922E-04   2.1260144047E+00   2.3499636670E+00   6.3190698004E-04   2.2303698450E+00   2.3883613257E+00   1.7019537552E-03   2.2580299906E+00   2.4216594266E+00   1.8992301487E-03   2.4004724867E+00   2.4588385518E+00   2.0924315479E-03   2.2243476492E+00   2.4125556292E+00   1.5684108502E-03   3.3451357019E-04
   1   -61   0    0   3.9211633586E-01   8.0024397264E+00   1.7535553121E-04   2.0300125228E+00   2.3762084447E+00   2.0858653922E-04   2.1256868231E+00   2.3501847839E+00   6.3190698004E-04   2.2302140602E+00   2.3885824426E+00   1.7019537552E-03   2.2586500268E+00   2.4219952532E+00   1.8992301487E-03   2.4008540679E+00   2.4592094937E+00   2.0924315479E-03   2.2246794570E+00   2.4128914558E+00   1.5684108502E-03   3.3453645562E-04
   1   -62   0    0   3.8218704074E-01   8.0031128177E+00   1.7494088065E-04   2.0296703510E+00   2.3763885767E+00   2.0858653922E-04   2.1253541748E+00   2.3504081879E+00   6.3190698004E-04   2.2300575390E+00   2.3888058466E+00   1.7019537552E-03   2.2592764139E+00   2.4223340493E+00   1.8992301487E-03   2.4012389193E+00   2.4595836139E+00   2.0924315479E-03   2.2250180037E+00   2.4132302519E+00   1.5684108502E-03   3.3455954540E-04
   1   -63   0    0   3.7225927030E-01   8.0037929156E+00   1.7452385663E-04   2.0293246606E+00   2.3765707342E+00   2.0858653922E-04   2.1250164327E+00   2.3506338651E+00   6.3190698004E-04   2.2299003157E+00   2.3890315239E+00   1.7019537552E-03   2.2599091108E+00   2.4226757791E+00   1.8992301487E-03   2.4016269973E+00   2.4599608700E+00   2.0924315479E-03   2.2253633595E+00   2.4135719817E+00   1.5684108502E-03   3.3458283718E-04
   1   -64   0    0   3.6233303479E-01   8.0044799789E+00   1.7410453922E-04   2.0289754743E+00   2.3767549108E+00   2.0858653922E-04   2.1246735722E+00   2.3508618008E+00   6.3190698004E-04   2.2297424254E+00   2.3892594596E+00   1.7019537552E-03   2.2605480734E+00   2.4230204056E+00   1.8992301487E-03   2.4020182566E+00   2.4603412182E+00   2.0924315479E-03   2.2257155920E+00   2.4139166082E+00   1.5684108502E-03   3.3460632847E-04
   1   -65   0    0   3.5240834362E-01   8.0051739633E+00   1.7368301017E-04   2.0286228166E+00   2.3769410992E+00   2.0858653922E-04   2.1243255706E+00   2.3510919791E+00   6.3190698004E-04   2.2295839035E+00   2.3894896378E+00   1.7019537552E-03   2.2611932544E+00   2.4233678902E+00   1.8992301487E-03   2.4024126504E+00   2.4607246128E+00   2.0924315479E-03   2.2260747657E+00   2.4142640928E+00   1.5684108502E-03   3.3463001671E-04
   1   -66   0    0   3.4248520535E-01   8.0058748212E+00   1.7325935283E-04   2.0282667133E+00   2.3771292912E+00   2.0858653922E-04   2.1239724077E+00   2.3513243830E+00   6.3190698004E-04   2.2294247857E+00   2.3897220417E+00   1.7019537552E-03   2.2618446036E+00   2.4237181926E+00   1.8992301487E-03   2.4028101302E+00   2.4611110067E+00   2.0924315479E-03   2.2264409423E+00   2.4146143952E+00   1.5684108502E-03   3.3465389921E-04
   1   -67   0    0   3.3256362761E-01   8.0065825017E+00   1.7283365207E-04   2.0279071919E+00   2.3773194778E+00   2.0858653922E-04   2.1236140658E+00   2.3515589948E+00   6.3190698004E-04   2.2292651077E+00   2.3899566535E+00   1.7019537552E-03   2.2625020677E+00   2.4240712716E+00   1.8992301487E-03   2.4032106459E+00   2.4615003511E+00   2.0924315479E-03   2.2268141802E+00   2.4149674742E+00   1.5684108502E-03   3.3467797322E-04
   1   -68   0    0   3.2264361709E-01   8.0072969505E+00   1.7240599422E-04   2.0275442814E+00   2.3775116491E+00   2.0858653922E-04   2.1232505297E+00   2.3517957956E+00   6.3190698004E-04   2.2291049058E+00   2.3901934543E+00   1.7019537552E-03   2.2631655902E+00   2.4244270842E+00   1.8992301487E-03   2.4036141458E+00   2.4618925959E+00   2.0924315479E-03   2.2271945345E+00   2.4153232868E+00   1.5684108502E-03   3.3470223586E-04
   1   -69   0    0   3.1272517953E-01   8.0080181102E+00   1.7197646697E-04   2.0271780123E+00   2.3777057945E+00   2.0858653922E-04   2.1228817869E+00   2.3520347655E+00   6.3190698004E-04   2.2289442162E+00   2.3904324242E+00   1.7019537552E-03   2.2638351118E+00   2.4247855862E+00   1.8992301487E-03   2.4040205768E+00   2.4622876893E+00   2.0924315479E-03   2.2275820568E+00   2.4156817888E+00   1.5684108502E-03   3.3472668417E-04
   1   -70   0    0   3.0280831964E-01   8.0087459200E+00   1.7154515930E-04   2.0268084165E+00   2.3779019023E+00   2.0858653922E-04   2.1225078275E+00   2.3522758836E+00   6.3190698004E-04   2.2287830751E+00   2.3906735424E+00   1.7019537552E-03   2.2645105700E+00   2.4251467319E+00   1.8992301487E-03   2.4044298841E+00   2.4626855782E+00   2.0924315479E-03   2.2279767950E+00   2.4160429345E+00   1.5684108502E-03   3.3475131511E-04
   1   -71   0    0   2.9289304111E-01   8.0094803158E+00   1.7111216142E-04   2.0264355274E+00   2.3780999603E+00   2.0858653922E-04   2.1221286447E+00   2.3525191283E+00   6.3190698004E-04   2.2286215189E+00   2.3909167870E+00   1.7019537552E-03   2.2651918992E+00   2.4255104745E+00   1.8992301487E-03   2.4048420116E+00   2.4630862079E+00   2.0924315479E-03   2.2283787931E+00   2.4164066771E+00   1.5684108502E-03   3.3477612553E-04
   1   -72   0    0   2.8297934657E-01   8.0102212302E+00   1.7067756463E-04   2.0260593800E+00   2.3782999551E+00   2.0858653922E-04   2.1217442344E+00   2.3527644766E+00   6.3190698004E-04   2.2284595840E+00   2.3911621354E+00   1.7019537552E-03   2.2658790307E+00   2.4258767657E+00   1.8992301487E-03   2.4052569017E+00   2.4634895224E+00   2.0924315479E-03   2.2287880915E+00   2.4167729683E+00   1.5684108502E-03   3.3480111221E-04
   1   -73   0    0   2.7306723754E-01   8.0109685927E+00   1.7024146127E-04   2.0256800104E+00   2.3785018725E+00   2.0858653922E-04   2.1213545957E+00   2.3530119049E+00   6.3190698004E-04   2.2282973064E+00   2.3914095636E+00   1.7019537552E-03   2.2665718928E+00   2.4262455561E+00   1.8992301487E-03   2.4056744954E+00   2.4638954645E+00   2.0924315479E-03   2.2292047259E+00   2.4171417587E+00   1.5684108502E-03   3.3482627181E-04
   1   -74   0    0   2.6315671441E-01   8.0117223293E+00   1.6980394462E-04   2.0252974562E+00   2.3787056978E+00   2.0858653922E-04   2.1209597310E+00   2.3532613884E+00   6.3190698004E-04   2.2281347222E+00   2.3916590472E+00   1.7019537552E-03   2.2672704110E+00   2.4266167950E+00   1.8992301487E-03   2.4060947325E+00   2.4643039755E+00   2.0924315479E-03   2.2296287283E+00   2.4175129976E+00   1.5684108502E-03   3.3485160095E-04
   1   -75   0    0   2.5324777643E-01   8.0124823628E+00   1.6936510880E-04   2.0249117564E+00   2.3789114150E+00   2.0858653922E-04   2.1205596458E+00   2.3535129016E+00   6.3190698004E-04   2.2279718671E+00   2.3919105603E+00   1.7019537552E-03   2.2679745075E+00   2.4269904307E+00   1.8992301487E-03   2.4065175515E+00   2.4647149956E+00   2.0924315479E-03   2.2300601259E+00   2.4178866333E+00   1.5684108502E-03   3.3487709615E-04
   1   -76   0    0   2.4334042167E-01   8.0132486130E+00   1.6892504869E-04   2.0245229512E+00   2.3791190075E+00   2.0858653922E-04   2.1201543489E+00   2.3537664178E+00   6.3190698004E-04   2.2278087767E+00   2.3921640765E+00   1.7019537552E-03   2.2686841014E+00   2.4273664101E+00   1.8992301487E-03   2.4069428895E+00   2.4651284638E+00   2.0924315479E-03   2.2304989417E+00   2.4182626127E+00   1.5684108502E-03   3.3490275384E-04
   1   -77   0    0   2.3343464698E-01   8.0140209963E+00   1.6848385980E-04   2.0241310819E+00   2.3793284577E+00   2.0858653922E-04   2.1197438526E+00   2.3540219095E+00   6.3190698004E-04   2.2276454860E+00   2.3924195682E+00   1.7019537552E-03   2.2693991092E+00   2.4277446792E+00   1.8992301487E-03   2.4073706826E+00   2.4655443178E+00   2.0924315479E-03   2.2309451938E+00   2.4186408818E+00   1.5684108502E-03   3.3492857039E-04
   1   -78   0    0   2.2353044798E-01   8.0147994259E+00   1.6804163820E-04   2.0237361914E+00   2.3795397474E+00   2.0858653922E-04   2.1193281729E+00   2.3542793485E+00   6.3190698004E-04   2.2274820297E+00   2.3926770072E+00   1.7019537552E-03   2.2701194442E+00   2.4281251829E+00   1.8992301487E-03   2.4078008656E+00   2.4659624944E+00   2.0924315479E-03   2.2313988956E+00   2.4190213855E+00   1.5684108502E-03   3.3495454209E-04
   1   -79   0    0   2.1362781906E-01   8.0155838120E+00   1.6759848043E-04   2.0233383232E+00   2.3797528573E+00   2.0858653922E-04   2.1189073292E+00   2.3545387053E+00   6.3190698004E-04   2.2273184420E+00   2.3929363641E+00   1.7019537552E-03   2.2708450168E+00   2.4285078651E+00   1.8992301487E-03   2.4082333723E+00   2.4663829291E+00   2.0924315479E-03   2.2318600557E+00   2.4194040677E+00   1.5684108502E-03   3.3498066516E-04
   1   -80   0    0   2.0372675330E-01   8.0163740618E+00   1.6715448333E-04   2.0229375225E+00   2.3799677674E+00   2.0858653922E-04   2.1184813448E+00   2.3547999500E+00   6.3190698004E-04   2.2271547566E+00   2.3931976087E+00   1.7019537552E-03   2.2715757345E+00   2.4288926686E+00   1.8992301487E-03   2.4086681357E+00   2.4668055568E+00   2.0924315479E-03   2.2323286777E+00   2.4197888712E+00   1.5684108502E-03   3.3500693576E-04
   1   -81   0    0   1.9382724250E-01   8.0171700791E+00   1.6670974404E-04   2.0225338350E+00   2.3801844568E+00   2.0858653922E-04   2.1180502466E+00   2.3550630515E+00   6.3190698004E-04   2.2269910063E+00   2.3934607102E+00   1.7019537552E-03   2.2723115020E+00   2.4292795355E+00   1.8992301487E-03   2.4091050874E+00   2.4672303111E+00   2.0924315479E-03   2.2328047601E+00   2.4201757381E+00   1.5684108502E-03   3.3503334999E-04
   1   -82   0    0   1.8392927714E-01   8.0179717652E+00   1.6626435980E-04   2.0221273078E+00   2.3804029040E+00   2.0858653922E-04   2.1176140655E+00   2.3553279780E+00   6.3190698004E-04   2.2268272236E+00   2.3937256367E+00   1.7019537552E-03   2.2730522212E+00   2.4296684069E+00   1.8992301487E-03   2.4095441584E+00   2.4676571247E+00   2.0924315479E-03   2.2332882962E+00   2.4205646095E+00   1.5684108502E-03   3.3505990386E-04
   1   -83   0    0   1.7403284638E-01   8.0187790180E+00   1.6581842791E-04   2.0217179887E+00   2.3806230864E+00   2.0858653922E-04   2.1171728362E+00   2.3555946969E+00   6.3190698004E-04   2.2266634401E+00   2.3939923556E+00   1.7019537552E-03   2.2737977912E+00   2.4300592230E+00   1.8992301487E-03   2.4099852787E+00   2.4680859299E+00   2.0924315479E-03   2.2337792740E+00   2.4209554256E+00   1.5684108502E-03   3.3508659335E-04
   1   -84   0    0   1.6413793803E-01   8.0195917328E+00   1.6537204559E-04   2.0213059265E+00   2.3808449808E+00   2.0858653922E-04   2.1167265976E+00   2.3558631748E+00   6.3190698004E-04   2.2264996864E+00   2.3942608335E+00   1.7019537552E-03   2.2745481082E+00   2.4304519235E+00   1.8992301487E-03   2.4104283778E+00   2.4685166577E+00   2.0924315479E-03   2.2342776765E+00   2.4213481261E+00   1.5684108502E-03   3.3511341438E-04
   1   -85   0    0   1.5424453853E-01   8.0204098020E+00   1.6492530989E-04   2.0208911708E+00   2.3810685631E+00   2.0858653922E-04   2.1162753923E+00   2.3561333774E+00   6.3190698004E-04   2.2263359926E+00   2.3945310362E+00   1.7019537552E-03   2.2753030660E+00   2.4308464472E+00   1.8992301487E-03   2.4108733840E+00   2.4689492388E+00   2.0924315479E-03   2.2347834809E+00   2.4217426498E+00   1.5684108502E-03   3.3514036282E-04
   1   -86   0    0   1.4435263298E-01   8.0212331150E+00   1.6447831757E-04   2.0204737719E+00   2.3812938085E+00   2.0858653922E-04   2.1158192674E+00   2.3564052700E+00   6.3190698004E-04   2.2261723875E+00   2.3948029287E+00   1.7019537552E-03   2.2760625557E+00   2.4312427321E+00   1.8992301487E-03   2.4113202253E+00   2.4693836030E+00   2.0924315479E-03   2.2352966593E+00   2.4221389347E+00   1.5684108502E-03   3.3516743448E-04
   1   -87   0    0   1.3446220509E-01   8.0220615589E+00   1.6403116505E-04   2.0200537810E+00   2.3815206914E+00   2.0858653922E-04   2.1153582739E+00   2.3566788167E+00   6.3190698004E-04   2.2260088993E+00   2.3950764754E+00   1.7019537552E-03   2.2768264657E+00   2.4316407158E+00   1.8992301487E-03   2.4117688289E+00   2.4698196796E+00   2.0924315479E-03   2.2358171783E+00   2.4225369184E+00   1.5684108502E-03   3.3519462514E-04
   1   -88   0    0   1.2457323718E-01   8.0228950179E+00   1.6358394822E-04   2.0196312496E+00   2.3817491854E+00   2.0858653922E-04   2.1148924671E+00   2.3569539813E+00   6.3190698004E-04   2.2258455548E+00   2.3953516400E+00   1.7019537552E-03   2.2775946820E+00   2.4320403352E+00   1.8992301487E-03   2.4122191216E+00   2.4702573975E+00   2.0924315479E-03   2.2363449988E+00   2.4229365378E+00   1.5684108502E-03   3.3522193054E-04
   1   -89   0    0   1.1468571022E-01   8.0237333737E+00   1.6313676241E-04   2.0192062301E+00   2.3819792634E+00   2.0858653922E-04   2.1144219062E+00   2.3572307266E+00   6.3190698004E-04   2.2256823800E+00   2.3956283854E+00   1.7019537552E-03   2.2783670882E+00   2.4324415268E+00   1.8992301487E-03   2.4126710297E+00   2.4706966849E+00   2.0924315479E-03   2.2368800765E+00   2.4233377294E+00   1.5684108502E-03   3.3524934637E-04
   1   -90   0    0   1.0479960377E-01   8.0245765055E+00   1.6268970226E-04   2.0187787753E+00   2.3822108977E+00   2.0858653922E-04   2.1139466551E+00   2.3575090152E+00   6.3190698004E-04   2.2255193996E+00   2.3959066739E+00   1.7019537552E-03   2.2791435656E+00   2.4328442266E+00   1.8992301487E-03   2.4131244790E+00   2.4711374697E+00   2.0924315479E-03   2.2374223615E+00   2.4237404292E+00   1.5684108502E-03   3.3527686830E-04
   1   -91   0    0   9.4914896028E-02   8.0254242903E+00   1.6224286163E-04   2.0183489383E+00   2.3824440597E+00   2.0858653922E-04   2.1134667815E+00   2.3577888085E+00   6.3190698004E-04   2.2253566373E+00   2.3961864672E+00   1.7019537552E-03   2.2799239929E+00   2.4332483701E+00   1.8992301487E-03   2.4135793950E+00   2.4715796796E+00   2.0924315479E-03   2.2379717982E+00   2.4241445727E+00   1.5684108502E-03   3.3530449196E-04
   1   -92   0    0   8.5031563820E-02   8.0262766026E+00   1.6179633349E-04   2.0179167729E+00   2.3826787202E+00   2.0858653922E-04   2.1129823578E+00   2.3580700677E+00   6.3190698004E-04   2.2251941154E+00   2.3964677264E+00   1.7019537552E-03   2.2807082469E+00   2.4336538925E+00   1.8992301487E-03   2.4140357029E+00   2.4720232418E+00   2.0924315479E-03   2.2385283257E+00   2.4245500951E+00   1.5684108502E-03   3.3533221296E-04
   1   -93   0    0   7.5149582605E-02   8.0271333146E+00   1.6135020985E-04   2.0174823329E+00   2.3829148494E+00   2.0858653922E-04   2.1124934602E+00   2.3583527534E+00   6.3190698004E-04   2.2250318551E+00   2.3967504121E+00   1.7019537552E-03   2.2814962021E+00   2.4340607288E+00   1.8992301487E-03   2.4144933277E+00   2.4724680834E+00   2.0924315479E-03   2.2390918777E+00   2.4249569314E+00   1.5684108502E-03   3.3536002688E-04
   1   -94   0    0   6.5268926494E-02   8.0279942966E+00   1.6090458164E-04   2.0170456726E+00   2.3831524167E+00   2.0858653922E-04   2.1120001694E+00   2.3586368255E+00   6.3190698004E-04   2.2248698761E+00   2.3970344842E+00   1.7019537552E-03   2.2822877309E+00   2.4344688137E+00   1.8992301487E-03   2.4149521942E+00   2.4729141313E+00   2.0924315479E-03   2.2396623824E+00   2.4253650163E+00   1.5684108502E-03   3.3538792929E-04
   1   -95   0    0   5.5389568259E-02   8.0288594167E+00   1.6045953865E-04   2.0166068463E+00   2.3833913909E+00   2.0858653922E-04   2.1115025702E+00   2.3589222434E+00   6.3190698004E-04   2.2247081970E+00   2.3973199021E+00   1.7019537552E-03   2.2830827040E+00   2.4348780815E+00   1.8992301487E-03   2.4154122272E+00   2.4733613124E+00   2.0924315479E-03   2.2402397625E+00   2.4257742841E+00   1.5684108502E-03   3.3541591574E-04
   1   -96   0    0   4.5511479352E-02   8.0297285412E+00   1.6001516943E-04   2.0161659087E+00   2.3836317403E+00   2.0858653922E-04   2.1110007516E+00   2.3592089662E+00   6.3190698004E-04   2.2245468351E+00   2.3976066249E+00   1.7019537552E-03   2.2838809900E+00   2.4352884667E+00   1.8992301487E-03   2.4158733513E+00   2.4738095535E+00   2.0924315479E-03   2.2408239355E+00   2.4261846693E+00   1.5684108502E-03   3.3544398177E-04
   1   -97   0    0   3.5634629927E-02   8.0306015345E+00   1.5957156120E-04   2.0157229144E+00   2.3838734325E+00   2.0858653922E-04   2.1104948068E+00   2.3594969524E+00   6.3190698004E-04   2.2243858060E+00   2.3978946111E+00   1.7019537552E-03   2.2846824555E+00   2.4356999035E+00   1.8992301487E-03   2.4163354913E+00   2.4742587813E+00   2.0924315479E-03   2.2414148137E+00   2.4265961061E+00   1.5684108502E-03   3.3547212292E-04
   1   -98   0    0   2.5758988861E-02   8.0314782592E+00   1.5912879979E-04   2.0152779181E+00   2.3841164345E+00   2.0858653922E-04   2.1099848331E+00   2.3597861600E+00   6.3190698004E-04   2.2242251242E+00   2.3981838187E+00   1.7019537552E-03   2.2854869660E+00   2.4361123261E+00   1.8992301487E-03   2.4167985719E+00   2.4747089228E+00   2.0924315479E-03   2.2420123041E+00   2.4270085287E+00   1.5684108502E-03   3.3550033469E-04
   1   -99   0    0   1.5884523778E-02   8.0323585764E+00   1.5868696956E-04   2.0148309743E+00   2.3843607129E+00   2.0858653922E-04   2.1094709316E+00   2.3600765468E+00   6.3190698004E-04   2.2240648027E+00   2.3984742055E+00   1.7019537552E-03   2.2862943847E+00   2.4365256687E+00   1.8992301487E-03   2.4172625181E+00   2.4751599049E+00   2.0924315479E-03   2.2426163087E+00   2.4274218713E+00   1.5684108502E-03   3.3552861262E-04
   1  -100   0    0   6.0112010840E-03   8.0332423455E+00   1.5824615334E-04   2.0143821377E+00   2.3846062335E+00   2.0858653922E-04   2.1089532075E+00   2.3603680700E+00   6.3190698004E-04   2.2239048532E+00   2.3987657287E+00   1.7019537552E-03   2.2871045738E+00   2.4369398656E+00   1.8992301487E-03   2.4177272550E+00   2.4756116550E+00   2.0924315479E-03   2.2432267246E+00   2.4278360682E+00   1.5684108502E-03   3.3555695224E-04
   1  -101   0    0  -3.8610140109E-03   8.0341294245E+00   1.5780643233E-04   2.0139314628E+00   2.3848529618E+00   2.0858653922E-04   2.1084317701E+00   2.3606606867E+00   6.3190698004E-04   2.2237452857E+00   2.3990583454E+00   1.7019537552E-03   2.2879173940E+00   2.4373548512E+00   1.8992301487E-03   2.4181927080E+00   2.4760641004E+00   2.0924315479E-03   2.2438434437E+00   2.4282510538E+00   1.5684108502E-03   3.3558534906E-04
   1  -102   0    0  -1.3732157452E-02   8.0350196704E+00   1.5736788609E-04   2.0134790038E+00   2.3851008629E+00   2.0858653922E-04   2.1079067322E+00   2.3609543535E+00   6.3190698004E-04   2.2235861091E+00   2.3993520122E+00   1.7019537552E-03   2.2887327044E+00   2.4377705599E+00   1.8992301487E-03   2.4186588027E+00   2.4765171689E+00   2.0924315479E-03   2.2444663535E+00   2.4286667625E+00   1.5684108502E-03   3.3561379863E-04
   1  -103   0    0  -2.3602266305E-02   8.0359129384E+00   1.5693059246E-04   2.0130248149E+00   2.3853499011E+00   2.0858653922E-04   2.1073782103E+00   2.3612490267E+00   6.3190698004E-04   2.2234273308E+00   2.3996466855E+00   1.7019537552E-03   2.2895503633E+00   2.4381869265E+00   1.8992301487E-03   2.4191254652E+00   2.4769707885E+00   2.0924315479E-03   2.2450953366E+00   2.4290831291E+00   1.5684108502E-03   3.3564229650E-04
   1  -104   0    0  -3.3471378721E-02   8.0368090831E+00   1.5649462749E-04   2.0125689500E+00   2.3856000406E+00   2.0858653922E-04   2.1068463247E+00   2.3615446626E+00   6.3190698004E-04   2.2232689566E+00   2.3999423213E+00   1.7019537552E-03   2.2903702277E+00   2.4386038860E+00   1.8992301487E-03   2.4195926218E+00   2.4774248879E+00   2.0924315479E-03   2.2457302712E+00   2.4295000886E+00   1.5684108502E-03   3.3567083822E-04
   1  -105   0    0  -4.3339533890E-02   8.0377079577E+00   1.5606006544E-04   2.0121114626E+00   2.3858512450E+00   2.0858653922E-04   2.1063111990E+00   2.3618412169E+00   6.3190698004E-04   2.2231109912E+00   2.4002388756E+00   1.7019537552E-03   2.2911921536E+00   2.4390213735E+00   1.8992301487E-03   2.4200601995E+00   2.4778793958E+00   2.0924315479E-03   2.2463710312E+00   2.4299175761E+00   1.5684108502E-03   3.3569941937E-04
   1  -106   0    0  -5.3206772003E-02   8.0386094149E+00   1.5562697871E-04   2.0116524060E+00   2.3861034775E+00   2.0858653922E-04   2.1057729601E+00   2.3621386454E+00   6.3190698004E-04   2.2229534378E+00   2.4005363041E+00   1.7019537552E-03   2.2920159961E+00   2.4394393246E+00   1.8992301487E-03   2.4205281255E+00   2.4783342416E+00   2.0924315479E-03   2.2470174860E+00   2.4303355272E+00   1.5684108502E-03   3.3572803555E-04
   1  -107   0    0  -6.3073134202E-02   8.0395133062E+00   1.5519543781E-04   2.0111918333E+00   2.3863567010E+00   2.0858653922E-04   2.1052317384E+00   2.3624369036E+00   6.3190698004E-04   2.2227962981E+00   2.4008345623E+00   1.7019537552E-03   2.2928416096E+00   2.4398576752E+00   1.8992301487E-03   2.4209963277E+00   2.4787893552E+00   2.0924315479E-03   2.2476695013E+00   2.4307538778E+00   1.5684108502E-03   3.3575668237E-04
   1  -108   0    0  -7.2938662539E-02   8.0404194826E+00   1.5476551134E-04   2.0107297972E+00   2.3866108780E+00   2.0858653922E-04   2.1046876669E+00   2.3627359467E+00   6.3190698004E-04   2.2226395729E+00   2.4011336055E+00   1.7019537552E-03   2.2936688478E+00   2.4402763615E+00   1.8992301487E-03   2.4214647346E+00   2.4792446670E+00   2.0924315479E-03   2.2483269384E+00   2.4311725641E+00   1.5684108502E-03   3.3578535548E-04
   1  -109   0    0  -8.2803399922E-02   8.0413277944E+00   1.5433726598E-04   2.0102663499E+00   2.3868659706E+00   2.0858653922E-04   2.1041408821E+00   2.3630357301E+00   6.3190698004E-04   2.2224832613E+00   2.4014333888E+00   1.7019537552E-03   2.2944975638E+00   2.4406953203E+00   1.8992301487E-03   2.4219332751E+00   2.4797001079E+00   2.0924315479E-03   2.2489896553E+00   2.4315915229E+00   1.5684108502E-03   3.3581405054E-04
   1  -110   0    0  -9.2667390069E-02   8.0422380915E+00   1.5391076643E-04   2.0098015435E+00   2.3871219408E+00   2.0858653922E-04   2.1035915227E+00   2.3633362089E+00   6.3190698004E-04   2.2223273614E+00   2.4017338676E+00   1.7019537552E-03   2.2953276101E+00   2.4411144885E+00   1.8992301487E-03   2.4224018789E+00   2.4801556097E+00   2.0924315479E-03   2.2496575062E+00   2.4320106911E+00   1.5684108502E-03   3.3584276323E-04
   1  -111   0    0  -1.0253067745E-01   8.0431502232E+00   1.5348607544E-04   2.0093354295E+00   2.3873787501E+00   2.0858653922E-04   2.1030397305E+00   2.3636373380E+00   6.3190698004E-04   2.2221718700E+00   2.4020349967E+00   1.7019537552E-03   2.2961588392E+00   2.4415338038E+00   1.8992301487E-03   2.4228704761E+00   2.4806111045E+00   2.0924315479E-03   2.2503303417E+00   2.4324300064E+00   1.5684108502E-03   3.3587148929E-04
   1  -112   0    0  -1.1239330725E-01   8.0440640386E+00   1.5306325380E-04   2.0088680593E+00   2.3876363598E+00   2.0858653922E-04   2.1024856493E+00   2.3639390724E+00   6.3190698004E-04   2.2220167829E+00   2.4023367312E+00   1.7019537552E-03   2.2969911028E+00   2.4419532043E+00   1.8992301487E-03   2.4233389979E+00   2.4810665251E+00   2.0924315479E-03   2.2510080093E+00   2.4328494069E+00   1.5684108502E-03   3.3590022447E-04
   1  -113   0    0  -1.2225532530E-01   8.0449793866E+00   1.5264236032E-04   2.0083994838E+00   2.3878947310E+00   2.0858653922E-04   2.1019294255E+00   2.3642413671E+00   6.3190698004E-04   2.2218620946E+00   2.4026390259E+00   1.7019537552E-03   2.2978242530E+00   2.4423726284E+00   1.8992301487E-03   2.4238073758E+00   2.4815218051E+00   2.0924315479E-03   2.2516903535E+00   2.4332688310E+00   1.5684108502E-03   3.3592896455E-04
   1  -114   0    0  -1.3211677801E-01   8.0458961158E+00   1.5222345185E-04   2.0079297536E+00   2.3881538245E+00   2.0858653922E-04   2.1013712074E+00   2.3645441770E+00   6.3190698004E-04   2.2217077987E+00   2.4029418357E+00   1.7019537552E-03   2.2986581413E+00   2.4427920152E+00   1.8992301487E-03   2.4242755421E+00   2.4819768789E+00   2.0924315479E-03   2.2523772158E+00   2.4336882179E+00   1.5684108502E-03   3.3595770535E-04
   1  -115   0    0  -1.4197771236E-01   8.0468140748E+00   1.5180658328E-04   2.0074589191E+00   2.3884136009E+00   2.0858653922E-04   2.1008111453E+00   2.3648474570E+00   6.3190698004E-04   2.2215538879E+00   2.4032451157E+00   1.7019537552E-03   2.2994926196E+00   2.4432113045E+00   1.8992301487E-03   2.4247434299E+00   2.4824316812E+00   2.0924315479E-03   2.2530684348E+00   2.4341075071E+00   1.5684108502E-03   3.3598644273E-04
   1  -116   0    0  -1.5183817581E-01   8.0477331121E+00   1.5139180756E-04   2.0069870302E+00   2.3886740207E+00   2.0858653922E-04   2.1002493910E+00   2.3651511619E+00   6.3190698004E-04   2.2214003537E+00   2.4035488206E+00   1.7019537552E-03   2.3003275399E+00   2.4436304363E+00   1.8992301487E-03   2.4252109731E+00   2.4828861477E+00   2.0924315479E-03   2.2537638467E+00   2.4345266389E+00   1.5684108502E-03   3.3601517256E-04
   1  -117   0    0  -1.6169821623E-01   8.0486530764E+00   1.5097917574E-04   2.0065141367E+00   2.3889350442E+00   2.0858653922E-04   2.0996860981E+00   2.3654552466E+00   6.3190698004E-04   2.2212471872E+00   2.4038529053E+00   1.7019537552E-03   2.3011627541E+00   2.4440493514E+00   1.8992301487E-03   2.4256781061E+00   2.4833402149E+00   2.0924315479E-03   2.2544632854E+00   2.4349455540E+00   1.5684108502E-03   3.3604389078E-04
   1  -118   0    0  -1.7155788189E-01   8.0495738165E+00   1.5056873696E-04   2.0060402882E+00   2.3891966313E+00   2.0858653922E-04   2.0991214213E+00   2.3657596663E+00   6.3190698004E-04   2.2210943784E+00   2.4041573250E+00   1.7019537552E-03   2.3019981147E+00   2.4444679910E+00   1.8992301487E-03   2.4261447643E+00   2.4837938198E+00   2.0924315479E-03   2.2551665824E+00   2.4353641936E+00   1.5684108502E-03   3.3607259335E-04
   1  -119   0    0  -1.8141722136E-01   8.0504951814E+00   1.5016053850E-04   2.0055655339E+00   2.3894587421E+00   2.0858653922E-04   2.0985555164E+00   2.3660643758E+00   6.3190698004E-04   2.2209419166E+00   2.4044620345E+00   1.7019537552E-03   2.3028334745E+00   2.4448862970E+00   1.8992301487E-03   2.4266108837E+00   2.4842469003E+00   2.0924315479E-03   2.2558735673E+00   2.4357824996E+00   1.5684108502E-03   3.3610127626E-04
   1  -120   0    0  -1.9127628349E-01   8.0514170204E+00   1.4975462580E-04   2.0050899232E+00   2.3897213364E+00   2.0858653922E-04   2.0979885404E+00   2.3663693302E+00   6.3190698004E-04   2.2207897908E+00   2.4047669890E+00   1.7019537552E-03   2.3036686868E+00   2.4453042119E+00   1.8992301487E-03   2.4270764011E+00   2.4846993950E+00   2.0924315479E-03   2.2565840677E+00   2.4362004145E+00   1.5684108502E-03   3.3612993555E-04
   1  -121   0    0  -2.0113511732E-01   8.0523391830E+00   1.4935104251E-04   2.0046135051E+00   2.3899843739E+00   2.0858653922E-04   2.0974206506E+00   2.3666744848E+00   6.3190698004E-04   2.2206379890E+00   2.4050721435E+00   1.7019537552E-03   2.3045036053E+00   2.4457216787E+00   1.8992301487E-03   2.4275412541E+00   2.4851512430E+00   2.0924315479E-03   2.2572979097E+00   2.4366178813E+00   1.5684108502E-03   3.3615856728E-04
   1  -122   0    0  -2.1099377207E-01   8.0532615193E+00   1.4894983053E-04   2.0041363287E+00   2.3902478142E+00   2.0858653922E-04   2.0968520052E+00   2.3669797947E+00   6.3190698004E-04   2.2204864993E+00   2.4053774534E+00   1.7019537552E-03   2.3053380844E+00   2.4461386409E+00   1.8992301487E-03   2.4280053808E+00   2.4856023845E+00   2.0924315479E-03   2.2580149177E+00   2.4370348435E+00   1.5684108502E-03   3.3618716758E-04
   1  -123   0    0  -2.2085229704E-01   8.0541838797E+00   1.4855103005E-04   2.0036584430E+00   2.3905116168E+00   2.0858653922E-04   2.0962827625E+00   2.3672852153E+00   6.3190698004E-04   2.2203353089E+00   2.4056828740E+00   1.7019537552E-03   2.3061719794E+00   2.4465550426E+00   1.8992301487E-03   2.4284687205E+00   2.4860527601E+00   2.0924315479E-03   2.2587349149E+00   2.4374512452E+00   1.5684108502E-03   3.3621573258E-04
   1  -124   0    0  -2.3071074158E-01   8.0551061150E+00   1.4815467957E-04   2.0031798971E+00   2.3907757412E+00   2.0858653922E-04   2.0957130810E+00   2.3675907019E+00   6.3190698004E-04   2.2201844051E+00   2.4059883606E+00   1.7019537552E-03   2.3070051462E+00   2.4469708287E+00   1.8992301487E-03   2.4289312126E+00   2.4865023112E+00   2.0924315479E-03   2.2594577233E+00   2.4378670313E+00   1.5684108502E-03   3.3624425847E-04
   1  -125   0    0  -2.4056915504E-01   8.0560280768E+00   1.4776081599E-04   2.0027007403E+00   2.3910401467E+00   2.0858653922E-04   2.0951431190E+00   2.3678962102E+00   6.3190698004E-04   2.2200337748E+00   2.4062938689E+00   1.7019537552E-03   2.3078374414E+00   2.4473859442E+00   1.8992301487E-03   2.4293927978E+00   2.4869509800E+00   2.0924315479E-03   2.2601831638E+00   2.4382821468E+00   1.5684108502E-03   3.3627274146E-04
   1  -126   0    0  -2.5042758670E-01   8.0569496169E+00   1.4736947465E-04   2.0022210218E+00   2.3913047926E+00   2.0858653922E-04   2.0945730346E+00   2.3682016956E+00   6.3190698004E-04   2.2198834048E+00   2.4065993543E+00   1.7019537552E-03   2.3086687227E+00   2.4478003351E+00   1.8992301487E-03   2.4298534171E+00   2.4873987093E+00   2.0924315479E-03   2.2609110565E+00   2.4386965377E+00   1.5684108502E-03   3.3630117781E-04
   1  -127   0    0  -2.6028608575E-01   8.0578705881E+00   1.4698068935E-04   2.0017407913E+00   2.3915696382E+00   2.0858653922E-04   2.0940029855E+00   2.3685071140E+00   6.3190698004E-04   2.2197332820E+00   2.4069047727E+00   1.7019537552E-03   2.3094988487E+00   2.4482139476E+00   1.8992301487E-03   2.4303130124E+00   2.4878454424E+00   2.0924315479E-03   2.2616412208E+00   2.4391101502E+00   1.5684108502E-03   3.3632956381E-04
   1  -128   0    0  -2.7014470122E-01   8.0587908436E+00   1.4659449245E-04   2.0012600987E+00   2.3918346427E+00   2.0858653922E-04   2.0934331285E+00   2.3688124212E+00   6.3190698004E-04   2.2195833932E+00   2.4072100799E+00   1.7019537552E-03   2.3103276792E+00   2.4486267285E+00   1.8992301487E-03   2.4307715261E+00   2.4882911235E+00   2.0924315479E-03   2.2623734756E+00   2.4395229311E+00   1.5684108502E-03   3.3635789577E-04
   1  -129   0    0  -2.8000348192E-01   8.0597102373E+00   1.4621091488E-04   2.0007789941E+00   2.3920997653E+00   2.0858653922E-04   2.0928636199E+00   2.3691175731E+00   6.3190698004E-04   2.2194337254E+00   2.4075152318E+00   1.7019537552E-03   2.3111550748E+00   2.4490386253E+00   1.8992301487E-03   2.4312289013E+00   2.4887356973E+00   2.0924315479E-03   2.2631076392E+00   2.4399348279E+00   1.5684108502E-03   3.3638617006E-04
   1  -130   0    0  -2.8986247642E-01   8.0606286239E+00   1.4582998623E-04   2.0002975282E+00   2.3923649652E+00   2.0858653922E-04   2.0922946147E+00   2.3694225258E+00   6.3190698004E-04   2.2192842659E+00   2.4078201846E+00   1.7019537552E-03   2.3119808973E+00   2.4494495857E+00   1.8992301487E-03   2.4316850818E+00   2.4891791090E+00   2.0924315479E-03   2.2638435300E+00   2.4403457883E+00   1.5684108502E-03   3.3641438306E-04
   1  -131   0    0  -2.9972173298E-01   8.0615458587E+00   1.4545173478E-04   1.9998157521E+00   2.3926302014E+00   2.0858653922E-04   2.0917262667E+00   2.3697272355E+00   6.3190698004E-04   2.2191350022E+00   2.4081248943E+00   1.7019537552E-03   2.3128050099E+00   2.4498595581E+00   1.8992301487E-03   2.4321400118E+00   2.4896213046E+00   2.0924315479E-03   2.2645809659E+00   2.4407557607E+00   1.5684108502E-03   3.3644253118E-04
   1  -132   0    0  -3.0958129954E-01   8.0624617979E+00   1.4507618757E-04   1.9993337174E+00   2.3928954331E+00   2.0858653922E-04   2.0911587285E+00   2.3700316585E+00   6.3190698004E-04   2.2189859222E+00   2.4084293172E+00   1.7019537552E-03   2.3136272768E+00   2.4502684912E+00   1.8992301487E-03   2.4325936365E+00   2.4900622306E+00   2.0924315479E-03   2.2653197651E+00   2.4411646938E+00   1.5684108502E-03   3.3647061088E-04
   1  -133   0    0  -3.1944122362E-01   8.0633762984E+00   1.4470337046E-04   1.9988514762E+00   2.3931606194E+00   2.0858653922E-04   2.0905921509E+00   2.3703357512E+00   6.3190698004E-04   2.2188370143E+00   2.4087334099E+00   1.7019537552E-03   2.3144475635E+00   2.4506763342E+00   1.8992301487E-03   2.4330459011E+00   2.4905018340E+00   2.0924315479E-03   2.2660597458E+00   2.4415725368E+00   1.5684108502E-03   3.3649861864E-04
   1  -134   0    0  -3.2930155234E-01   8.0642892179E+00   1.4433330814E-04   1.9983690815E+00   2.3934257194E+00   2.0858653922E-04   2.0900266831E+00   2.3706394701E+00   6.3190698004E-04   2.2186882674E+00   2.4090371288E+00   1.7019537552E-03   2.3152657370E+00   2.4510830368E+00   1.8992301487E-03   2.4334967518E+00   2.4909400622E+00   2.0924315479E-03   2.2668007267E+00   2.4419792394E+00   1.5684108502E-03   3.3652655096E-04
   1  -135   0    0  -3.3916233234E-01   8.0652004149E+00   1.4396602425E-04   1.9978865865E+00   2.3936906922E+00   2.0858653922E-04   2.0894624726E+00   2.3709427719E+00   6.3190698004E-04   2.2185396710E+00   2.4093404306E+00   1.7019537552E-03   2.3160816655E+00   2.4514885491E+00   1.8992301487E-03   2.4339461351E+00   2.4913768634E+00   2.0924315479E-03   2.2675425266E+00   2.4423847517E+00   1.5684108502E-03   3.3655440437E-04
   1  -136   0    0  -3.4902360974E-01   8.0661097490E+00   1.4360154137E-04   1.9974040457E+00   2.3939554970E+00   2.0858653922E-04   2.0888996647E+00   2.3712456132E+00   6.3190698004E-04   2.2183912155E+00   2.4096432720E+00   1.7019537552E-03   2.3168952187E+00   2.4518928215E+00   1.8992301487E-03   2.4343939981E+00   2.4918121862E+00   2.0924315479E-03   2.2682849650E+00   2.4427890241E+00   1.5684108502E-03   3.3658217544E-04
   1  -137   0    0  -3.5888543013E-01   8.0670170803E+00   1.4323988111E-04   1.9969215140E+00   2.3942200927E+00   2.0858653922E-04   2.0883384025E+00   2.3715479511E+00   6.3190698004E-04   2.2182428916E+00   2.4099456098E+00   1.7019537552E-03   2.3177062675E+00   2.4522958049E+00   1.8992301487E-03   2.4348402883E+00   2.4922459794E+00   2.0924315479E-03   2.2690278622E+00   2.4431920075E+00   1.5684108502E-03   3.3660986075E-04
   1  -138   0    0  -3.6874783849E-01   8.0679222701E+00   1.4288106413E-04   1.9964390473E+00   2.3944844387E+00   2.0858653922E-04   2.0877788269E+00   2.3718497424E+00   6.3190698004E-04   2.2180946913E+00   2.4102474012E+00   1.7019537552E-03   2.3185146847E+00   2.4526974505E+00   1.8992301487E-03   2.4352849537E+00   2.4926781927E+00   2.0924315479E-03   2.2697710389E+00   2.4435936531E+00   1.5684108502E-03   3.3663745692E-04
   1  -139   0    0  -3.7861087919E-01   8.0688251805E+00   1.4252511019E-04   1.9959567022E+00   2.3947484941E+00   2.0858653922E-04   2.0872210765E+00   2.3721509444E+00   6.3190698004E-04   2.2179466071E+00   2.4105486031E+00   1.7019537552E-03   2.3193203443E+00   2.4530977100E+00   1.8992301487E-03   2.4357279428E+00   2.4931087759E+00   2.0924315479E-03   2.2705143170E+00   2.4439939126E+00   1.5684108502E-03   3.3666496058E-04
   1  -140   0    0  -3.8847459595E-01   8.0697256744E+00   1.4217203823E-04   1.9954745364E+00   2.3950122180E+00   2.0858653922E-04   2.0866652871E+00   2.3724515141E+00   6.3190698004E-04   2.2177986326E+00   2.4108491728E+00   1.7019537552E-03   2.3201231218E+00   2.4534965353E+00   1.8992301487E-03   2.4361692046E+00   2.4935376794E+00   2.0924315479E-03   2.2712575193E+00   2.4443927379E+00   1.5684108502E-03   3.3669236838E-04
   1  -141   0    0  -3.9833903179E-01   8.0706236160E+00   1.4182186634E-04   1.9949926083E+00   2.3952755697E+00   2.0858653922E-04   2.0861115920E+00   2.3727514090E+00   6.3190698004E-04   2.2176507623E+00   2.4111490677E+00   1.7019537552E-03   2.3209228945E+00   2.4538938786E+00   1.8992301487E-03   2.4366086884E+00   2.4939648539E+00   2.0924315479E-03   2.2720004696E+00   2.4447900812E+00   1.5684108502E-03   3.3671967701E-04
   1  -142   0    0  -4.0820422900E-01   8.0715188702E+00   1.4147461186E-04   1.9945109776E+00   2.3955385085E+00   2.0858653922E-04   2.0855601218E+00   2.3730505865E+00   6.3190698004E-04   2.2175029917E+00   2.4114482452E+00   1.7019537552E-03   2.3217195411E+00   2.4542896927E+00   1.8992301487E-03   2.4370463438E+00   2.4943902506E+00   2.0924315479E-03   2.2727429930E+00   2.4451858953E+00   1.5684108502E-03   3.3674688318E-04
   1  -143   0    0  -4.1807022911E-01   8.0724113030E+00   1.4113029138E-04   1.9940297045E+00   2.3958009937E+00   2.0858653922E-04   2.0850110043E+00   2.3733490042E+00   6.3190698004E-04   2.2173553175E+00   2.4117466630E+00   1.7019537552E-03   2.3225129422E+00   2.4546839305E+00   1.8992301487E-03   2.4374821212E+00   2.4948138211E+00   2.0924315479E-03   2.2734849157E+00   2.4455801331E+00   1.5684108502E-03   3.3677398361E-04
   1  -144   0    0  -4.2793707289E-01   8.0733007814E+00   1.4078892079E-04   1.9935488506E+00   2.3960629847E+00   2.0858653922E-04   2.0844643641E+00   2.3736466199E+00   6.3190698004E-04   2.2172077373E+00   2.4120442786E+00   1.7019537552E-03   2.3233029797E+00   2.4550765454E+00   1.8992301487E-03   2.4379159710E+00   2.4952355173E+00   2.0924315479E-03   2.2742260655E+00   2.4459727480E+00   1.5684108502E-03   3.3680097505E-04
   1  -145   0    0  -4.3780480024E-01   8.0741871736E+00   1.4045051530E-04   1.9930684782E+00   2.3963244409E+00   2.0858653922E-04   2.0839203230E+00   2.3739433914E+00   6.3190698004E-04   2.2170602500E+00   2.4123410501E+00   1.7019537552E-03   2.3240895374E+00   2.4554674909E+00   1.8992301487E-03   2.4383478442E+00   2.4956552916E+00   2.0924315479E-03   2.2749662715E+00   2.4463636935E+00   1.5684108502E-03   3.3682785426E-04
   1  -146   0    0  -4.4767345027E-01   8.0750703488E+00   1.4011508946E-04   1.9925886509E+00   2.3965853220E+00   2.0858653922E-04   2.0833789997E+00   2.3742392768E+00   6.3190698004E-04   2.2169128554E+00   2.4126369355E+00   1.7019537552E-03   2.3248725010E+00   2.4558567211E+00   1.8992301487E-03   2.4387776922E+00   2.4960730967E+00   2.0924315479E-03   2.2757053645E+00   2.4467529237E+00   1.5684108502E-03   3.3685461805E-04
   1  -147   0    0  -4.5754306117E-01   8.0759501773E+00   1.3978265720E-04   1.9921094329E+00   2.3968455874E+00   2.0858653922E-04   2.0828405097E+00   2.3745342341E+00   6.3190698004E-04   2.2167655548E+00   2.4129318928E+00   1.7019537552E-03   2.3256517576E+00   2.4562441901E+00   1.8992301487E-03   2.4392054667E+00   2.4964888857E+00   2.0924315479E-03   2.2764431768E+00   2.4471403928E+00   1.5684108502E-03   3.3688126323E-04
   1  -148   0    0  -4.6741367024E-01   8.0768265306E+00   1.3945323182E-04   1.9916308897E+00   2.3971051969E+00   2.0858653922E-04   2.0823049653E+00   2.3748282218E+00   6.3190698004E-04   2.2166183504E+00   2.4132258805E+00   1.7019537552E-03   2.3264271963E+00   2.4566298528E+00   1.8992301487E-03   2.4396311198E+00   2.4969026121E+00   2.0924315479E-03   2.2771795426E+00   2.4475260554E+00   1.5684108502E-03   3.3690778663E-04
   1  -149   0    0  -4.7728531386E-01   8.0776992815E+00   1.3912682606E-04   1.9911530876E+00   2.3973641104E+00   2.0858653922E-04   2.0817724754E+00   2.3751211983E+00   6.3190698004E-04   2.2164712458E+00   2.4135188570E+00   1.7019537552E-03   2.3271987079E+00   2.4570136639E+00   1.8992301487E-03   2.4400546042E+00   2.4973142298E+00   2.0924315479E-03   2.2779142978E+00   2.4479098665E+00   1.5684108502E-03   3.3693418511E-04
   1  -150   0    0  -4.8715802744E-01   8.0785683040E+00   1.3880345205E-04   1.9906760940E+00   2.3976222878E+00   2.0858653922E-04   2.0812431458E+00   2.3754131223E+00   6.3190698004E-04   2.2163242456E+00   2.4138107810E+00   1.7019537552E-03   2.3279661851E+00   2.4573955789E+00   1.8992301487E-03   2.4404758727E+00   2.4977236930E+00   2.0924315479E-03   2.2786472802E+00   2.4482917815E+00   1.5684108502E-03   3.3696045556E-04
   1  -151   0    0  -4.9703184541E-01   8.0794334732E+00   1.3848312135E-04   1.9901999770E+00   2.3978796893E+00   2.0858653922E-04   2.0807170788E+00   2.3757039527E+00   6.3190698004E-04   2.2161773558E+00   2.4141016114E+00   1.7019537552E-03   2.3287295226E+00   2.4577755533E+00   1.8992301487E-03   2.4408948787E+00   2.4981309565E+00   2.0924315479E-03   2.2793783296E+00   2.4486717559E+00   1.5684108502E-03   3.3698659488E-04
   1  -152   0    0  -5.0690680119E-01   8.0802946657E+00   1.3816584498E-04   1.9897248057E+00   2.3981362749E+00   2.0858653922E-04   2.0801943735E+00   2.3759936486E+00   6.3190698004E-04   2.2160305835E+00   2.4143913073E+00   1.7019537552E-03   2.3294886167E+00   2.4581535433E+00   1.8992301487E-03   2.4413115761E+00   2.4985359752E+00   2.0924315479E-03   2.2801072879E+00   2.4490497459E+00   1.5684108502E-03   3.3701260000E-04
   1  -153   0    0  -5.1678292720E-01   8.0811517596E+00   1.3785163340E-04   1.9892506501E+00   2.3983920052E+00   2.0858653922E-04   2.0796751254E+00   2.3762821694E+00   6.3190698004E-04   2.2158839370E+00   2.4146798281E+00   1.7019537552E-03   2.3302433659E+00   2.4585295052E+00   1.8992301487E-03   2.4417259189E+00   2.4989387049E+00   2.0924315479E-03   2.2808339989E+00   2.4494257078E+00   1.5684108502E-03   3.3703846789E-04
   1  -154   0    0  -5.2666025478E-01   8.0820046342E+00   1.3754049649E-04   1.9887775809E+00   2.3986468408E+00   2.0858653922E-04   2.0791594266E+00   2.3765694745E+00   6.3190698004E-04   2.2157374258E+00   2.4149671332E+00   1.7019537552E-03   2.3309936705E+00   2.4589033959E+00   1.8992301487E-03   2.4421378621E+00   2.4993391013E+00   2.0924315479E-03   2.2815583090E+00   2.4497995985E+00   1.5684108502E-03   3.3706419552E-04
   1  -155   0    0  -5.3653881420E-01   8.0828531703E+00   1.3723244360E-04   1.9883056697E+00   2.3989007425E+00   2.0858653922E-04   2.0786473659E+00   2.3768555239E+00   6.3190698004E-04   2.2155910606E+00   2.4152531826E+00   1.7019537552E-03   2.3317394328E+00   2.4592751726E+00   1.8992301487E-03   2.4425473606E+00   2.4997371210E+00   2.0924315479E-03   2.2822800665E+00   2.4501713752E+00   1.5684108502E-03   3.3708977991E-04
   1  -156   0    0  -5.4641863466E-01   8.0836972503E+00   1.3692748353E-04   1.9878349885E+00   2.3991536712E+00   2.0858653922E-04   2.0781390286E+00   2.3771402776E+00   6.3190698004E-04   2.2154448531E+00   2.4155379364E+00   1.7019537552E-03   2.3324805573E+00   2.4596447929E+00   1.8992301487E-03   2.4429543702E+00   2.5001327209E+00   2.0924315479E-03   2.2829991223E+00   2.4505409955E+00   1.5684108502E-03   3.3711521811E-04
   1  -157   0    0  -5.5629974422E-01   8.0845367583E+00   1.3662562450E-04   1.9873656103E+00   2.3994055884E+00   2.0858653922E-04   2.0776344964E+00   2.3774236961E+00   6.3190698004E-04   2.2152988163E+00   2.4158213549E+00   1.7019537552E-03   2.3332169504E+00   2.4600122150E+00   1.8992301487E-03   2.4433588470E+00   2.5005258584E+00   2.0924315479E-03   2.2837153295E+00   2.4509084176E+00   1.5684108502E-03   3.3714050718E-04
   1  -158   0    0  -5.6618216982E-01   8.0853715798E+00   1.3632687418E-04   1.9868976083E+00   2.3996564555E+00   2.0858653922E-04   2.0771338479E+00   2.3777057402E+00   6.3190698004E-04   2.2151529643E+00   2.4161033989E+00   1.7019537552E-03   2.3339485205E+00   2.4603773975E+00   1.8992301487E-03   2.4437607479E+00   2.5009164914E+00   2.0924315479E-03   2.2844285438E+00   2.4512736001E+00   1.5684108502E-03   3.3716564423E-04
   1  -159   0    0  -5.7606593727E-01   8.0862016022E+00   1.3603123967E-04   1.9864310565E+00   2.3999062343E+00   2.0858653922E-04   2.0766371580E+00   2.3779863708E+00   6.3190698004E-04   2.2150073119E+00   2.4163840295E+00   1.7019537552E-03   2.3346751783E+00   2.4607402995E+00   1.8992301487E-03   2.4441600300E+00   2.5013045785E+00   2.0924315479E-03   2.2851386234E+00   2.4516365021E+00   1.5684108502E-03   3.3719062640E-04
   1  -160   0    0  -5.8595107119E-01   8.0870267145E+00   1.3573872747E-04   1.9859660291E+00   2.4001548870E+00   2.0858653922E-04   2.0761444982E+00   2.3782655494E+00   6.3190698004E-04   2.2148618755E+00   2.4166632082E+00   1.7019537552E-03   2.3353968366E+00   2.4611008806E+00   1.8992301487E-03   2.4445566514E+00   2.5016900788E+00   2.0924315479E-03   2.2858454293E+00   2.4519970832E+00   1.5684108502E-03   3.3721545088E-04
   1  -161   0    0  -5.9583759504E-01   8.0878468078E+00   1.3544934350E-04   1.9855026008E+00   2.4004023762E+00   2.0858653922E-04   2.0756559367E+00   2.3785432380E+00   6.3190698004E-04   2.2147166719E+00   2.4169408967E+00   1.7019537552E-03   2.3361134103E+00   2.4614591012E+00   1.8992301487E-03   2.4449505705E+00   2.5020729520E+00   2.0924315479E-03   2.2865488248E+00   2.4523553038E+00   1.5684108502E-03   3.3724011488E-04
   1  -162   0    0  -6.0572553107E-01   8.0886617747E+00   1.3516309308E-04   1.9850408466E+00   2.4006486645E+00   2.0858653922E-04   2.0751715383E+00   2.3788193988E+00   6.3190698004E-04   2.2145717192E+00   2.4172170575E+00   1.7019537552E-03   2.3368248166E+00   2.4618149219E+00   1.8992301487E-03   2.4453417465E+00   2.5024531584E+00   2.0924315479E-03   2.2872486763E+00   2.4527111245E+00   1.5684108502E-03   3.3726461566E-04
   1  -163   0    0  -6.1561490035E-01   8.0894715102E+00   1.3487998091E-04   1.9845808415E+00   2.4008937152E+00   2.0858653922E-04   2.0746913645E+00   2.3790939945E+00   6.3190698004E-04   2.2144270363E+00   2.4174916533E+00   1.7019537552E-03   2.3375309750E+00   2.4621683042E+00   1.8992301487E-03   2.4457301393E+00   2.5028306590E+00   2.0924315479E-03   2.2879448527E+00   2.4530645068E+00   1.5684108502E-03   3.3728895051E-04
   1  -164   0    0  -6.2550572270E-01   8.0902759108E+00   1.3460001104E-04   1.9841226607E+00   2.4011374920E+00   2.0858653922E-04   2.0742154735E+00   2.3793669884E+00   6.3190698004E-04   2.2142826430E+00   2.4177646471E+00   1.7019537552E-03   2.3382318071E+00   2.4625192101E+00   1.8992301487E-03   2.4461157096E+00   2.5032054157E+00   2.0924315479E-03   2.2886372260E+00   2.4534154127E+00   1.5684108502E-03   3.3731311677E-04
   1  -165   0    0  -6.3539801675E-01   8.0910748757E+00   1.3432318691E-04   1.9836663794E+00   2.4013799589E+00   2.0858653922E-04   2.0737439200E+00   2.3796383440E+00   6.3190698004E-04   2.2141385597E+00   2.4180360027E+00   1.7019537552E-03   2.3389272370E+00   2.4628676025E+00   1.8992301487E-03   2.4464984186E+00   2.5035773907E+00   2.0924315479E-03   2.2893256709E+00   2.4537638051E+00   1.5684108502E-03   3.3733711185E-04
   1  -166   0    0  -6.4529179986E-01   8.0918683057E+00   1.3404951126E-04   1.9832120726E+00   2.4016210804E+00   2.0858653922E-04   2.0732767557E+00   2.3799080257E+00   6.3190698004E-04   2.2139948078E+00   2.4183056845E+00   1.7019537552E-03   2.3396171910E+00   2.4632134447E+00   1.8992301487E-03   2.4468782285E+00   2.5039465474E+00   2.0924315479E-03   2.2900100652E+00   2.4541096473E+00   1.5684108502E-03   3.3736093317E-04
   1  -167   0    0  -6.5518708817E-01   8.0926561041E+00   1.3377898619E-04   1.9827598154E+00   2.4018608216E+00   2.0858653922E-04   2.0728140290E+00   2.3801759983E+00   6.3190698004E-04   2.2138514092E+00   2.4185736570E+00   1.7019537552E-03   2.3403015978E+00   2.4635567010E+00   1.8992301487E-03   2.4472551023E+00   2.5043128497E+00   2.0924315479E-03   2.2906902896E+00   2.4544529036E+00   1.5684108502E-03   3.3738457824E-04
   1  -168   0    0  -6.6508389656E-01   8.0934381765E+00   1.3351161310E-04   1.9823096824E+00   2.4020991479E+00   2.0858653922E-04   2.0723557853E+00   2.3804422271E+00   6.3190698004E-04   2.2137083866E+00   2.4188398858E+00   1.7019537552E-03   2.3409803887E+00   2.4638973364E+00   1.8992301487E-03   2.4476290039E+00   2.5046762626E+00   2.0924315479E-03   2.2913662280E+00   2.4547935390E+00   1.5684108502E-03   3.3740804459E-04
   1  -169   0    0  -6.7498223868E-01   8.0942144308E+00   1.3324739267E-04   1.9818617478E+00   2.4023360254E+00   2.0858653922E-04   2.0719020666E+00   2.3807066781E+00   6.3190698004E-04   2.2135657630E+00   2.4191043368E+00   1.7019537552E-03   2.3416534971E+00   2.4642353167E+00   1.8992301487E-03   2.4479998980E+00   2.5050367518E+00   2.0924315479E-03   2.2920377672E+00   2.4551315193E+00   1.5684108502E-03   3.3743132982E-04
   1  -170   0    0  -6.8488212691E-01   8.0949847772E+00   1.3298632488E-04   1.9814160855E+00   2.4025714208E+00   2.0858653922E-04   2.0714529120E+00   2.3809693180E+00   6.3190698004E-04   2.2134235623E+00   2.4193669767E+00   1.7019537552E-03   2.3423208590E+00   2.4645706084E+00   1.8992301487E-03   2.4483677502E+00   2.5053942840E+00   2.0924315479E-03   2.2927047974E+00   2.4554668110E+00   1.5684108502E-03   3.3745443159E-04
   1  -171   0    0  -6.9478357237E-01   8.0957491285E+00   1.3272840897E-04   1.9809727687E+00   2.4028053013E+00   2.0858653922E-04   2.0710083575E+00   2.3812301140E+00   6.3190698004E-04   2.2132818085E+00   2.4196277727E+00   1.7019537552E-03   2.3429824131E+00   2.4649031792E+00   1.8992301487E-03   2.4487325272E+00   2.5057488266E+00   2.0924315479E-03   2.2933672117E+00   2.4557993818E+00   1.5684108502E-03   3.3747734762E-04
   1  -172   0    0  -7.0468658493E-01   8.0965074002E+00   1.3247364345E-04   1.9805318700E+00   2.4030376347E+00   2.0858653922E-04   2.0705684364E+00   2.3814890341E+00   6.3190698004E-04   2.2131405263E+00   2.4198866929E+00   1.7019537552E-03   2.3436381004E+00   2.4652329975E+00   1.8992301487E-03   2.4490941966E+00   2.5061003484E+00   2.0924315479E-03   2.2940249068E+00   2.4561292001E+00   1.5684108502E-03   3.3750007569E-04
   1  -173   0    0  -7.1459117323E-01   8.0972595100E+00   1.3222202606E-04   1.9800934612E+00   2.4032683896E+00   2.0858653922E-04   2.0701331788E+00   2.3817460472E+00   6.3190698004E-04   2.2129997406E+00   2.4201437059E+00   1.7019537552E-03   2.3442878644E+00   2.4655600325E+00   1.8992301487E-03   2.4494527271E+00   2.5064488187E+00   2.0924315479E-03   2.2946777823E+00   2.4564562351E+00   1.5684108502E-03   3.3752261365E-04
   1  -174   0    0  -7.2449734464E-01   8.0980053786E+00   1.3197355375E-04   1.9796576134E+00   2.4034975350E+00   2.0858653922E-04   2.0697026119E+00   2.3820011227E+00   6.3190698004E-04   2.2128594765E+00   2.4203987814E+00   1.7019537552E-03   2.3449316512E+00   2.4658842548E+00   1.8992301487E-03   2.4498080884E+00   2.5067942083E+00   2.0924315479E-03   2.2953257414E+00   2.4567804574E+00   1.5684108502E-03   3.3754495941E-04
   1  -175   0    0  -7.3440510530E-01   8.0987449293E+00   1.3172822274E-04   1.9792243967E+00   2.4037250410E+00   2.0858653922E-04   2.0692767603E+00   2.3822542309E+00   6.3190698004E-04   2.2127197595E+00   2.4206518896E+00   1.7019537552E-03   2.3455694096E+00   2.4662056355E+00   1.8992301487E-03   2.4501602514E+00   2.5071364888E+00   2.0924315479E-03   2.2959686905E+00   2.4571018381E+00   1.5684108502E-03   3.3756711094E-04
   1  -176   0    0  -7.4431446012E-01   8.0994780882E+00   1.3148602842E-04   1.9787938799E+00   2.4039508780E+00   2.0858653922E-04   2.0688556459E+00   2.3825053428E+00   6.3190698004E-04   2.2125806152E+00   2.4209030015E+00   1.7019537552E-03   2.3462010908E+00   2.4665241471E+00   1.8992301487E-03   2.4505091880E+00   2.5074756329E+00   2.0924315479E-03   2.2966065393E+00   2.4574203497E+00   1.5684108502E-03   3.3758906631E-04
   1  -177   0    0  -7.5422541278E-01   8.1002047841E+00   1.3124696539E-04   1.9783661312E+00   2.4041750175E+00   2.0858653922E-04   2.0684392876E+00   2.3827544304E+00   6.3190698004E-04   2.2124420693E+00   2.4211520891E+00   1.7019537552E-03   2.3468266489E+00   2.4668397629E+00   1.8992301487E-03   2.4508548712E+00   2.5078116146E+00   2.0924315479E-03   2.2972392011E+00   2.4577359655E+00   1.5684108502E-03   3.3761082363E-04
   1  -178   0    0  -7.6413796578E-01   8.1009249488E+00   1.3101102746E-04   1.9779412171E+00   2.4043974316E+00   2.0858653922E-04   2.0680277020E+00   2.3830014665E+00   6.3190698004E-04   2.2123041476E+00   2.4213991252E+00   1.7019537552E-03   2.3474460403E+00   2.4671524576E+00   1.8992301487E-03   2.4511972755E+00   2.5081444088E+00   2.0924315479E-03   2.2978665924E+00   2.4580486602E+00   1.5684108502E-03   3.3763238111E-04
   1  -179   0    0  -7.7405212040E-01   8.1016385170E+00   1.3077820762E-04   1.9775192031E+00   2.4046180933E+00   2.0858653922E-04   2.0676209028E+00   2.3832464247E+00   6.3190698004E-04   2.2121668758E+00   2.4216440834E+00   1.7019537552E-03   2.3480592243E+00   2.4674622066E+00   1.8992301487E-03   2.4515363763E+00   2.5084739918E+00   2.0924315479E-03   2.2984886333E+00   2.4583584092E+00   1.5684108502E-03   3.3765373702E-04
   1  -180   0    0  -7.8396787674E-01   8.1023454264E+00   1.3054849805E-04   1.9771001533E+00   2.4048369762E+00   2.0858653922E-04   2.0672189016E+00   2.3834892796E+00   6.3190698004E-04   2.2120302798E+00   2.4218869383E+00   1.7019537552E-03   2.3486661628E+00   2.4677689868E+00   1.8992301487E-03   2.4518721504E+00   2.5088003410E+00   2.0924315479E-03   2.2991052472E+00   2.4586651894E+00   1.5684108502E-03   3.3767488972E-04
   1  -181   0    0  -7.9388523374E-01   8.1030456175E+00   1.3032189010E-04   1.9766841303E+00   2.4050540550E+00   2.0858653922E-04   2.0668217071E+00   2.3837300067E+00   6.3190698004E-04   2.2118943850E+00   2.4221276654E+00   1.7019537552E-03   2.3492668202E+00   2.4680727761E+00   1.8992301487E-03   2.4522045757E+00   2.5091234350E+00   2.0924315479E-03   2.2997163611E+00   2.4589689787E+00   1.5684108502E-03   3.3769583764E-04
   1  -182   0    0  -8.0380418920E-01   8.1037390340E+00   1.3009837432E-04   1.9762711950E+00   2.4052693051E+00   2.0858653922E-04   2.0664293260E+00   2.3839685824E+00   6.3190698004E-04   2.2117592169E+00   2.4223662412E+00   1.7019537552E-03   2.3498611638E+00   2.4683735535E+00   1.8992301487E-03   2.4525336316E+00   2.5094432537E+00   2.0924315479E-03   2.3003219055E+00   2.4592697561E+00   1.5684108502E-03   3.3771657929E-04
   1  -183   0    0  -8.1372473981E-01   8.1044256228E+00   1.2987794043E-04   1.9758614071E+00   2.4054827029E+00   2.0858653922E-04   2.0660417623E+00   2.3842049843E+00   6.3190698004E-04   2.2116248008E+00   2.4226026430E+00   1.7019537552E-03   2.3504491635E+00   2.4686712993E+00   1.8992301487E-03   2.4528592987E+00   2.5097597783E+00   2.0924315479E-03   2.3009218141E+00   2.4595675019E+00   1.5684108502E-03   3.3773711328E-04
   1  -184   0    0  -8.2364688113E-01   8.1051053335E+00   1.2966057735E-04   1.9754548244E+00   2.4056942257E+00   2.0858653922E-04   2.0656590181E+00   2.3844391905E+00   6.3190698004E-04   2.2114911616E+00   2.4228368493E+00   1.7019537552E-03   2.3510307918E+00   2.4689659950E+00   1.8992301487E-03   2.4531815588E+00   2.5100729912E+00   2.0924315479E-03   2.3015160244E+00   2.4598621976E+00   1.5684108502E-03   3.3775743828E-04
   1  -185   0    0  -8.3357060767E-01   8.1057781191E+00   1.2944627316E-04   1.9750515029E+00   2.4059038515E+00   2.0858653922E-04   2.0652810931E+00   2.3846711807E+00   6.3190698004E-04   2.2113583240E+00   2.4230688394E+00   1.7019537552E-03   2.3516060239E+00   2.4692576234E+00   1.8992301487E-03   2.4535003953E+00   2.5103828761E+00   2.0924315479E-03   2.3021044773E+00   2.4601538260E+00   1.5684108502E-03   3.3777755307E-04
   1  -186   0    0  -8.4349591287E-01   8.1064439358E+00   1.2923501516E-04   1.9746514969E+00   2.4061115595E+00   2.0858653922E-04   2.0649079847E+00   2.3849009351E+00   6.3190698004E-04   2.2112263124E+00   2.4232985938E+00   1.7019537552E-03   2.3521748376E+00   2.4695461683E+00   1.8992301487E-03   2.4538157926E+00   2.5106894181E+00   2.0924315479E-03   2.3026871172E+00   2.4604423709E+00   1.5684108502E-03   3.3779745649E-04
   1  -187   0    0  -8.5342278916E-01   8.1071027426E+00   1.2902678983E-04   1.9742548590E+00   2.4063173297E+00   2.0858653922E-04   2.0645396885E+00   2.3851284353E+00   6.3190698004E-04   2.2110951506E+00   2.4235260940E+00   1.7019537552E-03   2.3527372137E+00   2.4698316149E+00   1.8992301487E-03   2.4541277368E+00   2.5109926035E+00   2.0924315479E-03   2.3032638917E+00   2.4607278175E+00   1.5684108502E-03   3.3781714749E-04
   1  -188   0    0  -8.6335122796E-01   8.1077545021E+00   1.2882158287E-04   1.9738616396E+00   2.4065211432E+00   2.0858653922E-04   2.0641761979E+00   2.3853536637E+00   6.3190698004E-04   2.2109648621E+00   2.4237513224E+00   1.7019537552E-03   2.3532931352E+00   2.4701139499E+00   1.8992301487E-03   2.4544362152E+00   2.5112924200E+00   2.0924315479E-03   2.3038347523E+00   2.4610101525E+00   1.5684108502E-03   3.3783662508E-04
   1  -189   0    0  -8.7328121973E-01   8.1083991798E+00   1.2861937917E-04   1.9734718874E+00   2.4067229818E+00   2.0858653922E-04   2.0638175043E+00   2.3855766039E+00   6.3190698004E-04   2.2108354700E+00   2.4239742626E+00   1.7019537552E-03   2.3538425879E+00   2.4703931608E+00   1.8992301487E-03   2.4547412165E+00   2.5115888567E+00   2.0924315479E-03   2.3043996536E+00   2.4612893634E+00   1.5684108502E-03   3.3785588839E-04
   1  -190   0    0  -8.8321275398E-01   8.1090367444E+00   1.2842016288E-04   1.9730856491E+00   2.4069228286E+00   2.0858653922E-04   2.0634635974E+00   2.3857972404E+00   6.3190698004E-04   2.2107069967E+00   2.4241948992E+00   1.7019537552E-03   2.3543855605E+00   2.4706692368E+00   1.8992301487E-03   2.4550427308E+00   2.5118819039E+00   2.0924315479E-03   2.3049585538E+00   2.4615654394E+00   1.5684108502E-03   3.3787493661E-04
   1  -191   0    0  -8.9314581935E-01   8.1096671679E+00   1.2822391736E-04   1.9727029692E+00   2.4071206675E+00   2.0858653922E-04   2.0631144648E+00   2.3860155591E+00   6.3190698004E-04   2.2105794642E+00   2.4244132178E+00   1.7019537552E-03   2.3549220438E+00   2.4709421681E+00   1.8992301487E-03   2.4553407494E+00   2.5121715534E+00   2.0924315479E-03   2.3055114144E+00   2.4618383707E+00   1.5684108502E-03   3.3789376905E-04
   1  -192   0    0  -9.0308040355E-01   8.1102904253E+00   1.2803062525E-04   1.9723238902E+00   2.4073164834E+00   2.0858653922E-04   2.0627700924E+00   2.3862315465E+00   6.3190698004E-04   2.2104528939E+00   2.4246292052E+00   1.7019537552E-03   2.3554520316E+00   2.4712119463E+00   1.8992301487E-03   2.4556352654E+00   2.5124577982E+00   2.0924315479E-03   2.3060582004E+00   2.4621081489E+00   1.5684108502E-03   3.3791238507E-04
   1  -193   0    0  -9.1301649352E-01   8.1109064949E+00   1.2784026842E-04   1.9719484527E+00   2.4075102623E+00   2.0858653922E-04   2.0624304644E+00   2.3864451906E+00   6.3190698004E-04   2.2103273065E+00   2.4248428493E+00   1.7019537552E-03   2.3559755200E+00   2.4714785643E+00   1.8992301487E-03   2.4559262729E+00   2.5127406327E+00   2.0924315479E-03   2.3065988801E+00   2.4623747669E+00   1.5684108502E-03   3.3793078415E-04
   1  -194   0    0  -9.2295407533E-01   8.1115153580E+00   1.2765282806E-04   1.9715766949E+00   2.4077019910E+00   2.0858653922E-04   2.0620955633E+00   2.3866564803E+00   6.3190698004E-04   2.2102027221E+00   2.4250541390E+00   1.7019537552E-03   2.3564925078E+00   2.4717420163E+00   1.8992301487E-03   2.4562137676E+00   2.5130200527E+00   2.0924315479E-03   2.3071334250E+00   2.4626382189E+00   1.5684108502E-03   3.3794896584E-04
   1  -195   0    0  -9.3289313432E-01   8.1121169993E+00   1.2746828462E-04   1.9712086530E+00   2.4078916577E+00   2.0858653922E-04   2.0617653700E+00   2.3868654055E+00   6.3190698004E-04   2.2100791603E+00   2.4252630642E+00   1.7019537552E-03   2.3570029962E+00   2.4720022977E+00   1.8992301487E-03   2.4564977464E+00   2.5132960553E+00   2.0924315479E-03   2.3076618102E+00   2.4628985003E+00   1.5684108502E-03   3.3796692980E-04
   1  -196   0    0  -9.4283365509E-01   8.1127114063E+00   1.2728661791E-04   1.9708443610E+00   2.4080792512E+00   2.0858653922E-04   2.0614398638E+00   2.3870719573E+00   6.3190698004E-04   2.2099566398E+00   2.4254696160E+00   1.7019537552E-03   2.3575069889E+00   2.4722594051E+00   1.8992301487E-03   2.4567782077E+00   2.5135686390E+00   2.0924315479E-03   2.3081840136E+00   2.4631556077E+00   1.5684108502E-03   3.3798467575E-04
   1  -197   0    0  -9.5277562153E-01   8.1132985698E+00   1.2710780704E-04   1.9704838508E+00   2.4082647615E+00   2.0858653922E-04   2.0611190225E+00   2.3872761280E+00   6.3190698004E-04   2.2098351787E+00   2.4256737867E+00   1.7019537552E-03   2.3580044922E+00   2.4725133366E+00   1.8992301487E-03   2.4570551512E+00   2.5138378033E+00   2.0924315479E-03   2.3087000167E+00   2.4634095392E+00   1.5684108502E-03   3.3800220352E-04
   1  -198   0    0  -9.6271901689E-01   8.1138784836E+00   1.2693183050E-04   1.9701271520E+00   2.4084481797E+00   2.0858653922E-04   2.0608028225E+00   2.3874779106E+00   6.3190698004E-04   2.2097147943E+00   2.4258755693E+00   1.7019537552E-03   2.3584955145E+00   2.4727640913E+00   1.8992301487E-03   2.4573285781E+00   2.5141035495E+00   2.0924315479E-03   2.3092098041E+00   2.4636602939E+00   1.5684108502E-03   3.3801951302E-04
   1  -199   0    0  -9.7266382377E-01   8.1144511445E+00   1.2675866614E-04   1.9697742921E+00   2.4086294976E+00   2.0858653922E-04   2.0604912388E+00   2.3876772996E+00   6.3190698004E-04   2.2095955033E+00   2.4260749584E+00   1.7019537552E-03   2.3589800667E+00   2.4730116698E+00   1.8992301487E-03   2.4575984907E+00   2.5143658799E+00   2.0924315479E-03   2.3097133632E+00   2.4639078724E+00   1.5684108502E-03   3.3803660425E-04
   1  -200   0    0  -9.8261002421E-01   8.1150165522E+00   1.2658829122E-04   1.9694252964E+00   2.4088087084E+00   2.0858653922E-04   2.0601842450E+00   2.3878742904E+00   6.3190698004E-04   2.2094773214E+00   2.4262719491E+00   1.7019537552E-03   2.3594581622E+00   2.4732560737E+00   1.8992301487E-03   2.4578648928E+00   2.5146247981E+00   2.0924315479E-03   2.3102106849E+00   2.4641522763E+00   1.5684108502E-03   3.3805347727E-04
   1  -201   0    0  -9.9255759968E-01   8.1155747097E+00   1.2642068242E-04   1.9690801879E+00   2.4089858060E+00   2.0858653922E-04   2.0598818134E+00   2.3880688792E+00   6.3190698004E-04   2.2093602638E+00   2.4264665380E+00   1.7019537552E-03   2.3599298163E+00   2.4734973060E+00   1.8992301487E-03   2.4581277894E+00   2.5148803090E+00   2.0924315479E-03   2.3107017629E+00   2.4643935086E+00   1.5684108502E-03   3.3807013227E-04
   1  -202  -4    6  -9.9999987321E-01   8.1159875079E+00   1.2629709522E-04   1.9688245802E+00   2.4091169009E+00   2.0858653922E-04   2.0596585419E+00   2.3882128715E+00   6.3190698004E-04   2.2092734413E+00   2.4266105302E+00   1.7019537552E-03   2.3602784412E+00   2.4736756911E+00   1.8992301487E-03   2.4583221636E+00   2.5150692224E+00   2.0924315479E-03   2.3110650345E+00   2.4645718937E+00   1.5684108502E-03   3.3808244881E-04
