   
   1    -1   0    0   1.0000000504E+00   7.9235904627E+00   1.6349005340E-04   2.0094985065E+00   2.3580466978E+00   1.3922660994E-04   2.0954958710E+00   2.3159911452E+00   2.8608710696E-05   2.1972248290E+00   2.3696346935E+00   1.5213708858E-03   2.2054023881E+00   2.4078287490E+00   1.7905386400E-03   2.3992703144E+00   2.4575839834E+00   2.1268904255E-03   2.1890205417E+00   2.3952985176E+00   1.3061454906E-03   3.3403721043E-04
   1    -2   0    0   9.8002546795E-01   7.9243854421E+00   1.6327367313E-04   2.0093986246E+00   2.3583017089E+00   1.3968254537E-04   2.0954769225E+00   2.3163634233E+00   3.1699513753E-05   2.1971870476E+00   2.3699122856E+00   1.5218268213E-03   2.2059972224E+00   2.4081109139E+00   1.7908303072E-03   2.3995668015E+00   2.4578723055E+00   2.1268378273E-03   2.1891882316E+00   2.3956002584E+00   1.3069813194E-03   3.3405659998E-04
   1    -3   0    0   9.7503206875E-01   7.9245876848E+00   1.6321856224E-04   2.0093729073E+00   2.3583665226E+00   1.3979868859E-04   2.0954715526E+00   2.3164580709E+00   3.2485814494E-05   2.1971772960E+00   2.3699828506E+00   1.5219429645E-03   2.2061490012E+00   2.4081826227E+00   1.7909045446E-03   2.3996424784E+00   2.4579458947E+00   2.1268244240E-03   2.1892311578E+00   2.3956769507E+00   1.3071940854E-03   3.3406153593E-04
   1    -4   0    0   9.7003883161E-01   7.9247927744E+00   1.6316292541E-04   2.0093471918E+00   2.3584323436E+00   1.3991594794E-04   2.0954663399E+00   2.3165539967E+00   3.3279244973E-05   2.1971677478E+00   2.3700544777E+00   1.5220602238E-03   2.2063024132E+00   2.4082553960E+00   1.7909794704E-03   2.3997188418E+00   2.4580201561E+00   2.1268108901E-03   2.1892748946E+00   2.3957547540E+00   1.3074088346E-03   3.3406653500E-04
   1    -5   0    0   9.6504571805E-01   7.9249997659E+00   1.6310683900E-04   2.0093212739E+00   2.3584987897E+00   1.4003416267E-04   2.0954610022E+00   2.3166507770E+00   3.4078706620E-05   2.1971581867E+00   2.3701267769E+00   1.5221784386E-03   2.2064572057E+00   2.4083288419E+00   1.7910549812E-03   2.3997958560E+00   2.4580950510E+00   2.1267972439E-03   2.1893191821E+00   2.3958332697E+00   1.3076252711E-03   3.3407157919E-04
   1    -6   0    0   9.5955342147E-01   7.9252292873E+00   1.6304465370E-04   2.0092924486E+00   2.3585724538E+00   1.4016524141E-04   2.0954548721E+00   2.3167580576E+00   3.4964656937E-05   2.1971475697E+00   2.3702069305E+00   1.5223095173E-03   2.2066289782E+00   2.4084102568E+00   1.7911386794E-03   2.3998813119E+00   2.4581781543E+00   2.1267821106E-03   2.1893684367E+00   2.3959203044E+00   1.3078651867E-03   3.3407717299E-04
   1    -7   0    0   9.5351206861E-01   7.9254843480E+00   1.6297562531E-04   2.0092604326E+00   2.3586543273E+00   1.4031075578E-04   2.0954479147E+00   2.3168772266E+00   3.5947551787E-05   2.1971358526E+00   2.3702960076E+00   1.5224550317E-03   2.2068198531E+00   2.4085007214E+00   1.7912315585E-03   2.3999762284E+00   2.4582704581E+00   2.1267653079E-03   2.1894233766E+00   2.3960170057E+00   1.3081314340E-03   3.3408338797E-04
   1    -8   0    0   9.4747089280E-01   7.9257419606E+00   1.6290595446E-04   2.0092280542E+00   2.3587370185E+00   1.4045763648E-04   2.0954406757E+00   2.3169975390E+00   3.6939010162E-05   2.1971240567E+00   2.3703859695E+00   1.5226019124E-03   2.2070127101E+00   2.4085920703E+00   1.7913252708E-03   2.4000721015E+00   2.4583636919E+00   2.1267483444E-03   2.1894790745E+00   2.3961146480E+00   1.3084000853E-03   3.3408966474E-04
   1    -9   0    0   9.4142989708E-01   7.9260021426E+00   1.6283563867E-04   2.0091953112E+00   2.3588205333E+00   1.4060588904E-04   2.0954331488E+00   2.3171190016E+00   3.7939051802E-05   2.1971121838E+00   2.3704768224E+00   1.5227501649E-03   2.2072075628E+00   2.4086843094E+00   1.7914198187E-03   2.4001689369E+00   2.4584578610E+00   2.1267312195E-03   2.1895355415E+00   2.3962132371E+00   1.3086711482E-03   3.3409600369E-04
   1   -10   0    0   9.3538908529E-01   7.9262649289E+00   1.6276467412E-04   2.0091622050E+00   2.3589048846E+00   1.4075552179E-04   2.0954253328E+00   2.3172416285E+00   3.8947715205E-05   2.1971002394E+00   2.3705685794E+00   1.5228997977E-03   2.2074044295E+00   2.4087774515E+00   1.7915152065E-03   2.4002667404E+00   2.4585529714E+00   2.1267139322E-03   2.1895927939E+00   2.3963127862E+00   1.3089446354E-03   3.3410240553E-04
   1   -11   0    0   9.2934846177E-01   7.9265303636E+00   1.6269305631E-04   2.0091287390E+00   2.3589900889E+00   1.4090654453E-04   2.0954172288E+00   2.3173654381E+00   3.9965048280E-05   2.1970882313E+00   2.3706612575E+00   1.5230508204E-03   2.2076033311E+00   2.4088715134E+00   1.7916114393E-03   2.4003655186E+00   2.4586490293E+00   2.1266964812E-03   2.1896508505E+00   2.3964133125E+00   1.3092205621E-03   3.3410887117E-04
   1   -12   0    0   9.2330803094E-01   7.9267984912E+00   1.6262078079E-04   2.0090949169E+00   2.3590761628E+00   1.4105896695E-04   2.0954088382E+00   2.3174904491E+00   4.0991098150E-05   2.1970761676E+00   2.3707548740E+00   1.5232032428E-03   2.2078042882E+00   2.4089665121E+00   1.7917085224E-03   2.4004652776E+00   2.4587460411E+00   2.1266788653E-03   2.1897097305E+00   2.3965148333E+00   1.3094989435E-03   3.3411540150E-04
   1   -13   0    0   9.1726779699E-01   7.9270693495E+00   1.6254784372E-04   2.0090607407E+00   2.3591631206E+00   1.4121279743E-04   2.0954001604E+00   2.3176166769E+00   4.2025902739E-05   2.1970640549E+00   2.3708494433E+00   1.5233570733E-03   2.2080073199E+00   2.4090624617E+00   1.7918064599E-03   2.4005660235E+00   2.4588440127E+00   2.1266610834E-03   2.1897694515E+00   2.3966173629E+00   1.3097797922E-03   3.3412199730E-04
   1   -14   0    0   9.1122779757E-01   7.9273436852E+00   1.6247418385E-04   2.0090263633E+00   2.3592512625E+00   1.4136816550E-04   2.0953914008E+00   2.3177444542E+00   4.3070313631E-05   2.1970520609E+00   2.3709452722E+00   1.5235124414E-03   2.2082126384E+00   2.4091596696E+00   1.7919053331E-03   2.4006677908E+00   2.4589429808E+00   2.1266431206E-03   2.1898302286E+00   2.3967212145E+00   1.3100633419E-03   3.3412867287E-04
   1   -15   0    0   9.0518795192E-01   7.9276197338E+00   1.6239994373E-04   2.0089914043E+00   2.3593398747E+00   1.4152477078E-04   2.0953820338E+00   2.3178729899E+00   4.4122293263E-05   2.1970397827E+00   2.3710416320E+00   1.5236690467E-03   2.2084197707E+00   2.4092574041E+00   1.7920049499E-03   2.4007705125E+00   2.4590428724E+00   2.1266250114E-03   2.1898915778E+00   2.3968256432E+00   1.3103490416E-03   3.3413539457E-04
   1   -16   0    0   8.9854437676E-01   7.9279269429E+00   1.6231748079E-04   2.0089526056E+00   2.3594385270E+00   1.4169873718E-04   2.0953714736E+00   2.3180159592E+00   4.5290015572E-05   2.1970263050E+00   2.3711488899E+00   1.5238430131E-03   2.2086501517E+00   2.4093661714E+00   1.7921155586E-03   2.4008846773E+00   2.4591538936E+00   2.1266048907E-03   2.1899601710E+00   2.3969418441E+00   1.3106662870E-03   3.3414287188E-04
   1   -17   0    0   8.9190106063E-01   7.9282376291E+00   1.6223420057E-04   2.0089133870E+00   2.3595383126E+00   1.4187444435E-04   2.0953605567E+00   2.3181604708E+00   4.6468485251E-05   2.1970127986E+00   2.3712573664E+00   1.5240187202E-03   2.2088831319E+00   2.4094761532E+00   1.7922272192E-03   2.4010000643E+00   2.4592661038E+00   2.1265845646E-03   2.1900298671E+00   2.3970593310E+00   1.3109865718E-03   3.3415043193E-04
   1   -18   0    0   8.8525800388E-01   7.9285517280E+00   1.6215010782E-04   2.0088737273E+00   2.3596392039E+00   1.4205188266E-04   2.0953492484E+00   2.3183064936E+00   4.7657611809E-05   2.1969992467E+00   2.3713670335E+00   1.5241961586E-03   2.2091187049E+00   2.4095873210E+00   1.7923399240E-03   2.4011166762E+00   2.4593795053E+00   2.1265640340E-03   2.1901006587E+00   2.3971780750E+00   1.3113098746E-03   3.3415807355E-04
   1   -19   0    0   8.7861520728E-01   7.9288691844E+00   1.6206520664E-04   2.0088336075E+00   2.3597411773E+00   1.4223104389E-04   2.0953375161E+00   2.3184540010E+00   4.8857314003E-05   2.1969856350E+00   2.3714778669E+00   1.5243753198E-03   2.2093568665E+00   2.4096996500E+00   1.7924536664E-03   2.4012345159E+00   2.4594941006E+00   2.1265432998E-03   2.1901725414E+00   2.3972980507E+00   1.3116361767E-03   3.3416579573E-04
   1   -20   0    0   8.7197263757E-01   7.9291892665E+00   1.6197955597E-04   2.0087928651E+00   2.3598439353E+00   1.4241180403E-04   2.0953251309E+00   2.3186026632E+00   5.0066736470E-05   2.1969717953E+00   2.3715895633E+00   1.5245560799E-03   2.2095974275E+00   2.4098128352E+00   1.7925683660E-03   2.4013535590E+00   2.4596098626E+00   2.1265223761E-03   2.1902453227E+00   2.3974189477E+00   1.3119652486E-03   3.3417358453E-04
   1   -21   0    0   8.6533039525E-01   7.9295139047E+00   1.6189299961E-04   2.0087519026E+00   2.3599482568E+00   1.4259449319E-04   2.0953126372E+00   2.3187533416E+00   5.1288060807E-05   2.1969581654E+00   2.3717029176E+00   1.5247387691E-03   2.2098409257E+00   2.4099276736E+00   1.7926842308E-03   2.4014738884E+00   2.4597268805E+00   2.1265012247E-03   2.1903195515E+00   2.3975415772E+00   1.3122976875E-03   3.3418147689E-04
   1   -22   0    0   8.5868838438E-01   7.9298411335E+00   1.6180569646E-04   2.0087102957E+00   2.3600533458E+00   1.4277877640E-04   2.0952994473E+00   2.3189051545E+00   5.2519020621E-05   2.1969442967E+00   2.3718171173E+00   1.5249230523E-03   2.2100868350E+00   2.4100433496E+00   1.7928010468E-03   2.4015954296E+00   2.4598450729E+00   2.1264798843E-03   2.1903946924E+00   2.3976651092E+00   1.3126328798E-03   3.3418943530E-04
   1   -23   0    0   8.5204666627E-01   7.9301720858E+00   1.6171755512E-04   2.0086682781E+00   2.3601596588E+00   1.4296484701E-04   2.0952858736E+00   2.3190586063E+00   5.3760881250E-05   2.1969304458E+00   2.3719326286E+00   1.5251091229E-03   2.2103354751E+00   2.4101603302E+00   1.7929189350E-03   2.4017182329E+00   2.4599644939E+00   2.1264583322E-03   2.1904710730E+00   2.3977900188E+00   1.3129711734E-03   3.3419748144E-04
   1   -24   0    0   8.4540524245E-01   7.9305067162E+00   1.6162857960E-04   2.0086258332E+00   2.3602671760E+00   1.4315269701E-04   2.0952718858E+00   2.3192136744E+00   5.5013561496E-05   2.1969166015E+00   2.3720494311E+00   1.5252969729E-03   2.2105868439E+00   2.4102785946E+00   1.7930378886E-03   2.4018423012E+00   2.4600851457E+00   2.1264365694E-03   2.1905486930E+00   2.3979162846E+00   1.3133125499E-03   3.3420561446E-04
   1   -25   0    0   8.3876411146E-01   7.9308449238E+00   1.6153877846E-04   2.0085829329E+00   2.3603758554E+00   1.4334230870E-04   2.0952574378E+00   2.3193703109E+00   5.6276915650E-05   2.1969027400E+00   2.3721674819E+00   1.5254865846E-03   2.2108409239E+00   2.4103980989E+00   1.7931578950E-03   2.4019676346E+00   2.4602070282E+00   2.1264145977E-03   2.1906275370E+00   2.3980438623E+00   1.3136569730E-03   3.3421383249E-04
   1   -26   0    0   8.3212327202E-01   7.9311866139E+00   1.6144815991E-04   2.0085395504E+00   2.3604856572E+00   1.4353366521E-04   2.0952424849E+00   2.3195284711E+00   5.7550803592E-05   2.1968888391E+00   2.3722867405E+00   1.5256779411E-03   2.2110976992E+00   2.4105188021E+00   1.7932789416E-03   2.4020942336E+00   2.4603301412E+00   2.1263924191E-03   2.1907075918E+00   2.3981727096E+00   1.3140044082E-03   3.3422213374E-04
   1   -27   0    0   8.2548268744E-01   7.9315310380E+00   1.6135678489E-04   2.0084955204E+00   2.3605962775E+00   1.4372663826E-04   2.0952267930E+00   2.3196878175E+00   5.8834344861E-05   2.1968747280E+00   2.3724068965E+00   1.5258709142E-03   2.2113569751E+00   2.4106403923E+00   1.7934009460E-03   2.4022220719E+00   2.4604544558E+00   2.1263700481E-03   2.1907886621E+00   2.3983025094E+00   1.3143546186E-03   3.3423050394E-04
   1   -28   0    0   8.1884246852E-01   7.9318801769E+00   1.6126449484E-04   2.0084512569E+00   2.3607085158E+00   1.4392156315E-04   2.0952109191E+00   2.3198492333E+00   6.0129741251E-05   2.1968608576E+00   2.3725287660E+00   1.5260658390E-03   2.2116193024E+00   2.4107636874E+00   1.7935241183E-03   2.4023512335E+00   2.4605800624E+00   2.1263474459E-03   2.1908713135E+00   2.3984340936E+00   1.3147082087E-03   3.3423898094E-04
   1   -29   0    0   8.1220250622E-01   7.9322319582E+00   1.6117145747E-04   2.0084063137E+00   2.3608215330E+00   1.4411808610E-04   2.0951942450E+00   2.3200117891E+00   6.1434613199E-05   2.1968467558E+00   2.3726514924E+00   1.5262623620E-03   2.2118841245E+00   2.4108878276E+00   1.7936482334E-03   2.4024816384E+00   2.4607068740E+00   2.1263246534E-03   2.1909549825E+00   2.3985665873E+00   1.3150645326E-03   3.3424752518E-04
   1   -30   0    0   8.0556287027E-01   7.9325875857E+00   1.6107757710E-04   2.0083609402E+00   2.3609358145E+00   1.4431640959E-04   2.0951771021E+00   2.3201760202E+00   6.2750277840E-05   2.1968326971E+00   2.3727755711E+00   1.5264606855E-03   2.2121517794E+00   2.4110133092E+00   1.7937734175E-03   2.4026133388E+00   2.4608349465E+00   2.1263016469E-03   2.1910400189E+00   2.3987004954E+00   1.3154239535E-03   3.3425615967E-04
   1   -31   0    0   7.9892356071E-01   7.9329469859E+00   1.6098286099E-04   2.0083151148E+00   2.3610513294E+00   1.4451651877E-04   2.0951594515E+00   2.3203418911E+00   6.4076607638E-05   2.1968186650E+00   2.3729009703E+00   1.5266607947E-03   2.2124222564E+00   2.4111400997E+00   1.7938996596E-03   2.4027463351E+00   2.4609642799E+00   2.1262784280E-03   2.1911264169E+00   2.3988357848E+00   1.3157864404E-03   3.3426488301E-04
   1   -32   0    0   7.9228457450E-01   7.9333100335E+00   1.6088732064E-04   2.0082688050E+00   2.3611680259E+00   1.4471838974E-04   2.0951412391E+00   2.3205093427E+00   6.5413415296E-05   2.1968046317E+00   2.3730276372E+00   1.5268626656E-03   2.2126955301E+00   2.4112681456E+00   1.7940269429E-03   2.4028806253E+00   2.4610948718E+00   2.1262549994E-03   2.1912141564E+00   2.3989724005E+00   1.3161519457E-03   3.3427369282E-04
   1   -33   0    0   7.8564587099E-01   7.9336759502E+00   1.6079102003E-04   2.0082218399E+00   2.3612855879E+00   1.4492188773E-04   2.0951222221E+00   2.3206780243E+00   6.6759780736E-05   2.1967904206E+00   2.3731552489E+00   1.5270661636E-03   2.2129713966E+00   2.4113971224E+00   1.7941551808E-03   2.4030161812E+00   2.4612266912E+00   2.1262313765E-03   2.1913030361E+00   2.3991100125E+00   1.3165202215E-03   3.3428257424E-04
   1   -34   0    0   7.7900752862E-01   7.9340460391E+00   1.6069385647E-04   2.0081744905E+00   2.3614045414E+00   1.4512723019E-04   2.0951027595E+00   2.3208485152E+00   6.8117114179E-05   2.1967763296E+00   2.3732843422E+00   1.5272715061E-03   2.2132502206E+00   2.4115275677E+00   1.7942845086E-03   2.4031530580E+00   2.4613597974E+00   2.1262075341E-03   2.1913934345E+00   2.3992491675E+00   1.3168916573E-03   3.3429155215E-04
   1   -35   0    0   7.7236953800E-01   7.9344200607E+00   1.6059585112E-04   2.0081267003E+00   2.3615247884E+00   1.4533437281E-04   2.0950827641E+00   2.3210207053E+00   6.9485092518E-05   2.1967623056E+00   2.3734148168E+00   1.5274786487E-03   2.2135319450E+00   2.4116593805E+00   1.7944148968E-03   2.4032912489E+00   2.4614941827E+00   2.1261834772E-03   2.1914853009E+00   2.3993897625E+00   1.3172661683E-03   3.3430062198E-04
   1   -36   0    0   7.6573184718E-01   7.9347970619E+00   1.6049708230E-04   2.0080782619E+00   2.3616459423E+00   1.4554315048E-04   2.0950619422E+00   2.3211941656E+00   7.0862596951E-05   2.1967481326E+00   2.3735462780E+00   1.5276874264E-03   2.2138163176E+00   2.4117921642E+00   1.7945462397E-03   2.4034307177E+00   2.4616298077E+00   2.1261592247E-03   2.1915783861E+00   2.3995313938E+00   1.3176434522E-03   3.3430976551E-04
   1   -37   0    0   7.5909453183E-01   7.9351782591E+00   1.6039745498E-04   2.0080294282E+00   2.3617684941E+00   1.4575376450E-04   2.0950406273E+00   2.3213694365E+00   7.2250926832E-05   2.1967340897E+00   2.3736792267E+00   1.5278980404E-03   2.2141036789E+00   2.4119264206E+00   1.7946786622E-03   2.4035715157E+00   2.4617667276E+00   2.1261347532E-03   2.1916730456E+00   2.3996745715E+00   1.3180238685E-03   3.3431900597E-04
   1   -38   0    0   7.5245757485E-01   7.9355632903E+00   1.6029700054E-04   2.0079801174E+00   2.3618922965E+00   1.4596614896E-04   2.0950186965E+00   2.3215463528E+00   7.3649617336E-05   2.1967200963E+00   2.3738135123E+00   1.5281104249E-03   2.2143939377E+00   2.4120619978E+00   1.7948121211E-03   2.4037136304E+00   2.4619049285E+00   2.1261100702E-03   2.1917691956E+00   2.3998191411E+00   1.3184072937E-03   3.3432833643E-04
   1   -39   0    0   7.4582092595E-01   7.9359512581E+00   1.6019579316E-04   2.0079301342E+00   2.3620169852E+00   1.4618014744E-04   2.0949958724E+00   2.3217245104E+00   7.5057610039E-05   2.1967059500E+00   2.3739487627E+00   1.5283244233E-03   2.2146868561E+00   2.4121985224E+00   1.7949465165E-03   2.4038570275E+00   2.4620443732E+00   2.1260851937E-03   2.1918666033E+00   2.3999647223E+00   1.3187934414E-03   3.3433773971E-04
   1   -40   0    0   7.3918466671E-01   7.9363434417E+00   1.6009373351E-04   2.0078797454E+00   2.3621430770E+00   1.4639597037E-04   2.0949725060E+00   2.3219044775E+00   7.6476260576E-05   2.1966919447E+00   2.3740855053E+00   1.5285402463E-03   2.2149827914E+00   2.4123365221E+00   1.7950819789E-03   2.4040017601E+00   2.4621851188E+00   2.1260600992E-03   2.1919656429E+00   2.4001118517E+00   1.3191826872E-03   3.3434724023E-04
   1   -41   0    0   7.3254873940E-01   7.9367388318E+00   1.5999090496E-04   2.0078287322E+00   2.3622701624E+00   1.4661344189E-04   2.0949482875E+00   2.3220857996E+00   7.7904383475E-05   2.1966778530E+00   2.3742233217E+00   1.5287577178E-03   2.2152814746E+00   2.4124755772E+00   1.7952183960E-03   2.4041477889E+00   2.4623271227E+00   2.1260348070E-03   2.1920660510E+00   2.4002601020E+00   1.3195747096E-03   3.3435681868E-04
   1   -42   0    0   7.2591321971E-01   7.9371385841E+00   1.5988721855E-04   2.0077773356E+00   2.3623987085E+00   1.4683275052E-04   2.0949235317E+00   2.3222689896E+00   7.9343187166E-05   2.1966639414E+00   2.3743626883E+00   1.5289770264E-03   2.2155832286E+00   2.4126161643E+00   1.7953558846E-03   2.4042951617E+00   2.4624704363E+00   2.1260092950E-03   2.1921681682E+00   2.4004099578E+00   1.3199698441E-03   3.3436649712E-04
   1   -43   0    0   7.1927803728E-01   7.9375415052E+00   1.5978277253E-04   2.0077252980E+00   2.3625282313E+00   1.4705368890E-04   2.0948978761E+00   2.3224535110E+00   8.0791281722E-05   2.1966499408E+00   2.3745031108E+00   1.5291979648E-03   2.2158877339E+00   2.4127577875E+00   1.7954943128E-03   2.4044438314E+00   2.4626150086E+00   2.1259835872E-03   2.1922716804E+00   2.4005609142E+00   1.3203677130E-03   3.3437625268E-04
   1   -44   0    0   7.1264322680E-01   7.9379480856E+00   1.5967753126E-04   2.0076727196E+00   2.3626589285E+00   1.4727633279E-04   2.0948714433E+00   2.3226395791E+00   8.2249135176E-05   2.1966359663E+00   2.3746447907E+00   1.5294206087E-03   2.2161951309E+00   2.4129006480E+00   1.7956337264E-03   2.4045938186E+00   2.4627608617E+00   2.1259576747E-03   2.1923767435E+00   2.4007131756E+00   1.3207684486E-03   3.3438609471E-04
   1   -45   0    0   7.0600880922E-01   7.9383585883E+00   1.5957147746E-04   2.0076196524E+00   2.3627909058E+00   1.4750071914E-04   2.0948442905E+00   2.3228273078E+00   8.3716959912E-05   2.1966220817E+00   2.3747878356E+00   1.5296449950E-03   2.2165054977E+00   2.4130448529E+00   1.7957741468E-03   2.4047451342E+00   2.4629080075E+00   2.1259315531E-03   2.1924834500E+00   2.4008668506E+00   1.3211721130E-03   3.3439602818E-04
   1   -46   0    0   6.9937478698E-01   7.9387729829E+00   1.5946461737E-04   2.0075660863E+00   2.3629241502E+00   1.4772683519E-04   2.0948163901E+00   2.3230166800E+00   8.5194642528E-05   2.1966082838E+00   2.3749322317E+00   1.5298711111E-03   2.2168188320E+00   2.4131903879E+00   1.7959155644E-03   2.4048977774E+00   2.4630564448E+00   2.1259052236E-03   2.1925918113E+00   2.4010219241E+00   1.3215786790E-03   3.3440605246E-04
   1   -47   0    0   6.9274115525E-01   7.9391911289E+00   1.5935696610E-04   2.0075119879E+00   2.3630586042E+00   1.4795464935E-04   2.0947876828E+00   2.3232076290E+00   8.6681946929E-05   2.1965945449E+00   2.3750779199E+00   1.5300989252E-03   2.2171351011E+00   2.4133371931E+00   1.7960579575E-03   2.4050517426E+00   2.4632061676E+00   2.1258786899E-03   2.1927018083E+00   2.4011783349E+00   1.3219880856E-03   3.3441616481E-04
   1   -48   0    0   6.8610791331E-01   7.9396129517E+00   1.5924853370E-04   2.0074573382E+00   2.3631942369E+00   1.4818414074E-04   2.0947581283E+00   2.3234001177E+00   8.8178707607E-05   2.1965808520E+00   2.3752248684E+00   1.5303284166E-03   2.2174542899E+00   2.4134852356E+00   1.7962013115E-03   2.4052070266E+00   2.4633571726E+00   2.1258519542E-03   2.1928134404E+00   2.4013360492E+00   1.3224002910E-03   3.3442636374E-04
   1   -49   0    0   6.7947506588E-01   7.9400384606E+00   1.5913932372E-04   2.0074021361E+00   2.3633310514E+00   1.4841530222E-04   2.0947277104E+00   2.3235941465E+00   8.9684848906E-05   2.1965672122E+00   2.3753730798E+00   1.5305595781E-03   2.2177764061E+00   2.4136345177E+00   1.7963456201E-03   2.4053636293E+00   2.4635094596E+00   2.1258250173E-03   2.1929267310E+00   2.4014950688E+00   1.3228152781E-03   3.3443664936E-04
   1   -50   0    0   6.7284259318E-01   7.9404672993E+00   1.5902936882E-04   2.0073463030E+00   2.3634689027E+00   1.4864806507E-04   2.0946963077E+00   2.3237895523E+00   9.1199894771E-05   2.1965535487E+00   2.3755224058E+00   1.5307923410E-03   2.2181013573E+00   2.4137848901E+00   1.7964908389E-03   2.4055215359E+00   2.4636630125E+00   2.1257978870E-03   2.1930416017E+00   2.4016552414E+00   1.3232329196E-03   3.3444701479E-04
   1   -51   0    0   6.6554736820E-01   7.9409437233E+00   1.5890749601E-04   2.0072843362E+00   2.3636220827E+00   1.4890608555E-04   2.0946608508E+00   2.3240064665E+00   9.2877553007E-05   2.1965386933E+00   2.3756883042E+00   1.5310503614E-03   2.2184623173E+00   2.4139519114E+00   1.7966517109E-03   2.4056967723E+00   2.4638334190E+00   2.1257678048E-03   2.1931700486E+00   2.4018331208E+00   1.3236956225E-03   3.3445852521E-04
   1   -52   0    0   6.5752319964E-01   7.9414730812E+00   1.5877235870E-04   2.0072154186E+00   2.3637922869E+00   1.4919222367E-04   2.0946205986E+00   2.3242472696E+00   9.4735839966E-05   2.1965224809E+00   2.3758726110E+00   1.5313364996E-03   2.2188635231E+00   2.4141374177E+00   1.7968299854E-03   2.4058913771E+00   2.4640226600E+00   2.1257344347E-03   2.1933137909E+00   2.4020306618E+00   1.3242084319E-03   3.3447131017E-04
   1   -53   0    0   6.4869728767E-01   7.9420612606E+00   1.5862245543E-04   2.0071385825E+00   2.3639813652E+00   1.4950966986E-04   2.0945746218E+00   2.3245145728E+00   9.6794762580E-05   2.1965046965E+00   2.3760773329E+00   1.5316539458E-03   2.2193097374E+00   2.4143434145E+00   1.7970276084E-03   2.4061076506E+00   2.4642329705E+00   2.1256974015E-03   2.1934747738E+00   2.4022500018E+00   1.3247769629E-03   3.3448551300E-04
   1   -54   0    0   6.3873418962E-01   7.9427332062E+00   1.5845162082E-04   2.0070506488E+00   2.3641973650E+00   1.4987149619E-04   2.0945206694E+00   2.3248196073E+00   9.9138090830E-05   2.1964848153E+00   2.3763111606E+00   1.5320157721E-03   2.2198197941E+00   2.4145786237E+00   1.7972526583E-03   2.4063546078E+00   2.4644731180E+00   2.1256551758E-03   2.1936603310E+00   2.4025004090E+00   1.3254244808E-03   3.3450173224E-04
   1   -55   0    0   6.2877205784E-01   7.9434135983E+00   1.5827910222E-04   2.0069614576E+00   2.3644160760E+00   1.5023694752E-04   2.0944644967E+00   2.3251281090E+00   1.0150119048E-04   2.1964651738E+00   2.3765478752E+00   1.5323812234E-03   2.2203365596E+00   2.4148166564E+00   1.7974797458E-03   2.4066045249E+00   2.4647161434E+00   2.1256125106E-03   2.1938500228E+00   2.4027537806E+00   1.3260779517E-03   3.3451814820E-04
   1   -56   0    0   6.1881090613E-01   7.9441024298E+00   1.5810492003E-04   2.0068710025E+00   2.3646374944E+00   1.5060598181E-04   2.0944060370E+00   2.3254400602E+00   1.0388369438E-04   2.1964457936E+00   2.3767874709E+00   1.5327502577E-03   2.2208600415E+00   2.4150575046E+00   1.7977088392E-03   2.4068573930E+00   2.4649620382E+00   2.1255694104E-03   2.1940439264E+00   2.4030101064E+00   1.3267372866E-03   3.3453476038E-04
   1   -57   0    0   6.0885074803E-01   7.9447996900E+00   1.5792909586E-04   2.0067792780E+00   2.3648616153E+00   1.5097855441E-04   2.0943452227E+00   2.3257554417E+00   1.0628521983E-04   2.1964266968E+00   2.3770299404E+00   1.5331228303E-03   2.2213902446E+00   2.4153011587E+00   1.7979399053E-03   2.4071132020E+00   2.4652107924E+00   2.1255258801E-03   2.1942421196E+00   2.4032693748E+00   1.3274023922E-03   3.3455156820E-04
   1   -58   0    0   5.9889159674E-01   7.9455053645E+00   1.5775165254E-04   2.0066862785E+00   2.3650884323E+00   1.5135461802E-04   2.0942819850E+00   2.3260742320E+00   1.0870536869E-04   2.1964079060E+00   2.3772752750E+00   1.5334988939E-03   2.2219271716E+00   2.4155476079E+00   1.7981729093E-03   2.4073719402E+00   2.4654623946E+00   2.1254819248E-03   2.1944446809E+00   2.4035315727E+00   1.3280731706E-03   3.3456857096E-04
   1   -59   0    0   5.8893346517E-01   7.9462194350E+00   1.5757261415E-04   2.0065919990E+00   2.3653179378E+00   1.5173412269E-04   2.0942162542E+00   2.3263964081E+00   1.1114372756E-04   2.1963894445E+00   2.3775234646E+00   1.5338783986E-03   2.2224708221E+00   2.4157968400E+00   1.7984078148E-03   2.4076335943E+00   2.4657168320E+00   2.1254375499E-03   2.1946516886E+00   2.4037966854E+00   1.3287495194E-03   3.3458576788E-04
   1   -60   0    0   5.7897636588E-01   7.9469418793E+00   1.5739200598E-04   2.0064964347E+00   2.3655501228E+00   1.5211701586E-04   2.0941479597E+00   2.3267219448E+00   1.1359986799E-04   2.1963713358E+00   2.3777744975E+00   1.5342612917E-03   2.2230211933E+00   2.4160488411E+00   1.7986445840E-03   2.4078981497E+00   2.4659740902E+00   2.1253927611E-03   2.1948632219E+00   2.4040646966E+00   1.3294313319E-03   3.3460315808E-04
   1   -61   0    0   5.6902031107E-01   7.9476726716E+00   1.5720985454E-04   2.0063995813E+00   2.3657849772E+00   1.5250324229E-04   2.0940770301E+00   2.3270508150E+00   1.1607334667E-04   2.1963536041E+00   2.3780283608E+00   1.5346475182E-03   2.2235782796E+00   2.4163035961E+00   1.7988831776E-03   2.4081655902E+00   2.4662341536E+00   2.1253475645E-03   2.1950793597E+00   2.4043355887E+00   1.3301184968E-03   3.3462074057E-04
   1   -62   0    0   5.5906531256E-01   7.9484117819E+00   1.5702618756E-04   2.0063014347E+00   2.3660224893E+00   1.5289274416E-04   2.0940033930E+00   2.3273829901E+00   1.1856370567E-04   2.1963362737E+00   2.3782850400E+00   1.5350370201E-03   2.2241420728E+00   2.4165610886E+00   1.7991235546E-03   2.4084358981E+00   2.4664970049E+00   2.1253019665E-03   2.1953001814E+00   2.4046093425E+00   1.3308108988E-03   3.3463851427E-04
   1   -63   0    0   5.4911138175E-01   7.9491591763E+00   1.5684103396E-04   2.0062019914E+00   2.3662626461E+00   1.5328546101E-04   2.0939269753E+00   2.3277184391E+00   1.2107047272E-04   2.1963193698E+00   2.3785445190E+00   1.5354297369E-03   2.2247125617E+00   2.4168213004E+00   1.7993656727E-03   2.4087090541E+00   2.4667626253E+00   2.1252559738E-03   2.1955257662E+00   2.4048859370E+00   1.3315084179E-03   3.3465647801E-04
   1   -64   0    0   5.3915852966E-01   7.9499148172E+00   1.5665442389E-04   2.0061012481E+00   2.3665054333E+00   1.5368132982E-04   2.0938477033E+00   2.3280571295E+00   1.2359316148E-04   2.1963029177E+00   2.3788067804E+00   1.5358256057E-03   2.2252897325E+00   2.4170842121E+00   1.7996094882E-03   2.4089850375E+00   2.4670309948E+00   2.1252095934E-03   2.1957561935E+00   2.4051653501E+00   1.3322109301E-03   3.3467463049E-04
   1   -65   0    0   5.2920676684E-01   7.9506786626E+00   1.5646638866E-04   2.0059992020E+00   2.3667508353E+00   1.5408028496E-04   2.0937655022E+00   2.3283990266E+00   1.2613127189E-04   2.1962869432E+00   2.3790718054E+00   1.5362245609E-03   2.2258735687E+00   2.4173498029E+00   1.7998549558E-03   2.4092638261E+00   2.4673020916E+00   2.1251628326E-03   2.1959915425E+00   2.4054475578E+00   1.3329183072E-03   3.3469297033E-04
   1   -66   0    0   5.1925610342E-01   7.9514506669E+00   1.5627696075E-04   2.0058958505E+00   2.3669988349E+00   1.5448225828E-04   2.0936802971E+00   2.3287440940E+00   1.2868429047E-04   2.1962714723E+00   2.3793395733E+00   1.5366265342E-03   2.2264640506E+00   2.4176180504E+00   1.8001020289E-03   2.4095453960E+00   2.4675758926E+00   2.1251156991E-03   2.1962318922E+00   2.4057325347E+00   1.3336304167E-03   3.3471149607E-04
   1   -67   0    0   5.0930654901E-01   7.9522307802E+00   1.5608617382E-04   2.0057911918E+00   2.3672494140E+00   1.5488717913E-04   2.0935920121E+00   2.3290922935E+00   1.3125169066E-04   2.1962565316E+00   2.3796100624E+00   1.5370314550E-03   2.2270611560E+00   2.4178889309E+00   1.8003506596E-03   2.4098297220E+00   2.4678523732E+00   2.1250682007E-03   2.1964773213E+00   2.4060202539E+00   1.3343471223E-03   3.3473020610E-04
   1   -68   0    0   4.9935811279E-01   7.9530189488E+00   1.5589406264E-04   2.0056852240E+00   2.3675025525E+00   1.5529497436E-04   2.0935005712E+00   2.3294435848E+00   1.3383293328E-04   2.1962421478E+00   2.3798832493E+00   1.5374392503E-03   2.2276648597E+00   2.4181624192E+00   1.8006007985E-03   2.4101167772E+00   2.4681315073E+00   2.1250203458E-03   2.1967279082E+00   2.4063106869E+00   1.3350682836E-03   3.3474909876E-04
   1   -69   0    0   4.8941080339E-01   7.9538151148E+00   1.5570066314E-04   2.0055779460E+00   2.3677582295E+00   1.5570556839E-04   2.0934058977E+00   2.3297979261E+00   1.3642746687E-04   2.1962283480E+00   2.3801591090E+00   1.5378498443E-03   2.2282751335E+00   2.4184384888E+00   1.8008523950E-03   2.4104065335E+00   2.4684132675E+00   2.1249721429E-03   2.1969837307E+00   2.4066038039E+00   1.3357937565E-03   3.3476817227E-04
   1   -70   0    0   4.7946462893E-01   7.9546192164E+00   1.5550601230E-04   2.0054693569E+00   2.3680164224E+00   1.5611888323E-04   2.0933079145E+00   2.3301552735E+00   1.3903472813E-04   2.1962151595E+00   2.3804376153E+00   1.5382631591E-03   2.2288919467E+00   2.4187171116E+00   1.8011053971E-03   2.4106989610E+00   2.4686976248E+00   2.1249236009E-03   2.1972448661E+00   2.4068995733E+00   1.3365233930E-03   3.3478742475E-04
   1   -71   0    0   4.6951959701E-01   7.9554311877E+00   1.5531014823E-04   2.0053594565E+00   2.3682771074E+00   1.5653483856E-04   2.0932065446E+00   2.3305155814E+00   1.4165414238E-04   2.1962026100E+00   2.3807187403E+00   1.5386791145E-03   2.2295152652E+00   2.4189982582E+00   1.8013597518E-03   2.4109940284E+00   2.4689845487E+00   2.1248747288E-03   2.1975113910E+00   2.4071979622E+00   1.3372570415E-03   3.3480685422E-04
   1   -72   0    0   4.5957571466E-01   7.9562509590E+00   1.5511311007E-04   2.0052482445E+00   2.3685402594E+00   1.5695335174E-04   2.0931017106E+00   2.3308788026E+00   1.4428512403E-04   2.1961907270E+00   2.3810024547E+00   1.5390976276E-03   2.2301450524E+00   2.4192818979E+00   1.8016154045E-03   2.4112917031E+00   2.4692740075E+00   2.1248255361E-03   2.1977833812E+00   2.4074989362E+00   1.3379945468E-03   3.3482645861E-04
   1   -73   0    0   4.4963298835E-01   7.9570784562E+00   1.5491493798E-04   2.0051357217E+00   2.3688058517E+00   1.5737433789E-04   2.0929933348E+00   2.3312448879E+00   1.4692707705E-04   2.1961795385E+00   2.3812887278E+00   1.5395186138E-03   2.2307812685E+00   2.4195679986E+00   1.8018723000E-03   2.4115919509E+00   2.4695659679E+00   2.1247760325E-03   2.1980609114E+00   2.4078024595E+00   1.3387357504E-03   3.3484623576E-04
   1   -74   0    0   4.3969142397E-01   7.9579136018E+00   1.5471567312E-04   2.0050218887E+00   2.3690738566E+00   1.5779770995E-04   2.0928813398E+00   2.3316137865E+00   1.4957939552E-04   2.1961690726E+00   2.3815775276E+00   1.5399419858E-03   2.2314238711E+00   2.4198565266E+00   1.8021303814E-03   2.4118947362E+00   2.4698603954E+00   2.1247262279E-03   2.1983440555E+00   2.4081084948E+00   1.3394804903E-03   3.3486618340E-04
   1   -75   0    0   4.2975102682E-01   7.9587563138E+00   1.5451535765E-04   2.0049067469E+00   2.3693442450E+00   1.5822337872E-04   2.0927656482E+00   2.3319854461E+00   1.5224146411E-04   2.1961593573E+00   2.3818688204E+00   1.5403676546E-03   2.2320728146E+00   2.4201474473E+00   1.8023895912E-03   2.4122000221E+00   2.4701572539E+00   2.1246761327E-03   2.1986328860E+00   2.4084170034E+00   1.3402286017E-03   3.3488629919E-04
   1   -76   0    0   4.1981180159E-01   7.9596065067E+00   1.5431403463E-04   2.0047902981E+00   2.3696169863E+00   1.5865125298E-04   2.0926461828E+00   2.3323598125E+00   1.5491265864E-04   2.1961504208E+00   2.3821625714E+00   1.5407955289E-03   2.2327280506E+00   2.4204407245E+00   1.8026498707E-03   2.4125077702E+00   2.4704565062E+00   2.1246257573E-03   2.1989274744E+00   2.4087279453E+00   1.3409799162E-03   3.3490658066E-04
   1   -77   0    0   4.0987375235E-01   7.9604640910E+00   1.5411174803E-04   2.0046725444E+00   2.3698920489E+00   1.5908123947E-04   2.0925228665E+00   2.3327368300E+00   1.5759234667E-04   2.1961422911E+00   2.3824587442E+00   1.5412255154E-03   2.2333895280E+00   2.4207363208E+00   1.8029111601E-03   2.4128179408E+00   2.4707581136E+00   2.1245751124E-03   2.1992278905E+00   2.4090412790E+00   1.3417342631E-03   3.3492702529E-04
   1   -78   0    0   3.9993688254E-01   7.9613289732E+00   1.5390854272E-04   2.0045534884E+00   2.3701693998E+00   1.5951324305E-04   2.0923956229E+00   2.3331164414E+00   1.6027988805E-04   2.1961349965E+00   2.3827573011E+00   1.5416575189E-03   2.2340571926E+00   2.4210341974E+00   1.8031733989E-03   2.4131304928E+00   2.4710620363E+00   2.1245242091E-03   2.1995342027E+00   2.4093569617E+00   1.3424914685E-03   3.3494763045E-04
   1   -79   0    0   3.9000119496E-01   7.9622010562E+00   1.5370446437E-04   2.0044331332E+00   2.3704490048E+00   1.5994716673E-04   2.0922643759E+00   2.3334985880E+00   1.6297463551E-04   2.1961285648E+00   2.3830582032E+00   1.5420914426E-03   2.2347309873E+00   2.4213343146E+00   1.8034365257E-03   2.4134453839E+00   2.4713682330E+00   2.1244730585E-03   2.1998464777E+00   2.4096749496E+00   1.3432513562E-03   3.3496839343E-04
   1   -80   0    0   3.8006669176E-01   7.9630802390E+00   1.5349955945E-04   2.0043114821E+00   2.3707308284E+00   1.6038291179E-04   2.0921290501E+00   2.3338832095E+00   1.6567593528E-04   2.1961230239E+00   2.3833614103E+00   1.5425271877E-03   2.2354108524E+00   2.4216366312E+00   1.8037004782E-03   2.4137625705E+00   2.4716766613E+00   2.1244216723E-03   2.2001647804E+00   2.4099951972E+00   1.3440137473E-03   3.3498931142E-04
   1   -81   0    0   3.7013337442E-01   7.9639664172E+00   1.5329387519E-04   2.0041885391E+00   2.3710148340E+00   1.6082037782E-04   2.0919895707E+00   2.3342702442E+00   1.6838312773E-04   2.1961184016E+00   2.3836668807E+00   1.5429646537E-03   2.2360967251E+00   2.4219411049E+00   1.8039651933E-03   2.4140820078E+00   2.4719872777E+00   2.1243700619E-03   2.2004891736E+00   2.4103176580E+00   1.3447784609E-03   3.3501038156E-04
   1   -82   0    0   3.6020124377E-01   7.9648594824E+00   1.5308745953E-04   2.0040643084E+00   2.3713009839E+00   1.6125946282E-04   2.0918458639E+00   2.3346596292E+00   1.7109554796E-04   2.1961147252E+00   2.3839745716E+00   1.5434037387E-03   2.2367885399E+00   2.4222476924E+00   1.8042306075E-03   2.4144036496E+00   2.4723000373E+00   2.1243182394E-03   2.2008197181E+00   2.4106422844E+00   1.3455453138E-03   3.3503160087E-04
   1   -83   0    0   3.5027029992E-01   7.9657593228E+00   1.5288036109E-04   2.0039387947E+00   2.3715892391E+00   1.6170006332E-04   2.0916978569E+00   2.3350513002E+00   1.7381252648E-04   2.1961120219E+00   2.3842844392E+00   1.5438443392E-03   2.2374862285E+00   2.4225563490E+00   1.8044966564E-03   2.4147274489E+00   2.4726148942E+00   2.1242662168E-03   2.2011564727E+00   2.4109690274E+00   1.3463141209E-03   3.3505296633E-04
   1   -84   0    0   3.4034054233E-01   7.9666658231E+00   1.5267262910E-04   2.0038120032E+00   2.3718795596E+00   1.6214207445E-04   2.0915454778E+00   2.3354451914E+00   1.7653338984E-04   2.1961103186E+00   2.3845964381E+00   1.5442863503E-03   2.2381897198E+00   2.4228670292E+00   1.8047632751E-03   2.4150533571E+00   2.4729318014E+00   2.1242140063E-03   2.2014994936E+00   2.4112978370E+00   1.3470846953E-03   3.3507447480E-04
   1   -85   0    0   3.3041196974E-01   7.9675788645E+00   1.5246431336E-04   2.0036839394E+00   2.3721719042E+00   1.6258539005E-04   2.0913886562E+00   2.3358412361E+00   1.7925746132E-04   2.1961096416E+00   2.3849105222E+00   1.5447296659E-03   2.2388989400E+00   2.4231796863E+00   1.8050303981E-03   2.4153813250E+00   2.4732507109E+00   2.1241616204E-03   2.2018488343E+00   2.4116286623E+00   1.3478568487E-03   3.3509612311E-04
   1   -86   0    0   3.2048458018E-01   7.9684983247E+00   1.5225546424E-04   2.0035546091E+00   2.3724662309E+00   1.6302990274E-04   2.0912273228E+00   2.3362393664E+00   1.8198406159E-04   2.1961100170E+00   2.3852266439E+00   1.5451741786E-03   2.2396138126E+00   2.4234942727E+00   1.8052979598E-03   2.4157113019E+00   2.4735715734E+00   2.1241090717E-03   2.2022045462E+00   2.4119614511E+00   1.3486303911E-03   3.3511790799E-04
   1   -87   0    0   3.1055837099E-01   7.9694240784E+00   1.5204613255E-04   2.0034240187E+00   2.3727624965E+00   1.6347550409E-04   2.0910614100E+00   2.3366395132E+00   1.8471250938E-04   2.1961114703E+00   2.3855447548E+00   1.5456197800E-03   2.2403342583E+00   2.4238107399E+00   1.8055658937E-03   2.4160432365E+00   2.4738943390E+00   2.1240563729E-03   2.2025666774E+00   2.4122961503E+00   1.3494051317E-03   3.3513982612E-04
   1   -88   0    0   3.0063333878E-01   7.9703559968E+00   1.5183636957E-04   2.0032921748E+00   2.3730606567E+00   1.6392208463E-04   2.0908908517E+00   2.3370416063E+00   1.8744212217E-04   2.1961140263E+00   2.3858648055E+00   1.5460663605E-03   2.2410601953E+00   2.4241290383E+00   1.8058341335E-03   2.4163770761E+00   2.4742189566E+00   2.1240035370E-03   2.2029352733E+00   2.4126327059E+00   1.3501808782E-03   3.3516187409E-04
   1   -89   0    0   2.9070947941E-01   7.9712939482E+00   1.5162622694E-04   2.0031590845E+00   2.3733606665E+00   1.6436953407E-04   2.0907155837E+00   2.3374455748E+00   1.9017221691E-04   2.1961177094E+00   2.3861867454E+00   1.5465138100E-03   2.2417915391E+00   2.4244491175E+00   1.8061026123E-03   2.4167127676E+00   2.4745453744E+00   2.1239505769E-03   2.2033103764E+00   2.4129710630E+00   1.3509574378E-03   3.3518404846E-04
   1   -90   0    0   2.8078678805E-01   7.9722377977E+00   1.5141575664E-04   2.0030247551E+00   2.3736624800E+00   1.6481774130E-04   2.0905355436E+00   2.3378513467E+00   1.9290211067E-04   2.1961225434E+00   2.3865105231E+00   1.5469620172E-03   2.2425282026E+00   2.4247709264E+00   1.8063712632E-03   2.4170502565E+00   2.4748735395E+00   2.1238975058E-03   2.2036920256E+00   2.4133111658E+00   1.3517346170E-03   3.3520634570E-04
   1   -91   0    0   2.7086525910E-01   7.9731874075E+00   1.5120501093E-04   2.0028891943E+00   2.3739660502E+00   1.6526659459E-04   2.0903506712E+00   2.3382588490E+00   1.9563112136E-04   2.1961285510E+00   2.3868360862E+00   1.5474108705E-03   2.2432700962E+00   2.4250944128E+00   1.8066400191E-03   2.4173894878E+00   2.4752033983E+00   2.1238443369E-03   2.2040802569E+00   2.4136529578E+00   1.3525122218E-03   3.3522876225E-04
   1   -92   0    0   2.6094488623E-01   7.9741426369E+00   1.5099404230E-04   2.0027524103E+00   2.3742713295E+00   1.6571598166E-04   2.0901609085E+00   2.3386680084E+00   1.9835856844E-04   2.1961357545E+00   2.3871633818E+00   1.5478602576E-03   2.2440171278E+00   2.4254195242E+00   1.8069088129E-03   2.4177304057E+00   2.4755348967E+00   2.1237910835E-03   2.2044751025E+00   2.4139963816E+00   1.3532900579E-03   3.3525129446E-04
   1   -93   0    0   2.5102566236E-01   7.9751033425E+00   1.5078290340E-04   2.0026144112E+00   2.3745782695E+00   1.6616578983E-04   2.0899661996E+00   2.3390787504E+00   2.0108377360E-04   2.1961441751E+00   2.3874923557E+00   1.5483100657E-03   2.2447692027E+00   2.4257462070E+00   1.8071775775E-03   2.4180729536E+00   2.4758679794E+00   2.1237377589E-03   2.2048765913E+00   2.4143413793E+00   1.3540679312E-03   3.3527393867E-04
   1   -94   0    0   2.4110757967E-01   7.9760693783E+00   1.5057164700E-04   2.0024752058E+00   2.3748868208E+00   1.6661590607E-04   2.0897664914E+00   2.3394910002E+00   2.0380606147E-04   2.1961538334E+00   2.3878229532E+00   1.5487601820E-03   2.2455262241E+00   2.4260744071E+00   1.8074462460E-03   2.4184170741E+00   2.4762025910E+00   2.1236843767E-03   2.2052847484E+00   2.4146878921E+00   1.3548456475E-03   3.3529669115E-04
   1   -95   0    0   2.3119062955E-01   7.9770405955E+00   1.5036032595E-04   2.0023348030E+00   2.3751969336E+00   1.6706621722E-04   2.0895617334E+00   2.3399046823E+00   2.0652476032E-04   2.1961647487E+00   2.3881551190E+00   1.5492104931E-03   2.2462880925E+00   2.4264040699E+00   1.8077147515E-03   2.4187627095E+00   2.4765386749E+00   2.1236309503E-03   2.2056995949E+00   2.4150358608E+00   1.3556230132E-03   3.3531954813E-04
   1   -96   0    0   2.2127480268E-01   7.9780168433E+00   1.5014899307E-04   2.0021932119E+00   2.3755085573E+00   1.6751661002E-04   2.0893518778E+00   2.3403197206E+00   2.0923920274E-04   2.1961769394E+00   2.3884887970E+00   1.5496608859E-03   2.2470547062E+00   2.4267351402E+00   1.8079830275E-03   2.4191098011E+00   2.4768761745E+00   2.1235774932E-03   2.2061211482E+00   2.4153852256E+00   1.3563998351E-03   3.3534250581E-04
   1   -97   0    0   2.1136008892E-01   7.9789979681E+00   1.4993770116E-04   2.0020504420E+00   2.3758216407E+00   1.6796697130E-04   2.0891368799E+00   2.3407360387E+00   2.1194872637E-04   2.1961904230E+00   2.3888239304E+00   1.5501112472E-03   2.2478259614E+00   2.4270675621E+00   1.8082510077E-03   2.4194582901E+00   2.4772150323E+00   2.1235240189E-03   2.2065494215E+00   2.4157359263E+00   1.3571759208E-03   3.3536556032E-04
   1   -98   0    0   2.0144647741E-01   7.9799838145E+00   1.4972650289E-04   2.0019065028E+00   2.3761361322E+00   1.6841718805E-04   2.0889166979E+00   2.3411535599E+00   2.1465267454E-04   2.1962052157E+00   2.3891604621E+00   1.5505614639E-03   2.2486017517E+00   2.4274012795E+00   1.8085186263E-03   2.4198081169E+00   2.4775551904E+00   2.1234705410E-03   2.2069844240E+00   2.4160879021E+00   1.3579510790E-03   3.3538870780E-04
   1   -99   0    0   1.9153395649E-01   7.9809742247E+00   1.4951545077E-04   2.0017614040E+00   2.3764519794E+00   1.6886714760E-04   2.0886912935E+00   2.3415722071E+00   2.1735039698E-04   2.1962213326E+00   2.3894983342E+00   1.5510114235E-03   2.2493819690E+00   2.4277362358E+00   1.8087858177E-03   2.4201592216E+00   2.4778965908E+00   2.1234170729E-03   2.2074261605E+00   2.4164410920E+00   1.3587251194E-03   3.3541194433E-04
   1  -100   0    0   1.8162251376E-01   7.9819690390E+00   1.4930459710E-04   2.0016151558E+00   2.3767691296E+00   1.6931673767E-04   2.0884606315E+00   2.3419919031E+00   2.2004125049E-04   2.1962387875E+00   2.3898374887E+00   1.5514610136E-03   2.2501665027E+00   2.4280723740E+00   1.8090525172E-03   2.4205115441E+00   2.4782391747E+00   2.1233636282E-03   2.2078746315E+00   2.4167954345E+00   1.3594978532E-03   3.3543526597E-04
   1  -101   0    0   1.7171213602E-01   7.9829680960E+00   1.4909399387E-04   2.0014677681E+00   2.3770875297E+00   1.6976584659E-04   2.0882246805E+00   2.3424125704E+00   2.2272459961E-04   2.1962575929E+00   2.3901778669E+00   1.5519101225E-03   2.2509552403E+00   2.4284096370E+00   1.8093186603E-03   2.4208650237E+00   2.4785828833E+00   2.1233102201E-03   2.2083298330E+00   2.4171508680E+00   1.3602690933E-03   3.3545866876E-04
   1  -102   0    0   1.6180280931E-01   7.9839712325E+00   1.4888369275E-04   2.0013192512E+00   2.3774071262E+00   1.7021436332E-04   2.0879834127E+00   2.3428341316E+00   2.2539981726E-04   2.1962777600E+00   2.3905194098E+00   1.5523586392E-03   2.2517480674E+00   2.4287479671E+00   1.8095841834E-03   2.4212195996E+00   2.4789276574E+00   2.1232568622E-03   2.2087917566E+00   2.4175073306E+00   1.3610386542E-03   3.3548214872E-04
   1  -103   0    0   1.5189451888E-01   7.9849782836E+00   1.4867374501E-04   2.0011696153E+00   2.3777278650E+00   1.7066217767E-04   2.0877368041E+00   2.3432565092E+00   2.2806628541E-04   2.1962992986E+00   2.3908620584E+00   1.5528064536E-03   2.2525448674E+00   2.4290873068E+00   1.8098490236E-03   2.4215752109E+00   2.4792734379E+00   2.1232035677E-03   2.2092603893E+00   2.4178647602E+00   1.3618063525E-03   3.3550570186E-04
   1  -104   0    0   1.4198724924E-01   7.9859890831E+00   1.4846420147E-04   2.0010188709E+00   2.3780496922E+00   1.7110918036E-04   2.0874848346E+00   2.3436796258E+00   2.3072339569E-04   2.1963222172E+00   2.3912057531E+00   1.5532534563E-03   2.2533455222E+00   2.4294275981E+00   1.8101131187E-03   2.4219317963E+00   2.4796201651E+00   2.1231503498E-03   2.2097357135E+00   2.4182230948E+00   1.3625720069E-03   3.3552932416E-04
   1  -105   0    0   1.3208098409E-01   7.9870034633E+00   1.4825511244E-04   2.0008670282E+00   2.3783725534E+00   1.7155526317E-04   2.0872274884E+00   2.3441034042E+00   2.3337055002E-04   2.1963465225E+00   2.3915504343E+00   1.5536995391E-03   2.2541499115E+00   2.4297687831E+00   1.8103764075E-03   2.4222892946E+00   2.4799677795E+00   2.1230972215E-03   2.2102177067E+00   2.4185822721E+00   1.3633354387E-03   3.3555301161E-04
   1  -106   0    0   1.2217570638E-01   7.9880212556E+00   1.4804652764E-04   2.0007140977E+00   2.3786963939E+00   1.7200031904E-04   2.0869647537E+00   2.3445277674E+00   2.3600716125E-04   2.1963722199E+00   2.3918960423E+00   1.5541445949E-03   2.2549579135E+00   2.4301108039E+00   1.8106388295E-03   2.4226476446E+00   2.4803162216E+00   2.1230441959E-03   2.2107063419E+00   2.4189422301E+00   1.3640964715E-03   3.3557676017E-04
   1  -107   0    0   1.1227139829E-01   7.9890422900E+00   1.4783849621E-04   2.0005600896E+00   2.3790211591E+00   1.7244424224E-04   2.0866966231E+00   2.3449526387E+00   2.3863265368E-04   2.1963993132E+00   2.3922425173E+00   1.5545885181E-03   2.2557694048E+00   2.4304536024E+00   1.8109003254E-03   2.4230067850E+00   2.4806654317E+00   2.1229912857E-03   2.2112015870E+00   2.4193029066E+00   1.3648549318E-03   3.3560056583E-04
   1  -108   0    0   1.0236804121E-01   7.9900663957E+00   1.4763106657E-04   2.0004050143E+00   2.3793467942E+00   1.7288692844E-04   2.0864230938E+00   2.3453779417E+00   2.4124646373E-04   2.1964278045E+00   2.3925897993E+00   1.5550312043E-03   2.2565842600E+00   2.4307971207E+00   1.8111608368E-03   2.4233666546E+00   2.4810153505E+00   2.1229385036E-03   2.2117034055E+00   2.4196642396E+00   1.3656106491E-03   3.3562442455E-04
   1  -109   0    0   9.2465615790E-02   7.9910934013E+00   1.4742428644E-04   2.0002488820E+00   2.3796732444E+00   1.7332827483E-04   2.0861441674E+00   2.3458036006E+00   2.4384804040E-04   2.1964576944E+00   2.3929378286E+00   1.5554725507E-03   2.2574023527E+00   2.4311413011E+00   1.8114203066E-03   2.4237271922E+00   2.4813659185E+00   2.1228858622E-03   2.2122117558E+00   2.4200261675E+00   1.3663634559E-03   3.3564833233E-04
   1  -110   0    0   8.2564101917E-02   7.9921231345E+00   1.4721820273E-04   2.0000917027E+00   2.3800004549E+00   1.7376818027E-04   2.0858598503E+00   2.3462295398E+00   2.4643684588E-04   2.1964889818E+00   2.3932865455E+00   1.5559124562E-03   2.2582235546E+00   2.4314860858E+00   1.8116786787E-03   2.4240883371E+00   2.4817170765E+00   2.1228333737E-03   2.2127265914E+00   2.4203886285E+00   1.3671131883E-03   3.3567228514E-04
   1  -111   0    0   7.2663478721E-02   7.9931554225E+00   1.4701286154E-04   1.9999334864E+00   2.3803283709E+00   1.7420654538E-04   2.0855701537E+00   2.3466556847E+00   2.4901235606E-04   2.1965216636E+00   2.3936358904E+00   1.5563508213E-03   2.2590477363E+00   2.4318314174E+00   1.8119358983E-03   2.4244500286E+00   2.4820687655E+00   2.1227810504E-03   2.2132478611E+00   2.4207515616E+00   1.3678596854E-03   3.3569627899E-04
   1  -112   0    0   6.2763724581E-02   7.9941900925E+00   1.4680830807E-04   1.9997742426E+00   2.3806569377E+00   1.7464327264E-04   2.0852750937E+00   2.3470819610E+00   2.5157406099E-04   2.1965557353E+00   2.3939858040E+00   1.5567875485E-03   2.2598747668E+00   2.4321772388E+00   1.8121919118E-03   2.4248122063E+00   2.4824209269E+00   2.1227289040E-03   2.2137755089E+00   2.4211149057E+00   1.3686027905E-03   3.3572030990E-04
   1  -113   0    0   5.2864817142E-02   7.9952269710E+00   1.4660458657E-04   1.9996139810E+00   2.3809861008E+00   1.7507826654E-04   2.0849746913E+00   2.3475082951E+00   2.5412146540E-04   2.1965911906E+00   2.3943362271E+00   1.5572225424E-03   2.2607045142E+00   2.4325234929E+00   1.8124466671E-03   2.4251748102E+00   2.4827735023E+00   2.1226769462E-03   2.2143094738E+00   2.4214786004E+00   1.3693423502E-03   3.3574437389E-04
   1  -114   0    0   4.2966733314E-02   7.9962658847E+00   1.4640174033E-04   1.9994527108E+00   2.3813158060E+00   1.7551143363E-04   2.0846689725E+00   2.3479346145E+00   2.5665408913E-04   2.1966280212E+00   2.3946871009E+00   1.5576557095E-03   2.2615368452E+00   2.4328701233E+00   1.8127001134E-03   2.4255377806E+00   2.4831264336E+00   2.1226251887E-03   2.2148496903E+00   2.4218425855E+00   1.3700782155E-03   3.3576846703E-04
   1  -115   0    0   3.3069449286E-02   7.9973066602E+00   1.4619981159E-04   1.9992904410E+00   2.3816459991E+00   1.7594268264E-04   2.0843579686E+00   2.3483608471E+00   2.5917146755E-04   2.1966662172E+00   2.3950383668E+00   1.5580869585E-03   2.2623716255E+00   2.4332170737E+00   1.8129522013E-03   2.4259010583E+00   2.4834796634E+00   2.1225736425E-03   2.2153960877E+00   2.4222068014E+00   1.3708102412E-03   3.3579258540E-04
   1  -116   0    0   2.3172940535E-02   7.9983491246E+00   1.4599884152E-04   1.9991271801E+00   2.3819766264E+00   1.7637192462E-04   2.0840417159E+00   2.3487869220E+00   2.6167315199E-04   2.1967057668E+00   2.3953899669E+00   1.5585162005E-03   2.2632087198E+00   2.4335642885E+00   1.8132028829E-03   2.4262645845E+00   2.4838331344E+00   2.1225223186E-03   2.2159485911E+00   2.4225711890E+00   1.3715382864E-03   3.3581672510E-04
   1  -117   0    0   1.3277181840E-02   7.9993931051E+00   1.4579887018E-04   1.9989629366E+00   2.3823076344E+00   1.7679907296E-04   2.0837202562E+00   2.3492127691E+00   2.6415871009E-04   2.1967466565E+00   2.3957418435E+00   1.5589433489E-03   2.2640479920E+00   2.4339117125E+00   1.8134521120E-03   2.4266283010E+00   2.4841867901E+00   2.1224712277E-03   2.2165071206E+00   2.4229356900E+00   1.3722622148E-03   3.3584088228E-04
   1  -118   0    0   3.3821472937E-03   8.0004384292E+00   1.4559993646E-04   1.9987977183E+00   2.3826389700E+00   1.7722404354E-04   2.0833936363E+00   2.3496383193E+00   2.6662772616E-04   2.1967888707E+00   2.3960939394E+00   1.5593683194E-03   2.2648893049E+00   2.4342592908E+00   1.8136998437E-03   2.4269921502E+00   2.4845405743E+00   2.1224203801E-03   2.2170715918E+00   2.4233002463E+00   1.3729818945E-03   3.3586505311E-04
   1  -119   0    0  -6.5121896844E-03   8.0014849254E+00   1.4540207805E-04   1.9986315329E+00   2.3829705806E+00   1.7764675477E-04   2.0830619085E+00   2.3500635047E+00   2.6907980149E-04   2.1968323923E+00   2.3964461980E+00   1.5597910307E-03   2.2657325208E+00   2.4346069693E+00   1.8139460349E-03   2.4273560750E+00   2.4848944318E+00   2.1223697860E-03   2.2176419160E+00   2.4236648008E+00   1.3736971980E-03   3.3588923381E-04
   1  -120   0    0  -1.6405856329E-02   8.0025324228E+00   1.4520533143E-04   1.9984643874E+00   2.3833024138E+00   1.7806712772E-04   2.0827251303E+00   2.3504882582E+00   2.7151455465E-04   2.1968772021E+00   2.3967985632E+00   1.5602114036E-03   2.2665775014E+00   2.4349546944E+00   1.8141906442E-03   2.4277200190E+00   2.4852483075E+00   2.1223194552E-03   2.2182179998E+00   2.4240292971E+00   1.3744080028E-03   3.3591342063E-04
   1  -121   0    0  -2.6298880512E-02   8.0035807512E+00   1.4500973179E-04   1.9982962886E+00   2.3836344179E+00   1.7848508612E-04   2.0823833646E+00   2.3509125142E+00   2.7393162173E-04   2.1969232794E+00   2.3971509797E+00   1.5606293620E-03   2.2674241075E+00   2.4353024133E+00   1.8144336316E-03   2.4280839265E+00   2.4856021474E+00   2.1222693970E-03   2.2187997457E+00   2.4243936793E+00   1.3751141913E-03   3.3593760985E-04
   1  -122   0    0  -3.6191290728E-02   8.0046297416E+00   1.4481531303E-04   1.9981272427E+00   2.3839665418E+00   1.7890055651E-04   2.0820366798E+00   2.3513362081E+00   2.7633065657E-04   2.1969706013E+00   2.3975033927E+00   1.5610448324E-03   2.2682721997E+00   2.4356500737E+00   1.8146749591E-03   2.4284477425E+00   2.4859558980E+00   2.1222196208E-03   2.2193870518E+00   2.4247578926E+00   1.3758156506E-03   3.3596179782E-04
   1  -123   0    0  -4.6083116069E-02   8.0056792262E+00   1.4462210771E-04   1.9979572553E+00   2.3842987347E+00   1.7931346824E-04   2.0816851493E+00   2.3517592765E+00   2.7871133096E-04   2.1970191435E+00   2.3978557481E+00   1.5614577441E-03   2.2691216381E+00   2.4359976239E+00   1.8149145904E-03   2.4288114129E+00   2.4863095066E+00   2.1221701352E-03   2.2199798121E+00   2.4251218828E+00   1.3765122730E-03   3.3598598094E-04
   1  -124   0    0  -5.5974386206E-02   8.0067290381E+00   1.4443014706E-04   1.9977863318E+00   2.3846309465E+00   1.7972375358E-04   2.0813288521E+00   2.3521816575E+00   2.8107333482E-04   2.1970688797E+00   2.3982079926E+00   1.5618680295E-03   2.2699722826E+00   2.4363450132E+00   1.8151524908E-03   2.4291748842E+00   2.4866629214E+00   2.1221209488E-03   2.2205779169E+00   2.4254855966E+00   1.3772039557E-03   3.3601015562E-04
   1  -125   0    0  -6.5865131367E-02   8.0077790122E+00   1.4423946091E-04   1.9976144768E+00   2.3849631279E+00   1.8013134772E-04   2.0809678724E+00   2.3526032902E+00   2.8341637625E-04   2.1971197819E+00   2.3985600735E+00   1.5622756236E-03   2.2708239928E+00   2.4366921916E+00   1.8153886275E-03   2.4295381038E+00   2.4870160910E+00   2.1220720697E-03   2.2211812522E+00   2.4258489818E+00   1.3778906013E-03   3.3603431836E-04
   1  -126   0    0  -7.5755382308E-02   8.0088289847E+00   1.4405007770E-04   1.9974416945E+00   2.3852952301E+00   1.8053618884E-04   2.0806022996E+00   2.3530241154E+00   2.8574018172E-04   2.1971718204E+00   2.3989119393E+00   1.5626804647E-03   2.2716766280E+00   2.4370391097E+00   1.8156229694E-03   2.4299010201E+00   2.4873689654E+00   2.1220235056E-03   2.2217897006E+00   2.4262119867E+00   1.3785721173E-03   3.3605846570E-04
   1  -127   0    0  -8.5645170295E-02   8.0098787932E+00   1.4386202447E-04   1.9972679886E+00   2.3856272048E+00   1.8093821817E-04   2.0802322282E+00   2.3534440751E+00   2.8804449603E-04   2.1972249639E+00   2.3992635389E+00   1.5630824941E-03   2.2725300479E+00   2.4373857192E+00   1.8158554875E-03   2.4302635821E+00   2.4877214950E+00   2.1219752640E-03   2.2224031409E+00   2.4265745610E+00   1.3792484168E-03   3.3608259425E-04
   1  -128   0    0  -9.5534527069E-02   8.0109282773E+00   1.4367532682E-04   1.9970933621E+00   2.3859590048E+00   1.8133737997E-04   2.0798577580E+00   2.3538631126E+00   2.9032908242E-04   2.1972791794E+00   2.3996148222E+00   1.5634816559E-03   2.2733841117E+00   2.4377319725E+00   1.8160861542E-03   2.4306257401E+00   2.4880736314E+00   2.1219273519E-03   2.2230214486E+00   2.4269366550E+00   1.3799194177E-03   3.3610670064E-04
   1  -129   0    0  -1.0542348482E-01   8.0119772782E+00   1.4349000890E-04   1.9969178177E+00   2.3862905833E+00   1.8173362161E-04   2.0794789935E+00   2.3542811727E+00   2.9259372248E-04   2.1973344324E+00   2.3999657400E+00   1.5638778975E-03   2.2742386793E+00   2.4380778228E+00   1.8163149441E-03   2.4309874449E+00   2.4884253268E+00   2.1218797761E-03   2.2236444957E+00   2.4272982201E+00   1.3805850438E-03   3.3613078160E-04
   1  -130   0    0  -1.1531207618E-01   8.0130256393E+00   1.4330609342E-04   1.9967413571E+00   2.3866218944E+00   1.8212689356E-04   2.0790960445E+00   2.3546982020E+00   2.9483821613E-04   2.1973906866E+00   2.4003162442E+00   1.5642711695E-03   2.2750936103E+00   2.4384232243E+00   1.8165418334E-03   2.4313486486E+00   2.4887765347E+00   2.1218325428E-03   2.2242721512E+00   2.4276592090E+00   1.3812452235E-03   3.3615483390E-04
   1  -131   0    0  -1.2520033413E-01   8.0140732055E+00   1.4312360164E-04   1.9965639820E+00   2.3869528930E+00   1.8251714940E-04   2.0787090252E+00   2.3551141479E+00   2.9706238154E-04   2.1974479046E+00   2.4006662872E+00   1.5646614253E-03   2.2759487651E+00   2.4387681321E+00   1.8167668001E-03   2.4317093041E+00   2.4891272093E+00   2.1217856579E-03   2.2249042811E+00   2.4280195749E+00   1.3818998912E-03   3.3617885437E-04
   1  -132   0    0  -1.3508829205E-01   8.0151198242E+00   1.4294255337E-04   1.9963856932E+00   2.3872835347E+00   1.8290434583E-04   2.0783180548E+00   2.3555289600E+00   2.9926605499E-04   2.1975060472E+00   2.4010158228E+00   1.5650486217E-03   2.2768040040E+00   2.4391125020E+00   1.8169898242E-03   2.4320693653E+00   2.4894773057E+00   2.1217391271E-03   2.2255407485E+00   2.4283792725E+00   1.3825489860E-03   3.3620283991E-04
   1  -133   0    0  -1.4497598363E-01   8.0161653448E+00   1.4276296695E-04   1.9962064909E+00   2.3876137761E+00   1.8328844268E-04   2.0779232570E+00   2.3559425888E+00   3.0144909071E-04   2.1975650740E+00   2.4013648054E+00   1.5654327186E-03   2.2776591883E+00   2.4394562912E+00   1.8172108874E-03   2.4324287873E+00   2.4898267802E+00   2.1216929555E-03   2.2261814138E+00   2.4287382574E+00   1.3831924525E-03   3.3622678747E-04
   1  -134   0    0  -1.5486344284E-01   8.0172096189E+00   1.4258485928E-04   1.9960263752E+00   2.3879435743E+00   1.8366940287E-04   2.0775247598E+00   2.3563549867E+00   3.0361136069E-04   2.1976249433E+00   2.4017131905E+00   1.5658136788E-03   2.2785141794E+00   2.4397994573E+00   1.8174299732E-03   2.4327875259E+00   2.4901755899E+00   2.1216471480E-03   2.2268261351E+00   2.4290964860E+00   1.3838302407E-03   3.3625069410E-04
   1  -135   0    0  -1.6475070394E-01   8.0182525002E+00   1.4240824582E-04   1.9958453452E+00   2.3882728875E+00   1.8404719243E-04   2.0771226954E+00   2.3567661073E+00   3.0575275448E-04   2.1976856121E+00   2.4020609347E+00   1.5661914683E-03   2.2793688397E+00   2.4401419591E+00   1.8176470670E-03   2.4331455380E+00   2.4905236931E+00   2.1216017090E-03   2.2274747678E+00   2.4294539162E+00   1.3844623055E-03   3.3627455687E-04
   1  -136   0    0  -1.7463780138E-01   8.0192938452E+00   1.4223314061E-04   1.9956633997E+00   2.3886016746E+00   1.8442178047E-04   2.0767172004E+00   2.3571759060E+00   3.0787317887E-04   2.1977470363E+00   2.4024079954E+00   1.5665660564E-03   2.2802230321E+00   2.4404837565E+00   1.8178621556E-03   2.4335027817E+00   2.4908710487E+00   2.1215566426E-03   2.2281271656E+00   2.4298105067E+00   1.3850886070E-03   3.3629837293E-04
   1  -137   0    0  -1.8452476980E-01   8.0203335124E+00   1.4205955624E-04   1.9954805373E+00   2.3889298954E+00   1.8479313913E-04   2.0763084150E+00   2.3575843395E+00   3.0997255763E-04   2.1978091706E+00   2.4027543311E+00   1.5669374150E-03   2.2810766204E+00   2.4408248100E+00   1.8180752279E-03   2.4338592161E+00   2.4912176171E+00   2.1215119525E-03   2.2287831797E+00   2.4301662173E+00   1.3857091104E-03   3.3632213952E-04
   1  -138   0    0  -1.9441164401E-01   8.0213713628E+00   1.4188750395E-04   1.9952967558E+00   2.3892575107E+00   1.8516124354E-04   2.0758964833E+00   2.3579913659E+00   3.1205083117E-04   2.1978719687E+00   2.4030999014E+00   1.5673055194E-03   2.2819294692E+00   2.4411650814E+00   1.8182862745E-03   2.4342148010E+00   2.4915633593E+00   2.1214676420E-03   2.2294426599E+00   2.4305210089E+00   1.3863237857E-03   3.3634585391E-04
   1  -139   0    0  -2.0429845891E-01   8.0224072601E+00   1.4171699356E-04   1.9951120528E+00   2.3895844818E+00   1.8552607182E-04   2.0754815528E+00   2.3583969451E+00   3.1410795619E-04   2.1979353834E+00   2.4034446666E+00   1.5676703477E-03   2.2827814443E+00   2.4415045331E+00   1.8184952874E-03   2.4345694976E+00   2.4919082374E+00   2.1214237141E-03   2.2301054540E+00   2.4308748435E+00   1.3869326082E-03   3.3636951345E-04
   1  -140   0    0  -2.1418524948E-01   8.0234410702E+00   1.4154803356E-04   1.9949264254E+00   2.3899107712E+00   1.8588760498E-04   2.0750637744E+00   2.3588010382E+00   3.1614390526E-04   2.1979993666E+00   2.4037885883E+00   1.5680318809E-03   2.2836324121E+00   2.4418431288E+00   1.8187022604E-03   2.4349232680E+00   2.4922522147E+00   2.1213801716E-03   2.2307714086E+00   2.4312276842E+00   1.3875355574E-03   3.3639311556E-04
   1  -141   0    0  -2.2407205073E-01   8.0244726617E+00   1.4138063111E-04   1.9947398705E+00   2.3902363420E+00   1.8624582692E-04   2.0746433022E+00   2.3592036078E+00   3.1815866645E-04   2.1980638694E+00   2.4041316288E+00   1.5683901028E-03   2.2844822406E+00   2.4421808328E+00   1.8189071889E-03   2.4352760751E+00   2.4925952551E+00   2.1213370165E-03   2.2314403688E+00   2.4315794949E+00   1.3881326180E-03   3.3641665772E-04
   1  -142   0    0  -2.3395889768E-01   8.0255019057E+00   1.4121479206E-04   1.9945523846E+00   2.3905611583E+00   1.8660072429E-04   2.0742202929E+00   2.3596046178E+00   3.2015224283E-04   2.1981288421E+00   2.4044737517E+00   1.5687450002E-03   2.2853307985E+00   2.4425176106E+00   1.8191100699E-03   2.4356278832E+00   2.4929373238E+00   2.1212942510E-03   2.2321121786E+00   2.4319302408E+00   1.3887237790E-03   3.3644013746E-04
   1  -143   0    0  -2.4384582528E-01   8.0265286758E+00   1.4105052099E-04   1.9943639642E+00   2.3908851850E+00   1.8695228650E-04   2.0737949062E+00   2.3600040339E+00   3.2212465202E-04   2.1981942348E+00   2.4048149214E+00   1.5690965624E-03   2.2861779560E+00   2.4428534285E+00   1.8193109018E-03   2.4359786572E+00   2.4932783867E+00   2.1212518767E-03   2.2327866810E+00   2.4322798881E+00   1.3893090338E-03   3.3646355241E-04
   1  -144   0    0  -2.5373286844E-01   8.0275528484E+00   1.4088782128E-04   1.9941746054E+00   2.3912083877E+00   1.8730050560E-04   2.0733673040E+00   2.3604018226E+00   3.2407592570E-04   2.1982599965E+00   2.4051551031E+00   1.5694447815E-03   2.2870235844E+00   2.4431882536E+00   1.8195096846E-03   2.4363283632E+00   2.4936184109E+00   2.1212098947E-03   2.2334637182E+00   2.4326284037E+00   1.3898883801E-03   3.3648690023E-04
   1  -145   0    0  -2.6362006192E-01   8.0285743021E+00   1.4072669506E-04   1.9939843041E+00   2.3915307331E+00   1.8764537624E-04   2.0729376504E+00   2.3607979522E+00   3.2600610906E-04   2.1983260762E+00   2.4054942633E+00   1.5697896521E-03   2.2878675567E+00   2.4435220541E+00   1.8197064196E-03   2.4366769681E+00   2.4939573642E+00   2.1211683062E-03   2.2341431315E+00   2.4329757560E+00   1.3904618201E-03   3.3651017864E-04
   1  -146   0    0  -2.7350744032E-01   8.0295929183E+00   1.4056714336E-04   1.9937930563E+00   2.3918521884E+00   1.8798689553E-04   2.0725061115E+00   2.3611923920E+00   3.2791526030E-04   2.1983924225E+00   2.4058323691E+00   1.5701311714E-03   2.2887097468E+00   2.4438547989E+00   1.8199011095E-03   2.4370244398E+00   2.4942952155E+00   2.1211271117E-03   2.2348247621E+00   2.4333219138E+00   1.3910293594E-03   3.3653338545E-04
   1  -147   0    0  -2.8339503808E-01   8.0306085808E+00   1.4040916604E-04   1.9936008580E+00   2.3921727218E+00   1.8832506302E-04   2.0720728551E+00   2.3615851128E+00   3.2980345002E-04   2.1984589835E+00   2.4061693886E+00   1.5704693389E-03   2.2895500303E+00   2.4441864578E+00   1.8200937584E-03   2.4373707473E+00   2.4946319343E+00   2.1210863118E-03   2.2355084504E+00   2.4336668472E+00   1.3915910080E-03   3.3655651849E-04
   1  -148   0    0  -2.9328288937E-01   8.0316211760E+00   1.4025276193E-04   1.9934077051E+00   2.3924923022E+00   1.8865988055E-04   2.0716380503E+00   2.3619760865E+00   3.3167076068E-04   2.1985257074E+00   2.4065052910E+00   1.5708041564E-03   2.2903882844E+00   2.4445170015E+00   1.8202843714E-03   2.4377158601E+00   2.4949674912E+00   2.1210459063E-03   2.2361940368E+00   2.4340105272E+00   1.3921467793E-03   3.3657957568E-04
   1  -149   0    0  -3.0317102811E-01   8.0326305925E+00   1.4009792881E-04   1.9932135936E+00   2.3928108992E+00   1.8899135219E-04   2.0712018674E+00   2.3623652861E+00   3.3351728599E-04   2.1985925423E+00   2.4068400460E+00   1.5711356281E-03   2.2912243877E+00   2.4448464013E+00   1.8204729552E-03   2.4380597488E+00   2.4953018577E+00   2.1210058953E-03   2.2368813615E+00   2.4343529255E+00   1.3926966903E-03   3.3660255497E-04
   1  -150   0    0  -3.1305948792E-01   8.0336367218E+00   1.3994466347E-04   1.9930185199E+00   2.3931284831E+00   1.8931948413E-04   2.0707644777E+00   2.3627526860E+00   3.3534313032E-04   2.1986594363E+00   2.4071736244E+00   1.5714637600E-03   2.2920582204E+00   2.4451746294E+00   1.8206595172E-03   2.4384023848E+00   2.4956350059E+00   2.1209662782E-03   2.2375702649E+00   2.4346940148E+00   1.3932407614E-03   3.3662545439E-04
   1  -151   0    0  -3.2294830208E-01   8.0346394573E+00   1.3979296178E-04   1.9928224805E+00   2.3934450252E+00   1.8964428459E-04   2.0703260530E+00   2.3631382613E+00   3.3714840806E-04   2.1987263375E+00   2.4075059977E+00   1.5717885605E-03   2.2928896643E+00   2.4455016589E+00   1.8208440663E-03   2.4387437404E+00   2.4959669088E+00   2.1209270543E-03   2.2382605874E+00   2.4350337685E+00   1.3937790160E-03   3.3664827199E-04
   1  -152   0    0  -3.3283750348E-01   8.0356386951E+00   1.3964281873E-04   1.9926254720E+00   2.3937604971E+00   1.8996576369E-04   2.0698867655E+00   2.3635219886E+00   3.3893324300E-04   2.1987931945E+00   2.4078371382E+00   1.5721100396E-03   2.2937186028E+00   2.4458274633E+00   1.8210266120E-03   2.4390837884E+00   2.4962975400E+00   2.1208882228E-03   2.2389521698E+00   2.4353721611E+00   1.3943114807E-03   3.3667100592E-04
   1  -153   0    0  -3.4272712462E-01   8.0366343334E+00   1.3949422845E-04   1.9924274918E+00   2.3940748713E+00   1.9028393335E-04   2.0694467876E+00   2.3639038453E+00   3.4069776773E-04   2.1988599559E+00   2.4081670190E+00   1.5724282092E-03   2.2945449212E+00   2.4461520171E+00   1.8212071652E-03   2.4394225027E+00   2.4966268741E+00   2.1208497824E-03   2.2396448533E+00   2.4357091675E+00   1.3948381848E-03   3.3669365431E-04
   1  -154   0    0  -3.5261719757E-01   8.0376262729E+00   1.3934718429E-04   1.9922285373E+00   2.3943881209E+00   1.9059880722E-04   2.0690062915E+00   2.3642838096E+00   3.4244212297E-04   2.1989265708E+00   2.4084956138E+00   1.5727430831E-03   2.2953685062E+00   2.4464752954E+00   1.8213857372E-03   2.4397598577E+00   2.4969548862E+00   2.1208117319E-03   2.2403384795E+00   2.4360447635E+00   1.3953591603E-03   3.3671621541E-04
   1  -155   0    0  -3.6250775392E-01   8.0386144161E+00   1.3920167888E-04   1.9920286069E+00   2.3947002196E+00   1.9091040051E-04   2.0685654490E+00   2.3646618608E+00   3.4416645695E-04   2.1989929890E+00   2.4088228971E+00   1.5730546764E-03   2.2961892466E+00   2.4467972737E+00   1.8215623406E-03   2.4400958285E+00   2.4972815521E+00   2.1207740697E-03   2.2410328909E+00   2.4363789255E+00   1.3958744416E-03   3.3673868745E-04
   1  -156   0    0  -3.7239882476E-01   8.0395986680E+00   1.3905770416E-04   1.9918276991E+00   2.3950111416E+00   1.9121872993E-04   2.0681244311E+00   2.3650379791E+00   3.4587092477E-04   2.1990591605E+00   2.4091488441E+00   1.5733630058E-03   2.2970070327E+00   2.4471179284E+00   1.8217369884E-03   2.4404303908E+00   2.4976068482E+00   2.1207367939E-03   2.2417279305E+00   2.4367116308E+00   1.3963840652E-03   3.3676106875E-04
   1  -157   0    0  -3.8229044066E-01   8.0405789354E+00   1.3891525143E-04   1.9916258135E+00   2.3953208619E+00   1.9152381354E-04   2.0676834081E+00   2.3654121453E+00   3.4755568779E-04   2.1991250362E+00   2.4094734304E+00   1.5736680894E-03   2.2978217567E+00   2.4474372364E+00   1.8219096944E-03   2.4407635211E+00   2.4979307516E+00   2.1206999028E-03   2.2424234424E+00   2.4370428570E+00   1.3968880700E-03   3.3678335765E-04
   1  -158   0    0  -3.9218263163E-01   8.0415551274E+00   1.3877431142E-04   1.9914229501E+00   2.3956293559E+00   1.9182567069E-04   2.0672425489E+00   2.3657843411E+00   3.4922091296E-04   2.1991905677E+00   2.4097966326E+00   1.5739699466E-03   2.2986333126E+00   2.4477551750E+00   1.8220804732E-03   2.4410951963E+00   2.4982532399E+00   2.1206633942E-03   2.2431192715E+00   2.4373725826E+00   1.3973864966E-03   3.3680555252E-04
   1  -159   0    0  -4.0207542711E-01   8.0425271546E+00   1.3863487433E-04   1.9912191099E+00   2.3959365993E+00   1.9212432184E-04   2.0668020213E+00   2.3661545488E+00   3.5086677223E-04   2.1992557073E+00   2.4101184274E+00   1.5742685977E-03   2.2994415960E+00   2.4480717222E+00   1.8222493398E-03   2.4414253939E+00   2.4985742912E+00   2.1206272660E-03   2.2438152636E+00   2.4377007863E+00   1.3978793873E-03   3.3682765179E-04
   1  -160   0    0  -4.1196885595E-01   8.0434949299E+00   1.3849692986E-04   1.9910142948E+00   2.3962425687E+00   1.9241978851E-04   2.0663619910E+00   2.3665227516E+00   3.5249344195E-04   2.1993204082E+00   2.4104387923E+00   1.5745640644E-03   2.3002465047E+00   2.4483868564E+00   1.8224163097E-03   2.4417540920E+00   2.4988938841E+00   2.1205915157E-03   2.2445112660E+00   2.4380274477E+00   1.3983667859E-03   3.3684965390E-04
   1  -161   0    0  -4.2186294634E-01   8.0444583678E+00   1.3836046732E-04   1.9908085075E+00   2.3965472407E+00   1.9271209315E-04   2.0659226223E+00   2.3668889329E+00   3.5410110224E-04   2.1993846247E+00   2.4107577053E+00   1.5748563690E-03   2.3010479381E+00   2.4487005565E+00   1.8225813989E-03   2.4420812691E+00   2.4992119979E+00   2.1205561410E-03   2.2452071267E+00   2.4383525467E+00   1.3988487376E-03   3.3687155733E-04
   1  -162   0    0  -4.3175772586E-01   8.0454173845E+00   1.3822547562E-04   1.9906017519E+00   2.3968505927E+00   1.9300125904E-04   2.0654840769E+00   2.3672530769E+00   3.5568993643E-04   2.1994483121E+00   2.4110751447E+00   1.5751455349E-03   2.3018457975E+00   2.4490128016E+00   1.8227446239E-03   2.4424069041E+00   2.4995286119E+00   2.1205211391E-03   2.2459026953E+00   2.4386760635E+00   1.3993252887E-03   3.3689336060E-04
   1  -163   0    0  -4.4165322140E-01   8.0463718979E+00   1.3809194334E-04   1.9903940326E+00   2.3971526024E+00   1.9328731015E-04   2.0650465146E+00   2.3676151683E+00   3.5726013048E-04   2.1995114267E+00   2.4113910895E+00   1.5754315860E-03   2.3026399861E+00   2.4493235715E+00   1.8229060013E-03   2.4427309765E+00   2.4998437061E+00   2.1204865076E-03   2.2465978228E+00   2.4389979790E+00   1.3997964866E-03   3.3691506225E-04
   1  -164   0    0  -4.5154945919E-01   8.0473218275E+00   1.3795985879E-04   1.9901853559E+00   2.3974532476E+00   1.9357027111E-04   2.0646100925E+00   2.3679751922E+00   3.5881187242E-04   2.1995739261E+00   2.4117055188E+00   1.5757145470E-03   2.3034304088E+00   2.4496328462E+00   1.8230655481E-03   2.4430534658E+00   2.5001572609E+00   2.1204522436E-03   2.2472923614E+00   2.4393182743E+00   1.4002623795E-03   3.3693666083E-04
   1  -165   0    0  -4.6144646472E-01   8.0482670942E+00   1.3782921004E-04   1.9899757288E+00   2.3977525069E+00   1.9385016702E-04   2.0641749648E+00   2.3683331342E+00   3.6034535183E-04   2.1996357688E+00   2.4120184122E+00   1.5759944429E-03   2.3042169726E+00   2.4499406061E+00   1.8232232815E-03   2.4433743524E+00   2.5004692568E+00   2.1204183443E-03   2.2479861649E+00   2.4396369309E+00   1.4007230162E-03   3.3695815495E-04
   1  -166   0    0  -4.7134426281E-01   8.0492076206E+00   1.3769998495E-04   1.9897651598E+00   2.3980503588E+00   1.9412702345E-04   2.0637412829E+00   2.3686889800E+00   3.6186075930E-04   2.1996969151E+00   2.4123297498E+00   1.5762712993E-03   2.3049995862E+00   2.4502468317E+00   1.8233792188E-03   2.4436936165E+00   2.5007796750E+00   2.1203848068E-03   2.2486790885E+00   2.4399539306E+00   1.4011784461E-03   3.3697954320E-04
   1  -167   0    0  -4.8124287753E-01   8.0501433305E+00   1.3757217128E-04   1.9895536587E+00   2.3983467823E+00   1.9440086626E-04   2.0633091952E+00   2.3690427159E+00   3.6335828599E-04   2.1997573263E+00   2.4126395117E+00   1.5765451422E-03   2.3057781602E+00   2.4505515041E+00   1.8235333777E-03   2.4440112389E+00   2.5010884965E+00   2.1203516283E-03   2.2493709890E+00   2.4402692555E+00   1.4016287188E-03   3.3700082422E-04
   1  -168   0    0  -4.9114233220E-01   8.0510741491E+00   1.3744575662E-04   1.9893412365E+00   2.3986417567E+00   1.9467172157E-04   2.0628788466E+00   2.3693943284E+00   3.6483812307E-04   2.1998169650E+00   2.4129476785E+00   1.5768159975E-03   2.3065526070E+00   2.4508546045E+00   1.8236857755E-03   2.4443272006E+00   2.5013957029E+00   2.1203188058E-03   2.2500617250E+00   2.4405828880E+00   1.4020738842E-03   3.3702199666E-04
   1  -169   0    0  -5.0104264940E-01   8.0520000027E+00   1.3732072856E-04   1.9891279058E+00   2.3989352615E+00   1.9493961565E-04   2.0624503787E+00   2.3697438041E+00   3.6630046136E-04   2.1998757956E+00   2.4132542310E+00   1.5770838915E-03   2.3073228409E+00   2.4511561141E+00   1.8238364298E-03   2.4446414827E+00   2.5017012760E+00   2.1202863363E-03   2.2507511567E+00   2.4408948106E+00   1.4025139924E-03   3.3704305917E-04
   1  -170   0    0  -5.1094385094E-01   8.0529208190E+00   1.3719707461E-04   1.9889136805E+00   2.3992272765E+00   1.9520457485E-04   2.0620239294E+00   2.3700911300E+00   3.6774549086E-04   2.1999337836E+00   2.4135591501E+00   1.5773488507E-03   2.3080887782E+00   2.4514560147E+00   1.8239853582E-03   2.4449540668E+00   2.5020051976E+00   2.1202542168E-03   2.2514391459E+00   2.4412050060E+00   1.4029490933E-03   3.3706401045E-04
   1  -171   0    0  -5.2084595788E-01   8.0538365268E+00   1.3707478232E-04   1.9886985760E+00   2.3995177814E+00   1.9546662549E-04   2.0615996331E+00   2.3704362932E+00   3.6917340037E-04   2.1999908962E+00   2.4138624172E+00   1.5776109014E-03   2.3088503368E+00   2.4517542881E+00   1.8241325781E-03   2.4452649343E+00   2.5023074499E+00   2.1202224443E-03   2.2521255562E+00   2.4415134574E+00   1.4033792367E-03   3.3708484917E-04
   1  -172   0    0  -5.3074899047E-01   8.0547470560E+00   1.3695383926E-04   1.9884826092E+00   2.3998067565E+00   1.9572579384E-04   2.0611776199E+00   2.3707792807E+00   3.7058437710E-04   2.2000471021E+00   2.4141640137E+00   1.5778700697E-03   2.3096074366E+00   2.4520509161E+00   1.8242781069E-03   2.4455740672E+00   2.5026080151E+00   2.1201910158E-03   2.2528102532E+00   2.4418201477E+00   1.4038044719E-03   3.3710557405E-04
   1  -173   0    0  -5.4065296819E-01   8.0556523375E+00   1.3683423308E-04   1.9882657987E+00   2.4000941821E+00   1.9598210602E-04   2.0607580164E+00   2.3711200801E+00   3.7197860635E-04   2.2001023716E+00   2.4144639211E+00   1.5781263819E-03   2.3103599993E+00   2.4523458809E+00   1.8244219617E-03   2.4458814473E+00   2.5029068758E+00   2.1201599285E-03   2.2534931042E+00   2.4421250602E+00   1.4042248482E-03   3.3712618380E-04
   1  -174   0    0  -5.5055790975E-01   8.0565523032E+00   1.3671595154E-04   1.9880481644E+00   2.4003800386E+00   1.9623558793E-04   2.0603409447E+00   2.3714586786E+00   3.7335627118E-04   2.2001566766E+00   2.4147621213E+00   1.5783798638E-03   2.3111079485E+00   2.4526391648E+00   1.8245641595E-03   2.4461870566E+00   2.5032040144E+00   2.1201291792E-03   2.2541739782E+00   2.4424281783E+00   1.4046404140E-03   3.3714667715E-04
   1  -175   0    0  -5.6046383304E-01   8.0574468862E+00   1.3659898252E-04   1.9878297279E+00   2.4006643067E+00   1.9648626522E-04   2.0599265230E+00   2.3717950636E+00   3.7471755211E-04   2.2002099906E+00   2.4150585959E+00   1.5786305411E-03   2.3118512094E+00   2.4529307500E+00   1.8247047171E-03   2.4464908775E+00   2.5034994136E+00   2.1200987651E-03   2.2548527465E+00   2.4427294854E+00   1.4050512173E-03   3.3716705281E-04
   1  -176   0    0  -5.7037075518E-01   8.0583360202E+00   1.3648331406E-04   1.9876105125E+00   2.4009469669E+00   1.9673416322E-04   2.0595148651E+00   2.3721292227E+00   3.7606262688E-04   2.2002622887E+00   2.4153533271E+00   1.5788784391E-03   2.3125897093E+00   2.4532206190E+00   1.8248436512E-03   2.4467928920E+00   2.5037930562E+00   2.1200686833E-03   2.2555292819E+00   2.4430289651E+00   1.4054573055E-03   3.3718730955E-04
   1  -177   0    0  -5.8027869248E-01   8.0592196401E+00   1.3636893436E-04   1.9873905428E+00   2.4012280003E+00   1.9697930687E-04   2.0591060806E+00   2.3724611433E+00   3.7739167021E-04   2.2003135478E+00   2.4156462969E+00   1.5791235828E-03   2.3133233772E+00   2.4535087544E+00   1.8249809779E-03   2.4470930826E+00   2.5040849250E+00   2.1200389309E-03   2.2562034596E+00   2.4433266010E+00   1.4058587251E-03   3.3720744609E-04
   1  -178   0    0  -5.9018766046E-01   8.0600976815E+00   1.3625583184E-04   1.9871698453E+00   2.4015073878E+00   1.9722172074E-04   2.0587002744E+00   2.3727908128E+00   3.7870485358E-04   2.2003637463E+00   2.4159374875E+00   1.5793659966E-03   2.3140521440E+00   2.4537951386E+00   1.8251167133E-03   2.4473914317E+00   2.5043750029E+00   2.1200095051E-03   2.2568751565E+00   2.4436223768E+00   1.4062555217E-03   3.3722746120E-04
   1  -179   0    0  -6.0009767384E-01   8.0609700810E+00   1.3614399511E-04   1.9869484480E+00   2.4017851105E+00   1.9746142890E-04   2.0582975474E+00   2.3731182188E+00   3.8000234505E-04   2.2004128642E+00   2.4162268813E+00   1.5796057048E-03   2.3147759422E+00   2.4540797545E+00   1.8252508731E-03   2.4476879218E+00   2.5046632729E+00   2.1199804032E-03   2.2575442515E+00   2.4439162762E+00   1.4066477403E-03   3.3724735364E-04
   1  -180   0    0  -6.1000874654E-01   8.0618367759E+00   1.3603341303E-04   1.9867263804E+00   2.4020611496E+00   1.9769845499E-04   2.0578979956E+00   2.3734433486E+00   3.8128430915E-04   2.2004608835E+00   2.4165144604E+00   1.5798427309E-03   2.3154947064E+00   2.4543625848E+00   1.8253834726E-03   2.4479825355E+00   2.5049497182E+00   2.1199516224E-03   2.2582106259E+00   2.4442082830E+00   1.4070354248E-03   3.3726712216E-04
   1  -181   0    0  -6.1992089171E-01   8.0626977045E+00   1.3592407468E-04   1.9865036737E+00   2.4023354863E+00   1.9793282210E-04   2.0575017107E+00   2.3737661896E+00   3.8255090668E-04   2.2005077876E+00   2.4168002074E+00   1.5800770980E-03   2.3162083727E+00   2.4546436123E+00   1.8255145269E-03   2.4482752554E+00   2.5052343217E+00   2.1199231602E-03   2.2588741627E+00   2.4444983810E+00   1.4074186182E-03   3.3728676554E-04
   1  -182   0    0  -6.2983412167E-01   8.0635528058E+00   1.3581596943E-04   1.9862803605E+00   2.4026081020E+00   1.9816455281E-04   2.0571087800E+00   2.3740867291E+00   3.8380229467E-04   2.2005535615E+00   2.4170841048E+00   1.5803088287E-03   2.3169168792E+00   2.4549228199E+00   1.8256440507E-03   2.4485660642E+00   2.5055170667E+00   2.1198950138E-03   2.2595347472E+00   2.4447865541E+00   1.4077973624E-03   3.3730628255E-04
   1  -183   0    0  -6.3974844800E-01   8.0644020199E+00   1.3570908686E-04   1.9860564752E+00   2.4028789784E+00   1.9839366911E-04   2.0567192859E+00   2.3744049545E+00   3.8503862627E-04   2.2005981921E+00   2.4173661352E+00   1.5805379450E-03   2.3176201658E+00   2.4552001905E+00   1.8257720582E-03   2.4488549447E+00   2.5057979363E+00   2.1198671809E-03   2.2601922668E+00   2.4450727862E+00   1.4081716983E-03   3.3732567198E-04
   1  -184   0    0  -6.4966388147E-01   8.0652452873E+00   1.3560341687E-04   1.9858320534E+00   2.4031480968E+00   1.9862019247E-04   2.0563333067E+00   2.3747208530E+00   3.8626005073E-04   2.2006416678E+00   2.4176462811E+00   1.5807644684E-03   2.3183181741E+00   2.4554757071E+00   1.8258985633E-03   2.4491418796E+00   2.5060769140E+00   2.1198396589E-03   2.2608466110E+00   2.4453570613E+00   1.4085416658E-03   3.3734493260E-04
   1  -185   0    0  -6.5958043207E-01   8.0660825499E+00   1.3549894960E-04   1.9856071324E+00   2.4034154392E+00   1.9884414374E-04   2.0559509159E+00   2.3750344118E+00   3.8746671334E-04   2.2006839786E+00   2.4179245255E+00   1.5809884196E-03   2.3190108476E+00   2.4557493529E+00   1.8260235798E-03   2.4494268518E+00   2.5063539830E+00   2.1198124454E-03   2.2614976715E+00   2.4456393633E+00   1.4089073037E-03   3.3736406322E-04
   1  -186   0    0  -6.6949810902E-01   8.0669137500E+00   1.3539567548E-04   1.9853817507E+00   2.4036809872E+00   1.9906554321E-04   2.0555721827E+00   2.3753456181E+00   3.8865875542E-04   2.2007251161E+00   2.4182008510E+00   1.5812098191E-03   2.3196981315E+00   2.4560211110E+00   1.8261471207E-03   2.4497098444E+00   2.5066291267E+00   2.1197855382E-03   2.2621453422E+00   2.4459196762E+00   1.4092686497E-03   3.3738306262E-04
   1  -187   0    0  -6.7941692077E-01   8.0677388310E+00   1.3529358522E-04   1.9851559485E+00   2.4039447229E+00   1.9928441057E-04   2.0551971716E+00   2.3756544590E+00   3.8983631438E-04   2.2007650736E+00   2.4184752405E+00   1.5814286865E-03   2.3203799729E+00   2.4562909647E+00   1.8262691989E-03   2.4499908402E+00   2.5069023288E+00   2.1197589350E-03   2.2627895194E+00   2.4461979844E+00   1.4096257405E-03   3.3740192961E-04
   1  -188   0    0  -6.8933687503E-01   8.0685577373E+00   1.3519266981E-04   1.9849297672E+00   2.4042066283E+00   1.9950076491E-04   2.0548259430E+00   2.3759609217E+00   3.9099952371E-04   2.2008038459E+00   2.4187476773E+00   1.5816450408E-03   2.3210563206E+00   2.4565588973E+00   1.8263898269E-03   2.4502698226E+00   2.5071735727E+00   2.1197326335E-03   2.2634301013E+00   2.4464742718E+00   1.4099786118E-03   3.3742066300E-04
   1  -189   0    0  -6.9925797871E-01   8.0693704140E+00   1.3509292048E-04   1.9847032493E+00   2.4044666856E+00   1.9971462477E-04   2.0544585527E+00   2.3762649932E+00   3.9214851304E-04   2.2008414292E+00   2.4190181442E+00   1.5818589007E-03   2.3217271253E+00   2.4568248923E+00   1.8265090167E-03   2.4505467746E+00   2.5074428422E+00   2.1197066318E-03   2.2640669887E+00   2.4467485228E+00   1.4103272979E-03   3.3743926161E-04
   1  -190   0    0  -7.0918023801E-01   8.0701768074E+00   1.3499432878E-04   1.9844764389E+00   2.4047248773E+00   1.9992600811E-04   2.0540950523E+00   2.3765666608E+00   3.9328340824E-04   2.2008778213E+00   2.4192866247E+00   1.5820702840E-03   2.3223923395E+00   2.4570889334E+00   1.8266267801E-03   2.4508216797E+00   2.5077101211E+00   2.1196809276E-03   2.2647000845E+00   2.4470207218E+00   1.4106718325E-03   3.3745772427E-04
   1  -191   0    0  -7.1910365837E-01   8.0709768647E+00   1.3489688650E-04   1.9842493809E+00   2.4049811858E+00   2.0013493230E-04   2.0537354892E+00   2.3768659116E+00   3.9440433146E-04   2.2009130216E+00   2.4195531021E+00   1.5822792082E-03   2.3230519174E+00   2.4573510041E+00   1.8267431284E-03   2.4510945213E+00   2.5079753934E+00   2.1196555191E-03   2.2653292940E+00   2.4472908532E+00   1.4110122481E-03   3.3747604983E-04
   1  -192   0    0  -7.2902824449E-01   8.0717705342E+00   1.3480058566E-04   1.9840221217E+00   2.4052355939E+00   2.0034141421E-04   2.0533799065E+00   2.3771627328E+00   3.9551140128E-04   2.2009470306E+00   2.4198175599E+00   1.5824856901E-03   2.3237058152E+00   2.4576110885E+00   1.8268580726E-03   2.4513652831E+00   2.5082386431E+00   2.1196304042E-03   2.2659545249E+00   2.4475589017E+00   1.4113485761E-03   3.3749423712E-04
   1  -193   0    0  -7.3895400036E-01   8.0725577651E+00   1.3470541859E-04   1.9837947085E+00   2.4054880846E+00   2.0054547015E-04   2.0530283434E+00   2.3774571117E+00   3.9660473281E-04   2.2009798505E+00   2.4200799820E+00   1.5826897460E-03   2.3243539907E+00   2.4578691705E+00   1.8269716236E-03   2.4516339489E+00   2.5084998545E+00   2.1196055812E-03   2.2665756871E+00   2.4478248521E+00   1.4116808472E-03   3.3751228501E-04
   1  -194   0    0  -7.4888092925E-01   8.0733385080E+00   1.3461137779E-04   1.9835671896E+00   2.4057386409E+00   2.0074711593E-04   2.0526808348E+00   2.3777490356E+00   3.9768443778E-04   2.2010114848E+00   2.4203403523E+00   1.5828913918E-03   2.3249964037E+00   2.4581252345E+00   1.8270837916E-03   2.4519005026E+00   2.5087590120E+00   2.1195810483E-03   2.2671926930E+00   2.4480886892E+00   1.4120090909E-03   3.3753019238E-04
   1  -195   0    0  -7.5880903370E-01   8.0741127145E+00   1.3451845605E-04   1.9833396140E+00   2.4059872463E+00   2.0094636689E-04   2.0523374120E+00   2.3780384921E+00   3.9875062475E-04   2.2010419381E+00   2.4205986548E+00   1.5830906428E-03   2.3256330157E+00   2.4583792647E+00   1.8271945868E-03   2.4521649285E+00   2.5090161003E+00   2.1195568036E-03   2.2678054574E+00   2.4483503982E+00   1.4123333361E-03   3.3754795811E-04
   1  -196   0    0  -7.6873831556E-01   8.0748803375E+00   1.3442664634E-04   1.9831120319E+00   2.4062338844E+00   2.0114323789E-04   2.0519981024E+00   2.3783254688E+00   3.9980339922E-04   2.2010712164E+00   2.4208548739E+00   1.5832875138E-03   2.3262637903E+00   2.4586312460E+00   1.8273040188E-03   2.4524272109E+00   2.5092711043E+00   2.1195328456E-03   2.2684138976E+00   2.4486099644E+00   1.4126536107E-03   3.3756558112E-04
   1  -197   0    0  -7.7866877600E-01   8.0756413311E+00   1.3433594183E-04   1.9828844939E+00   2.4064785390E+00   2.0133774337E-04   2.0516629294E+00   2.3786099534E+00   4.0084286375E-04   2.2010993271E+00   2.4211089943E+00   1.5834820193E-03   2.3268886926E+00   2.4588811633E+00   1.8274120974E-03   2.4526873345E+00   2.5095240090E+00   2.1195091724E-03   2.2690179331E+00   2.4488673734E+00   1.4129699418E-03   3.3758306034E-04
   1  -198   0    0  -7.8860041548E-01   8.0763956508E+00   1.3424633592E-04   1.9826570515E+00   2.4067211945E+00   2.0152989736E-04   2.0513319131E+00   2.3788919340E+00   4.0186911822E-04   2.2011262785E+00   2.4213610008E+00   1.5836741733E-03   2.3275076899E+00   2.4591290016E+00   1.8275188316E-03   2.4529452843E+00   2.5097747997E+00   2.1194857827E-03   2.2696174863E+00   2.4491226109E+00   1.4132823558E-03   3.3760039469E-04
   1  -199   0    0  -7.9853323382E-01   8.0771432533E+00   1.3415782214E-04   1.9824297567E+00   2.4069618352E+00   2.0171971351E-04   2.0510050699E+00   2.3791713987E+00   4.0288225991E-04   2.2011520801E+00   2.4216108787E+00   1.5838639894E-03   2.3281207509E+00   2.4593747465E+00   1.8276242305E-03   2.4532010455E+00   2.5100234622E+00   2.1194626747E-03   2.2702124816E+00   2.4493756631E+00   1.4135908784E-03   3.3761758316E-04
   1  -200   0    0  -8.0846723015E-01   8.0778840971E+00   1.3407039423E-04   1.9822026621E+00   2.4072004461E+00   2.0190720512E-04   2.0506824128E+00   2.3794483359E+00   4.0388238372E-04   2.2011767427E+00   2.4218586133E+00   1.5840514810E-03   2.3287278467E+00   2.4596183839E+00   1.8277283028E-03   2.4534546037E+00   2.5102699824E+00   2.1194398470E-03   2.2708028462E+00   2.4496265163E+00   1.4138955348E-03   3.3763462472E-04
   1  -201   0    0  -8.1840240297E-01   8.0786181417E+00   1.3398404604E-04   1.9819758208E+00   2.4074370123E+00   2.0209238518E-04   2.0503639516E+00   2.3797227344E+00   4.0486958235E-04   2.2012002778E+00   2.4221041906E+00   1.5842366611E-03   2.3293289499E+00   2.4598598997E+00   1.8278310573E-03   2.4537059446E+00   2.5105143465E+00   2.1194172982E-03   2.2713885099E+00   2.4498751572E+00   1.4141963493E-03   3.3765151839E-04
   1  -202   0    0  -8.2833875010E-01   8.0793453486E+00   1.3389877158E-04   1.9817492860E+00   2.4076715194E+00   2.0227526640E-04   2.0500496928E+00   2.3799945831E+00   4.0584394644E-04   2.2012226980E+00   2.4223475968E+00   1.5844195423E-03   2.3299240351E+00   2.4600992805E+00   1.8279325022E-03   2.4539550546E+00   2.5107565412E+00   2.1193950267E-03   2.2719694049E+00   2.4501215729E+00   1.4144933460E-03   3.3766826320E-04
   1  -203   0    0  -8.3827626879E-01   8.0800656805E+00   1.3381456496E-04   1.9815231114E+00   2.4079039534E+00   2.0245586123E-04   2.0497396398E+00   2.3802638714E+00   4.0680556482E-04   2.2012440170E+00   2.4225888184E+00   1.5846001371E-03   2.3305130787E+00   2.4603365131E+00   1.8280326458E-03   2.4542019203E+00   2.5109965535E+00   2.1193730311E-03   2.2725454659E+00   2.4503657506E+00   1.4147865482E-03   3.3768485821E-04
   1  -204   0    0  -8.4821495561E-01   8.0807791019E+00   1.3373142042E-04   1.9812973508E+00   2.4081343007E+00   2.0263418189E-04   2.0494337930E+00   2.3805305889E+00   4.0775452463E-04   2.2012642493E+00   2.4228278425E+00   1.5847784578E-03   2.3310960593E+00   2.4605715849E+00   1.8281314961E-03   2.4544465287E+00   2.5112343709E+00   2.1193513101E-03   2.2731166303E+00   2.4506076784E+00   1.4150759791E-03   3.3770130253E-04
   1  -205   0    0  -8.5815480655E-01   8.0814855791E+00   1.3364933228E-04   1.9810720581E+00   2.4083625481E+00   2.0281024042E-04   2.0491321502E+00   2.3807947258E+00   4.0869091154E-04   2.2012834100E+00   2.4230646564E+00   1.5849545163E-03   2.3316729569E+00   2.4608044834E+00   1.8282290611E-03   2.4546888674E+00   2.5114699811E+00   2.1193298623E-03   2.2736828381E+00   2.4508473443E+00   1.4153616612E-03   3.3771759526E-04
   1  -206   0    0  -8.6809581703E-01   8.0821850801E+00   1.3356829492E-04   1.9808472874E+00   2.4085886829E+00   2.0298404870E-04   2.0488347061E+00   2.3810562726E+00   4.0961480989E-04   2.2013015154E+00   2.4232992481E+00   1.5851283246E-03   2.3322437537E+00   2.4610351968E+00   1.8283253487E-03   2.4549289241E+00   2.5117033724E+00   2.1193086862E-03   2.2742440318E+00   2.4510847370E+00   1.4156436170E-03   3.3773373556E-04
   1  -207   0    0  -8.7803798184E-01   8.0828775744E+00   1.3348830279E-04   1.9806230924E+00   2.4088126928E+00   2.0315561850E-04   2.0485414529E+00   2.3813152200E+00   4.1052630293E-04   2.2013185821E+00   2.4235316058E+00   1.5852998944E-03   2.3328084339E+00   2.4612637137E+00   1.8284203665E-03   2.4551666874E+00   2.5119345336E+00   2.1192877807E-03   2.2748001567E+00   2.4513198456E+00   1.4159218684E-03   3.3774972263E-04
   1  -208   0    0  -8.8798129523E-01   8.0835630338E+00   1.3340935040E-04   1.9803995270E+00   2.4090345662E+00   2.0332496148E-04   2.0482523805E+00   2.3815715596E+00   4.1142547293E-04   2.2013346278E+00   2.4237617185E+00   1.5854692374E-03   2.3333669833E+00   2.4614900232E+00   1.8285141222E-03   2.4554021462E+00   2.5121634539E+00   2.1192671444E-03   2.2753511604E+00   2.4515526598E+00   1.4161964373E-03   3.3776555567E-04
   1  -209   0    0  -8.9792575089E-01   8.0842414317E+00   1.3333143227E-04   1.9801766446E+00   2.4092542918E+00   2.0349208923E-04   2.0479674760E+00   2.3818252832E+00   4.1231240137E-04   2.2013496705E+00   2.4239895755E+00   1.5856363651E-03   2.3339193899E+00   2.4617141149E+00   1.8286066233E-03   2.4556352899E+00   2.5123901230E+00   2.1192467759E-03   2.2758969935E+00   2.4517831695E+00   1.4164673454E-03   3.3778123395E-04
   1  -210   0    0  -9.0787134197E-01   8.0849127435E+00   1.3325454295E-04   1.9799544985E+00   2.4094718591E+00   2.0365701331E-04   2.0476867247E+00   2.3820763832E+00   4.1318716912E-04   2.2013637290E+00   2.4242151667E+00   1.5858012892E-03   2.3344656432E+00   2.4619359789E+00   1.8286978775E-03   2.4558661085E+00   2.5126145313E+00   2.1192266738E-03   2.2764376090E+00   2.4520113656E+00   1.4167346142E-03   3.3779675676E-04
   1  -211   0    0  -9.1781806108E-01   8.0855769465E+00   1.3317867700E-04   1.9797331414E+00   2.4096872578E+00   2.0381974529E-04   2.0474101092E+00   2.3823248526E+00   4.1404985657E-04   2.2013768224E+00   2.4244384827E+00   1.5859640212E-03   2.3350057352E+00   2.4621556059E+00   1.8287878923E-03   2.4560945925E+00   2.5128366695E+00   2.1192068370E-03   2.2769729625E+00   2.4522372390E+00   1.4169982653E-03   3.3781212344E-04
   1  -212   0    0  -9.2776590034E-01   8.0862340202E+00   1.3310382895E-04   1.9795126259E+00   2.4099004785E+00   2.0398029673E-04   2.0471376105E+00   2.3825706848E+00   4.1490054383E-04   2.2013889706E+00   2.4246595144E+00   1.5861245726E-03   2.3355396592E+00   2.4623729872E+00   1.8288766750E-03   2.4563207332E+00   2.5130565290E+00   2.1191872640E-03   2.2775030124E+00   2.4524607817E+00   1.4172583200E-03   3.3782733335E-04
   1  -213   0    0  -9.3771485134E-01   8.0868839460E+00   1.3302999333E-04   1.9792930037E+00   2.4101115123E+00   2.0413867927E-04   2.0468692073E+00   2.3828138740E+00   4.1573931080E-04   2.2014001937E+00   2.4248782534E+00   1.5862829552E-03   2.3360674107E+00   2.4625881145E+00   1.8289642333E-03   2.4565445221E+00   2.5132741018E+00   2.1191679536E-03   2.2780277197E+00   2.4526819859E+00   1.4175147999E-03   3.3784238592E-04
   1  -214   0    0  -9.4766490522E-01   8.0875267073E+00   1.3295716464E-04   1.9790743260E+00   2.4103203508E+00   2.0429490459E-04   2.0466048766E+00   2.3830544149E+00   4.1656623738E-04   2.2014105122E+00   2.4250946922E+00   1.5864391805E-03   2.3365889871E+00   2.4628009804E+00   1.8290505747E-03   2.4567659518E+00   2.5134893806E+00   2.1191489043E-03   2.2785470479E+00   2.4529008445E+00   1.4177677265E-03   3.3785728059E-04
   1  -215   0    0  -9.5761605263E-01   8.0881622898E+00   1.3288533731E-04   1.9788566436E+00   2.4105269864E+00   2.0444898449E-04   2.0463445937E+00   2.3832923029E+00   4.1738140357E-04   2.2014199472E+00   2.4253088235E+00   1.5865932604E-03   2.3371043876E+00   2.4630115778E+00   1.8291357066E-03   2.4569850151E+00   2.5137023585E+00   2.1191301148E-03   2.2790609633E+00   2.4531173512E+00   1.4180171213E-03   3.3787201688E-04
   1  -216   0    0  -9.6756828377E-01   8.0887906814E+00   1.3281450574E-04   1.9786400061E+00   2.4107314119E+00   2.0460093089E-04   2.0460883323E+00   2.3835275339E+00   4.1818488958E-04   2.2014285198E+00   2.4255206409E+00   1.5867452068E-03   2.3376136133E+00   2.4632199005E+00   1.8292196368E-03   2.4572017058E+00   2.5139130293E+00   2.1191115838E-03   2.2795694348E+00   2.4533315001E+00   1.4182630062E-03   3.3788659432E-04
   1  -217   0    0  -9.7752158843E-01   8.0894118718E+00   1.3274466427E-04   1.9784244627E+00   2.4109336211E+00   2.0475075582E-04   2.0458360642E+00   2.3837601045E+00   4.1897677597E-04   2.2014362515E+00   2.4257301386E+00   1.5868950317E-03   2.3381166671E+00   2.4634259427E+00   1.8293023727E-03   2.4574160182E+00   2.5141213876E+00   2.1190933098E-03   2.2800724337E+00   2.4535432860E+00   1.4185054031E-03   3.3790101251E-04
   1  -218   0    0  -9.8747595595E-01   8.0900258532E+00   1.3267580715E-04   1.9782100614E+00   2.4111336082E+00   2.0489847150E-04   2.0455877602E+00   2.3839900123E+00   4.1975714375E-04   2.2014431640E+00   2.4259373115E+00   1.5870427474E-03   2.3386135539E+00   2.4636296996E+00   1.8293839223E-03   2.4576279473E+00   2.5143274285E+00   2.1190752914E-03   2.2805699342E+00   2.4537527046E+00   1.4187443341E-03   3.3791527108E-04
   1  -219   0    0  -9.9743137529E-01   8.0906326200E+00   1.3260792856E-04   1.9779968496E+00   2.4113313682E+00   2.0504409031E-04   2.0453433895E+00   2.3842172550E+00   4.2052607448E-04   2.2014492791E+00   2.4261421551E+00   1.5871883662E-03   2.3391042803E+00   2.4638311667E+00   1.8294642931E-03   2.4578374888E+00   2.5145311479E+00   2.1190575272E-03   2.2810619129E+00   2.4539597519E+00   1.4189798216E-03   3.3792936972E-04
   1  -220  -4    3  -9.9999990032E-01   8.0907879859E+00   1.3259057492E-04   1.9779420427E+00   2.4113820254E+00   2.0508131915E-04   2.0452809798E+00   2.3842754478E+00   4.2072260173E-04   2.2014507301E+00   2.4261946234E+00   1.5872255950E-03   2.3392298820E+00   2.4638827703E+00   1.8294848373E-03   2.4578911596E+00   2.5145833274E+00   2.1190529854E-03   2.2811879378E+00   2.4540127819E+00   1.4190400180E-03   3.3793298098E-04
