  
   1    -1   0    0   9.9999988390E-01   8.0136021369E+00   2.1496354035E-04   2.0716883392E+00   2.3820711220E+00   4.9491446077E-04   2.1604021833E+00   2.3498553374E+00   8.3153207820E-04   2.2631445280E+00   2.3894874630E+00   1.9429931314E-03   2.2421227004E+00   2.4175844664E+00   1.9275850963E-03   2.3709111474E+00   2.4372494944E+00   2.0143661070E-03   2.2341086524E+00   2.4096767666E+00   1.6607456937E-03   3.3373259214E-04
   1    -2   0    0   9.8006453639E-01   8.0120558473E+00   2.1496354035E-04   2.0712357270E+00   2.3815351464E+00   4.9491446077E-04   2.1599166875E+00   2.3493193618E+00   8.3153207820E-04   2.2627010816E+00   2.3889514874E+00   1.9429931314E-03   2.2419848745E+00   2.4170484909E+00   1.9275850963E-03   2.3707042592E+00   2.4367135188E+00   2.0143661070E-03   2.2337097085E+00   2.4091407911E+00   1.6607456937E-03   3.3369496205E-04
   1    -3   0    0   9.7009867708E-01   8.0112613369E+00   2.1496354035E-04   2.0710030547E+00   2.3812597379E+00   4.9491446077E-04   2.1596671340E+00   2.3490439532E+00   8.3153207820E-04   2.2624731836E+00   2.3886760788E+00   1.9429931314E-03   2.2419140917E+00   2.4167730823E+00   1.9275850963E-03   2.3705979649E+00   2.4364381102E+00   2.0143661070E-03   2.2335049907E+00   2.4088653825E+00   1.6607456937E-03   3.3367562600E-04
   1    -4   0    0   9.6013407902E-01   8.0104523331E+00   2.1496354035E-04   2.0707660593E+00   2.3809792947E+00   4.9491446077E-04   2.1594129600E+00   2.3487635101E+00   8.3153207820E-04   2.2622410949E+00   2.3883956357E+00   1.9429931314E-03   2.2418420420E+00   2.4164926391E+00   1.9275850963E-03   2.3704897374E+00   2.4361576671E+00   2.0143661070E-03   2.2332967254E+00   2.4085849393E+00   1.6607456937E-03   3.3365593647E-04
   1    -5   0    0   9.5017078200E-01   8.0096286489E+00   2.1496354035E-04   2.0705246814E+00   2.3806937516E+00   4.9491446077E-04   2.1591541028E+00   2.3484779670E+00   8.3153207820E-04   2.2620047599E+00   2.3881100926E+00   1.9429931314E-03   2.2417687101E+00   2.4162070961E+00   1.9275850963E-03   2.3703795522E+00   2.4358721240E+00   2.0143661070E-03   2.2330848752E+00   2.4082993963E+00   1.6607456937E-03   3.3363588890E-04
   1    -6   0    0   9.4020882670E-01   8.0087900982E+00   2.1496354035E-04   2.0702788615E+00   2.3804030434E+00   4.9491446077E-04   2.1588904996E+00   2.3481872588E+00   8.3153207820E-04   2.2617641231E+00   2.3878193844E+00   1.9429931314E-03   2.2416940810E+00   2.4159163879E+00   1.9275850963E-03   2.3702673847E+00   2.4355814158E+00   2.0143661070E-03   2.2328694036E+00   2.4080086881E+00   1.6607456937E-03   3.3361547868E-04
   1    -7   0    0   9.3024825468E-01   8.0079364951E+00   2.1496354035E-04   2.0700285404E+00   2.3801071051E+00   4.9491446077E-04   2.1586220878E+00   2.3478913205E+00   8.3153207820E-04   2.2615191292E+00   2.3875234461E+00   1.9429931314E-03   2.2416181397E+00   2.4156204495E+00   1.9275850963E-03   2.3701532104E+00   2.4352854774E+00   2.0143661070E-03   2.2326502745E+00   2.4077127497E+00   1.6607456937E-03   3.3359470126E-04
   1    -8   0    0   9.2028910836E-01   8.0070676548E+00   2.1496354035E-04   2.0697736586E+00   2.3798058718E+00   4.9491446077E-04   2.1583488049E+00   2.3475900872E+00   8.3153207820E-04   2.2612697228E+00   2.3872222128E+00   1.9429931314E-03   2.2415408713E+00   2.4153192162E+00   1.9275850963E-03   2.3700370051E+00   2.4349842442E+00   2.0143661070E-03   2.2324274525E+00   2.4074115164E+00   1.6607456937E-03   3.3357355210E-04
   1    -9   0    0   9.1033143102E-01   8.0061833932E+00   2.1496354035E-04   2.0695141569E+00   2.3794992791E+00   4.9491446077E-04   2.1580705882E+00   2.3472834945E+00   8.3153207820E-04   2.2610158488E+00   2.3869156201E+00   1.9429931314E-03   2.2414622611E+00   2.4150126235E+00   1.9275850963E-03   2.3699187445E+00   2.4346776515E+00   2.0143661070E-03   2.2322009031E+00   2.4071049237E+00   1.6607456937E-03   3.3355202665E-04
   1   -10   0    0   9.0037526680E-01   8.0052835274E+00   2.1496354035E-04   2.0692499758E+00   2.3791872629E+00   4.9491446077E-04   2.1577873755E+00   2.3469714782E+00   8.3153207820E-04   2.2607574523E+00   2.3866036038E+00   1.9429931314E-03   2.2413822947E+00   2.4147006073E+00   1.9275850963E-03   2.3697984045E+00   2.4343656352E+00   2.0143661070E-03   2.2319705923E+00   2.4067929075E+00   1.6607456937E-03   3.3353012043E-04
   1   -11   0    0   8.9042066069E-01   8.0043678756E+00   2.1496354035E-04   2.0689810565E+00   2.3788697592E+00   4.9491446077E-04   2.1574991046E+00   2.3466539746E+00   8.3153207820E-04   2.2604944788E+00   2.3862861002E+00   1.9429931314E-03   2.2413009576E+00   2.4143831037E+00   1.9275850963E-03   2.3696759615E+00   2.4340481316E+00   2.0143661070E-03   2.2317364871E+00   2.4064754039E+00   1.6607456937E-03   3.3350782894E-04
   1   -12   0    0   8.8046765855E-01   8.0034362572E+00   2.1496354035E-04   2.0687073399E+00   2.3785467049E+00   4.9491446077E-04   2.1572057136E+00   2.3463309203E+00   8.3153207820E-04   2.2602268737E+00   2.3859630459E+00   1.9429931314E-03   2.2412182356E+00   2.4140600494E+00   1.9275850963E-03   2.3695513915E+00   2.4337250773E+00   2.0143661070E-03   2.2314985552E+00   2.4061523495E+00   1.6607456937E-03   3.3348514775E-04
   1   -13   0    0   8.7051630704E-01   8.0024884931E+00   2.1496354035E-04   2.0684287672E+00   2.3782180370E+00   4.9491446077E-04   2.1569071407E+00   2.3460022524E+00   8.3153207820E-04   2.2599545830E+00   2.3856343780E+00   1.9429931314E-03   2.2411341149E+00   2.4137313814E+00   1.9275850963E-03   2.3694246713E+00   2.4333964094E+00   2.0143661070E-03   2.2312567653E+00   2.4058236816E+00   1.6607456937E-03   3.3346207244E-04
   1   -14   0    0   8.6056665364E-01   8.0015244058E+00   2.1496354035E-04   2.0681452799E+00   2.3778836931E+00   4.9491446077E-04   2.1566033245E+00   2.3456679085E+00   8.3153207820E-04   2.2596775529E+00   2.3853000341E+00   1.9429931314E-03   2.2410485816E+00   2.4133970376E+00   1.9275850963E-03   2.3692957776E+00   2.4330620655E+00   2.0143661070E-03   2.2310110869E+00   2.4054893378E+00   1.6607456937E-03   3.3343859862E-04
   1   -15   0    0   8.5061874666E-01   8.0005438194E+00   2.1496354035E-04   2.0678568198E+00   2.3775436115E+00   4.9491446077E-04   2.1562942039E+00   2.3453278269E+00   8.3153207820E-04   2.2593957302E+00   2.3849599525E+00   1.9429931314E-03   2.2409616222E+00   2.4130569559E+00   1.9275850963E-03   2.3691646875E+00   2.4327219839E+00   2.0143661070E-03   2.2307614908E+00   2.4051492561E+00   1.6607456937E-03   3.3341472197E-04
   1   -16   0    0   8.4067263519E-01   7.9995465601E+00   2.1496354035E-04   2.0675633288E+00   2.3771977309E+00   4.9491446077E-04   2.1559797183E+00   2.3449819463E+00   8.3153207820E-04   2.2591090619E+00   2.3846140719E+00   1.9429931314E-03   2.2408732235E+00   2.4127110753E+00   1.9275850963E-03   2.3690313781E+00   2.4323761033E+00   2.0143661070E-03   2.2305079485E+00   2.4048033755E+00   1.6607456937E-03   3.3339043817E-04
   1   -17   0    0   8.3072836910E-01   7.9985324560E+00   2.1496354035E-04   2.0672647493E+00   2.3768459908E+00   4.9491446077E-04   2.1556598072E+00   2.3446302062E+00   8.3153207820E-04   2.2588174956E+00   2.3842623318E+00   1.9429931314E-03   2.2407833724E+00   2.4123593352E+00   1.9275850963E-03   2.3688958272E+00   2.4320243632E+00   2.0143661070E-03   2.2302504328E+00   2.4044516354E+00   1.6607456937E-03   3.3336574299E-04
   1   -18   0    0   8.2078599899E-01   7.9975013371E+00   2.1496354035E-04   2.0669610240E+00   2.3764883315E+00   4.9491446077E-04   2.1553344110E+00   2.3442725469E+00   8.3153207820E-04   2.2585209792E+00   2.3839046724E+00   1.9429931314E-03   2.2406920562E+00   2.4120016759E+00   1.9275850963E-03   2.3687580126E+00   2.4316667038E+00   2.0143661070E-03   2.2299889175E+00   2.4040939761E+00   1.6607456937E-03   3.3334063223E-04
   1   -19   0    0   8.1084557623E-01   7.9964530361E+00   2.1496354035E-04   2.0666520961E+00   2.3761246938E+00   4.9491446077E-04   2.1550034702E+00   2.3439089092E+00   8.3153207820E-04   2.2582194614E+00   2.3835410348E+00   1.9429931314E-03   2.2405992624E+00   2.4116380382E+00   1.9275850963E-03   2.3686179126E+00   2.4313030662E+00   2.0143661070E-03   2.2297233779E+00   2.4037303384E+00   1.6607456937E-03   3.3331510174E-04
   1   -20   0    0   8.0090715288E-01   7.9953873878E+00   2.1496354035E-04   2.0663379091E+00   2.3757550196E+00   4.9491446077E-04   2.1546669260E+00   2.3435392350E+00   8.3153207820E-04   2.2579128913E+00   2.3831713606E+00   1.9429931314E-03   2.2405049790E+00   2.4112683640E+00   1.9275850963E-03   2.3684755057E+00   2.4309333920E+00   2.0143661070E-03   2.2294537902E+00   2.4033606642E+00   1.6607456937E-03   3.3328914743E-04
   1   -21   0    0   7.9097078170E-01   7.9943042299E+00   2.1496354035E-04   2.0660184070E+00   2.3753792515E+00   4.9491446077E-04   2.1543247201E+00   2.3431634669E+00   8.3153207820E-04   2.2576012188E+00   2.3827955925E+00   1.9429931314E-03   2.2404091940E+00   2.4108925960E+00   1.9275850963E-03   2.3683307709E+00   2.4305576239E+00   2.0143661070E-03   2.2291801321E+00   2.4029848962E+00   1.6607456937E-03   3.3326276528E-04
   1   -22   0    0   7.8103651611E-01   7.9932034026E+00   2.1496354035E-04   2.0656935345E+00   2.3749973331E+00   4.9491446077E-04   2.1539767950E+00   2.3427815485E+00   8.3153207820E-04   2.2572843942E+00   2.3824136741E+00   1.9429931314E-03   2.2403118961E+00   2.4105106776E+00   1.9275850963E-03   2.3681836876E+00   2.4301757055E+00   2.0143661070E-03   2.2289023825E+00   2.4026029778E+00   1.6607456937E-03   3.3323595133E-04
   1   -23   0    0   7.7110441014E-01   7.9920847491E+00   2.1496354035E-04   2.0653632366E+00   2.3746092090E+00   4.9491446077E-04   2.1536230936E+00   2.3423934243E+00   8.3153207820E-04   2.2569623688E+00   2.3820255499E+00   1.9429931314E-03   2.2402130741E+00   2.4101225534E+00   1.9275850963E-03   2.3680342355E+00   2.4297875813E+00   2.0143661070E-03   2.2286205219E+00   2.4022148536E+00   1.6607456937E-03   3.3320870167E-04
   1   -24   0    0   7.6117451846E-01   7.9909481157E+00   2.1496354035E-04   2.0650274591E+00   2.3742148246E+00   4.9491446077E-04   2.1532635597E+00   2.3419990400E+00   8.3153207820E-04   2.2566350943E+00   2.3816311655E+00   1.9429931314E-03   2.2401127172E+00   2.4097281690E+00   1.9275850963E-03   2.3678823950E+00   2.4293931969E+00   2.0143661070E-03   2.2283345322E+00   2.4018204692E+00   1.6607456937E-03   3.3318101249E-04
   1   -25   0    0   7.5124689629E-01   7.9897933518E+00   2.1496354035E-04   2.0646861483E+00   2.3738141266E+00   4.9491446077E-04   2.1528981377E+00   2.3415983420E+00   8.3153207820E-04   2.2563025236E+00   2.3812304675E+00   1.9429931314E-03   2.2400108152E+00   2.4093274710E+00   1.9275850963E-03   2.3677281465E+00   2.4289924989E+00   2.0143661070E-03   2.2280443966E+00   2.4014197712E+00   1.6607456937E-03   3.3315288005E-04
   1   -26   0    0   7.4132159940E-01   7.9886203100E+00   2.1496354035E-04   2.0643392512E+00   2.3734070628E+00   4.9491446077E-04   2.1525267730E+00   2.3411912782E+00   8.3153207820E-04   2.2559646099E+00   2.3808234037E+00   1.9429931314E-03   2.2399073580E+00   2.4089204072E+00   1.9275850963E-03   2.3675714713E+00   2.4285854351E+00   2.0143661070E-03   2.2277501001E+00   2.4010127074E+00   1.6607456937E-03   3.3312430067E-04
   1   -27   0    0   7.3139868405E-01   7.9874288468E+00   2.1496354035E-04   2.0639867155E+00   2.3729935821E+00   4.9491446077E-04   2.1521494114E+00   2.3407777975E+00   8.3153207820E-04   2.2556213077E+00   2.3804099230E+00   1.9429931314E-03   2.2398023362E+00   2.4085069265E+00   1.9275850963E-03   2.3674123510E+00   2.4281719544E+00   2.0143661070E-03   2.2274516293E+00   2.4005992267E+00   1.6607456937E-03   3.3309527077E-04
   1   -28   0    0   7.2147820698E-01   7.9862188219E+00   2.1496354035E-04   2.0636284896E+00   2.3725736346E+00   4.9491446077E-04   2.1517660001E+00   2.3403578500E+00   8.3153207820E-04   2.2552725722E+00   2.3799899756E+00   1.9429931314E-03   2.2396957405E+00   2.4080869791E+00   1.9275850963E-03   2.3672507678E+00   2.4277520070E+00   2.0143661070E-03   2.2271489722E+00   2.4001792793E+00   1.6607456937E-03   3.3306578685E-04
   1   -29   0    0   7.1156022534E-01   7.9849900989E+00   2.1496354035E-04   2.0632645228E+00   2.3721471719E+00   4.9491446077E-04   2.1513764867E+00   2.3399313873E+00   8.3153207820E-04   2.2549183596E+00   2.3795635129E+00   1.9429931314E-03   2.2395875624E+00   2.4076605163E+00   1.9275850963E-03   2.3670867044E+00   2.4273255443E+00   2.0143661070E-03   2.2268421188E+00   2.3997528165E+00   1.6607456937E-03   3.3303584550E-04
   1   -30   0    0   7.0164479667E-01   7.9837425456E+00   2.1496354035E-04   2.0628947651E+00   2.3717141466E+00   4.9491446077E-04   2.1509808202E+00   2.3394983620E+00   8.3153207820E-04   2.2545586270E+00   2.3791304876E+00   1.9429931314E-03   2.2394777937E+00   2.4072274911E+00   1.9275850963E-03   2.3669201441E+00   2.4268925190E+00   2.0143661070E-03   2.2265310605E+00   2.3993197913E+00   1.6607456937E-03   3.3300544340E-04
   1   -31   0    0   6.9173197887E-01   7.9824760333E+00   2.1496354035E-04   2.0625191674E+00   2.3712745129E+00   4.9491446077E-04   2.1505789502E+00   2.3390587283E+00   8.3153207820E-04   2.2541933325E+00   2.3786908539E+00   1.9429931314E-03   2.2393664266E+00   2.4067878574E+00   1.9275850963E-03   2.3667510706E+00   2.4264528853E+00   2.0143661070E-03   2.2262157910E+00   2.3988801576E+00   1.6607456937E-03   3.3297457733E-04
   1   -32   0    0   6.8181072007E-01   7.9812781840E+00   2.1494172788E-04   2.0621426386E+00   2.3708559641E+00   4.9482870612E-04   2.1501832455E+00   2.3386430609E+00   8.3146813504E-04   2.2538292090E+00   2.3782746411E+00   1.9429106613E-03   2.2392748568E+00   2.4063789664E+00   1.9275824891E-03   2.3666067597E+00   2.4260492882E+00   2.0143900925E-03   2.2259161537E+00   2.3984709750E+00   1.6607263082E-03   3.3294593672E-04
   1   -33   0    0   6.7183698953E-01   7.9815091895E+00   2.1456406753E-04   2.0618457372E+00   2.3708891943E+00   4.9334388933E-04   2.1499887508E+00   2.3387261814E+00   8.3036148876E-04   2.2535748050E+00   2.3783483423E+00   1.9414840370E-03   2.2395325742E+00   2.4065790150E+00   1.9275366951E-03   2.3669074147E+00   2.4263410782E+00   2.0148052685E-03   2.2259400795E+00   2.3986659701E+00   1.6603897749E-03   3.3296115114E-04
   1   -34   0    0   6.6186417950E-01   7.9817456444E+00   2.1418035723E-04   2.0615439066E+00   2.3709239371E+00   4.9183515344E-04   2.1497908196E+00   2.3388116171E+00   8.2923800223E-04   2.2533168653E+00   2.3784242508E+00   1.9400369814E-03   2.2397951988E+00   2.4067824824E+00   1.9274889053E-03   2.3672132742E+00   2.4266379185E+00   2.0152268921E-03   2.2259651346E+00   2.3988642920E+00   1.6600461189E-03   3.3297664022E-04
   1   -35   0    0   6.5189231569E-01   7.9819876530E+00   2.1379056485E-04   2.0612371041E+00   2.3709602396E+00   4.9030235328E-04   2.1495894056E+00   2.3388994195E+00   8.2809761077E-04   2.2530553896E+00   2.3785024193E+00   1.9385694660E-03   2.2400627998E+00   2.4069893985E+00   1.9274390580E-03   2.3675243866E+00   2.4269398550E+00   2.0156549947E-03   2.2259913717E+00   2.3990659698E+00   1.6596952285E-03   3.3299240688E-04
   1   -36   0    0   6.4192142436E-01   7.9822353246E+00   2.1339466005E-04   2.0609252887E+00   2.3709981508E+00   4.8874534937E-04   2.1493844630E+00   2.3389896420E+00   8.2694025473E-04   2.2527903801E+00   2.3785829023E+00   1.9370814698E-03   2.2403354476E+00   2.4071997944E+00   1.9273870903E-03   2.3678408000E+00   2.4272469344E+00   2.0160896058E-03   2.2260188468E+00   2.3992710334E+00   1.6593369921E-03   3.3300845410E-04
   1   -37   0    0   6.3195153214E-01   7.9824887695E+00   2.1299261542E-04   2.0606084205E+00   2.3710377209E+00   4.8716401245E-04   2.1491759455E+00   2.3390823384E+00   8.2576588278E-04   2.2525218413E+00   2.3786657548E+00   1.9355729831E-03   2.2406132123E+00   2.4074137000E+00   1.9273329386E-03   2.3681625613E+00   2.4275592021E+00   2.0165307522E-03   2.2260476182E+00   2.3994795120E+00   1.6589712986E-03   3.3302478479E-04
   1   -38   0    0   6.2198266597E-01   7.9827480982E+00   2.1258440664E-04   2.0602864610E+00   2.3710790003E+00   4.8555822392E-04   2.1489638065E+00   2.3391775628E+00   8.2457445221E-04   2.2522497801E+00   2.3787510320E+00   1.9340440081E-03   2.2408961641E+00   2.4076311445E+00   1.9272765386E-03   2.3684897157E+00   2.4278767019E+00   2.0169784576E-03   2.2260777467E+00   2.3996914337E+00   1.6585980377E-03   3.3304140181E-04
   1   -39   0    0   6.1201485311E-01   7.9830134222E+00   2.1217001260E-04   2.0599593734E+00   2.3711220404E+00   4.8392787640E-04   2.1487479993E+00   2.3392753695E+00   8.2336592927E-04   2.2519742056E+00   2.3788387896E+00   1.9324945594E-03   2.2411843732E+00   2.4078521561E+00   1.9272178253E-03   2.3688223067E+00   2.4281994760E+00   2.0174327426E-03   2.2261092956E+00   2.3999068256E+00   1.6582171004E-03   3.3305830794E-04
   1   -40   0    0   6.0204812112E-01   7.9832848532E+00   2.1174941552E-04   2.0596271222E+00   2.3711668930E+00   4.8227287417E-04   2.1485284769E+00   2.3393758129E+00   8.2214028954E-04   2.2516951298E+00   2.3789290838E+00   1.9309246639E-03   2.2414779094E+00   2.4080767618E+00   1.9271567331E-03   2.3691603763E+00   2.4285275650E+00   2.0178936245E-03   2.2261423308E+00   2.4001257138E+00   1.6578283788E-03   3.3307550589E-04
   1   -41   0    0   5.9208249778E-01   7.9835625035E+00   2.1132260113E-04   2.0592896735E+00   2.3712136106E+00   4.8059313374E-04   2.1483051918E+00   2.3394789479E+00   8.2089751820E-04   2.2514125672E+00   2.3790219706E+00   1.9293343617E-03   2.2417768424E+00   2.4083049874E+00   1.9270931960E-03   2.3695039646E+00   2.4288610077E+00   2.0183611173E-03   2.2261769212E+00   2.4003481235E+00   1.6574317665E-03   3.3309299829E-04
   1   -42   0    0   5.8211801117E-01   7.9838464855E+00   2.1088955880E-04   2.0589469953E+00   2.3712622462E+00   4.7888858433E-04   2.1480780966E+00   2.3395848290E+00   8.1963761036E-04   2.2511265347E+00   2.3791175064E+00   1.9277237058E-03   2.2420812416E+00   2.4085368579E+00   1.9270271473E-03   2.3698531096E+00   2.4291998410E+00   2.0188352314E-03   2.2262131380E+00   2.4005740783E+00   1.6570271587E-03   3.3311078768E-04
   1   -43   0    0   5.7215468954E-01   7.9841369117E+00   2.1045028165E-04   2.0585990572E+00   2.3713128534E+00   4.7715916837E-04   2.1478471432E+00   2.3396935109E+00   8.1836057145E-04   2.2508370524E+00   2.3792157478E+00   1.9260927631E-03   2.2423911762E+00   2.4087723965E+00   1.9269585203E-03   2.3702078476E+00   2.4295441000E+00   2.0193159736E-03   2.2262510556E+00   2.4008036011E+00   1.6566144526E-03   3.3312887651E-04
   1   -44   0    0   5.6219256135E-01   7.9844338950E+00   2.1000476675E-04   2.0582458306E+00   2.3713654860E+00   4.7540484207E-04   2.1476122837E+00   2.3398050484E+00   8.1706641745E-04   2.2505441427E+00   2.3793167512E+00   1.9244416144E-03   2.2427067148E+00   2.4090116257E+00   1.9268872478E-03   2.3705682125E+00   2.4298938175E+00   2.0198033469E-03   2.2262907511E+00   2.4010367133E+00   1.6561935472E-03   3.3314726712E-04
   1   -45   0    0   5.5223165521E-01   7.9847375479E+00   2.0955301518E-04   2.0578872891E+00   2.3714201982E+00   4.7362557586E-04   2.1473734695E+00   2.3399194958E+00   8.1575517525E-04   2.2502478314E+00   2.3794205730E+00   1.9227703544E-03   2.2430279256E+00   2.4092545661E+00   1.9268132624E-03   2.3709342360E+00   2.4302490242E+00   2.0202973504E-03   2.2263323048E+00   2.4012734347E+00   1.6557643439E-03   3.3316596176E-04
   1   -46   0    0   5.4227199984E-01   7.9850479829E+00   2.0909503224E-04   2.0575234081E+00   2.3714770449E+00   4.7182135497E-04   2.1471306520E+00   2.3400369074E+00   8.1442688297E-04   2.2499481468E+00   2.3795272695E+00   1.9210790927E-03   2.2433548764E+00   2.4095012371E+00   1.9267364968E-03   2.3713059475E+00   2.4306097486E+00   2.0207979795E-03   2.2263757998E+00   2.4015137842E+00   1.6553267467E-03   3.3318496258E-04
   1   -47   0    0   5.3231362408E-01   7.9853653120E+00   2.0863082755E-04   2.0571541650E+00   2.3715360806E+00   4.6999217986E-04   2.1468837822E+00   2.3401573371E+00   8.1308159023E-04   2.2496451206E+00   2.3796368970E+00   1.9193679536E-03   2.2436876343E+00   2.4097516568E+00   1.9266568837E-03   2.3716833740E+00   2.4309760168E+00   2.0213052250E-03   2.2264213224E+00   2.4017577789E+00   1.6548806621E-03   3.3320427159E-04
   1   -48   0    0   5.2235655680E-01   7.9856896469E+00   2.0816041518E-04   2.0567795397E+00   2.3715973606E+00   4.6813806682E-04   2.1466328109E+00   2.3402808385E+00   8.1171935847E-04   2.2493387873E+00   2.3797495110E+00   1.9176370762E-03   2.2440262658E+00   2.4100058414E+00   1.9265743557E-03   2.3720665399E+00   2.4313478522E+00   2.0218190739E-03   2.2264689621E+00   2.4020054346E+00   1.6544259999E-03   3.3322389070E-04
   1   -49   0    0   5.1240082691E-01   7.9860210988E+00   2.0768381380E-04   2.0563995140E+00   2.3716609399E+00   4.6625904838E-04   2.1463776886E+00   2.3404074646E+00   8.1034026121E-04   2.2490291848E+00   2.3798651671E+00   1.9158866154E-03   2.2443708367E+00   2.4102638057E+00   1.9264888460E-03   2.3724554668E+00   2.4317252760E+00   2.0223395085E-03   2.2265188115E+00   2.4022567653E+00   1.6539626727E-03   3.3324382168E-04
   1   -50   0    0   5.0244646330E-01   7.9863597779E+00   2.0720104680E-04   2.0560140724E+00   2.3717268737E+00   4.6435517384E-04   2.1461183655E+00   2.3405372679E+00   8.0894438438E-04   2.2487163538E+00   2.3799839202E+00   1.9141167413E-03   2.2447214120E+00   2.4105255627E+00   1.9264002879E-03   2.3728501738E+00   2.4321083064E+00   2.0228665070E-03   2.2265709666E+00   2.4025117837E+00   1.6534905969E-03   3.3326406618E-04
   1   -51   0    0   4.9249349478E-01   7.9867057938E+00   2.0671214240E-04   2.0556232014E+00   2.3717952171E+00   4.6242650975E-04   2.1458547916E+00   2.3406703003E+00   8.0753182651E-04   2.2484003388E+00   2.3801058247E+00   1.9123276399E-03   2.2450780557E+00   2.4107911239E+00   1.9263086155E-03   2.3732506768E+00   2.4324969589E+00   2.0234000427E-03   2.2266255265E+00   2.4027705005E+00   1.6530096925E-03   3.3328462568E-04
   1   -52   0    0   4.8254195008E-01   7.9870592547E+00   2.0621713381E-04   2.0552268905E+00   2.3718660253E+00   4.6047314039E-04   2.1455869167E+00   2.3408066127E+00   8.0610269906E-04   2.2480811871E+00   2.3802309343E+00   1.9105195134E-03   2.2454408310E+00   2.4110604986E+00   1.9262137633E-03   2.3736569890E+00   2.4328912461E+00   2.0239400844E-03   2.2266825939E+00   2.4030329248E+00   1.6525198835E-03   3.3330550156E-04
   1   -53   0    0   4.7259185780E-01   7.9874202679E+00   2.0571605929E-04   2.0548251313E+00   2.3719393530E+00   4.5849516819E-04   2.1453146903E+00   2.3409462554E+00   8.0465712663E-04   2.2477589498E+00   2.3803593020E+00   1.9086925798E-03   2.2458098001E+00   2.4113336948E+00   1.9261156667E-03   2.3740691202E+00   2.4332911776E+00   2.0244865962E-03   2.2267422746E+00   2.4032990639E+00   1.6520210981E-03   3.3332669500E-04
   1   -54   0    0   4.6264324632E-01   7.9877889393E+00   2.0520896231E-04   2.0544179184E+00   2.3720152547E+00   4.5649271423E-04   2.1450380617E+00   2.3410892777E+00   8.0319524718E-04   2.2474336810E+00   2.3804909797E+00   1.9068470739E-03   2.2461850241E+00   2.4116107180E+00   1.9260142619E-03   2.3744870774E+00   2.4336967599E+00   2.0250395371E-03   2.2268046779E+00   2.4035689233E+00   1.6515132690E-03   3.3334820708E-04
   1   -55   0    0   4.5269614381E-01   7.9881653732E+00   2.0469589162E-04   2.0540052491E+00   2.3720937847E+00   4.5446591864E-04   2.1447569798E+00   2.3412357277E+00   8.0171721229E-04   2.2471054386E+00   2.3806260187E+00   1.9049832466E-03   2.2465665627E+00   2.4118915721E+00   1.9259094862E-03   2.3749108639E+00   2.4341079963E+00   2.0255988614E-03   2.2268699166E+00   2.4038425064E+00   1.6509963340E-03   3.3337003865E-04
   1   -56   0    0   4.4275057816E-01   7.9885496721E+00   2.0417690139E-04   2.0535871233E+00   2.3721749967E+00   4.5241494101E-04   2.1444713936E+00   2.3413856524E+00   8.0022318731E-04   2.2467742837E+00   2.3807644689E+00   1.9031013657E-03   2.2469544746E+00   2.4121762588E+00   1.9258012782E-03   2.3753404798E+00   2.4345248867E+00   2.0261645181E-03   2.2269381067E+00   2.4041198148E+00   1.6504702355E-03   3.3339219045E-04
   1   -57   0    0   4.3280657692E-01   7.9889419369E+00   2.0365205127E-04   2.0531635440E+00   2.3722589438E+00   4.5033996079E-04   2.1441812518E+00   2.3415390977E+00   7.9871335157E-04   2.2464402812E+00   2.3809063793E+00   1.9012017154E-03   2.2473488171E+00   2.4124647780E+00   1.9256895777E-03   2.3757759217E+00   2.4349474278E+00   2.0267364512E-03   2.2270093678E+00   2.4044008480E+00   1.6499349215E-03   3.3341466301E-04
   1   -58   0    0   4.2286416726E-01   7.9893422660E+00   2.0312140646E-04   2.0527345172E+00   2.3723456786E+00   4.4824117769E-04   2.1438865028E+00   2.3416961078E+00   7.9718789858E-04   2.2461034992E+00   2.3810517973E+00   1.8992845971E-03   2.2477496460E+00   2.4127571270E+00   1.9255743261E-03   2.3762171825E+00   2.4353756126E+00   2.0273145994E-03   2.2270838227E+00   2.4046856035E+00   1.6493903456E-03   3.3343745668E-04
   1   -59   0    0   4.1292337593E-01   7.9897507560E+00   2.0258503784E-04   2.0523000519E+00   2.3724352529E+00   4.4611881202E-04   2.1435870951E+00   2.3418567258E+00   7.9564703610E-04   2.2457640097E+00   2.3812007692E+00   1.8973503287E-03   2.2481570155E+00   2.4130533012E+00   1.9254554666E-03   2.3766642514E+00   2.4358094305E+00   2.0278988962E-03   2.2271615979E+00   2.4049740766E+00   1.6488364674E-03   3.3346057165E-04
   1   -60   0    0   4.0298422917E-01   7.9901675007E+00   2.0204302202E-04   2.0518601602E+00   2.3725277175E+00   4.4397310501E-04   2.1432829768E+00   2.3420209930E+00   7.9409098637E-04   2.2454218880E+00   2.3813533395E+00   1.8953992450E-03   2.2485709785E+00   2.4133532938E+00   1.9253329440E-03   2.3771171140E+00   2.4362488675E+00   2.0284892698E-03   2.2272428227E+00   2.4052662604E+00   1.6482732526E-03   3.3348400788E-04
   1   -61   0    0   3.9304675273E-01   7.9905925916E+00   2.0149544136E-04   2.0514148574E+00   2.3726231224E+00   4.4180431912E-04   2.1429740962E+00   2.3421889489E+00   7.9251998614E-04   2.2450772132E+00   2.3815095513E+00   1.8934316978E-03   2.2489915858E+00   2.4136570956E+00   1.9252067052E-03   2.3775757517E+00   2.4366939055E+00   2.0290856428E-03   2.2273276302E+00   2.4055621459E+00   1.6477006732E-03   3.3350776515E-04
   1   -62   0    0   3.8311097171E-01   7.9910261171E+00   2.0094238408E-04   2.0509641621E+00   2.3727215167E+00   4.3961273833E-04   2.1426604015E+00   2.3423606314E+00   7.9093428679E-04   2.2447300679E+00   2.3816694459E+00   1.8914480555E-03   2.2494188866E+00   2.4139646950E+00   1.9250766992E-03   2.3780401421E+00   2.4371445228E+00   2.0296879324E-03   2.2274161565E+00   2.4058617217E+00   1.6471187083E-03   3.3353184305E-04
   1   -63   0    0   3.7317691062E-01   7.9914681627E+00   2.0038394429E-04   2.0505080964E+00   2.3728229481E+00   4.3739866840E-04   2.1423418407E+00   2.3425360763E+00   7.8933415440E-04   2.2443805383E+00   2.3818330627E+00   1.8894487034E-03   2.2498529282E+00   2.4142760780E+00   1.9249428775E-03   2.3785102588E+00   2.4376006935E+00   2.0302960503E-03   2.2275085408E+00   2.4061649742E+00   1.6465273437E-03   3.3355624095E-04
   1   -64   0    0   3.6324459321E-01   7.9919188107E+00   1.9982022198E-04   2.0500466854E+00   2.3729274630E+00   4.3516243705E-04   2.1420183620E+00   2.3427153177E+00   7.8771986981E-04   2.2440287142E+00   2.3820004391E+00   1.8874340435E-03   2.2502937560E+00   2.4145912284E+00   1.9248051940E-03   2.3789860713E+00   2.4380623880E+00   2.0309099027E-03   2.2276049254E+00   2.4064718874E+00   1.6459265728E-03   3.3358095798E-04
   1   -65   0    0   3.5331404253E-01   7.9923781399E+00   1.9925132311E-04   2.0495799582E+00   2.3730351068E+00   4.3290439421E-04   2.1416899137E+00   2.3428983870E+00   7.8609172860E-04   2.2436746890E+00   2.3821716105E+00   1.8854044940E-03   2.2507414131E+00   2.4149101274E+00   1.9246636051E-03   2.3794675446E+00   2.4385295724E+00   2.0315293901E-03   2.2277054557E+00   2.4067824430E+00   1.6453163963E-03   3.3360599311E-04
   1   -66   0    0   3.4338528076E-01   7.9928462257E+00   1.9867735956E-04   2.0491079469E+00   2.3731459231E+00   4.3062491210E-04   2.1413564443E+00   2.3430853140E+00   7.8445004110E-04   2.2433185595E+00   2.3823466101E+00   1.8833604899E-03   2.2511959405E+00   2.4152327535E+00   1.9245180704E-03   2.3799546399E+00   2.4390022088E+00   2.0321544075E-03   2.2278102797E+00   2.4070966201E+00   1.6446968228E-03   3.3363134503E-04
   1   -67   0    0   3.3345832924E-01   7.9933231393E+00   1.9809844915E-04   2.0486306875E+00   2.3732599541E+00   4.2832438541E-04   2.1410179023E+00   2.3432761256E+00   7.8279513240E-04   2.2429604261E+00   2.3825254687E+00   1.8813024821E-03   2.2516573770E+00   2.4155590830E+00   1.9243685521E-03   2.3804473136E+00   2.4394802549E+00   2.0327848442E-03   2.2279195484E+00   2.4074143955E+00   1.6440678691E-03   3.3365701223E-04
   1   -68   0    0   3.2353320837E-01   7.9938089482E+00   1.9751471566E-04   2.0481482196E+00   2.3733772402E+00   4.2600323136E-04   2.1406742367E+00   2.3434708467E+00   7.8112734222E-04   2.2426003928E+00   2.3827082149E+00   1.8792309377E-03   2.2521257588E+00   2.4158890895E+00   1.9242150159E-03   2.3809455179E+00   2.4399636645E+00   2.0334205840E-03   2.2280334151E+00   2.4077357435E+00   1.6434295603E-03   3.3368299298E-04
   1   -69   0    0   3.1360993755E-01   7.9943037156E+00   1.9692628876E-04   2.0476605865E+00   2.3734978201E+00   4.2366188973E-04   2.1403253968E+00   2.3436694993E+00   7.7944702488E-04   2.2422385669E+00   2.3828948745E+00   1.8771463393E-03   2.2526011197E+00   2.4162227438E+00   1.9240574307E-03   2.3814492007E+00   2.4404523867E+00   2.0340615048E-03   2.2281520356E+00   2.4080606358E+00   1.6427819299E-03   3.3370928529E-04
   1   -70   0    0   3.0368853515E-01   7.9948075003E+00   1.9633330398E-04   2.0471678352E+00   2.3736217307E+00   4.2130082287E-04   2.1399713322E+00   2.3438721029E+00   7.7775454918E-04   2.2418750590E+00   2.3830854709E+00   1.8750491851E-03   2.2530834910E+00   2.4165600143E+00   1.9238957688E-03   2.3819583053E+00   2.4409463664E+00   2.0347074793E-03   2.2282755680E+00   2.4083890417E+00   1.6421250204E-03   3.3373588694E-04
   1   -71   0    0   2.9376901842E-01   7.9953203563E+00   1.9573590268E-04   2.0466700163E+00   2.3737490068E+00   4.1892051566E-04   2.1396119932E+00   2.3440786742E+00   7.7605029824E-04   2.2415099830E+00   2.3832800247E+00   1.8729399884E-03   2.2535729012E+00   2.4169008668E+00   1.9237300064E-03   2.3824727703E+00   2.4414455443E+00   2.0353583742E-03   2.2284041722E+00   2.4087209280E+00   1.6414588832E-03   3.3376279548E-04
   1   -72   0    0   2.8385140347E-01   7.9958423330E+00   1.9513423198E-04   2.0461671847E+00   2.3738796811E+00   4.1652147544E-04   2.1392473307E+00   2.3442892271E+00   7.7433466934E-04   2.2411434563E+00   2.3834785536E+00   1.8708192773E-03   2.2540693758E+00   2.4172452643E+00   1.9235601232E-03   2.3829925300E+00   2.4419498564E+00   2.0360140510E-03   2.2285380100E+00   2.4090562586E+00   1.6407835791E-03   3.3379000822E-04
   1   -73   0    0   2.7393570517E-01   7.9963734748E+00   1.9452844465E-04   2.0456593985E+00   2.3740137842E+00   4.1410423184E-04   2.1388772963E+00   2.3445037727E+00   7.7260807372E-04   2.2407755990E+00   2.3836810726E+00   1.8686875944E-03   2.2545729376E+00   2.4175931672E+00   1.9233861033E-03   2.3835175141E+00   2.4424592345E+00   2.0366743655E-03   2.2286772448E+00   2.4093949952E+00   1.6400991781E-03   3.3381752219E-04
   1   -74   0    0   2.6402193713E-01   7.9969138207E+00   1.9391869908E-04   2.0451467202E+00   2.3741513444E+00   4.1166933665E-04   2.1385018424E+00   2.3447223187E+00   7.7087093633E-04   2.2404065346E+00   2.3838875934E+00   1.8665454962E-03   2.2550836062E+00   2.4179445332E+00   1.9232079344E-03   2.3840476475E+00   2.4429736056E+00   2.0373391682E-03   2.2288220412E+00   2.4097370969E+00   1.6394057599E-03   3.3384533421E-04
   1   -75   0    0   2.5411011163E-01   7.9974634043E+00   1.9330515910E-04   2.0446292160E+00   2.3742923875E+00   4.0921736355E-04   2.1381209225E+00   2.3449448701E+00   7.6912369560E-04   2.2400363894E+00   2.3840981248E+00   1.8643935528E-03   2.2556013981E+00   2.4182993174E+00   1.9230256089E-03   2.3845828507E+00   2.4434928927E+00   2.0380083041E-03   2.2289725650E+00   2.4100825200E+00   1.6387034139E-03   3.3387344084E-04
   1   -76   0    0   2.4420023957E-01   7.9980222539E+00   1.9268799393E-04   2.0441069559E+00   2.3744369371E+00   4.0674890786E-04   2.1377344911E+00   2.3451714284E+00   7.6736680312E-04   2.2396652925E+00   2.3843126723E+00   1.8622323474E-03   2.2561263267E+00   2.4186574721E+00   1.9228391233E-03   2.3851230395E+00   2.4440170141E+00   2.0386816128E-03   2.2291289824E+00   2.4104312183E+00   1.6379922396E-03   3.3390183838E-04
   1   -77   0    0   2.3429233041E-01   7.9985903918E+00   1.9206737798E-04   2.0435800139E+00   2.3745850141E+00   4.0426458620E-04   2.1373425039E+00   2.3454019922E+00   7.6560072332E-04   2.2392933758E+00   2.3845312384E+00   1.8600624759E-03   2.2566584015E+00   2.4190189470E+00   1.9226484787E-03   2.3856681252E+00   2.4445458835E+00   2.0393589291E-03   2.2292914602E+00   2.4107831432E+00   1.6372723461E-03   3.3393052289E-04
   1   -78   0    0   2.2438639212E-01   7.9991678344E+00   1.9144349076E-04   2.0430484680E+00   2.3747366366E+00   4.0176503614E-04   2.1369449181E+00   2.3456365564E+00   7.6382593312E-04   2.2389207736E+00   2.3847538219E+00   1.8578845460E-03   2.2571976292E+00   2.4193836891E+00   1.9224536808E-03   2.3862180145E+00   2.4450794105E+00   2.0400400823E-03   2.2294601655E+00   2.4111382434E+00   1.6365438531E-03   3.3395949016E-04
   1   -79   0    0   2.1448243116E-01   7.9997545920E+00   1.9081651666E-04   2.0425123999E+00   2.3748918204E+00   3.9925091571E-04   2.1365416924E+00   2.3458751128E+00   7.6204292149E-04   2.2385476228E+00   2.3849804186E+00   1.8556991771E-03   2.2577440122E+00   2.4197516428E+00   1.9222547402E-03   2.3867726094E+00   2.4456175001E+00   2.0407248969E-03   2.2296352647E+00   2.4114964651E+00   1.6358068902E-03   3.3398873577E-04
   1   -80   0    0   2.0458045237E-01   8.0003506688E+00   1.9018664480E-04   2.0419718955E+00   2.3750505780E+00   3.9672290298E-04   2.1361327872E+00   2.3461176497E+00   7.6025218911E-04   2.2381740624E+00   2.3852110205E+00   1.8535069994E-03   2.2582975497E+00   2.4201227499E+00   1.9220516721E-03   2.3873318077E+00   2.4461600530E+00   2.0414131925E-03   2.2298169239E+00   2.4118577520E+00   1.6350615974E-03   3.3401825501E-04
   1   -81   0    0   1.9468045896E-01   8.0009560622E+00   1.8955406886E-04   2.0414270443E+00   2.3752129195E+00   3.9418169547E-04   2.1357181648E+00   2.3463641520E+00   7.5845424782E-04   2.2378002335E+00   2.3854456163E+00   1.8513086532E-03   2.2588582367E+00   2.4204969497E+00   1.9218444967E-03   2.3878955025E+00   2.4467069655E+00   2.0421047840E-03   2.2300053081E+00   2.4122220451E+00   1.6343081249E-03   3.3404804294E-04
   1   -82   0    0   1.8478245250E-01   8.0015707633E+00   1.8891898680E-04   2.0408779396E+00   2.3753788519E+00   3.9162800956E-04   2.1352977895E+00   2.3466146009E+00   7.5664962019E-04   2.2374262792E+00   2.3856841912E+00   1.8491047886E-03   2.2594260645E+00   2.4208741786E+00   1.9216332393E-03   2.3884635826E+00   2.4472581298E+00   2.0427994817E-03   2.2302005810E+00   2.4125892834E+00   1.6335466334E-03   3.3407809438E-04
   1   -83   0    0   1.7488643279E-01   8.0021947566E+00   1.8828160070E-04   2.0403246787E+00   2.3755483791E+00   3.8906257987E-04   2.1348716279E+00   2.3468689742E+00   7.5483883897E-04   2.2370523442E+00   2.3859267266E+00   1.8468960644E-03   2.2600010202E+00   2.4212543708E+00   1.9214179301E-03   2.3890359324E+00   2.4478134338E+00   2.0434970917E-03   2.2304029043E+00   2.4129594030E+00   1.6327772937E-03   3.3410840389E-04
   1   -84   0    0   1.6499239790E-01   8.0028280196E+00   1.8764211650E-04   2.0397673626E+00   2.3757215021E+00   3.8648615850E-04   2.1344396492E+00   2.3471272462E+00   7.5302244651E-04   2.2366785749E+00   2.3861732006E+00   1.8446831475E-03   2.2605830867E+00   2.4216374579E+00   1.9211986046E-03   2.3896124323E+00   2.4483727614E+00   2.0441974155E-03   2.2306124378E+00   2.4133323380E+00   1.6320002870E-03   3.3413896580E-04
   1   -85   0    0   1.5510034408E-01   8.0034705227E+00   1.8700074373E-04   2.0392060959E+00   2.3758982188E+00   3.8389951429E-04   2.1340018249E+00   2.3473893874E+00   7.5120099423E-04   2.2363051188E+00   2.3864235874E+00   1.8424667123E-03   2.2611722429E+00   2.4220233691E+00   1.9209753033E-03   2.3901929583E+00   2.4489359922E+00   2.0449002511E-03   2.2308293384E+00   2.4137080199E+00   1.6312158046E-03   3.3416977421E-04
   1   -86   0    0   1.4521026577E-01   8.0041222295E+00   1.8635769527E-04   2.0386409869E+00   2.3760785240E+00   3.8130343200E-04   2.1335581296E+00   2.3476553650E+00   7.4937504192E-04   2.2359321245E+00   2.3866778577E+00   1.8402474397E-03   2.2617684628E+00   2.4224120312E+00   1.9207480718E-03   2.3907773825E+00   2.4495030023E+00   2.0456053922E-03   2.2310537601E+00   2.4140863781E+00   1.6304240479E-03   3.3420082297E-04
   1   -87   0    0   1.3532215551E-01   8.0047830964E+00   1.8571318706E-04   2.0380721473E+00   2.3762624093E+00   3.7869871142E-04   2.1331085410E+00   2.3479251423E+00   7.4754515714E-04   2.2355597416E+00   2.3869359785E+00   1.8380260163E-03   2.2623717165E+00   2.4228033688E+00   1.9205169613E-03   2.3913655729E+00   2.4500736637E+00   2.0463126292E-03   2.2312858532E+00   2.4144673398E+00   1.6296252284E-03   3.3423210573E-04
   1   -88   0    0   1.2543600396E-01   8.0054530725E+00   1.8506743779E-04   2.0374996923E+00   2.3764498632E+00   3.7608616641E-04   2.1326530401E+00   2.3481986793E+00   7.4571191448E-04   2.2351881201E+00   2.3871979132E+00   1.8358031337E-03   2.2629819691E+00   2.4231973040E+00   1.9202820277E-03   2.3919573939E+00   2.4506478448E+00   2.0470217491E-03   2.2315257642E+00   2.4148508298E+00   1.6288195671E-03   3.3426361590E-04
   1   -89   0    0   1.1555179983E-01   8.0061320995E+00   1.8442066863E-04   2.0369237405E+00   2.3766408708E+00   3.7346662395E-04   2.1321916112E+00   2.3484759324E+00   7.4387589490E-04   2.2348174106E+00   2.3874636215E+00   1.8335794875E-03   2.2635991812E+00   2.4235937570E+00   1.9200433323E-03   2.3925527061E+00   2.4512254104E+00   2.0477325357E-03   2.2317736352E+00   2.4152367711E+00   1.6280072950E-03   3.3429534667E-04
   1   -90   0    0   1.0566952990E-01   8.0068201121E+00   1.8377310287E-04   2.0363444137E+00   2.3768354143E+00   3.7084092306E-04   2.1317242426E+00   2.3487568542E+00   7.4203768494E-04   2.2344477635E+00   2.3877330598E+00   1.8313557765E-03   2.2642233087E+00   2.4239926458E+00   1.9198009416E-03   2.3931513666E+00   2.4518062220E+00   2.0484447701E-03   2.2320296034E+00   2.4156250847E+00   1.6271886522E-03   3.3432729103E-04
   1   -91   0    0   9.5789178961E-02   8.0075170371E+00   1.8312496563E-04   2.0357618367E+00   2.3770334723E+00   3.6820991371E-04   2.1312509265E+00   2.3490413942E+00   7.4019787593E-04   2.2340793293E+00   2.3880061804E+00   1.8291327017E-03   2.2648543025E+00   2.4243938864E+00   1.9195549270E-03   2.3937532292E+00   2.4523901378E+00   2.0491582306E-03   2.2322938004E+00   2.4160156895E+00   1.6263638881E-03   3.3435944178E-04
   1   -92   0    0   8.5910729814E-02   8.0082227944E+00   1.8247648348E-04   2.0351761373E+00   2.3772350206E+00   3.6557445567E-04   2.1307716592E+00   2.3493294982E+00   7.3835706323E-04   2.2337122578E+00   2.3882829326E+00   1.8269109653E-03   2.2654921087E+00   2.4247973929E+00   1.9193053651E-03   2.3943581444E+00   2.4529770128E+00   2.0498726935E-03   2.2325663525E+00   2.4164085027E+00   1.6255332608E-03   3.3439179152E-04
   1   -93   0    0   7.6034163255E-02   8.0089372960E+00   1.8182788413E-04   2.0345874461E+00   2.3774400314E+00   3.6293541728E-04   2.1302864416E+00   2.3496211087E+00   7.3651584535E-04   2.2333466982E+00   2.3885632619E+00   1.8246912700E-03   2.2661366684E+00   2.4252030774E+00   1.9190523373E-03   2.3949659599E+00   2.4535666992E+00   2.0505879328E-03   2.2328473793E+00   2.4168034397E+00   1.6246970371E-03   3.3442433264E-04
   1   -94   0    0   6.6159458063E-02   8.0096604468E+00   1.8117939603E-04   2.0339958964E+00   2.3776484740E+00   3.6029367425E-04   2.1297952791E+00   2.3499161649E+00   7.3467482314E-04   2.2329827987E+00   2.3888471105E+00   1.8224743175E-03   2.2667879176E+00   2.4256108506E+00   1.9187959298E-03   2.3955765203E+00   2.4541590465E+00   2.0513037211E-03   2.2331369940E+00   2.4172004143E+00   1.6238554918E-03   3.3445705741E-04
   1   -95   0    0   5.6286590992E-02   8.0103921442E+00   1.8053124804E-04   2.0334016237E+00   2.3778603145E+00   3.5765010832E-04   2.1292981822E+00   2.3502146027E+00   7.3283459887E-04   2.2326207061E+00   2.3891344173E+00   1.8202608083E-03   2.2674457872E+00   2.4260206214E+00   1.9185362337E-03   2.3961896677E+00   2.4547539016E+00   2.0520198295E-03   2.2334353026E+00   2.4175993388E+00   1.6230089077E-03   3.3448995788E-04
   1   -96   0    0   4.6415536772E-02   8.0111322783E+00   1.7988366905E-04   2.0328047661E+00   2.3780755157E+00   3.5500560595E-04   2.1287951663E+00   2.3505163549E+00   7.3099577534E-04   2.2322605656E+00   2.3894251179E+00   1.8180514398E-03   2.2681102031E+00   2.4264322972E+00   1.9182733443E-03   2.3968052420E+00   2.4553511091E+00   2.0527360279E-03   2.2337424037E+00   2.4180001240E+00   1.6221575748E-03   3.3452302598E-04
   1   -97   0    0   3.6546268108E-02   8.0118807318E+00   1.7923688758E-04   2.0322054636E+00   2.3782940375E+00   3.5236105693E-04   2.1282862523E+00   2.3508213511E+00   7.2915895499E-04   2.2319025205E+00   2.3897191447E+00   1.8158469061E-03   2.2687810858E+00   2.4268457841E+00   1.9180073618E-03   2.3974230805E+00   2.4559505115E+00   2.0534520858E-03   2.2340583877E+00   2.4184026795E+00   1.6213017901E-03   3.3455625348E-04
   1   -98   0    0   2.6678755688E-02   8.0126373803E+00   1.7859113140E-04   2.0316038579E+00   2.3785158368E+00   3.4971735297E-04   2.1277714664E+00   2.3511295181E+00   7.2732473893E-04   2.2315467120E+00   2.3900164271E+00   1.8136478963E-03   2.2694583507E+00   2.4272609868E+00   1.9177383903E-03   2.3980430191E+00   2.4565519494E+00   2.0541677722E-03   2.2343833369E+00   2.4188069135E+00   1.6204418572E-03   3.3458963203E-04
   1   -99   0    0   1.6812968196E-02   8.0134020923E+00   1.7794662718E-04   2.0310000927E+00   2.3787408674E+00   3.4707538627E-04   2.1272508407E+00   2.3514407797E+00   7.2549372604E-04   2.2311932786E+00   2.3903168915E+00   1.8114550939E-03   2.2701419080E+00   2.4276778090E+00   1.9174665380E-03   2.3986648914E+00   2.4571552617E+00   2.0548828560E-03   2.2347173248E+00   2.4192127332E+00   1.6195780854E-03   3.3462315315E-04
   1  -100   0    0   6.9488723237E-03   8.0141747291E+00   1.7730360004E-04   2.0303943127E+00   2.3789690803E+00   3.4443604805E-04   2.1267244133E+00   2.3517550572E+00   7.2366651195E-04   2.2308423560E+00   2.3906204616E+00   1.8092691755E-03   2.2708316627E+00   2.4280961535E+00   1.9171919172E-03   2.3992885300E+00   2.4577602860E+00   2.0555971068E-03   2.2350604160E+00   2.4196200452E+00   1.6187107896E-03   3.3465680825E-04
   1  -101   0    0  -2.9135672077E-03   8.0149551455E+00   1.7666227322E-04   2.0297866639E+00   2.3792004236E+00   3.4180022708E-04   2.1261922282E+00   2.3520722690E+00   7.2184368814E-04   2.2304940768E+00   2.3909270581E+00   1.8070908100E-03   2.2715275144E+00   2.4285159220E+00   1.9169146437E-03   2.3999137661E+00   2.4583668587E+00   2.0563102945E-03   2.2354126655E+00   2.4200287547E+00   1.6178402897E-03   3.3469058867E-04
   1  -102   0    0  -1.2774387621E-02   8.0157431893E+00   1.7602286766E-04   2.0291772934E+00   2.3794348428E+00   3.3916880815E-04   2.1256543357E+00   2.3523923312E+00   7.2002584096E-04   2.2301485703E+00   2.3912365993E+00   1.8049206573E-03   2.2722293576E+00   2.4289370155E+00   1.9166348366E-03   2.4005404299E+00   2.4589748151E+00   2.0570221904E-03   2.2357741188E+00   2.4204387666E+00   1.6169669096E-03   3.3472448563E-04
   1  -103   0    0  -2.2633628052E-02   8.0165387019E+00   1.7538560162E-04   2.0285663485E+00   2.3796722807E+00   3.3654267057E-04   2.1251107927E+00   2.3527151575E+00   7.1821355065E-04   2.2298059620E+00   2.3915490010E+00   1.8027593678E-03   2.2729370818E+00   2.4293593347E+00   1.9163526184E-03   2.4011683510E+00   2.4595839902E+00   2.0577325673E-03   2.2361448115E+00   2.4208499852E+00   1.6160909772E-03   3.3475849030E-04
   1  -104   0    0  -3.2491329517E-02   8.0173415183E+00   1.7475069031E-04   2.0279539773E+00   2.3799126774E+00   3.3392268666E-04   2.1245616623E+00   2.3530406595E+00   7.1640739039E-04   2.2294663734E+00   2.3918641769E+00   1.8006075805E-03   2.2736505711E+00   2.4297827795E+00   1.9160681145E-03   2.4017973586E+00   2.4601942183E+00   2.0584411995E-03   2.2365247689E+00   2.4212623143E+00   1.6152128232E-03   3.3479259381E-04
   1  -105   0    0  -4.2347534872E-02   8.0181514675E+00   1.7411834550E-04   2.0273403278E+00   2.3801559708E+00   3.3130972026E-04   2.1240070145E+00   2.3533687466E+00   7.1460792536E-04   2.2291299217E+00   2.3921820382E+00   1.7984659229E-03   2.2743697048E+00   2.4302072496E+00   1.9157814528E-03   2.4024272818E+00   2.4608053337E+00   2.0591478640E-03   2.2369140061E+00   2.4216756574E+00   1.6143327811E-03   3.3482678723E-04
   1  -106   0    0  -5.2202288765E-02   8.0189683723E+00   1.7348877516E-04   2.0267255477E+00   2.3804020963E+00   3.2870462516E-04   2.1234469260E+00   2.3536993265E+00   7.1281571178E-04   2.2287967197E+00   2.3925024944E+00   1.7963350096E-03   2.2750943568E+00   2.4306326447E+00   1.9154927638E-03   2.4030579496E+00   2.4614171707E+00   2.0598523401E-03   2.2373125273E+00   2.4220899180E+00   1.6134511859E-03   3.3486106160E-04
   1  -107   0    0  -6.2055637587E-02   8.0197920502E+00   1.7286218310E-04   2.0261097845E+00   2.3806509872E+00   3.2610824371E-04   2.1228814803E+00   2.3540323052E+00   7.1103129602E-04   2.2284668753E+00   2.3928254531E+00   1.7942154413E-03   2.2758243967E+00   2.4310588645E+00   1.9152021800E-03   2.4036891917E+00   2.4620295642E+00   2.0605544102E-03   2.2377203265E+00   2.4225049994E+00   1.6125683738E-03   3.3489540797E-04
   1  -108   0    0  -7.1907629419E-02   8.0206223131E+00   1.7223876864E-04   2.0254931847E+00   2.3809025746E+00   3.2352140527E-04   2.1223107677E+00   2.3543675870E+00   7.0925521368E-04   2.2281404914E+00   2.3931508202E+00   1.7921078042E-03   2.2765596887E+00   2.4314858085E+00   1.9149098357E-03   2.4043208382E+00   2.4626423496E+00   2.0612538599E-03   2.2381373864E+00   2.4229208053E+00   1.6116846817E-03   3.3492981738E-04
   1  -109   0    0  -8.1758313971E-02   8.0214589678E+00   1.7161872626E-04   2.0248758940E+00   2.3811567877E+00   3.2094492482E-04   2.1217348855E+00   2.3547050750E+00   7.0748798871E-04   2.2278176656E+00   2.3934785001E+00   1.7900126688E-03   2.2773000927E+00   2.4319133769E+00   1.9146158667E-03   2.4049527205E+00   2.4632553633E+00   2.0619504787E-03   2.2385636792E+00   2.4233372395E+00   1.6108004460E-03   3.3496428087E-04
   1  -110   0    0  -9.1607742513E-02   8.0223018161E+00   1.7100224526E-04   2.0242580565E+00   2.3814135540E+00   3.1837960154E-04   2.1211539380E+00   2.3550446710E+00   7.0573013257E-04   2.2274984903E+00   2.3938083959E+00   1.7879305892E-03   2.2780454639E+00   2.4323414701E+00   1.9143204101E-03   2.4055846710E+00   2.4638684430E+00   2.0626440600E-03   2.2389991661E+00   2.4237542061E+00   1.6099160023E-03   3.3499878955E-04
   1  -111   0    0  -1.0145596781E-01   8.0231506554E+00   1.7038950951E-04   2.0236398150E+00   2.3816727989E+00   3.1582621747E-04   2.1205680361E+00   2.3553862758E+00   7.0398214343E-04   2.2271830519E+00   2.3941404098E+00   1.7858621023E-03   2.2787956530E+00   2.4327699891E+00   1.9140236039E-03   2.4062165235E+00   2.4644814275E+00   2.0633344016E-03   2.2394437971E+00   2.4241716102E+00   1.6090316849E-03   3.3503333453E-04
   1  -112   0    0  -1.1130304406E-01   8.0240052789E+00   1.6978069710E-04   2.0230213102E+00   2.3819344467E+00   3.1328553620E-04   2.1199772980E+00   2.3557297894E+00   7.0224450536E-04   2.2268714312E+00   2.3944744427E+00   1.7838077269E-03   2.2795505066E+00   2.4331988358E+00   1.9137255865E-03   2.4068481138E+00   2.4650941577E+00   2.0640213062E-03   2.2398975119E+00   2.4245893570E+00   1.6081478255E-03   3.3506790701E-04
   1  -113   0    0  -1.2114902680E-01   8.0248654757E+00   1.6917598011E-04   2.0224026808E+00   2.3821984201E+00   3.1075830162E-04   2.1193818483E+00   2.3560751112E+00   7.0051768764E-04   2.2265637028E+00   2.3948103950E+00   1.7817679632E-03   2.2803098671E+00   2.4336279126E+00   1.9134264969E-03   2.4074792795E+00   2.4657064763E+00   2.0647045812E-03   2.2403602388E+00   2.4250073530E+00   1.6072647533E-03   3.3510249825E-04
   1  -114   0    0  -1.3099397280E-01   8.0257310313E+00   1.6857552437E-04   2.0217840631E+00   2.3824646403E+00   3.0824523672E-04   2.1187818185E+00   2.3564221400E+00   6.9880214403E-04   2.2262599353E+00   2.3951481662E+00   1.7797432923E-03   2.2810735730E+00   2.4340571233E+00   1.9131264738E-03   2.4081098607E+00   2.4663182281E+00   2.0653840396E-03   2.2408318960E+00   2.4254255053E+00   1.6063827937E-03   3.3513709960E-04
   1  -115   0    0  -1.4083794007E-01   8.0266017281E+00   1.6797948919E-04   2.0211655906E+00   2.3827330277E+00   3.0574704248E-04   2.1181773467E+00   2.3567707743E+00   6.9709831216E-04   2.2259601911E+00   2.3954876557E+00   1.7777341749E-03   2.2818414589E+00   2.4344863724E+00   1.9128256557E-03   2.4087396997E+00   2.4669292604E+00   2.0660595001E-03   2.2413123907E+00   2.4258437224E+00   1.6055022682E-03   3.3517170251E-04
   1  -116   0    0  -1.5068098764E-01   8.0274773454E+00   1.6738802719E-04   2.0205473940E+00   2.3830035015E+00   3.0326439685E-04   2.1175685774E+00   2.3571209126E+00   6.9540661291E-04   2.2256645261E+00   2.3958287625E+00   1.7757410515E-03   2.2826133562E+00   2.4349155659E+00   1.9125241806E-03   2.4093686417E+00   2.4675394231E+00   2.0667307869E-03   2.2418016199E+00   2.4262619136E+00   1.6046234932E-03   3.3520629852E-04
   1  -117   0    0  -1.6052317561E-01   8.0283576599E+00   1.6680128408E-04   2.0199296010E+00   2.3832759802E+00   3.0079795373E-04   2.1169556616E+00   2.3574724532E+00   6.9372744988E-04   2.2253729900E+00   2.3961713856E+00   1.7737643417E-03   2.2833890926E+00   2.4353446112E+00   1.9122221852E-03   2.4099965348E+00   2.4681485690E+00   2.0673977307E-03   2.2422994707E+00   2.4266799898E+00   1.6037467801E-03   3.3524087933E-04
   1  -118   0    0  -1.7036456492E-01   8.0292424460E+00   1.6621939855E-04   2.0193123358E+00   2.3835503813E+00   2.9834834214E-04   2.1163387563E+00   2.3578252948E+00   6.9206120895E-04   2.2250856258E+00   2.3965154238E+00   1.7718044434E-03   2.2841684928E+00   2.4357734169E+00   1.9119198053E-03   2.4106232302E+00   2.4687565540E+00   2.0680601684E-03   2.2428058201E+00   2.4270978631E+00   1.6028724341E-03   3.3527543674E-04
   1  -119   0    0  -1.8020521737E-01   8.0301314762E+00   1.6564250209E-04   2.0186957190E+00   2.3838266222E+00   2.9591616539E-04   2.1157180244E+00   2.3581793363E+00   6.9040825780E-04   2.2248024702E+00   2.3968607766E+00   1.7698617333E-03   2.2849513789E+00   2.4362018935E+00   1.9116171752E-03   2.4112485826E+00   2.4693632370E+00   2.0687179436E-03   2.2433205353E+00   2.4275154473E+00   1.6020007542E-03   3.3530996271E-04
   1  -120   0    0  -1.9004519545E-01   8.0310245216E+00   1.6507071891E-04   2.0180798677E+00   2.3841046194E+00   2.9350200042E-04   2.1150936345E+00   2.3585344773E+00   6.8876894558E-04   2.2245235533E+00   2.3972073436E+00   1.7679365655E-03   2.2857375699E+00   2.4366299528E+00   1.9113144273E-03   2.4118724499E+00   2.4699684805E+00   2.0693709064E-03   2.2438434746E+00   2.4279326575E+00   1.6011320321E-03   3.3534444935E-04
   1  -121   0    0  -1.9988456228E-01   8.0319213516E+00   1.6450416582E-04   2.0174648950E+00   2.3843842893E+00   2.9110639713E-04   2.1144657607E+00   2.3588906179E+00   6.8714360263E-04   2.2242488987E+00   2.3975550250E+00   1.7660292725E-03   2.2865268825E+00   2.4370575087E+00   1.9110116922E-03   2.4124946940E+00   2.4705721505E+00   2.0700189140E-03   2.2443744870E+00   2.4283494107E+00   1.6002665523E-03   3.3537888894E-04
   1  -122   0    0  -2.0972338148E-01   8.0328217352E+00   1.6394295220E-04   2.0168509099E+00   2.3846655482E+00   2.8872987793E-04   2.1138345824E+00   2.3592476590E+00   6.8553254020E-04   2.2239785236E+00   2.3979037219E+00   1.7641401639E-03   2.2873191314E+00   2.4374844768E+00   1.9107090980E-03   2.4131151803E+00   2.4711741167E+00   2.0706618305E-03   2.2449134129E+00   2.4287656255E+00   1.5994045913E-03   3.3541327392E-04
   1  -123   0    0  -2.1956171710E-01   8.0337254404E+00   1.6338717995E-04   2.0162380175E+00   2.3849483123E+00   2.8637293728E-04   2.1132002837E+00   2.3596055025E+00   6.8393605035E-04   2.2237124390E+00   2.3982533359E+00   1.7622695273E-03   2.2881141292E+00   2.4379107745E+00   1.9104067704E-03   2.4137337783E+00   2.4717742526E+00   2.0712995274E-03   2.2454600846E+00   2.4291812226E+00   1.5985464174E-03   3.3544759692E-04
   1  -124   0    0  -2.2939963351E-01   8.0346322350E+00   1.6283694349E-04   2.0156263183E+00   2.3852324978E+00   2.8403604142E-04   2.1125630536E+00   2.3599640514E+00   6.8235440575E-04   2.2234506494E+00   2.3986037698E+00   1.7604176276E-03   2.2889116868E+00   2.4383363213E+00   1.9101048326E-03   2.4143503616E+00   2.4723724356E+00   2.0719318832E-03   2.2460143263E+00   2.4295961241E+00   1.5976922901E-03   3.3548185075E-04
   1  -125   0    0  -2.3923719528E-01   8.0355418870E+00   1.6229232975E-04   2.0150159088E+00   2.3855180213E+00   2.8171962811E-04   2.1119230851E+00   2.3603232099E+00   6.8078785973E-04   2.2231931532E+00   2.3989549275E+00   1.7585847075E-03   2.2897116137E+00   2.4387610388E+00   1.9098034046E-03   2.4149648079E+00   2.4729685472E+00   2.0725587838E-03   2.2465759549E+00   2.4300102544E+00   1.5968424598E-03   3.3551602840E-04
   1  -126   0    0  -2.4907446712E-01   8.0364541644E+00   1.6175341823E-04   2.0144068808E+00   2.3858047994E+00   2.7942410655E-04   2.1112805754E+00   2.3606828832E+00   6.7923664624E-04   2.2229399427E+00   2.3993067140E+00   1.7567709875E-03   2.2905137181E+00   2.4391848504E+00   1.9095026036E-03   2.4155769991E+00   2.4735624729E+00   2.0731801223E-03   2.2471447801E+00   2.4304235398E+00   1.5959971680E-03   3.3555012309E-04
   1  -127   0    0  -2.5891151376E-01   8.0373688362E+00   1.6122028105E-04   2.0137993219E+00   2.3860927494E+00   2.7714985732E-04   2.1106357253E+00   2.3610429782E+00   6.7770097997E-04   2.2226910045E+00   2.3996590358E+00   1.7549766660E-03   2.2913178073E+00   2.4396076820E+00   1.9092025432E-03   2.4161868214E+00   2.4741541025E+00   2.0737957993E-03   2.2477206051E+00   2.4308359086E+00   1.5951566461E-03   3.3558412822E-04
   1  -128   0    0  -2.6874839985E-01   8.0382856718E+00   1.6069298304E-04   2.0131933150E+00   2.3863817890E+00   2.7489723252E-04   2.1099887387E+00   2.3614034032E+00   6.7618105646E-04   2.2224463193E+00   2.4000118004E+00   1.7532019197E-03   2.2921236879E+00   2.4400294613E+00   1.9089033341E-03   2.4167941653E+00   2.4747433298E+00   2.0744057226E-03   2.2483032267E+00   2.4312472910E+00   1.5943211163E-03   3.3561803739E-04
   1  -129   0    0  -2.7858518989E-01   8.0392044422E+00   1.6017158183E-04   2.0125889388E+00   2.3866718366E+00   2.7266655587E-04   2.1093398227E+00   2.3617640681E+00   6.7467705232E-04   2.2222058623E+00   2.4003649173E+00   1.7514469037E-03   2.2929311661E+00   2.4404501184E+00   1.9086050830E-03   2.4173989257E+00   2.4753300529E+00   2.0750098075E-03   2.2488924361E+00   2.4316576193E+00   1.5934907906E-03   3.3565184441E-04
   1  -130   0    0  -2.8842194809E-01   8.0401249194E+00   1.5965612800E-04   2.0119862674E+00   2.3869628111E+00   2.7045812301E-04   2.1086891868E+00   2.3621248843E+00   6.7318912550E-04   2.2219696034E+00   2.4007182972E+00   1.7497117523E-03   2.2937400476E+00   2.4408695854E+00   1.9083078932E-03   2.4180010020E+00   2.4759141743E+00   2.0756079763E-03   2.2494880194E+00   2.4320668281E+00   1.5926658708E-03   3.3568554331E-04
   1  -131   0    0  -2.9825873835E-01   8.0410468771E+00   1.5914666521E-04   2.0113853705E+00   2.3872546325E+00   2.6827220183E-04   2.1080370428E+00   2.3624857649E+00   6.7171741557E-04   2.2217375075E+00   2.4010718526E+00   1.7479965790E-03   2.2945501383E+00   2.4412877967E+00   1.9080118644E-03   2.4186002977E+00   2.4764956005E+00   2.0762001585E-03   2.2500897573E+00   2.4324748537E+00   1.5918465490E-03   3.3571912832E-04
   1  -132   0    0  -3.0809562412E-01   8.0419700910E+00   1.5864323034E-04   2.0107863136E+00   2.3875472213E+00   2.6610903293E-04   2.1073836043E+00   2.3628466251E+00   6.7026204409E-04   2.2215095345E+00   2.4014254976E+00   1.7463014773E-03   2.2953612441E+00   2.4417046888E+00   1.9077170922E-03   2.4191967208E+00   2.4770742423E+00   2.0767862906E-03   2.2506974266E+00   2.4328816347E+00   1.5910330068E-03   3.3575259389E-04
   1  -133   0    0  -3.1793266835E-01   8.0428943385E+00   1.5814585371E-04   2.0101891578E+00   2.3878404991E+00   2.6396883006E-04   2.1067290863E+00   2.3632073813E+00   6.6882311506E-04   2.2212856395E+00   2.4017791481E+00   1.7446265212E-03   2.2961731717E+00   2.4421202005E+00   1.9074236685E-03   2.4197901836E+00   2.4776500147E+00   2.0773663163E-03   2.2513107999E+00   2.4332871117E+00   1.5902254157E-03   3.3578593465E-04
   1  -134   0    0  -3.2776993338E-01   8.0438193995E+00   1.5765455925E-04   2.0095939603E+00   2.3881343886E+00   2.6185178078E-04   2.1060737048E+00   2.3635679523E+00   6.6740071529E-04   2.2210657736E+00   2.4021327217E+00   1.7429717654E-03   2.2969857280E+00   2.4425342725E+00   1.9071316813E-03   2.4203806027E+00   2.4782228368E+00   2.0779401856E-03   2.2519296464E+00   2.4336912273E+00   1.5894239371E-03   3.3581914548E-04
   1  -135   0    0  -3.3760748088E-01   8.0447450561E+00   1.5716936471E-04   2.0090007741E+00   2.3884288132E+00   2.5975804703E-04   2.1054176768E+00   2.3639282584E+00   6.6599491497E-04   2.2208498835E+00   2.4024861378E+00   1.7413372465E-03   2.2977987209E+00   2.4429468479E+00   1.9068412146E-03   2.4209678988E+00   2.4787926318E+00   2.0785078556E-03   2.2525537320E+00   2.4340939261E+00   1.5886287223E-03   3.3585222143E-04
   1  -136   0    0  -3.4744537181E-01   8.0456710929E+00   1.5669028188E-04   2.0084096483E+00   2.3887236977E+00   2.5768776589E-04   2.1047612194E+00   2.3642882220E+00   6.6460576815E-04   2.2206379122E+00   2.4028393179E+00   1.7397229832E-03   2.2986119593E+00   2.4433578716E+00   1.9065523485E-03   2.4215519968E+00   2.4793593269E+00   2.0790692894E-03   2.2531828202E+00   2.4344951547E+00   1.5878399126E-03   3.3588515777E-04
   1  -137   0    0  -3.5728366628E-01   8.0465972971E+00   1.5621731684E-04   2.0078206284E+00   2.3890189678E+00   2.5564105033E-04   2.1041045497E+00   2.3646477671E+00   6.6323331333E-04   2.2204297990E+00   2.4031921849E+00   1.7381289774E-03   2.2994252535E+00   2.4437672907E+00   1.9062651592E-03   2.4221328257E+00   2.4799228531E+00   2.0796244566E-03   2.2538166720E+00   2.4348948615E+00   1.5870576396E-03   3.3591794997E-04
   1  -138   0    0  -3.6712242356E-01   8.0475234589E+00   1.5575047016E-04   2.0072337564E+00   2.3893145505E+00   2.5361799000E-04   2.1034478845E+00   2.3650068200E+00   6.6187757403E-04   2.2202254799E+00   2.4035446640E+00   1.7365552145E-03   2.3002384149E+00   2.4441750544E+00   1.9059797189E-03   2.4227103182E+00   2.4804831453E+00   2.0801733328E-03   2.2544550468E+00   2.4352929970E+00   1.5862820249E-03   3.3595059368E-04
   1  -139   0    0  -3.7696170196E-01   8.0484493711E+00   1.5528973717E-04   2.0066490707E+00   2.3896103739E+00   2.5161865214E-04   2.1027914397E+00   2.3653653084E+00   6.6053855942E-04   2.2200248882E+00   2.4038966818E+00   1.7350016643E-03   2.3010512566E+00   2.4445811135E+00   1.9056960960E-03   2.4232844110E+00   2.4810401422E+00   2.0807158994E-03   2.2550977024E+00   2.4356895133E+00   1.5855131811E-03   3.3598308475E-04
   1  -140   0    0  -3.8680155881E-01   8.0493748295E+00   1.5483510823E-04   2.0060666067E+00   2.3899063673E+00   2.4964308239E-04   2.1021354303E+00   2.3657231623E+00   6.5921626494E-04   2.2198279542E+00   2.4042481671E+00   1.7334682821E-03   2.3018635932E+00   2.4449854209E+00   1.9054143549E-03   2.4238550447E+00   2.4815937859E+00   2.0812521435E-03   2.2557443955E+00   2.4360843645E+00   1.5847512110E-03   3.3601541922E-04
   1  -141   0    0  -3.9664205041E-01   8.0502996331E+00   1.5438656895E-04   2.0054863967E+00   2.3902024612E+00   2.4769130582E-04   2.1014800698E+00   2.3660803133E+00   6.5791067295E-04   2.2196346058E+00   2.4045990503E+00   1.7319550087E-03   2.3026752415E+00   2.4453879315E+00   1.9051345564E-03   2.4244221630E+00   2.4821440220E+00   2.0817820572E-03   2.2563948822E+00   2.4364775063E+00   1.5839962087E-03   3.3604759331E-04
   1  -142   0    0  -4.0648323194E-01   8.0512235838E+00   1.5394410048E-04   2.0049084703E+00   2.3904985873E+00   2.4576332779E-04   2.1008255700E+00   2.3664366950E+00   6.5662175342E-04   2.2194447689E+00   2.4049492638E+00   1.7304617721E-03   2.3034860199E+00   2.4457886016E+00   1.9048567576E-03   2.4249857135E+00   2.4826907997E+00   2.0823056381E-03   2.2570489183E+00   2.4368688960E+00   1.5832482594E-03   3.3607960339E-04
   1  -143   0    0  -4.1632515747E-01   8.0521464868E+00   1.5350767976E-04   2.0043328546E+00   2.3907946787E+00   2.4385913498E-04   2.1001721405E+00   2.3667922426E+00   6.5534946457E-04   2.2192583674E+00   2.4052987416E+00   1.7289884875E-03   2.3042957491E+00   2.4461873895E+00   1.9045810117E-03   2.4255456470E+00   2.4832340711E+00   2.0828228886E-03   2.2577062595E+00   2.4372584926E+00   1.5825074400E-03   3.3611144603E-04
   1  -144   0    0  -4.2616787988E-01   8.0530681503E+00   1.5307727979E-04   2.0037595742E+00   2.3910906694E+00   2.4197869636E-04   2.0995199887E+00   2.3671468931E+00   6.5409375356E-04   2.2190753237E+00   2.4056474195E+00   1.7275350586E-03   2.3051042521E+00   2.4465842549E+00   1.9043073688E-03   2.4261019173E+00   2.4837737917E+00   2.0833338155E-03   2.2583666616E+00   2.4376462566E+00   1.5817738190E-03   3.3614311795E-04
   1  -145   0    0  -4.3601145084E-01   8.0539883859E+00   1.5265286987E-04   2.0031886517E+00   2.3913864949E+00   2.4012196417E-04   2.0988693193E+00   2.3675005855E+00   6.5285455719E-04   2.2188955589E+00   2.4059952350E+00   1.7261013782E-03   2.3059113540E+00   2.4469791591E+00   1.9040358752E-03   2.4266544815E+00   2.4843099195E+00   2.0838384302E-03   2.2590298815E+00   2.4380321501E+00   1.5810474570E-03   3.3617461600E-04
   1  -146   0    0  -4.4585592077E-01   8.0549070083E+00   1.5223441589E-04   2.0026201077E+00   2.3916820918E+00   2.3828887491E-04   2.0982203341E+00   2.3678532602E+00   6.5163180252E-04   2.2187189931E+00   2.4063421274E+00   1.7246873289E-03   2.3067168824E+00   2.4473720651E+00   1.9037665739E-03   2.4272032994E+00   2.4848424158E+00   2.0843367481E-03   2.2596956766E+00   2.4384161363E+00   1.5803284072E-03   3.3620593722E-04
   1  -147   0    0  -4.5570133881E-01   8.0558238355E+00   1.5182188058E-04   2.0020539612E+00   2.3919773980E+00   2.3647935037E-04   2.0975732316E+00   2.3682048592E+00   6.5042540762E-04   2.2185455456E+00   2.4066880375E+00   1.7232927839E-03   2.3075206674E+00   2.4477629371E+00   1.9034995049E-03   2.4277483337E+00   2.4853712442E+00   2.0848287883E-03   2.2603638057E+00   2.4387981801E+00   1.5796167154E-03   3.3623707877E-04
   1  -148   0    0  -4.6554775281E-01   8.0567386886E+00   1.5141522372E-04   2.0014902298E+00   2.3922723523E+00   2.3469329858E-04   2.0969282072E+00   2.3685553264E+00   6.4923528217E-04   2.2183751351E+00   2.4070329076E+00   1.7219176082E-03   2.3083225419E+00   2.4481517406E+00   1.9032347048E-03   2.4282895496E+00   2.4858963709E+00   2.0853145739E-03   2.2610340289E+00   2.4391782473E+00   1.5789124206E-03   3.3626803793E-04
   1  -149   0    0  -4.7539520927E-01   8.0576513920E+00   1.5101440244E-04   2.0009289298E+00   2.3925668951E+00   2.3293061480E-04   2.0962854522E+00   2.3689046069E+00   6.4806132813E-04   2.2182076802E+00   2.4073766818E+00   1.7205616584E-03   2.3091223412E+00   2.4485384426E+00   1.9029722073E-03   2.4288269148E+00   2.4864177647E+00   2.0857941309E-03   2.2617061080E+00   2.4395563052E+00   1.5782155551E-03   3.3629881213E-04
   1  -150   0    0  -4.8524375336E-01   8.0585617735E+00   1.5061937143E-04   2.0003700764E+00   2.3928609676E+00   2.3119118247E-04   2.0956451543E+00   2.3692526476E+00   6.4690344040E-04   2.2180430993E+00   2.4077193054E+00   1.7192247845E-03   2.3099199033E+00   2.4489230111E+00   1.9027120434E-03   2.4293603992E+00   2.4869353962E+00   2.0862674886E-03   2.2623798067E+00   2.4399323221E+00   1.5775261451E-03   3.3632939891E-04
   1  -151   0    0  -4.9509342887E-01   8.0594696636E+00   1.5023008320E-04   1.9998136842E+00   2.3931545123E+00   2.2947487414E-04   2.0950074971E+00   2.3695993966E+00   6.4576150743E-04   2.2178813112E+00   2.4080607254E+00   1.7179068298E-03   2.3107150692E+00   2.4493054152E+00   1.9024542411E-03   2.4298899749E+00   2.4874492385E+00   2.0867346792E-03   2.2630548911E+00   2.4403062672E+00   1.5768442109E-03   3.3635979593E-04
   1  -152   0    0  -5.0494427822E-01   8.0603748966E+00   1.4984648826E-04   1.9992597670E+00   2.3934474728E+00   2.2778155240E-04   2.0943726598E+00   2.3699448035E+00   6.4463541180E-04   2.2177222349E+00   2.4084008901E+00   1.7166076319E-03   2.3115076827E+00   2.4496856252E+00   1.9021988259E-03   2.4304156162E+00   2.4879592665E+00   2.0871957375E-03   2.2637311292E+00   2.4406781110E+00   1.5761697671E-03   3.3639000094E-04
   1  -153   0    0  -5.1479634244E-01   8.0612773093E+00   1.4946853536E-04   1.9987083385E+00   2.3937397936E+00   2.2611107076E-04   2.0937408173E+00   2.3702888192E+00   6.4352503083E-04   2.2175657901E+00   2.4087397490E+00   1.7153270234E-03   2.3122975903E+00   2.4500636124E+00   1.9019458207E-03   2.4309372990E+00   2.4884654568E+00   2.0876507005E-03   2.2644082917E+00   2.4410478247E+00   1.5755028232E-03   3.3642001181E-04
   1  -154   0    0  -5.2464966114E-01   8.0621767420E+00   1.4909617172E-04   1.9981594119E+00   2.3940314206E+00   2.2446327451E-04   2.0931121398E+00   2.3706313959E+00   6.4243023717E-04   2.2174118974E+00   2.4090772530E+00   1.7140648324E-03   2.3130846415E+00   2.4504393488E+00   1.9016952462E-03   2.4314550012E+00   2.4889677879E+00   2.0880996076E-03   2.2650861521E+00   2.4414153804E+00   1.5748433838E-03   3.3644982650E-04
   1  -155   0    0  -5.3450427252E-01   8.0630730380E+00   1.4872934319E-04   1.9976130005E+00   2.3943223005E+00   2.2283800153E-04   2.0924867929E+00   2.3709724870E+00   6.4135089927E-04   2.2172604783E+00   2.4094133544E+00   1.7128208833E-03   2.3138686888E+00   2.4508128076E+00   1.9014471206E-03   2.4319687021E+00   2.4894662397E+00   2.0885425000E-03   2.2657644865E+00   2.4417807512E+00   1.5741914489E-03   3.3647944304E-04
   1  -156   0    0  -5.4436021338E-01   8.0639660436E+00   1.4836799447E-04   1.9970691177E+00   2.3946123809E+00   2.2123508308E-04   2.0918649372E+00   2.3713120472E+00   6.4028688194E-04   2.2171114553E+00   2.4097480064E+00   1.7115949969E-03   2.3146495876E+00   2.4511839626E+00   1.9012014602E-03   2.4324783827E+00   2.4899607937E+00   2.0889794207E-03   2.2664430742E+00   2.4421439108E+00   1.5735470142E-03   3.3650885957E-04
   1  -157   0    0  -5.5421751909E-01   8.0648556081E+00   1.4801206925E-04   1.9965277773E+00   2.3949016108E+00   2.1965434456E-04   2.0912467282E+00   2.3716500322E+00   6.3923804686E-04   2.2169647526E+00   2.4100811636E+00   1.7103869916E-03   2.3154271965E+00   2.4515527882E+00   1.9009582791E-03   2.4329840252E+00   2.4904514326E+00   2.0894104143E-03   2.2671216976E+00   2.4425048336E+00   1.5729100715E-03   3.3653807428E-04
   1  -158   0    0  -5.6407622358E-01   8.0657415836E+00   1.4766151043E-04   1.9959889936E+00   2.3951899397E+00   2.1809560626E-04   2.0906323167E+00   2.3719863988E+00   6.3820425297E-04   2.2168202956E+00   2.4104127814E+00   1.7091966834E-03   2.3162013768E+00   2.4519192598E+00   1.9007175897E-03   2.4334856132E+00   2.4909381403E+00   2.0898355266E-03   2.2678001420E+00   2.4428634946E+00   1.5722806088E-03   3.3656708545E-04
   1  -159   0    0  -5.7393635938E-01   8.0666238255E+00   1.4731626023E-04   1.9954527813E+00   2.3954773183E+00   2.1655868398E-04   2.0900218479E+00   2.3723211049E+00   6.3718535701E-04   2.2166780112E+00   2.4107428167E+00   1.7080238866E-03   2.3169719931E+00   2.4522833534E+00   1.9004794023E-03   2.4339831314E+00   2.4914209021E+00   2.0902548048E-03   2.2684781966E+00   2.4432198696E+00   1.5716586109E-03   3.3659589141E-04
   1  -160   0    0  -5.8379795758E-01   8.0675021917E+00   1.4697626036E-04   1.9949191561E+00   2.3957636981E+00   2.1504338968E-04   2.0894154620E+00   2.3726541094E+00   6.3618121381E-04   2.2165378283E+00   2.4110712269E+00   1.7068684143E-03   2.3177389129E+00   2.4526450453E+00   1.9002437259E-03   2.4344765656E+00   2.4918997041E+00   2.0906682969E-03   2.2691556537E+00   2.4435739348E+00   1.5710440595E-03   3.3662449057E-04
   1  -161   0    0  -5.9366104785E-01   8.0683765432E+00   1.4664145216E-04   1.9943881342E+00   2.3960490317E+00   2.1354953211E-04   2.0888132940E+00   2.3729853722E+00   6.3519167678E-04   2.2163996774E+00   2.4113979708E+00   1.7057300784E-03   2.3185020068E+00   2.4530043128E+00   1.9000105676E-03   2.4349659024E+00   2.4923745332E+00   2.0910760520E-03   2.2698323092E+00   2.4439256670E+00   1.5704369331E-03   3.3665288137E-04
   1  -162   0    0  -6.0352565845E-01   8.0692467439E+00   1.4631177671E-04   1.9938597331E+00   2.3963332723E+00   2.1207691736E-04   2.0882154732E+00   2.3733148539E+00   6.3421659819E-04   2.2162634910E+00   2.4117230080E+00   1.7046086908E-03   2.3192611485E+00   2.4533611333E+00   1.8997799334E-03   2.4354511297E+00   2.4928453775E+00   2.0914781197E-03   2.2705079628E+00   2.4442750435E+00   1.5698372080E-03   3.3668106233E-04
   1  -163   0    0  -6.1339181619E-01   8.0701126602E+00   1.4598717498E-04   1.9933339710E+00   2.3966163741E+00   2.1062534933E-04   2.0876221239E+00   2.3736425162E+00   6.3325582955E-04   2.2161292036E+00   2.4120462988E+00   1.7035040628E-03   2.3200162148E+00   2.4537154851E+00   1.8995518274E-03   2.4359322357E+00   2.4933122257E+00   2.0918745503E-03   2.2711824178E+00   2.4446220420E+00   1.5692448579E-03   3.3670903201E-04
   1  -164   0    0  -6.2325954652E-01   8.0709741616E+00   1.4566758791E-04   1.9928108675E+00   2.3968982921E+00   2.0919463027E-04   2.0870333648E+00   2.3739683216E+00   6.3230922187E-04   2.2159967518E+00   2.4123678047E+00   1.7024160061E-03   2.3207670855E+00   2.4540673466E+00   1.8993262531E-03   2.4364092096E+00   2.4937750673E+00   2.0922653945E-03   2.2718554812E+00   2.4449666408E+00   1.5686598543E-03   3.3673678900E-04
   1  -165   0    0  -6.3312887345E-01   8.0718311202E+00   1.4535295648E-04   1.9922904432E+00   2.3971789822E+00   2.0778456119E-04   2.0864493092E+00   2.3742922335E+00   6.3137662596E-04   2.2158660744E+00   2.4126874879E+00   1.7013443328E-03   2.3215136435E+00   2.4544166968E+00   1.8991032121E-03   2.4368820414E+00   2.4942338922E+00   2.0926507034E-03   2.2725269640E+00   2.4453088184E+00   1.5680821669E-03   3.3676433197E-04
   1  -166   0    0  -6.4299981959E-01   8.0726834108E+00   1.4504322187E-04   1.9917727200E+00   2.3974584011E+00   2.0639494225E-04   2.0858700650E+00   2.3746142159E+00   6.3045789266E-04   2.2157371121E+00   2.4130053113E+00   1.7002888558E-03   2.3222557747E+00   2.4547635152E+00   1.8988827055E-03   2.4373507214E+00   2.4946886912E+00   2.0930305282E-03   2.2731966812E+00   2.4456485537E+00   1.5675117633E-03   3.3679165958E-04
   1  -167   0    0  -6.5287240617E-01   8.0735309111E+00   1.4473832549E-04   1.9912577210E+00   2.3977365060E+00   2.0502557314E-04   2.0852957348E+00   2.3749342338E+00   6.2955287309E-04   2.2156098082E+00   2.4133212389E+00   1.6992493888E-03   2.3229933683E+00   2.4551077815E+00   1.8986647329E-03   2.4378152408E+00   2.4951394556E+00   2.0934049204E-03   2.2738644515E+00   2.4459858262E+00   1.5669486100E-03   3.3681877057E-04
   1  -168   0    0  -6.6274665304E-01   8.0743735013E+00   1.4443820904E-04   1.9907454705E+00   2.3980132554E+00   2.0367625342E-04   2.0847264158E+00   2.3752522528E+00   6.2866141881E-04   2.2154841081E+00   2.4136352351E+00   1.6982257469E-03   2.3237263165E+00   2.4554494758E+00   1.8984492933E-03   2.4382755910E+00   2.4955861770E+00   2.0937739316E-03   2.2745300978E+00   2.4463206156E+00   1.5663926715E-03   3.3684566369E-04
   1  -169   0    0  -6.7262257867E-01   8.0752110646E+00   1.4414281461E-04   1.9902359942E+00   2.3982886082E+00   2.0234678275E-04   2.0841621997E+00   2.3755682394E+00   6.2778338205E-04   2.2153599593E+00   2.4139472654E+00   1.6972177462E-03   2.3244545143E+00   2.4557885788E+00   1.8982363845E-03   2.4387317641E+00   2.4960288476E+00   2.0941376131E-03   2.2751934470E+00   2.4466529019E+00   1.5658439113E-03   3.3687233774E-04
   1  -170   0    0  -6.8250020017E-01   8.0760434866E+00   1.4385208470E-04   1.9897293192E+00   2.3985625242E+00   2.0103696122E-04   2.0836031731E+00   2.3758821606E+00   6.2691861580E-04   2.2152373120E+00   2.4142572958E+00   1.6962252047E-03   2.3251778602E+00   2.4561250712E+00   1.8980260036E-03   2.4391837526E+00   2.4964674602E+00   2.0944960165E-03   2.2758543300E+00   2.4469826656E+00   1.5653022918E-03   3.3689879155E-04
   1  -171   0    0  -6.9237953327E-01   8.0768706558E+00   1.4356596230E-04   1.9892254738E+00   2.3988349639E+00   1.9974658953E-04   2.0830494173E+00   2.3761939844E+00   6.2606697402E-04   2.2151161183E+00   2.4145652932E+00   1.6952479418E-03   2.3258962556E+00   2.4564589344E+00   1.8978181471E-03   2.4396315494E+00   2.4969020078E+00   2.0948491928E-03   2.2765125821E+00   2.4473098875E+00   1.5647677742E-03   3.3692502398E-04
   1  -172   0    0  -7.0226059239E-01   8.0776924633E+00   1.4328439088E-04   1.9887244873E+00   2.3991058887E+00   1.9847546921E-04   2.0825010083E+00   2.3765036791E+00   6.2522831165E-04   2.2149963328E+00   2.4148712252E+00   1.6942857787E-03   2.3266096049E+00   2.4567901499E+00   1.8976128105E-03   2.4400751479E+00   2.4973324838E+00   2.0951971933E-03   2.2771680424E+00   2.4476345485E+00   1.5642403188E-03   3.3695103391E-04
   1  -173   0    0  -7.1214339058E-01   8.0785088030E+00   1.4300731448E-04   1.9882263907E+00   2.3993752606E+00   1.9722340274E-04   2.0819580170E+00   2.3768112143E+00   6.2440248483E-04   2.2148779123E+00   2.4151750600E+00   1.6933385384E-03   2.3273178156E+00   2.4571186996E+00   1.8974099887E-03   2.4405145417E+00   2.4977588820E+00   2.0955400688E-03   2.2778205543E+00   2.4479566303E+00   1.5637198851E-03   3.3697682027E-04
   1  -174   0    0  -7.2202793961E-01   8.0793195715E+00   1.4273467767E-04   1.9877312158E+00   2.3996430425E+00   1.9599019376E-04   2.0814205094E+00   2.3771165597E+00   6.2358935085E-04   2.2147608160E+00   2.4154767667E+00   1.6924060458E-03   2.3280207983E+00   2.4574445660E+00   1.8972096760E-03   2.4409497251E+00   2.4981811968E+00   2.0958778697E-03   2.2784699655E+00   2.4482761145E+00   1.5632064317E-03   3.3700238201E-04
   1  -175   0    0  -7.3191424990E-01   8.0801246681E+00   1.4246642565E-04   1.9872389959E+00   2.3999091980E+00   1.9477564710E-04   2.0808885464E+00   2.3774196860E+00   6.2278876831E-04   2.2146450052E+00   2.4157763150E+00   1.6914881277E-03   2.3287184668E+00   2.4577677317E+00   1.8970118661E-03   2.4413806924E+00   2.4985994227E+00   2.0962106463E-03   2.2791161276E+00   2.4485929835E+00   1.5626999167E-03   3.3702771811E-04
   1  -176   0    0  -7.4180233060E-01   8.0809239949E+00   1.4220250418E-04   1.9867497650E+00   2.4001736915E+00   1.9357956893E-04   2.0803621839E+00   2.3777205646E+00   6.2200059709E-04   2.2145304432E+00   2.4160736754E+00   1.6905846130E-03   2.3294107378E+00   2.4580881796E+00   1.8968165522E-03   2.4418074386E+00   2.4990135546E+00   2.0965384486E-03   2.2797588968E+00   2.4489072196E+00   1.5622002976E-03   3.3705282758E-04
   1  -177   0    0  -7.5169218956E-01   8.0817174567E+00   1.4194285964E-04   1.9862635585E+00   2.4004364881E+00   1.9240176682E-04   2.0798414731E+00   2.3780191676E+00   6.2122469845E-04   2.2144170960E+00   2.4163688190E+00   1.6896953325E-03   2.3300975309E+00   2.4584058934E+00   1.8966237268E-03   2.4422299589E+00   2.4994235880E+00   2.0968613262E-03   2.2803981333E+00   2.4492188059E+00   1.5617075311E-03   3.3707770947E-04
   1  -178   0    0  -7.6158383337E-01   8.0825049612E+00   1.4168743905E-04   1.9857804124E+00   2.4006975537E+00   1.9124204973E-04   2.0793264606E+00   2.3783154677E+00   6.2046093497E-04   2.2143049311E+00   2.4166617178E+00   1.6888201189E-03   2.3307787692E+00   2.4587208568E+00   1.8964333820E-03   2.4426482490E+00   2.4998295184E+00   2.0971793283E-03   2.2810337014E+00   2.4495277256E+00   1.5612215738E-03   3.3710236286E-04
   1  -179   0    0  -7.7147726735E-01   8.0832864186E+00   1.4143619000E-04   1.9853003638E+00   2.4009568552E+00   1.9010022812E-04   2.0788171881E+00   2.3786094385E+00   6.1970917061E-04   2.2141939185E+00   2.4169523443E+00   1.6879588071E-03   2.3314543785E+00   2.4590330541E+00   1.8962455095E-03   2.4430623050E+00   2.5002313421E+00   2.0974925037E-03   2.2816654700E+00   2.4498339625E+00   1.5607423813E-03   3.3712678686E-04
   1  -180   0    0  -7.8137249560E-01   8.0840617424E+00   1.4118906074E-04   1.9848234506E+00   2.4012143600E+00   1.8897611389E-04   2.0783136930E+00   2.3789010541E+00   6.1896927071E-04   2.2140840299E+00   2.4172406720E+00   1.6871112338E-03   2.3321242878E+00   2.4593424699E+00   1.8960601004E-03   2.4434721233E+00   2.5006290556E+00   2.0978009011E-03   2.2822933119E+00   2.4501375008E+00   1.5602699092E-03   3.3715098060E-04
   1  -181   0    0  -7.9126952099E-01   8.0848308486E+00   1.4094600009E-04   1.9843497113E+00   2.4014700365E+00   1.8786952043E-04   2.0778160083E+00   2.3791902895E+00   6.1824110193E-04   2.2139752393E+00   2.4175266751E+00   1.6862772378E-03   2.3327884291E+00   2.4596490896E+00   1.8958771454E-03   2.4438777009E+00   2.5010226559E+00   2.0981045685E-03   2.2829171043E+00   2.4504383250E+00   1.5598041125E-03   3.3717494328E-04
   1  -182   0    0  -8.0116834519E-01   8.0855936561E+00   1.4070695748E-04   1.9838791849E+00   2.4017238538E+00   1.8678026258E-04   2.0773241625E+00   2.3794771205E+00   6.1752453227E-04   2.2138675222E+00   2.4178103283E+00   1.6854566595E-03   2.3334467373E+00   2.4599528987E+00   1.8956966348E-03   2.4442790353E+00   2.5014121403E+00   2.0984035539E-03   2.2835367285E+00   2.4507364203E+00   1.5593449459E-03   3.3719867409E-04
   1  -183   0    0  -8.1106896866E-01   8.0863500869E+00   1.4047188293E-04   1.9834119112E+00   2.4019757820E+00   1.8570815658E-04   2.0768381801E+00   2.3797615234E+00   6.1681943100E-04   2.2137608563E+00   2.4180916075E+00   1.6846493413E-03   2.3340991507E+00   2.4602538833E+00   1.8955185584E-03   2.4446761242E+00   2.5017975067E+00   2.0986979046E-03   2.2841520702E+00   2.4510317723E+00   1.5588923634E-03   3.3722217231E-04
   1  -184   0    0  -8.2097139072E-01   8.0871000656E+00   1.4024072704E-04   1.9829479301E+00   2.4022257918E+00   1.8465302009E-04   2.0763580814E+00   2.3800434756E+00   6.1612566866E-04   2.2136552206E+00   2.4183704891E+00   1.6838551274E-03   2.3347456103E+00   2.4605520301E+00   1.8953429058E-03   2.4450689661E+00   2.5021787536E+00   2.0989876679E-03   2.2847630192E+00   2.4513243671E+00   1.5584463191E-03   3.3724543721E-04
   1  -185   0    0  -8.3087560952E-01   8.0878435201E+00   1.4001344094E-04   1.9824872820E+00   2.4024738550E+00   1.8361467208E-04   2.0758838828E+00   2.3803229550E+00   6.1544311703E-04   2.2135505963E+00   2.4186469503E+00   1.6830738639E-03   2.3353860601E+00   2.4608473263E+00   1.8951696660E-03   2.4454575599E+00   2.5025558797E+00   2.0992728905E-03   2.2853694695E+00   2.4516141912E+00   1.5580067664E-03   3.3726846814E-04
   1  -186   0    0  -8.4078162210E-01   8.0885803811E+00   1.3978997633E-04   1.9820300073E+00   2.4027199442E+00   1.8259293282E-04   2.0754155968E+00   2.3805999406E+00   6.1477164902E-04   2.2134469659E+00   2.4189209694E+00   1.6823053981E-03   2.3360204475E+00   2.4611397597E+00   1.8949988276E-03   2.4458419051E+00   2.5029288846E+00   2.0995536191E-03   2.2859713193E+00   2.4519012320E+00   1.5575736584E-03   3.3729126447E-04
   1  -187   0    0  -8.5068942436E-01   8.0893105822E+00   1.3957028543E-04   1.9815761468E+00   2.4029640328E+00   1.8158762383E-04   2.0749532323E+00   2.3808744120E+00   6.1411113870E-04   2.2133443134E+00   2.4191925251E+00   1.6815495792E-03   2.3366487225E+00   2.4614293185E+00   1.8948303790E-03   2.4462220016E+00   2.5032977682E+00   2.0998298997E-03   2.2865684710E+00   2.4521854771E+00   1.5571469478E-03   3.3731382561E-04
   1  -188   0    0  -8.6059901116E-01   8.0900340603E+00   1.3935432094E-04   1.9811257409E+00   2.4032060951E+00   1.8059856776E-04   2.0744967944E+00   2.3811463497E+00   6.1346146118E-04   2.2132426246E+00   2.4194615974E+00   1.6808062580E-03   2.3372708382E+00   2.4617159919E+00   1.8946643081E-03   2.4465978503E+00   2.5036625311E+00   2.1001017785E-03   2.2871608311E+00   2.4524669150E+00   1.5567265870E-03   3.3733615104E-04
   1  -189   0    0  -8.7051037625E-01   8.0907507549E+00   1.3914203607E-04   1.9806788301E+00   2.4034461064E+00   1.7962558839E-04   2.0740462849E+00   2.3814157350E+00   6.1282249262E-04   2.2131418863E+00   2.4197281669E+00   1.6800752866E-03   2.3378867508E+00   2.4619997693E+00   1.8945006023E-03   2.4469694523E+00   2.5040231746E+00   2.1003693011E-03   2.2877483102E+00   2.4527455348E+00   1.5563125281E-03   3.3735824026E-04
   1  -190   0    0  -8.8042351239E-01   8.0914606090E+00   1.3893338450E-04   1.9802354547E+00   2.4036840429E+00   1.7866851053E-04   2.0736017020E+00   2.3816825502E+00   6.1219411014E-04   2.2130420869E+00   2.4199922150E+00   1.6793565184E-03   2.3384964193E+00   2.4622806410E+00   1.8943392490E-03   2.4473368097E+00   2.5043797003E+00   2.1006325131E-03   2.2883308231E+00   2.4530213259E+00   1.5559047224E-03   3.3738009284E-04
   1  -191   0    0  -8.9033841127E-01   8.0921635684E+00   1.3872832033E-04   1.9797956545E+00   2.4039198817E+00   1.7772715995E-04   2.0731630409E+00   2.3819467784E+00   6.1157619176E-04   2.2129432160E+00   2.4202537243E+00   1.6786498083E-03   2.3390998059E+00   2.4625585980E+00   1.8941802348E-03   2.4476999250E+00   2.5047321110E+00   2.1008914597E-03   2.2889082885E+00   2.4532942789E+00   1.5555031213E-03   3.3740170838E-04
   1  -192   0    0  -9.0025506365E-01   8.0928595822E+00   1.3852679813E-04   1.9793594689E+00   2.4041536007E+00   1.7680136332E-04   2.0727302934E+00   2.3822084036E+00   6.1096861637E-04   2.2128452643E+00   2.4205126780E+00   1.6779550124E-03   2.3396968754E+00   2.4628336318E+00   1.8940235463E-03   2.4480588017E+00   2.5050804097E+00   2.1011461860E-03   2.2894806295E+00   2.4535643847E+00   1.5551076755E-03   3.3742308655E-04
   1  -193   0    0  -9.1017345929E-01   8.0935486024E+00   1.3832877284E-04   1.9789269369E+00   2.4043851792E+00   1.7589094815E-04   2.0723034485E+00   2.3824674106E+00   6.1037126367E-04   2.2127482236E+00   2.4207690604E+00   1.6772719878E-03   2.3402875959E+00   2.4631057348E+00   1.8938691694E-03   2.4484134439E+00   2.5054246004E+00   2.1013967370E-03   2.2900477729E+00   2.4538316351E+00   1.5547183353E-03   3.3744422706E-04
   1  -194   0    0  -9.2009358703E-01   8.0942305842E+00   1.3813419980E-04   1.9784980966E+00   2.4046145969E+00   1.7499574271E-04   2.0718824921E+00   2.3827237854E+00   6.0978401413E-04   2.2126520869E+00   2.4210228567E+00   1.6766005928E-03   2.3408719381E+00   2.4633749001E+00   1.8937170899E-03   2.4487638564E+00   2.5057646878E+00   2.1016431573E-03   2.2906096495E+00   2.4540960225E+00   1.5543350507E-03   3.3746512969E-04
   1  -195   0    0  -9.3001543480E-01   8.0949054860E+00   1.3794303474E-04   1.9780729856E+00   2.4048418349E+00   1.7411557599E-04   2.0714674076E+00   2.3829775146E+00   6.0920674891E-04   2.2125568480E+00   2.4212740530E+00   1.6759406868E-03   2.3414498758E+00   2.4636411214E+00   1.8935672931E-03   2.4491100449E+00   2.5061006774E+00   2.1018854916E-03   2.2911661942E+00   2.4543575401E+00   1.5539577710E-03   3.3748579425E-04
   1  -196   0    0  -9.3993898967E-01   8.0955732692E+00   1.3775523373E-04   1.9776516404E+00   2.4050668751E+00   1.7325027759E-04   2.0710581755E+00   2.3832285861E+00   6.0863934985E-04   2.2124625016E+00   2.4215226364E+00   1.6752921301E-03   2.3420213855E+00   2.4639043935E+00   1.8934197640E-03   2.4494520158E+00   2.5064325752E+00   2.1021237845E-03   2.2917173458E+00   2.4546161821E+00   1.5535864454E-03   3.3750622064E-04
   1  -197   0    0  -9.4986423784E-01   8.0962338985E+00   1.3757075318E-04   1.9772340968E+00   2.4052897004E+00   1.7239967774E-04   2.0706547737E+00   2.3834769884E+00   6.0808169938E-04   2.2123690432E+00   2.4217685949E+00   1.6746547840E-03   2.3425864466E+00   2.4641647116E+00   1.8932744872E-03   2.4497897765E+00   2.5067603884E+00   2.1023580803E-03   2.2922630468E+00   2.4548719430E+00   1.5532210222E-03   3.3752640879E-04
   1  -198   0    0  -9.5979116470E-01   8.0968873415E+00   1.3738954983E-04   1.9768203895E+00   2.4055102948E+00   1.7156360718E-04   2.0702571778E+00   2.3837227113E+00   6.0753368055E-04   2.2122764693E+00   2.4220119176E+00   1.6740285105E-03   2.3431450413E+00   2.4644220720E+00   1.8931314469E-03   2.4501233350E+00   2.5070841247E+00   2.1025884233E-03   2.2928032437E+00   2.4551248186E+00   1.5528614497E-03   3.3754635870E-04
   1  -199   0    0  -9.6971975488E-01   8.0975335692E+00   1.3721158073E-04   1.9764105521E+00   2.4057286432E+00   1.7074189713E-04   2.0698653611E+00   2.3839657452E+00   6.0699517692E-04   2.2121847767E+00   2.4222525945E+00   1.6734131726E-03   2.3436971547E+00   2.4646764717E+00   1.8929906271E-03   2.4504527003E+00   2.5074037929E+00   2.1028148577E-03   2.2933378867E+00   2.4553748051E+00   1.5525076755E-03   3.3756607043E-04
   1  -200   0    0  -9.7964999222E-01   8.0981725555E+00   1.3703680320E-04   1.9760046170E+00   2.4059447317E+00   1.6993437929E-04   2.0694792944E+00   2.3842060819E+00   6.0646607257E-04   2.2120939632E+00   2.4224906165E+00   1.6728086338E-03   2.3442427745E+00   2.4649279085E+00   1.8928520112E-03   2.4507778824E+00   2.5077194025E+00   2.1030374277E-03   2.2938669298E+00   2.4556218999E+00   1.5521596466E-03   3.3758554411E-04
   1  -201   0    0  -9.8958185986E-01   8.0988042776E+00   1.3686517489E-04   1.9756026154E+00   2.4061585470E+00   1.6914088573E-04   2.0690989468E+00   2.3844437139E+00   6.0594625204E-04   2.2120040270E+00   2.4227259757E+00   1.6722147587E-03   2.3447818911E+00   2.4651763812E+00   1.8927155825E-03   2.4510988919E+00   2.5080309638E+00   2.1032561775E-03   2.2943903306E+00   2.4558661008E+00   1.5518173098E-03   3.3760477991E-04
   1  -202   0    0  -9.9951534026E-01   8.0994287156E+00   1.3669665368E-04   1.9752045771E+00   2.4063700773E+00   1.6836124890E-04   2.0687242849E+00   2.3846786347E+00   6.0543560032E-04   2.2119149667E+00   2.4229586650E+00   1.6716314121E-03   2.3453144979E+00   2.4654218891E+00   1.8925813239E-03   2.4514157405E+00   2.5083384882E+00   2.1034711510E-03   2.2949080505E+00   2.4561074069E+00   1.5514806113E-03   3.3762377808E-04
   1  -203  -4    7  -9.9999996228E-01   8.0994589907E+00   1.3668851153E-04   1.9751852616E+00   2.4063803377E+00   1.6832356773E-04   2.0687061528E+00   2.3846900253E+00   6.0541092194E-04   2.2119106445E+00   2.4229699478E+00   1.6716032219E-03   2.3453403132E+00   2.4654337898E+00   1.8925748296E-03   2.4514310910E+00   2.5083533870E+00   2.1034815421E-03   2.2949331602E+00   2.4561191044E+00   1.5514643295E-03   3.3762469879E-04
