       
   1    -1   0    0   9.9999997039E-01   7.9631573488E+00   1.9573279069E-04   2.0477035686E+00   2.3624788640E+00   2.0950940615E-04   2.1406451684E+00   2.3343000206E+00   6.3533343358E-04   2.2417062512E+00   2.3728775013E+00   1.7111824288E-03   2.2246621243E+00   2.4028050882E+00   1.9004798562E-03   2.3777808031E+00   2.4367895875E+00   2.0864793706E-03   2.2149863723E+00   2.3937018017E+00   1.5694428770E-03   3.3315420616E-04
   1    -2   0    0   9.8001242271E-01   7.9635489909E+00   1.9545803149E-04   2.0474932969E+00   2.3625961684E+00   2.0950480959E-04   2.1405054513E+00   2.3344461350E+00   6.3531636734E-04   2.2415609325E+00   2.3730227261E+00   1.7111364633E-03   2.2250243792E+00   2.4030224700E+00   1.9004743700E-03   2.3780357873E+00   2.4370374477E+00   2.0865080149E-03   2.2150551389E+00   2.3939191778E+00   1.5694383464E-03   3.3316925212E-04
   1    -3   0    0   9.7001902775E-01   7.9637507808E+00   1.9531677602E-04   2.0473850050E+00   2.3626566507E+00   2.0950244484E-04   2.1404333413E+00   2.3345214287E+00   6.3530758740E-04   2.2414862116E+00   2.3730975620E+00   1.7111128157E-03   2.2252109665E+00   2.4031343717E+00   1.9004715448E-03   2.3781670288E+00   2.4371650223E+00   2.0865227550E-03   2.2150909372E+00   2.3940310765E+00   1.5694360133E-03   3.3317699800E-04
   1    -4   0    0   9.6002589772E-01   7.9639566399E+00   1.9517289012E-04   2.0472745632E+00   2.3627183820E+00   2.0950003490E-04   2.1403596912E+00   2.3345982473E+00   6.3529863971E-04   2.2414100915E+00   2.3731739142E+00   1.7110887164E-03   2.2254012737E+00   2.4032484582E+00   1.9004686637E-03   2.3783008211E+00   2.4372950764E+00   2.0865377794E-03   2.2151277156E+00   2.3941451600E+00   1.5694336340E-03   3.3318489557E-04
   1    -5   0    0   9.5003304225E-01   7.9641666365E+00   1.9502633908E-04   2.0471619368E+00   2.3627813844E+00   2.0949757914E-04   2.1402844708E+00   2.3346766166E+00   6.3528952188E-04   2.2413325534E+00   2.3732518082E+00   1.7110641587E-03   2.2255953616E+00   2.4033647631E+00   1.9004657257E-03   2.3784372030E+00   2.4374276475E+00   2.0865530923E-03   2.2151655026E+00   2.3942614619E+00   1.5694312078E-03   3.3319294720E-04
   1    -6   0    0   9.4004047123E-01   7.9643808395E+00   1.9487708830E-04   2.0470470910E+00   2.3628456803E+00   2.0949507690E-04   2.1402076498E+00   2.3347565624E+00   6.3528023149E-04   2.2412535789E+00   2.3733312697E+00   1.7110391364E-03   2.2257932911E+00   2.4034833200E+00   1.9004627301E-03   2.3785762129E+00   2.4375627733E+00   2.0865686979E-03   2.2152043275E+00   2.3943800158E+00   1.5694287340E-03   3.3320115523E-04
   1    -7   0    0   9.3004819486E-01   7.9645993183E+00   1.9472510339E-04   2.0469299907E+00   2.3629112922E+00   2.0949252754E-04   2.1401291971E+00   2.3348381111E+00   6.3527076615E-04   2.2411731495E+00   2.3734123248E+00   1.7110136428E-03   2.2259951238E+00   2.4036041627E+00   1.9004596758E-03   2.3787178899E+00   2.4377004914E+00   2.0865846002E-03   2.2152442207E+00   2.3945008553E+00   1.5694262118E-03   3.3320952203E-04
   1    -8   0    0   9.2005622363E-01   7.9648221427E+00   1.9457035018E-04   2.0468106006E+00   2.3629782429E+00   2.0948993042E-04   2.1400490814E+00   2.3349212888E+00   6.3526112346E-04   2.2410912470E+00   2.3734949998E+00   1.7109876716E-03   2.2262009214E+00   2.4037273250E+00   1.9004565621E-03   2.3788622727E+00   2.4378408397E+00   2.0866008036E-03   2.2152852133E+00   2.3946240144E+00   1.5694236404E-03   3.3321804996E-04
   1    -9   0    0   9.1006456831E-01   7.9650493830E+00   1.9441279475E-04   2.0466888852E+00   2.3630465552E+00   2.0948728488E-04   2.1399672707E+00   2.3350061220E+00   6.3525130104E-04   2.2410078532E+00   2.3735793209E+00   1.7109612162E-03   2.2264107460E+00   2.4038528407E+00   1.9004533880E-03   2.3790094002E+00   2.4379838558E+00   2.0866173122E-03   2.2153273375E+00   2.3947495269E+00   1.5694210192E-03   3.3322674141E-04
   1   -10   0    0   9.0007324001E-01   7.9652811102E+00   1.9425240345E-04   2.0465648088E+00   2.3631162523E+00   2.0948459030E-04   2.1398837327E+00   2.3350926375E+00   6.3524129649E-04   2.2409229502E+00   2.3736653147E+00   1.7109342703E-03   2.2266246603E+00   2.4039807438E+00   1.9004501525E-03   2.3791593115E+00   2.4381295778E+00   2.0866341302E-03   2.2153706263E+00   2.3948774267E+00   1.5694183473E-03   3.3323559876E-04
   1   -11   0    0   8.9008225011E-01   7.9655173953E+00   1.9408914296E-04   2.0464383358E+00   2.3631873576E+00   2.0948184602E-04   2.1397984345E+00   2.3351808621E+00   6.3523110744E-04   2.2408365201E+00   2.3737530080E+00   1.7109068276E-03   2.2268427268E+00   2.4041110683E+00   1.9004468549E-03   2.3793120453E+00   2.4382780435E+00   2.0866512618E-03   2.2154151137E+00   2.3950077478E+00   1.5694156241E-03   3.3324462438E-04
   1   -12   0    0   8.8009161033E-01   7.9657583102E+00   1.9392298034E-04   2.0463094301E+00   2.3632598944E+00   2.0947905141E-04   2.1397113428E+00   2.3352708227E+00   6.3522073155E-04   2.2407485454E+00   2.3738424275E+00   1.7108788815E-03   2.2270650087E+00   2.4042438480E+00   1.9004434942E-03   2.3794676408E+00   2.4384292905E+00   2.0866687111E-03   2.2154608347E+00   2.3951405241E+00   1.5694128488E-03   3.3325382066E-04
   1   -13   0    0   8.7010133270E-01   7.9660039268E+00   1.9375388303E-04   2.0461780559E+00   2.3633338867E+00   2.0947620585E-04   2.1396224237E+00   2.3353625464E+00   6.3521016644E-04   2.2406590087E+00   2.3739336002E+00   1.7108504259E-03   2.2272915692E+00   2.4043791169E+00   1.9004400695E-03   2.3796261366E+00   2.4385833568E+00   2.0866864824E-03   2.2155078254E+00   2.3952757896E+00   1.5694100206E-03   3.3326318998E-04
   1   -14   0    0   8.6011142954E-01   7.9662543174E+00   1.9358181891E-04   2.0460441771E+00   2.3634093581E+00   2.0947330870E-04   2.1395316430E+00   2.3354560604E+00   6.3519940981E-04   2.2405678929E+00   2.3740265533E+00   1.7108214544E-03   2.2275224717E+00   2.4045169088E+00   1.9004365799E-03   2.3797875715E+00   2.4387402799E+00   2.0867045796E-03   2.2155561229E+00   2.3954135781E+00   1.5694071388E-03   3.3327273474E-04
   1   -15   0    0   8.5012191352E-01   7.9665095547E+00   1.9340675633E-04   2.0459077574E+00   2.3634863327E+00   2.0947035934E-04   2.1394389659E+00   2.3355513922E+00   6.3518845932E-04   2.2404751812E+00   2.3741213139E+00   1.7107919608E-03   2.2277577798E+00   2.4046572577E+00   1.9004330244E-03   2.3799519841E+00   2.4389000975E+00   2.0867230069E-03   2.2156057654E+00   2.3955539234E+00   1.5694042027E-03   3.3328245729E-04
   1   -16   0    0   8.4013279762E-01   7.9667697117E+00   1.9322866417E-04   2.0457687606E+00   2.3635648346E+00   2.0946735715E-04   2.1393443571E+00   2.3356485690E+00   6.3517731270E-04   2.2403808570E+00   2.3742179094E+00   1.7107619389E-03   2.2279975573E+00   2.4048001971E+00   1.9004294023E-03   2.3801194130E+00   2.4390628467E+00   2.0867417684E-03   2.2156567921E+00   2.3956968592E+00   1.5694012114E-03   3.3329236002E-04
   1   -17   0    0   8.3014409516E-01   7.9670348614E+00   1.9304751189E-04   2.0456271506E+00   2.3636448881E+00   2.0946430152E-04   2.1392477809E+00   2.3357476184E+00   6.3516596768E-04   2.2402849043E+00   2.3743163670E+00   1.7107313827E-03   2.2282418679E+00   2.4049457608E+00   1.9004257125E-03   2.3802898964E+00   2.4392285650E+00   2.0867608681E-03   2.2157092435E+00   2.3958424192E+00   1.5693981644E-03   3.3330244529E-04
   1   -18   0    0   8.2015581975E-01   7.9673050773E+00   1.9286326952E-04   2.0454828912E+00   2.3637265176E+00   2.0946119185E-04   2.1391492011E+00   2.3358485679E+00   6.3515442201E-04   2.2401873072E+00   2.3744167143E+00   1.7107002860E-03   2.2284907756E+00   2.4050939820E+00   1.9004219542E-03   2.3804634724E+00   2.4393972893E+00   2.0867803100E-03   2.2157631611E+00   2.3959906367E+00   1.5693950607E-03   3.3331271546E-04
   1   -19   0    0   8.1016798536E-01   7.9675804328E+00   1.9267590776E-04   2.0453359460E+00   2.3638097476E+00   2.0945802755E-04   2.1390485808E+00   2.3359514451E+00   6.3514267348E-04   2.2400880501E+00   2.3745189787E+00   1.7106686430E-03   2.2287443442E+00   2.4052448940E+00   1.9004181265E-03   2.3806401787E+00   2.4395690563E+00   2.0868000982E-03   2.2158185877E+00   2.3961415451E+00   1.5693918997E-03   3.3332317286E-04
   1   -20   0    0   8.0018060628E-01   7.9678610016E+00   1.9248539800E-04   2.0451862790E+00   2.3638946027E+00   2.0945480802E-04   2.1389458830E+00   2.3360562776E+00   6.3513071992E-04   2.2399871181E+00   2.3746231876E+00   1.7106364477E-03   2.2290026376E+00   2.4053985300E+00   1.9004142285E-03   2.3808200530E+00   2.4397439025E+00   2.0868202364E-03   2.2158755671E+00   2.3962951772E+00   1.5693886807E-03   3.3333381984E-04
   1   -21   0    0   7.9019369711E-01   7.9681468573E+00   1.9229171238E-04   2.0450338541E+00   2.3639811076E+00   2.0945153269E-04   2.1388410698E+00   2.3361630931E+00   6.3511855917E-04   2.2398844966E+00   2.3747293687E+00   1.7106036944E-03   2.2292657196E+00   2.4055549226E+00   1.9004102593E-03   2.3810031324E+00   2.4399218641E+00   2.0868407285E-03   2.2159341447E+00   2.3964515660E+00   1.5693854029E-03   3.3334465870E-04
   1   -22   0    0   7.8020727281E-01   7.9684380736E+00   1.9209482383E-04   2.0448786352E+00   2.3640692872E+00   2.0944820099E-04   2.1387341033E+00   2.3362719190E+00   6.3510618913E-04   2.2397801714E+00   2.3748375493E+00   1.7105703774E-03   2.2295336537E+00   2.4057141044E+00   1.9004062180E-03   2.3811894538E+00   2.4401029769E+00   2.0868615784E-03   2.2159943668E+00   2.3966107439E+00   1.5693820656E-03   3.3335569174E-04
   1   -23   0    0   7.7022134864E-01   7.9687347243E+00   1.9189470610E-04   2.0447205866E+00   2.3641591660E+00   2.0944481237E-04   2.1386249446E+00   2.3363827831E+00   6.3509360772E-04   2.2396741289E+00   2.3749477570E+00   1.7105364911E-03   2.2298065037E+00   2.4058761077E+00   1.9004021039E-03   2.3813790536E+00   2.4402872762E+00   2.0868827899E-03   2.2160562811E+00   2.3967727433E+00   1.5693786680E-03   3.3336692124E-04
   1   -24   0    0   7.6023594020E-01   7.9690368828E+00   1.9169133385E-04   2.0445596724E+00   2.3642507692E+00   2.0944136626E-04   2.1385135548E+00   2.3364957129E+00   6.3508081292E-04   2.2395663558E+00   2.3750600191E+00   1.7105020301E-03   2.2300843327E+00   2.4060409642E+00   1.9003979159E-03   2.3815719678E+00   2.4404747972E+00   2.0869043665E-03   2.2161199367E+00   2.3969375959E+00   1.5693752096E-03   3.3337834946E-04
   1   -25   0    0   7.5025106341E-01   7.9693446226E+00   1.9148468265E-04   2.0443958572E+00   2.3643441214E+00   2.0943786215E-04   2.1383998941E+00   2.3366107357E+00   6.3506780276E-04   2.2394568398E+00   2.3751743631E+00   1.7104669891E-03   2.2303672039E+00   2.4062087056E+00   1.9003936533E-03   2.3817682319E+00   2.4406655742E+00   2.0869263120E-03   2.2161853839E+00   2.3971053332E+00   1.5693716894E-03   3.3338997863E-04
   1   -26   0    0   7.4026673450E-01   7.9696580172E+00   1.9127472907E-04   2.0442291056E+00   2.3644392477E+00   2.0943429952E-04   2.1382839225E+00   2.3367278789E+00   6.3505457529E-04   2.2393455686E+00   2.3752908161E+00   1.7104313627E-03   2.2306551799E+00   2.4063793630E+00   1.9003893152E-03   2.3819678811E+00   2.4408596414E+00   2.0869486298E-03   2.2162526745E+00   2.3972759865E+00   1.5693681070E-03   3.3340181096E-04
   1   -27   0    0   7.3028297003E-01   7.9699771395E+00   1.9106145071E-04   2.0440593825E+00   2.3645361729E+00   2.0943067785E-04   2.1381655996E+00   2.3368471699E+00   6.3504112864E-04   2.2392325311E+00   2.3754094053E+00   1.7103951460E-03   2.2309483233E+00   2.4065529669E+00   1.9003849008E-03   2.3821709496E+00   2.4410570321E+00   2.0869713235E-03   2.2163218616E+00   2.3974495863E+00   1.5693644615E-03   3.3341384861E-04
   1   -28   0    0   7.2029978688E-01   7.9703020623E+00   1.9084482627E-04   2.0438866532E+00   2.3646349219E+00   2.0942699666E-04   2.1380448841E+00   2.3369686356E+00   6.3502746100E-04   2.2391177164E+00   2.3755301578E+00   1.7103583341E-03   2.2312466961E+00   2.4067295477E+00   1.9003804092E-03   2.3823774713E+00   2.4412577794E+00   2.0869943964E-03   2.2163929996E+00   2.3976261629E+00   1.5693607523E-03   3.3342609374E-04
   1   -29   0    0   7.1031720223E-01   7.9706328582E+00   1.9062483557E-04   2.0437108830E+00   2.3647355194E+00   2.0942325547E-04   2.1379217348E+00   2.3370923030E+00   6.3501357058E-04   2.2390011144E+00   2.3756531003E+00   1.7103209222E-03   2.2315503598E+00   2.4069091350E+00   1.9003758397E-03   2.3825874795E+00   2.4414619153E+00   2.0870178517E-03   2.2164661446E+00   2.3978057459E+00   1.5693569787E-03   3.3343854845E-04
   1   -30   0    0   7.0033523357E-01   7.9709695990E+00   1.9040145962E-04   2.0435320379E+00   2.3648379903E+00   2.0941945382E-04   2.1377961097E+00   2.3372181990E+00   6.3499945569E-04   2.2388827159E+00   2.3757782595E+00   1.7102829057E-03   2.2318593756E+00   2.4070917578E+00   1.9003711915E-03   2.3828010066E+00   2.4416694717E+00   2.0870416928E-03   2.2165413539E+00   2.3979883645E+00   1.5693531402E-03   3.3345121482E-04
   1   -31   0    0   6.9035389869E-01   7.9713123566E+00   1.9017468069E-04   2.0433500839E+00   2.3649423593E+00   2.0941559127E-04   2.1376679664E+00   2.3373463499E+00   6.3498511470E-04   2.2387625122E+00   2.3759056619E+00   1.7102442803E-03   2.2321738038E+00   2.4072774449E+00   1.9003664637E-03   2.3830180844E+00   2.4418804792E+00   2.0870659226E-03   2.2166186864E+00   2.3981740473E+00   1.5693492359E-03   3.3346409489E-04
   1   -32   0    0   6.8037321567E-01   7.9716612019E+00   1.8994448232E-04   2.0431649877E+00   2.3650486508E+00   2.0941166740E-04   2.1375372620E+00   2.3374767822E+00   6.3497054603E-04   2.2386404955E+00   2.3760353337E+00   1.7102050416E-03   2.2324937045E+00   2.4074662242E+00   1.9003616557E-03   2.3832387440E+00   2.4420949680E+00   2.0870905442E-03   2.2166982024E+00   2.3983628221E+00   1.5693452654E-03   3.3347719065E-04
   1   -33   0    0   6.7039320288E-01   7.9720162054E+00   1.8971084942E-04   2.0429767162E+00   2.3651568894E+00   2.0940768181E-04   2.1374039534E+00   2.3376095218E+00   6.3495574819E-04   2.2385166588E+00   2.3761673008E+00   1.7101651856E-03   2.2328191369E+00   2.4076581228E+00   1.9003567666E-03   2.3834630154E+00   2.4423129674E+00   2.0871155604E-03   2.2167799639E+00   2.3985547163E+00   1.5693412279E-03   3.3349050404E-04
   1   -34   0    0   6.6041387897E-01   7.9723774370E+00   1.8947376827E-04   2.0427852370E+00   2.3652670993E+00   2.0940363411E-04   2.1372679968E+00   2.3377445946E+00   6.3494071976E-04   2.2383909958E+00   2.3763015891E+00   1.7101247086E-03   2.2331501594E+00   2.4078531674E+00   1.9003517958E-03   2.3836909279E+00   2.4425345059E+00   2.0871409740E-03   2.2168640341E+00   2.3987497565E+00   1.5693371229E-03   3.3350403696E-04
   1   -35   0    0   6.5043526284E-01   7.9727449660E+00   1.8923322664E-04   2.0425905179E+00   2.3653793048E+00   2.0939952394E-04   2.1371293481E+00   2.3378820260E+00   6.3492545939E-04   2.2382635012E+00   2.3764382237E+00   1.7100836070E-03   2.2334868299E+00   2.4080513838E+00   1.9003467426E-03   2.3839225100E+00   2.4427596111E+00   2.0871667875E-03   2.2169504780E+00   2.3989479684E+00   1.5693329499E-03   3.3351779128E-04
   1   -36   0    0   6.4045737369E-01   7.9731188606E+00   1.8898921375E-04   2.0423925276E+00   2.3654935298E+00   2.0939535096E-04   2.1369879628E+00   2.3380218410E+00   6.3490996583E-04   2.2381341706E+00   2.3765772298E+00   1.7100418772E-03   2.2338292051E+00   2.4082527971E+00   1.9003416062E-03   2.3841577891E+00   2.4429883096E+00   2.0871930036E-03   2.2170393621E+00   2.3991493771E+00   1.5693287082E-03   3.3353176879E-04
   1   -37   0    0   6.3048023092E-01   7.9734991885E+00   1.8874172043E-04   2.0421912351E+00   2.3656097980E+00   2.0939111486E-04   2.1368437959E+00   2.3381640645E+00   6.3489423790E-04   2.2380030006E+00   2.3767186320E+00   1.7099995162E-03   2.2341773411E+00   2.4084574315E+00   1.9003363860E-03   2.3843967915E+00   2.4432206270E+00   2.0872196245E-03   2.2171307545E+00   2.3993540070E+00   1.5693243973E-03   3.3354597123E-04
   1   -38   0    0   6.2050385421E-01   7.9738860163E+00   1.8849073907E-04   2.0419866100E+00   2.3657281331E+00   2.0938681534E-04   2.1366968022E+00   2.3383087208E+00   6.3487827451E-04   2.2378699886E+00   2.3768624547E+00   1.7099565210E-03   2.2345312930E+00   2.4086653104E+00   1.9003310814E-03   2.3846395426E+00   2.4434565880E+00   2.0872466524E-03   2.2172247248E+00   2.3995618812E+00   1.5693200166E-03   3.3356040028E-04
   1   -39   0    0   6.1052826345E-01   7.9742794097E+00   1.8823626373E-04   2.0417786227E+00   2.3658485582E+00   2.0938245214E-04   2.1365469358E+00   2.3384558336E+00   6.3486207468E-04   2.2377351332E+00   2.3770087216E+00   1.7099128890E-03   2.2348911146E+00   2.4088764563E+00   1.9003256917E-03   2.3848860667E+00   2.4436962162E+00   2.0872740895E-03   2.2173213443E+00   2.3997730225E+00   1.5693155658E-03   3.3357505758E-04
   1   -40   0    0   6.0055347875E-01   7.9746794332E+00   1.8797829018E-04   2.0415672443E+00   2.3659710963E+00   2.0937802501E-04   2.1363941507E+00   2.3386054266E+00   6.3484563751E-04   2.2375984338E+00   2.3771574561E+00   1.7098686178E-03   2.2352568590E+00   2.4090908908E+00   1.9003202164E-03   2.3851363868E+00   2.4439395339E+00   2.0873019377E-03   2.2174206857E+00   2.3999874522E+00   1.5693110442E-03   3.3358994468E-04
   1   -41   0    0   5.9057952041E-01   7.9750861506E+00   1.8771681594E-04   2.0413524465E+00   2.3660957703E+00   2.0937353375E-04   2.1362384004E+00   2.3387575227E+00   6.3482896220E-04   2.2374598910E+00   2.3773086813E+00   1.7098237051E-03   2.2356285779E+00   2.4093086343E+00   1.9003146548E-03   2.3853905248E+00   2.4441865624E+00   2.0873301986E-03   2.2175228234E+00   2.4002051911E+00   1.5693064514E-03   3.3360506308E-04
   1   -42   0    0   5.8060640893E-01   7.9754996240E+00   1.8745184034E-04   2.0411342018E+00   2.3662226023E+00   2.0936897816E-04   2.1360796381E+00   2.3389121443E+00   6.3481204806E-04   2.2373195065E+00   2.3774624194E+00   1.7097781493E-03   2.2360063218E+00   2.4095297066E+00   1.9003090066E-03   2.3856485015E+00   2.4444373219E+00   2.0873588738E-03   2.2176278336E+00   2.4004262585E+00   1.5693017870E-03   3.3362041420E-04
   1   -43   0    0   5.7063416497E-01   7.9759199146E+00   1.8718336453E-04   2.0409124835E+00   2.3663516145E+00   2.0936435809E-04   2.1359178167E+00   2.3390693133E+00   6.3479489451E-04   2.2371772831E+00   2.3776186924E+00   1.7097319485E-03   2.2363901401E+00   2.4097541261E+00   1.9003032711E-03   2.3859103361E+00   2.4446918310E+00   2.0873879649E-03   2.2177357938E+00   2.4006506732E+00   1.5692970506E-03   3.3363599940E-04
   1   -44   0    0   5.6066280936E-01   7.9763470820E+00   1.8691139159E-04   2.0406872656E+00   2.3664828285E+00   2.0935967340E-04   2.1357528886E+00   2.3392290511E+00   6.3477750106E-04   2.2370332248E+00   2.3777775215E+00   1.7096851017E-03   2.2367800807E+00   2.4099819101E+00   1.9002974480E-03   2.3861760466E+00   2.4449501074E+00   2.0874174729E-03   2.2178467832E+00   2.4008784524E+00   1.5692922417E-03   3.3365181995E-04
   1   -45   0    0   5.5069236305E-01   7.9767811847E+00   1.8663592652E-04   2.0404585233E+00   2.3666162656E+00   2.0935492401E-04   2.1355848061E+00   2.3393913784E+00   6.3475986736E-04   2.2368873367E+00   2.3779389275E+00   1.7096376078E-03   2.2371761901E+00   2.4102130751E+00   1.9002915367E-03   2.3864456498E+00   2.4452121672E+00   2.0874473990E-03   2.2179608826E+00   2.4011096124E+00   1.5692873601E-03   3.3366787706E-04
   1   -46   0    0   5.4072284713E-01   7.9772222795E+00   1.8635697630E-04   2.0402262325E+00   2.3667519464E+00   2.0935010984E-04   2.1354135211E+00   2.3395563152E+00   6.3474199316E-04   2.2367396252E+00   2.3781029305E+00   1.7095894661E-03   2.2375785136E+00   2.4104476360E+00   1.9002855368E-03   2.3867191608E+00   2.4454780251E+00   2.0874777440E-03   2.2180781745E+00   2.4013441684E+00   1.5692824053E-03   3.3368417184E-04
   1   -47   0    0   5.3075428279E-01   7.9776704217E+00   1.8607454995E-04   2.0399903699E+00   2.3668898915E+00   2.0934523086E-04   2.1352389853E+00   2.3397238810E+00   6.3472387833E-04   2.2365900978E+00   2.3782695498E+00   1.7095406763E-03   2.2379870946E+00   2.4106856068E+00   1.9002794480E-03   2.3869965934E+00   2.4457476945E+00   2.0875085085E-03   2.2181987427E+00   2.4015821343E+00   1.5692773771E-03   3.3370070533E-04
   1   -48   0    0   5.2078669129E-01   7.9781256650E+00   1.8578865853E-04   2.0397509136E+00   2.3670301206E+00   2.0934028707E-04   2.1350611501E+00   2.3398940945E+00   6.3470552287E-04   2.2364387635E+00   2.3784388041E+00   1.7094912384E-03   2.2384019751E+00   2.4109270002E+00   1.9002732700E-03   2.3872779597E+00   2.4460211872E+00   2.0875396931E-03   2.2183226728E+00   2.4018235227E+00   1.5692722753E-03   3.3371747849E-04
   1   -49   0    0   5.1082009397E-01   7.9785880613E+00   1.8549931523E-04   2.0395078423E+00   2.3671726532E+00   2.0933527850E-04   2.1348799665E+00   2.3400669737E+00   6.3468692689E-04   2.2362856323E+00   2.3786107115E+00   1.7094411528E-03   2.2388231956E+00   2.4111718274E+00   1.9002670025E-03   2.3875632706E+00   2.4462985137E+00   2.0875712979E-03   2.2184500517E+00   2.4020683449E+00   1.5692670994E-03   3.3373449217E-04
   1   -50   0    0   5.0085451222E-01   7.9790576608E+00   1.8520653534E-04   2.0392611360E+00   2.3673175080E+00   2.0933020522E-04   2.1346953857E+00   2.3402425358E+00   6.3466809066E-04   2.2361307157E+00   2.3787852892E+00   1.7093904200E-03   2.2392507947E+00   2.4114200986E+00   1.9002606452E-03   2.3878525349E+00   2.4465796827E+00   2.0876033231E-03   2.2185809680E+00   2.4023166111E+00   1.5692618495E-03   3.3375174716E-04
   1   -51   0    0   4.9088996742E-01   7.9795345118E+00   1.8491033635E-04   2.0390107758E+00   2.3674647033E+00   2.0932506733E-04   2.1345073583E+00   2.3404207973E+00   6.3464901454E-04   2.2359740265E+00   2.3789625536E+00   1.7093390411E-03   2.2396848091E+00   2.4116718225E+00   1.9002541978E-03   2.3881457603E+00   2.4468647015E+00   2.0876357683E-03   2.2187155117E+00   2.4025683299E+00   1.5692565251E-03   3.3376924412E-04
   1   -52   0    0   4.8092648099E-01   7.9800186609E+00   1.8461073794E-04   2.0387567438E+00   2.3676142569E+00   2.0931986498E-04   2.1343158349E+00   2.3406017737E+00   6.3462969907E-04   2.2358155788E+00   2.3791425204E+00   1.7092870176E-03   2.2401252741E+00   2.4119270062E+00   1.9002476603E-03   2.3884429523E+00   2.4471535756E+00   2.0876686333E-03   2.2188537741E+00   2.4028235085E+00   1.5692511264E-03   3.3378698365E-04
   1   -53   0    0   4.7096407431E-01   7.9805101522E+00   1.8430776204E-04   2.0384990235E+00   2.3677661856E+00   2.0931459833E-04   2.1341207661E+00   2.3407854799E+00   6.3461014488E-04   2.2356553882E+00   2.3793252044E+00   1.7092343511E-03   2.2405722228E+00   2.4121856558E+00   1.9002410324E-03   2.3887441152E+00   2.4474463089E+00   2.0877019173E-03   2.2189958482E+00   2.4030821530E+00   1.5692456530E-03   3.3380496622E-04
   1   -54   0    0   4.6100276871E-01   7.9810090282E+00   1.8400143281E-04   2.0382375995E+00   2.3679205060E+00   2.0930926760E-04   2.1339221021E+00   2.3409719297E+00   6.3459035279E-04   2.2354934715E+00   2.3795106195E+00   1.7091810438E-03   2.2410256863E+00   2.4124477757E+00   1.9002343142E-03   2.3890492510E+00   2.4477429037E+00   2.0877356195E-03   2.2191418280E+00   2.4033442677E+00   1.5692401050E-03   3.3382319223E-04
   1   -55   0    0   4.5104258545E-01   7.9815153290E+00   1.8369177672E-04   2.0379724575E+00   2.3680772339E+00   2.0930387304E-04   2.1337197932E+00   2.3411611362E+00   6.3457032371E-04   2.2353298469E+00   2.3796987788E+00   1.7091270983E-03   2.2414856938E+00   2.4127133686E+00   1.9002275055E-03   2.3893583604E+00   2.4480433604E+00   2.0877697389E-03   2.2192918092E+00   2.4036098556E+00   1.5692344823E-03   3.3384166195E-04
   1   -56   0    0   4.4108354571E-01   7.9820290926E+00   1.8337882253E-04   2.0377035847E+00   2.3682363842E+00   2.0929841495E-04   2.1335137897E+00   2.3413531112E+00   6.3455005874E-04   2.2351645344E+00   2.3798896942E+00   1.7090725174E-03   2.2419522726E+00   2.4129824362E+00   1.9002206064E-03   2.3896714420E+00   2.4483476776E+00   2.0878042740E-03   2.2194458883E+00   2.4038789180E+00   1.5692287849E-03   3.3386037556E-04
   1   -57   0    0   4.3112567055E-01   7.9825503545E+00   1.8306260132E-04   2.0374309695E+00   2.3683979712E+00   2.0929289366E-04   2.1333040416E+00   2.3415478660E+00   6.3452955910E-04   2.2349975548E+00   2.3800833771E+00   1.7090173044E-03   2.2424254475E+00   2.4132549783E+00   1.9002136169E-03   2.3899884927E+00   2.4486558524E+00   2.0878392233E-03   2.2196041634E+00   2.4041514549E+00   1.5692230129E-03   3.3387933313E-04
   1   -58   0    0   4.2116898086E-01   7.9830791479E+00   1.8274314654E-04   2.0371546018E+00   2.3685620086E+00   2.0928730953E-04   2.1330904994E+00   2.3417454106E+00   6.3450882616E-04   2.2348289310E+00   2.3802798374E+00   1.7089614631E-03   2.2429052415E+00   2.4135309931E+00   1.9002065371E-03   2.3903095072E+00   2.4489678797E+00   2.0878745848E-03   2.2197667334E+00   2.4044274645E+00   1.5692171663E-03   3.3389853462E-04
   1   -59   0    0   4.1121349739E-01   7.9836155038E+00   1.8242049395E-04   2.0368744727E+00   2.3687285092E+00   2.0928166297E-04   2.1328731131E+00   2.3419457540E+00   6.3448786145E-04   2.2346586867E+00   2.3804790843E+00   1.7089049976E-03   2.2433916751E+00   2.4138104775E+00   1.9001993672E-03   2.3906344788E+00   2.4492837528E+00   2.0879103566E-03   2.2199336986E+00   2.4047069436E+00   1.5692112453E-03   3.3391797988E-04
   1   -60   0    0   4.0125924068E-01   7.9841594504E+00   1.8209468171E-04   2.0365905749E+00   2.3688974848E+00   2.0927595445E-04   2.1326518331E+00   2.3421489043E+00   6.3446666666E-04   2.2344868476E+00   2.3806811260E+00   1.7088479124E-03   2.2438847667E+00   2.4140934264E+00   1.9001921074E-03   2.3909633983E+00   2.4496034629E+00   2.0879465362E-03   2.2201051601E+00   2.4049898873E+00   1.5692052500E-03   3.3393766866E-04
   1   -61   0    0   3.9130623105E-01   7.9847110133E+00   1.8176575033E-04   2.0363029025E+00   2.3690689468E+00   2.0927018445E-04   2.1324266100E+00   2.3423548683E+00   6.3444524361E-04   2.2343134406E+00   2.3808859694E+00   1.7087902124E-03   2.2443845321E+00   2.4143798333E+00   1.9001847579E-03   2.3912962550E+00   2.4499269994E+00   2.0879831211E-03   2.2202812198E+00   2.4052762891E+00   1.5691991807E-03   3.3395760056E-04
   1   -62   0    0   3.8135448854E-01   7.9852702156E+00   1.8143374270E-04   2.0360114509E+00   2.3692429054E+00   2.0926435350E-04   2.1321973942E+00   2.3425636519E+00   6.3442359430E-04   2.2341384939E+00   2.3810936205E+00   1.7087319030E-03   2.2448909851E+00   2.4146696900E+00   1.9001773190E-03   2.3916330360E+00   2.4502543499E+00   2.0880201083E-03   2.2204619807E+00   2.4055661406E+00   1.5691930375E-03   3.3397777511E-04
   1   -63   0    0   3.7140403296E-01   7.9858370776E+00   1.8109870410E-04   2.0357162174E+00   2.3694193700E+00   2.0925846220E-04   2.1319641368E+00   2.3427752598E+00   6.3440172086E-04   2.2339620374E+00   2.3813040840E+00   1.7086729899E-03   2.2454041366E+00   2.4149629867E+00   1.9001697911E-03   2.3919737264E+00   2.4505854999E+00   2.0880574947E-03   2.2206475463E+00   2.4058594320E+00   1.5691868209E-03   3.3399819169E-04
   1   -64   0    0   3.6145488375E-01   7.9864116169E+00   1.8076068214E-04   2.0354172004E+00   2.3695983492E+00   2.0925251115E-04   2.1317267888E+00   2.3429896956E+00   6.3437962561E-04   2.2337841023E+00   2.3815173637E+00   1.7086134794E-03   2.2459239954E+00   2.4152597116E+00   1.9001621746E-03   2.3923183092E+00   2.4509204329E+00   2.0880952768E-03   2.2208380207E+00   2.4061561517E+00   1.5691805311E-03   3.3401884957E-04
   1   -65   0    0   3.5150706007E-01   7.9869938479E+00   1.8041972684E-04   2.0351144002E+00   2.3697798507E+00   2.0924650101E-04   2.1314853015E+00   2.3432069616E+00   6.3435731100E-04   2.2336047214E+00   2.3817334620E+00   1.7085533781E-03   2.2464505676E+00   2.4155598516E+00   1.9001544700E-03   2.3926667656E+00   2.4512591304E+00   2.0881334510E-03   2.2210335087E+00   2.4064562865E+00   1.5691741685E-03   3.3403974791E-04
   1   -66   0    0   3.4156058068E-01   7.9875837826E+00   1.8007589055E-04   2.0348078186E+00   2.3699638810E+00   2.0924043251E-04   2.1312396269E+00   2.3434270590E+00   6.3433477965E-04   2.2334239286E+00   2.3819523803E+00   1.7084926930E-03   2.2469838568E+00   2.4158633915E+00   1.9001466778E-03   2.3930190745E+00   2.4516015721E+00   2.0881720133E-03   2.2212341156E+00   2.4067598212E+00   1.5691677336E-03   3.3406088573E-04
   1   -67   0    0   3.3161546395E-01   7.9881814296E+00   1.7972922796E-04   2.0344974590E+00   2.3701504458E+00   2.0923430637E-04   2.1309897170E+00   2.3436499877E+00   6.3431203434E-04   2.2332417596E+00   2.3821741186E+00   1.7084314317E-03   2.2475238637E+00   2.4161703146E+00   1.9001387986E-03   2.3933752128E+00   2.4519477355E+00   2.0882109594E-03   2.2214399466E+00   2.4070667391E+00   1.5691612269E-03   3.3408226196E-04
   1   -68   0    0   3.2167172782E-01   7.9887867947E+00   1.7937979611E-04   2.0341833264E+00   2.3703395499E+00   2.0922812340E-04   2.1307355246E+00   2.3438757466E+00   6.3428907802E-04   2.2330582511E+00   2.3823986759E+00   1.7083696020E-03   2.2480705867E+00   2.4164806024E+00   1.9001308331E-03   2.3937351555E+00   2.4522975961E+00   2.0882502848E-03   2.2216511074E+00   2.4073770216E+00   1.5691546488E-03   3.3410387536E-04
   1   -69   0    0   3.1172938978E-01   7.9893998803E+00   1.7902765430E-04   2.0338654277E+00   2.3705311970E+00   2.0922188443E-04   2.1304770028E+00   2.3441043330E+00   6.3426591377E-04   2.2328734414E+00   2.3826260498E+00   1.7083072124E-03   2.2486240213E+00   2.4167942345E+00   1.9001227819E-03   2.3940988752E+00   2.4526511276E+00   2.0882899848E-03   2.2218677036E+00   2.4076906486E+00   1.5691480000E-03   3.3412572462E-04
   1   -70   0    0   3.0178846684E-01   7.9900206861E+00   1.7867286416E-04   2.0335437712E+00   2.3707253897E+00   2.0921559034E-04   2.1302141053E+00   2.3443357433E+00   6.3424254487E-04   2.2326873702E+00   2.3828562366E+00   1.7082442715E-03   2.2491841603E+00   2.4171111889E+00   1.9001146458E-03   2.3944663426E+00   2.4530083013E+00   2.0883300542E-03   2.2220898409E+00   2.4080075978E+00   1.5691412811E-03   3.3414780827E-04
   1   -71   0    0   2.9184897549E-01   7.9906492081E+00   1.7831548953E-04   2.0332183670E+00   2.3709221296E+00   2.0920924205E-04   2.1299467867E+00   2.3445699722E+00   6.3421897472E-04   2.2325000782E+00   2.3830892316E+00   1.7081807885E-03   2.2497509937E+00   2.4174314419E+00   1.9001064256E-03   2.3948375264E+00   2.4533690867E+00   2.0883704877E-03   2.2223176245E+00   2.4083278456E+00   1.5691344928E-03   3.3417012473E-04
   1   -72   0    0   2.8191093166E-01   7.9912854394E+00   1.7795559649E-04   2.0328892271E+00   2.3711214173E+00   2.0920284052E-04   2.1296750020E+00   2.3448070135E+00   6.3419520691E-04   2.2323116078E+00   2.3833250283E+00   1.7081167732E-03   2.2503245086E+00   2.4177549678E+00   1.9000981222E-03   2.3952123931E+00   2.4537334514E+00   2.0884112796E-03   2.2225511593E+00   2.4086513664E+00   1.5691276357E-03   3.3419267228E-04
   1   -73   0    0   2.7197435071E-01   7.9919293695E+00   1.7759325329E-04   2.0325563650E+00   2.3713232522E+00   2.0919638675E-04   2.1293987073E+00   2.3450468594E+00   6.3417124517E-04   2.2321220023E+00   2.3835636195E+00   1.7080522356E-03   2.2509046896E+00   2.4180817392E+00   1.9000897366E-03   2.3955909072E+00   2.4541013607E+00   2.0884524240E-03   2.2227905499E+00   2.4089781327E+00   1.5691207108E-03   3.3421544911E-04
   1   -74   0    0   2.6203924741E-01   7.9925809848E+00   1.7722853036E-04   2.0322197962E+00   2.3715276327E+00   2.0918988180E-04   2.1291178591E+00   2.3452895009E+00   6.3414709338E-04   2.2319313065E+00   2.3838049961E+00   1.7079871861E-03   2.2514915179E+00   2.4184117272E+00   1.9000812697E-03   2.3959730309E+00   2.4544727780E+00   2.0884939148E-03   2.2230358998E+00   2.4093081156E+00   1.5691137187E-03   3.3423845325E-04
   1   -75   0    0   2.5210563588E-01   7.9932402680E+00   1.7686150019E-04   2.0318795376E+00   2.3717345560E+00   2.0918332675E-04   2.1288324154E+00   2.3455349276E+00   6.3412275559E-04   2.2317395662E+00   2.3840491481E+00   1.7079216357E-03   2.2520849721E+00   2.4187449008E+00   1.9000727226E-03   2.3963587245E+00   2.4548476647E+00   2.0885357455E-03   2.2232873120E+00   2.4096412842E+00   1.5691066604E-03   3.3426168263E-04
   1   -76   0    0   2.4217352956E-01   7.9939071986E+00   1.7649223735E-04   2.0315356084E+00   2.3719440181E+00   2.0917672274E-04   2.1285423349E+00   2.3457831279E+00   6.3409823601E-04   2.2315468283E+00   2.3842960640E+00   1.7078555956E-03   2.2526850279E+00   2.4190812274E+00   1.9000640964E-03   2.3967479464E+00   2.4552259804E+00   2.0885779093E-03   2.2235448883E+00   2.4099776058E+00   1.5690995368E-03   3.3428513504E-04
   1   -77   0    0   2.3224294120E-01   7.9945817523E+00   1.7612081841E-04   2.0311880291E+00   2.3721560141E+00   2.0917007094E-04   2.1282475773E+00   2.3460340886E+00   6.3407353898E-04   2.2313531409E+00   2.3845457309E+00   1.7077890775E-03   2.2532916579E+00   2.4194206727E+00   1.9000553924E-03   2.3971406528E+00   2.4556076823E+00   2.0886203992E-03   2.2238087293E+00   2.4103170461E+00   1.5690923489E-03   3.3430880816E-04
   1   -78   0    0   2.2231388283E-01   7.9952639016E+00   1.7574732191E-04   2.0308368223E+00   2.3723705377E+00   2.0916337255E-04   2.1279481037E+00   2.3462877952E+00   6.3404866900E-04   2.2311585532E+00   2.3847981346E+00   1.7077220937E-03   2.2539048317E+00   2.4197632006E+00   1.9000466117E-03   2.3975367978E+00   2.4559927259E+00   2.0886632079E-03   2.2240789343E+00   2.4106595690E+00   1.5690850976E-03   3.3433269955E-04
   1   -79   0    0   2.1238636571E-01   7.9959536152E+00   1.7537182826E-04   2.0304820122E+00   2.3725875815E+00   2.0915662884E-04   2.1276438764E+00   2.3465442320E+00   6.3402363072E-04   2.2309631153E+00   2.3850532595E+00   1.7076546566E-03   2.2545245161E+00   2.4201087734E+00   1.9000377557E-03   2.3979363336E+00   2.4563810649E+00   2.0887063279E-03   2.2243556009E+00   2.4110051368E+00   1.5690777842E-03   3.3435680662E-04
   1   -80   0    0   2.0246040031E-01   7.9966508582E+00   1.7499441973E-04   2.0301236250E+00   2.3728071370E+00   2.0914984109E-04   2.1273348589E+00   2.3468033818E+00   6.3399842894E-04   2.2307668782E+00   2.3853110887E+00   1.7075867791E-03   2.2551506745E+00   2.4204573514E+00   1.9000288257E-03   2.3983392105E+00   2.4567726507E+00   2.0887497515E-03   2.2246388250E+00   2.4113537099E+00   1.5690704097E-03   3.3438112670E-04
   1   -81   0    0   1.9253599628E-01   7.9973555921E+00   1.7461518036E-04   2.0297616886E+00   2.3730291944E+00   2.0914301062E-04   2.1270210164E+00   2.3470652260E+00   6.3397306858E-04   2.2305698939E+00   2.3855716038E+00   1.7075184745E-03   2.2557832675E+00   2.4208088936E+00   1.9000198231E-03   2.3987453767E+00   2.4571674332E+00   2.0887934704E-03   2.2249287008E+00   2.4117052473E+00   1.5690629753E-03   3.3440565697E-04
   1   -82   0    0   1.8261316241E-01   7.9980677747E+00   1.7423419588E-04   2.0293962326E+00   2.3732537426E+00   2.0913613882E-04   2.1267023154E+00   2.3473297446E+00   6.3394755472E-04   2.2303722150E+00   2.3858347851E+00   1.7074497564E-03   2.2564222527E+00   2.4211633572E+00   1.9000107495E-03   2.3991547786E+00   2.4575653601E+00   2.0888374765E-03   2.2252253199E+00   2.4120597060E+00   1.5690554822E-03   3.3443039451E-04
   1   -83   0    0   1.7269190663E-01   7.9987873600E+00   1.7385155367E-04   2.0290272886E+00   2.3734807696E+00   2.0912922707E-04   2.1263787243E+00   2.3475969163E+00   6.3392189258E-04   2.2301738952E+00   2.3861006117E+00   1.7073806390E-03   2.2570675845E+00   2.4215206976E+00   1.9000016064E-03   2.3995673606E+00   2.4579663775E+00   2.0888817611E-03   2.2255287721E+00   2.4124170417E+00   1.5690479316E-03   3.3445533628E-04
   1   -84   0    0   1.6277223593E-01   7.9995142986E+00   1.7346734267E-04   2.0286548898E+00   2.3737102619E+00   2.0912227683E-04   2.1260502128E+00   2.3478667184E+00   6.3389608748E-04   2.2299749885E+00   2.3863690610E+00   1.7073111365E-03   2.2577192141E+00   2.4218808689E+00   1.8999923954E-03   2.3999830652E+00   2.4583704295E+00   2.0889263154E-03   2.2258391441E+00   2.4127772082E+00   1.5690403251E-03   3.3448047911E-04
   1   -85   0    0   1.5285415638E-01   8.0002485370E+00   1.7308165332E-04   2.0282790712E+00   2.3739422050E+00   2.0911528955E-04   2.1257167529E+00   2.3481391268E+00   6.3387014490E-04   2.2297755499E+00   2.3866401092E+00   1.7072412638E-03   2.2583770897E+00   2.4222438233E+00   1.8999831181E-03   2.4004018334E+00   2.4587774586E+00   2.0889711304E-03   2.2261565205E+00   2.4131401579E+00   1.5690326638E-03   3.3450581975E-04
   1   -86   0    0   1.4293767307E-01   8.0009900181E+00   1.7269457743E-04   2.0278998696E+00   2.3741765829E+00   2.0910826676E-04   2.1253783183E+00   2.3484141159E+00   6.3384407044E-04   2.2295756346E+00   2.3869137312E+00   1.7071710359E-03   2.2590411565E+00   2.4226095116E+00   1.8999737763E-03   2.4008236039E+00   2.4591874055E+00   2.0890161968E-03   2.2264809823E+00   2.4135058416E+00   1.5690249492E-03   3.3453135480E-04
   1   -87   0    0   1.3302279010E-01   8.0017386810E+00   1.7230620817E-04   2.0275173236E+00   2.3744133787E+00   2.0910120998E-04   2.1250348847E+00   2.3486916591E+00   6.3381786981E-04   2.2293752985E+00   2.3871899005E+00   1.7071004681E-03   2.2597113564E+00   2.4229778832E+00   1.8999643718E-03   2.4012483142E+00   2.4596002091E+00   2.0890615051E-03   2.2268126080E+00   2.4138742086E+00   1.5690171828E-03   3.3455708077E-04
   1   -88   0    0   1.2310951053E-01   8.0024944610E+00   1.7191663994E-04   2.0271314733E+00   2.3746525740E+00   2.0909412079E-04   2.1246864301E+00   2.3489717280E+00   6.3379154883E-04   2.2291745979E+00   2.3874685890E+00   1.7070295762E-03   2.2603876283E+00   2.4233488857E+00   1.8999549063E-03   2.4016758996E+00   2.4600158068E+00   2.0891070455E-03   2.2271514724E+00   2.4142452066E+00   1.5690093660E-03   3.3458299408E-04
   1   -89   0    0   1.1319783637E-01   8.0032572896E+00   1.7152596829E-04   2.0267423608E+00   2.3748941493E+00   2.0908700078E-04   2.1243329345E+00   2.3492542933E+00   6.3376511346E-04   2.2289735892E+00   2.3877497677E+00   1.7069583762E-03   2.2610699079E+00   2.4237224655E+00   1.8999453818E-03   2.4021062941E+00   2.4604341343E+00   2.0891528081E-03   2.2274976467E+00   2.4146187820E+00   1.5690015006E-03   3.3460909100E-04
   1   -90   0    0   1.0328776854E-01   8.0040270947E+00   1.7113428981E-04   2.0263500297E+00   2.3751380838E+00   2.0907985160E-04   2.1239743805E+00   2.3495393239E+00   6.3373856973E-04   2.2287723293E+00   2.3880334060E+00   1.7068868843E-03   2.2617581277E+00   2.4240985675E+00   1.8999358002E-03   2.4025394299E+00   2.4608551258E+00   2.0891987829E-03   2.2278511988E+00   2.4149948796E+00   1.5689935879E-03   3.3463536775E-04
   1   -91   0    0   9.3379306868E-02   8.0048038001E+00   1.7074170208E-04   2.0259545252E+00   2.3753843557E+00   2.0907267488E-04   2.1236107532E+00   2.3498267877E+00   6.3371192380E-04   2.2285708752E+00   2.3883194719E+00   1.7068151172E-03   2.2624522173E+00   2.4244771352E+00   1.8999261635E-03   2.4029752378E+00   2.4612787139E+00   2.0892449594E-03   2.2282121921E+00   2.4153734430E+00   1.5689856298E-03   3.3466182042E-04
   1   -92   0    0   8.3472450021E-02   8.0055873261E+00   1.7034830355E-04   2.0255558941E+00   2.3756329417E+00   2.0906547232E-04   2.1232420400E+00   2.3501166511E+00   6.3368518191E-04   2.2283692838E+00   2.3886079323E+00   1.7067430916E-03   2.2631521031E+00   2.4248581108E+00   1.8999164737E-03   2.4034136468E+00   2.4617048298E+00   2.0892913271E-03   2.2285806864E+00   2.4157544143E+00   1.5689776278E-03   3.3468844500E-04
   1   -93   0    0   7.3567195515E-02   8.0063775890E+00   1.6995419344E-04   2.0251541850E+00   2.3758838174E+00   2.0905824562E-04   2.1228682312E+00   2.3504088795E+00   6.3365835038E-04   2.2281676122E+00   2.3888987528E+00   1.7066708247E-03   2.2638577082E+00   2.4252414351E+00   1.8999067329E-03   2.4038545848E+00   2.4621334032E+00   2.0893378753E-03   2.2289567368E+00   2.4161377344E+00   1.5689695838E-03   3.3471523740E-04
   1   -94   0    0   6.3663539675E-02   8.0071745015E+00   1.6955947165E-04   2.0247494479E+00   2.3761369573E+00   2.0905099651E-04   2.1224893199E+00   2.3507034367E+00   6.3363143565E-04   2.2279659173E+00   2.3891918975E+00   1.7065983336E-03   2.2645689528E+00   2.4256270477E+00   1.8998969433E-03   2.4042979780E+00   2.4625643626E+00   2.0893845931E-03   2.2293403942E+00   2.4165233428E+00   1.5689614994E-03   3.3474219344E-04
   1   -95   0    0   5.3761477617E-02   8.0079779725E+00   1.6916423863E-04   2.0243417341E+00   2.3763923345E+00   2.0904372674E-04   2.1221053019E+00   2.3510002853E+00   6.3360444420E-04   2.2277642557E+00   2.3894873296E+00   1.7065256358E-03   2.2652857540E+00   2.4260148871E+00   1.8998871071E-03   2.4047437515E+00   2.4629976350E+00   2.0894314696E-03   2.2297317046E+00   2.4169111781E+00   1.5689533765E-03   3.3476930883E-04
   1   -96   0    0   4.3861003219E-02   8.0087879073E+00   1.6876859533E-04   2.0239310968E+00   2.3766499210E+00   2.0903643807E-04   2.1217161763E+00   2.3512993869E+00   6.3357738261E-04   2.2275626840E+00   2.3897850107E+00   1.7064527492E-03   2.2660080259E+00   2.4264048904E+00   1.8998772264E-03   2.4051918290E+00   2.4634331464E+00   2.0894784935E-03   2.2301307093E+00   2.4173011775E+00   1.5689452169E-03   3.3479657923E-04
   1   -97   0    0   3.3962109103E-02   8.0096042074E+00   1.6837264304E-04   2.0235175901E+00   2.3769096877E+00   2.0902913230E-04   2.1213219452E+00   2.3516007015E+00   6.3355025750E-04   2.2273612583E+00   2.3900849015E+00   1.7063796915E-03   2.2667356793E+00   2.4267969938E+00   1.8998673035E-03   2.4056421330E+00   2.4638708214E+00   2.0895256535E-03   2.2305374444E+00   2.4176932769E+00   1.5689370224E-03   3.3482400019E-04
   1   -98   0    0   2.4064786616E-02   8.0104267706E+00   1.6797648332E-04   2.0231012699E+00   2.3771716043E+00   2.0902181122E-04   2.1209226138E+00   2.3519041883E+00   6.3352307557E-04   2.2271600340E+00   2.3903869612E+00   1.7063064807E-03   2.2674686222E+00   2.4271911324E+00   1.8998573408E-03   2.4060945847E+00   2.4643105835E+00   2.0895729382E-03   2.2309519411E+00   2.4180874117E+00   1.5689287951E-03   3.3485156719E-04
   1   -99   0    0   1.4169025807E-02   8.0112554913E+00   1.6758021789E-04   2.0226821932E+00   2.3774356393E+00   2.0901447666E-04   2.1205181908E+00   2.3522098051E+00   6.3349584356E-04   2.2269590664E+00   2.3906911482E+00   1.7062331351E-03   2.2682067596E+00   2.4275872401E+00   1.8998473406E-03   2.4065491046E+00   2.4647523552E+00   2.0896203360E-03   2.2313742249E+00   2.4184835157E+00   1.5689205367E-03   3.3487927564E-04
   1  -100   0    0   4.2748154108E-03   8.0120902602E+00   1.6718394849E-04   2.0222604182E+00   2.3777017602E+00   2.0900713043E-04   2.1201086882E+00   2.3525175087E+00   6.3346856826E-04   2.2267584098E+00   2.3909974196E+00   1.7061596729E-03   2.2689499934E+00   2.4279852502E+00   1.8998373052E-03   2.4070056117E+00   2.4651960581E+00   2.0896678353E-03   2.2318043161E+00   2.4188815220E+00   1.5689122494E-03   3.3490712088E-04
   1  -101   0    0  -5.6178571688E-03   8.0129309645E+00   1.6678777680E-04   2.0218360044E+00   2.3779699331E+00   2.0899977439E-04   2.1196941217E+00   2.3528272546E+00   6.3344125651E-04   2.2265581179E+00   2.3913057312E+00   1.7060861124E-03   2.2696982227E+00   2.4283850947E+00   1.8998272371E-03   2.4074640244E+00   2.4656416127E+00   2.0897154243E-03   2.2322422293E+00   2.4192813629E+00   1.5689039350E-03   3.3493509818E-04
   1  -102   0    0  -1.5509005872E-02   8.0137774879E+00   1.6639180434E-04   2.0214090125E+00   2.3782401233E+00   2.0899241037E-04   2.1192745105E+00   2.3531389974E+00   6.3341391515E-04   2.2263582436E+00   2.3916160379E+00   1.7060124723E-03   2.2704513436E+00   2.4287867050E+00   1.8998171388E-03   2.4079242601E+00   2.4660889388E+00   2.0897630911E-03   2.2326879733E+00   2.4196829697E+00   1.5688955957E-03   3.3496320275E-04
   1  -103   0    0  -2.5398645998E-02   8.0146297107E+00   1.6599613233E-04   2.0209795040E+00   2.3785122949E+00   2.0898504023E-04   2.1188498775E+00   2.3534526906E+00   6.3338655107E-04   2.2261588389E+00   2.3919282938E+00   1.7059387709E-03   2.2712092493E+00   2.4291900117E+00   1.8998070126E-03   2.4083862353E+00   2.4665379553E+00   2.0898108239E-03   2.2331415510E+00   2.4200862729E+00   1.5688872333E-03   3.3499142973E-04
   1  -104   0    0  -3.5286794214E-02   8.0154875100E+00   1.6560086158E-04   2.0205475416E+00   2.3787864109E+00   2.0897766584E-04   2.1184202494E+00   2.3537682867E+00   6.3335917118E-04   2.2259599548E+00   2.3922424515E+00   1.7058650270E-03   2.2719718305E+00   2.4295949445E+00   1.8997968611E-03   2.4088498660E+00   2.4669885804E+00   2.0898586107E-03   2.2336029593E+00   2.4204912024E+00   1.5688788501E-03   3.3501977422E-04
   1  -105   0    0  -4.5173468564E-02   8.0163507595E+00   1.6520609241E-04   2.0201131890E+00   2.3790624335E+00   2.0897028904E-04   2.1179856569E+00   2.3540857372E+00   6.3333178237E-04   2.2257616412E+00   2.3925584630E+00   1.7057912590E-03   2.2727389746E+00   2.4300014326E+00   1.8997866868E-03   2.4093150672E+00   2.4674407318E+00   2.0899064395E-03   2.2340721893E+00   2.4208976872E+00   1.5688704480E-03   3.3504823127E-04
   1  -106   0    0  -5.5058688477E-02   8.0172193298E+00   1.6481192452E-04   2.0196765105E+00   2.3793403236E+00   2.0896291170E-04   2.1175461345E+00   2.3544049926E+00   6.3330439156E-04   2.2255639467E+00   2.3928762792E+00   1.7057174857E-03   2.2735105668E+00   2.4304094045E+00   1.8997764923E-03   2.4097817537E+00   2.4678943263E+00   2.0899542982E-03   2.2345492257E+00   2.4213056559E+00   1.5688620292E-03   3.3507679586E-04
   1  -107   0    0  -6.4942474772E-02   8.0180930882E+00   1.6441845688E-04   2.0192375715E+00   2.3796200412E+00   2.0895553569E-04   2.1171017208E+00   2.3547260026E+00   6.3327700566E-04   2.2253669190E+00   2.3931958501E+00   1.7056437256E-03   2.2742864893E+00   2.4308187882E+00   1.8997662800E-03   2.4102498394E+00   2.4683492805E+00   2.0900021749E-03   2.2350340469E+00   2.4217150365E+00   1.5688535958E-03   3.3510546296E-04
   1  -108   0    0  -7.4824849656E-02   8.0189718992E+00   1.6402578762E-04   2.0187964380E+00   2.3799015456E+00   2.0894816285E-04   2.1166524584E+00   2.3550487161E+00   6.3324963155E-04   2.2251706041E+00   2.3935171249E+00   1.7055699972E-03   2.2750666218E+00   2.4312295111E+00   1.8997560527E-03   2.4107192380E+00   2.4688055106E+00   2.0900500575E-03   2.2355266253E+00   2.4221257564E+00   1.5688451499E-03   3.3513422748E-04
   1  -109   0    0  -8.4705836726E-02   8.0198556242E+00   1.6363401394E-04   2.0183531764E+00   2.3801847947E+00   2.0894079504E-04   2.1161983942E+00   2.3553730809E+00   6.3322227609E-04   2.2249750468E+00   2.3938400518E+00   1.7054963191E-03   2.2758508416E+00   2.4316415004E+00   1.8997458128E-03   2.4111898629E+00   2.4692629322E+00   2.0900979339E-03   2.2360269266E+00   2.4225377427E+00   1.5688366937E-03   3.3516308431E-04
   1  -110   0    0  -9.4585460969E-02   8.0207441219E+00   1.6324323200E-04   2.0179078540E+00   2.3804697460E+00   2.0893343409E-04   2.1157395793E+00   2.3556990442E+00   6.3319494614E-04   2.2247802905E+00   2.3941645785E+00   1.7054227096E-03   2.2766390232E+00   2.4320546826E+00   1.8997355630E-03   2.4116616270E+00   2.4697214607E+00   2.0901457921E-03   2.2365349105E+00   2.4229509221E+00   1.5688282292E-03   3.3519202829E-04
   1  -111   0    0  -1.0446374875E-01   8.0216372481E+00   1.6285353677E-04   2.0174605385E+00   2.3807563559E+00   2.0892608185E-04   2.1152760688E+00   2.3560265526E+00   6.3316764849E-04   2.2245863768E+00   2.3944906518E+00   1.7053491872E-03   2.2774310390E+00   2.4324689842E+00   1.8997253058E-03   2.4121344431E+00   2.4701810115E+00   2.0901936202E-03   2.2370505301E+00   2.4233652209E+00   1.5688197587E-03   3.3522105426E-04
   1  -112   0    0  -1.1434072781E-01   8.0225348561E+00   1.6246502202E-04   2.0170112979E+00   2.3810445798E+00   2.0891874012E-04   2.1148079223E+00   2.3563555518E+00   6.3314038989E-04   2.2243933458E+00   2.3948182178E+00   1.7052757700E-03   2.2782267590E+00   2.4328843313E+00   1.8997150439E-03   2.4126082239E+00   2.4706414997E+00   2.0902414062E-03   2.2375737321E+00   2.4237805653E+00   1.5688112843E-03   3.3525015702E-04
   1  -113   0    0  -1.2421642724E-01   8.0234367965E+00   1.6207778014E-04   2.0165602006E+00   2.3813343727E+00   2.0891141072E-04   2.1143352035E+00   2.3566859867E+00   6.3311317706E-04   2.2242012361E+00   2.3951472218E+00   1.7052024760E-03   2.2790260508E+00   2.4333006498E+00   1.8997047798E-03   2.4130828819E+00   2.4711028404E+00   2.0902891382E-03   2.2381044570E+00   2.4241968812E+00   1.5688028080E-03   3.3527933137E-04
   1  -114   0    0  -1.3409087750E-01   8.0243429176E+00   1.6169190206E-04   2.0161073152E+00   2.3816256885E+00   2.0890409544E-04   2.1138579806E+00   2.3570178020E+00   6.3308601664E-04   2.2240100843E+00   2.3954776087E+00   1.7051293231E-03   2.2798287799E+00   2.4337178655E+00   1.8996945162E-03   2.4135583299E+00   2.4715649486E+00   2.0903368046E-03   2.2386426387E+00   2.4246140945E+00   1.5687943322E-03   3.3530857208E-04
   1  -115   0    0  -1.4396411035E-01   8.0252530654E+00   1.6130747718E-04   2.0156527106E+00   2.3819184805E+00   2.0889679604E-04   2.1133763261E+00   2.3573509416E+00   6.3305891521E-04   2.2238199253E+00   2.3958093229E+00   1.7050563292E-03   2.2806348099E+00   2.4341359043E+00   1.8996842556E-03   2.4140344805E+00   2.4720277395E+00   2.0903843936E-03   2.2391882049E+00   2.4250321308E+00   1.5687858589E-03   3.3533787394E-04
   1  -116   0    0  -1.5383615889E-01   8.0261670838E+00   1.6092459329E-04   2.0151964557E+00   2.3822127015E+00   2.0888951428E-04   2.1128903166E+00   2.3576853487E+00   6.3303187927E-04   2.2236307922E+00   2.3961423080E+00   1.7049835117E-03   2.2814440021E+00   2.4345546920E+00   1.8996740006E-03   2.4145112467E+00   2.4724911285E+00   2.0904318936E-03   2.2397410771E+00   2.4254509161E+00   1.5687773902E-03   3.3536723171E-04
   1  -117   0    0  -1.6370705749E-01   8.0270848143E+00   1.6054333642E-04   2.0147386194E+00   2.3825083032E+00   2.0888225190E-04   2.1124000333E+00   2.3580209665E+00   6.3300491525E-04   2.2234427163E+00   2.3964765073E+00   1.7049108878E-03   2.2822562161E+00   2.4349741542E+00   1.8996637538E-03   2.4149885415E+00   2.4729550313E+00   2.0904792931E-03   2.2403011703E+00   2.4258703762E+00   1.5687689282E-03   3.3539664017E-04
   1  -118   0    0  -1.7357684178E-01   8.0280060968E+00   1.6016379083E-04   2.0142792706E+00   2.3828052370E+00   2.0887501059E-04   2.1119055614E+00   2.3583577373E+00   6.3297802949E-04   2.2232557267E+00   2.3968118636E+00   1.7048384747E-03   2.2830713096E+00   2.4353942171E+00   1.8996535178E-03   2.4154662785E+00   2.4734193637E+00   2.0905265809E-03   2.2408683937E+00   2.4262904370E+00   1.5687604751E-03   3.3542609408E-04
   1  -119   0    0  -1.8344554863E-01   8.0289307694E+00   1.5978603886E-04   2.0138184781E+00   2.3831034538E+00   2.0886779204E-04   2.1114069905E+00   2.3586956032E+00   6.3295122822E-04   2.2230698508E+00   2.3971483193E+00   1.7047662892E-03   2.2838891387E+00   2.4358148068E+00   1.8996432950E-03   2.4159443715E+00   2.4738840419E+00   2.0905737457E-03   2.2414426502E+00   2.4267110246E+00   1.5687520330E-03   3.3545558825E-04
   1  -120   0    0  -1.9331321610E-01   8.0298586682E+00   1.5941016093E-04   2.0133563104E+00   2.3834029038E+00   2.0886059790E-04   2.1109044145E+00   2.3590345061E+00   6.3292451759E-04   2.2228851139E+00   2.3974858167E+00   1.7046943479E-03   2.2847095577E+00   2.4362358497E+00   1.8996330880E-03   2.4164227349E+00   2.4743489828E+00   2.0906207764E-03   2.2420238369E+00   2.4271320655E+00   1.5687436040E-03   3.3548511748E-04
   1  -121   0    0  -2.0317988341E-01   8.0307896281E+00   1.5903623540E-04   2.0128928359E+00   2.3837035366E+00   2.0885342980E-04   2.1103979311E+00   2.3593743874E+00   6.3289790364E-04   2.2227015392E+00   2.3978242974E+00   1.7046226669E-03   2.2855324195E+00   2.4366572724E+00   1.8996228993E-03   2.4169012834E+00   2.4748141036E+00   2.0906676623E-03   2.2426118449E+00   2.4275534864E+00   1.5687351900E-03   3.3551467658E-04
   1  -122   0    0  -2.1304559093E-01   8.0317234824E+00   1.5866433856E-04   2.0124281225E+00   2.3840053015E+00   2.0884628932E-04   2.1098876426E+00   2.3597151885E+00   6.3287139227E-04   2.2225191482E+00   2.3981637030E+00   1.7045512622E-03   2.2863575757E+00   2.4370790021E+00   1.8996127313E-03   2.4173799325E+00   2.4752793221E+00   2.0907143927E-03   2.2432065597E+00   2.4279752142E+00   1.5687267931E-03   3.3554426040E-04
   1  -123   0    0  -2.2291038009E-01   8.0326600631E+00   1.5829454452E-04   2.0119622379E+00   2.3843081474E+00   2.0883917805E-04   2.1093736548E+00   2.3600568503E+00   6.3284498929E-04   2.2223379599E+00   2.3985039750E+00   1.7044801494E-03   2.2871848765E+00   2.4375009661E+00   1.8996025865E-03   2.4178585983E+00   2.4757445568E+00   2.0907609569E-03   2.2438078612E+00   2.4283971766E+00   1.5687184154E-03   3.3557386380E-04
   1  -124   0    0  -2.3277429339E-01   8.0335992013E+00   1.5792692519E-04   2.0114952491E+00   2.3846120228E+00   2.0883209749E-04   2.1088560778E+00   2.3603993137E+00   6.3281870039E-04   2.2221579917E+00   2.3988450545E+00   1.7044093439E-03   2.2880141708E+00   2.4379230924E+00   1.8995924673E-03   2.4183371975E+00   2.4762097267E+00   2.0908073447E-03   2.2444156237E+00   2.4288193013E+00   1.5687100588E-03   3.3560348169E-04
   1  -125   0    0  -2.4263737430E-01   8.0345407269E+00   1.5756155021E-04   2.0110272228E+00   2.3849168757E+00   2.0882504916E-04   2.1083350253E+00   2.3607425196E+00   6.3279253110E-04   2.2219792586E+00   2.3991868827E+00   1.7043388606E-03   2.2888453066E+00   2.4383453094E+00   1.8995823760E-03   2.4188156477E+00   2.4766747518E+00   2.0908535461E-03   2.2450297166E+00   2.4292415167E+00   1.5687017253E-03   3.3563310900E-04
   1  -126   0    0  -2.5249966727E-01   8.0354844689E+00   1.5719848692E-04   2.0105582251E+00   2.3852226540E+00   2.0881803450E-04   2.1078106149E+00   2.3610864087E+00   6.3276648684E-04   2.2218017737E+00   2.3995294004E+00   1.7042687140E-03   2.2896781310E+00   2.4387675460E+00   1.8995723149E-03   2.4192938674E+00   2.4771395528E+00   2.0908995511E-03   2.2456500037E+00   2.4296637519E+00   1.5686934167E-03   3.3566274069E-04
   1  -127   0    0  -2.6236121762E-01   8.0364302556E+00   1.5683780030E-04   2.0100883215E+00   2.3855293051E+00   2.0881105493E-04   2.1072829677E+00   2.3614309217E+00   6.3274057289E-04   2.2216255483E+00   2.3998725488E+00   1.7041989183E-03   2.2905124901E+00   2.4391897319E+00   1.8995622864E-03   2.4197717757E+00   2.4776040512E+00   2.0909453500E-03   2.2462763442E+00   2.4300859364E+00   1.5686851351E-03   3.3569237177E-04
   1  -128   0    0  -2.7222207153E-01   8.0373779148E+00   1.5647955295E-04   2.0096175770E+00   2.3858367765E+00   2.0880411185E-04   2.1067522085E+00   2.3617759994E+00   6.3271479438E-04   2.2214505912E+00   2.4002162689E+00   1.7041294875E-03   2.2913482294E+00   2.4396117972E+00   1.8995522928E-03   2.4202492928E+00   2.4780681694E+00   2.0909909335E-03   2.2469085925E+00   2.4305080004E+00   1.5686768821E-03   3.3572199730E-04
   1  -129   0    0  -2.8208227599E-01   8.0383272738E+00   1.5612380505E-04   2.0091460557E+00   2.3861450153E+00   2.0879720658E-04   2.1062184651E+00   2.3621215825E+00   6.3268915629E-04   2.2212769097E+00   2.4005605016E+00   1.7040604349E-03   2.2921851936E+00   2.4400336727E+00   1.8995423361E-03   2.4207263400E+00   2.4785318309E+00   2.0910362923E-03   2.2475465982E+00   2.4309298748E+00   1.5686686597E-03   3.3575161237E-04
   1  -130   0    0  -2.9194187870E-01   8.0392781594E+00   1.5577061435E-04   2.0086738211E+00   2.3864539684E+00   2.0879034044E-04   2.1056818689E+00   2.3624676119E+00   6.3266366347E-04   2.2211045089E+00   2.4009051882E+00   1.7039917735E-03   2.2930232272E+00   2.4404552901E+00   1.8995324185E-03   2.4212028393E+00   2.4789949599E+00   2.0910814176E-03   2.2481902068E+00   2.4313514911E+00   1.5686604697E-03   3.3578121212E-04
   1  -131   0    0  -3.0180092806E-01   8.0402303984E+00   1.5542003615E-04   2.0082009361E+00   2.3867635826E+00   2.0878351469E-04   2.1051425541E+00   2.3628140287E+00   6.3263832060E-04   2.2209333920E+00   2.4012502700E+00   1.7039235160E-03   2.2938621740E+00   2.4408765818E+00   1.8995225423E-03   2.4216787141E+00   2.4794574820E+00   2.0911263006E-03   2.2488392594E+00   2.4317727817E+00   1.5686523137E-03   3.3581079175E-04
   1  -132   0    0  -3.1165947308E-01   8.0411838174E+00   1.5507212328E-04   2.0077274627E+00   2.3870738048E+00   2.0877673054E-04   2.1046006579E+00   2.3631607741E+00   6.3261313220E-04   2.2207635606E+00   2.4015956883E+00   1.7038556745E-03   2.2947018778E+00   2.4412974807E+00   1.8995127093E-03   2.4221538885E+00   2.4799193235E+00   2.0911709329E-03   2.2494935933E+00   2.4321936797E+00   1.5686441936E-03   3.3584034651E-04
   1  -133   0    0  -3.2151756334E-01   8.0421382430E+00   1.5472692608E-04   2.0072534621E+00   2.3873845816E+00   2.0876998918E-04   2.1040563204E+00   2.3635077895E+00   6.3258810266E-04   2.2205950140E+00   2.4019413849E+00   1.7037882609E-03   2.2955421821E+00   2.4417179210E+00   1.8995029217E-03   2.4226282880E+00   2.4803804119E+00   2.0912153064E-03   2.2501530420E+00   2.4326141191E+00   1.5686361108E-03   3.3586987170E-04
   1  -134   0    0  -3.3137524889E-01   8.0430935022E+00   1.5438449244E-04   2.0067789950E+00   2.3876958597E+00   2.0876329174E-04   2.1035096841E+00   2.3638550166E+00   6.3256323619E-04   2.2204277502E+00   2.4022873017E+00   1.7037212865E-03   2.2963829304E+00   2.4421378372E+00   1.8994931814E-03   2.4231018392E+00   2.4808406760E+00   2.0912594131E-03   2.2508174353E+00   2.4330340346E+00   1.5686280671E-03   3.3589936269E-04
   1  -135   0    0  -3.4123258027E-01   8.0440494219E+00   1.5404486778E-04   2.0063041211E+00   2.3880075859E+00   2.0875663931E-04   2.1029608938E+00   2.3642023973E+00   6.3253853684E-04   2.2202617652E+00   2.4026333807E+00   1.7036547623E-03   2.2972239663E+00   2.4425571652E+00   1.8994834903E-03   2.4235744699E+00   2.4813000454E+00   2.0913032455E-03   2.2514866000E+00   2.4334533618E+00   1.5686200641E-03   3.3592881490E-04
   1  -136   0    0  -3.5108960834E-01   8.0450058297E+00   1.5370809505E-04   2.0058288995E+00   2.3883197069E+00   2.0875003295E-04   2.1024100968E+00   2.3645498737E+00   6.3251400852E-04   2.2200970537E+00   2.4029795644E+00   1.7035886986E-03   2.2980651336E+00   2.4429758412E+00   1.8994738502E-03   2.4240461088E+00   2.4817584511E+00   2.0913467962E-03   2.2521603594E+00   2.4338720372E+00   1.5686121032E-03   3.3595822381E-04
   1  -137   0    0  -3.6094638430E-01   8.0459625535E+00   1.5337421476E-04   2.0053533883E+00   2.3886321694E+00   2.0874347365E-04   2.1018574423E+00   2.3648973886E+00   6.3248965495E-04   2.2199336084E+00   2.4033257955E+00   1.7035231057E-03   2.2989062763E+00   2.4433938029E+00   1.8994642630E-03   2.4245166863E+00   2.4822158252E+00   2.0913900580E-03   2.2528385343E+00   2.4342899983E+00   1.5686041859E-03   3.3598758496E-04
   1  -138   0    0  -3.7080295960E-01   8.0469194219E+00   1.5304326499E-04   2.0048776451E+00   2.3889449204E+00   2.0873696238E-04   2.1013030812E+00   2.3652448847E+00   6.3246547971E-04   2.2197714207E+00   2.4036720172E+00   1.7034579930E-03   2.2997472390E+00   2.4438109883E+00   1.8994547303E-03   2.4249861335E+00   2.4826721009E+00   2.0914330243E-03   2.2535209424E+00   2.4347071832E+00   1.5685963137E-03   3.3601689395E-04
   1  -139   0    0  -3.8065938586E-01   8.0478762642E+00   1.5271528144E-04   2.0044017267E+00   2.3892579070E+00   2.0873050006E-04   2.1007471662E+00   2.3655923053E+00   6.3244148620E-04   2.2196104809E+00   2.4040181729E+00   1.7033933698E-03   2.3005878665E+00   2.4442273369E+00   1.8994452539E-03   2.4254543832E+00   2.4831272128E+00   2.0914756885E-03   2.2542073994E+00   2.4351235314E+00   1.5685884880E-03   3.3604614647E-04
   1  -140   0    0  -3.9051571483E-01   8.0488329104E+00   1.5239029743E-04   2.0039256891E+00   2.3895710763E+00   2.0872408757E-04   2.1001898513E+00   2.3659395941E+00   6.3241767769E-04   2.2194507774E+00   2.4043642064E+00   1.7033292449E-03   2.3014280045E+00   2.4446427887E+00   1.8994358355E-03   2.4259213690E+00   2.4835810966E+00   2.0915180443E-03   2.2548977186E+00   2.4355389828E+00   1.5685807101E-03   3.3607533824E-04
   1  -141   0    0  -4.0037199830E-01   8.0497891914E+00   1.5206834393E-04   2.0034495879E+00   2.3898843757E+00   2.0871772573E-04   2.0996312919E+00   2.3662866953E+00   6.3239405727E-04   2.2192922977E+00   2.4047100621E+00   1.7032656266E-03   2.3022674992E+00   2.4450572848E+00   1.8994264764E-03   2.4263870261E+00   2.4840336891E+00   2.0915600858E-03   2.2555917111E+00   2.4359534786E+00   1.5685729812E-03   3.3610446507E-04
   1  -142   0    0  -4.1022828809E-01   8.0507449391E+00   1.5174944964E-04   2.0029734777E+00   2.3901977526E+00   2.0871141535E-04   2.0990716443E+00   2.3666335532E+00   6.3237062786E-04   2.2191350281E+00   2.4050556845E+00   1.7032025227E-03   2.3031061978E+00   2.4454707672E+00   1.8994171784E-03   2.4268512908E+00   2.4844849284E+00   2.0916018073E-03   2.2562891865E+00   2.4363669609E+00   1.5685653028E-03   3.3613352282E-04
   1  -143   0    0  -4.2008463591E-01   8.0516999864E+00   1.5143364098E-04   2.0024974128E+00   2.3905111549E+00   2.0870515716E-04   2.0985110656E+00   2.3669801129E+00   6.3234739225E-04   2.2189789539E+00   2.4054010188E+00   1.7031399408E-03   2.3039439482E+00   2.4458831790E+00   1.8994079427E-03   2.4273141005E+00   2.4849347537E+00   2.0916432034E-03   2.2569899527E+00   2.4367793725E+00   1.5685576759E-03   3.3616250742E-04
   1  -144   0    0  -4.2994109338E-01   8.0526541674E+00   1.5112094218E-04   2.0020214468E+00   2.3908245305E+00   2.0869895187E-04   2.0979497134E+00   2.3673263199E+00   6.3232435305E-04   2.2188240591E+00   2.4057460106E+00   1.7030778879E-03   2.3047805994E+00   2.4462944640E+00   1.8993987709E-03   2.4277753940E+00   2.4853831057E+00   2.0916842688E-03   2.2576938163E+00   2.4371906574E+00   1.5685501016E-03   3.3619141487E-04
   1  -145   0    0  -4.3979771190E-01   8.0536073174E+00   1.5081137528E-04   2.0015456326E+00   2.3911378277E+00   2.0869280014E-04   2.0973877461E+00   2.3676721199E+00   6.3230151274E-04   2.2186703272E+00   2.4060906058E+00   1.7030163707E-03   2.3056160014E+00   2.4467045671E+00   1.8993896643E-03   2.4282351114E+00   2.4858299259E+00   2.0917249988E-03   2.2584005827E+00   2.4376007605E+00   1.5685425812E-03   3.3622024123E-04
   1  -146   0    0  -4.4965454265E-01   8.0545592728E+00   1.5050496024E-04   2.0010700230E+00   2.3914509949E+00   2.0868670262E-04   2.0968253218E+00   2.3680174594E+00   6.3227887364E-04   2.2185177408E+00   2.4064347511E+00   1.7029553955E-03   2.3064500055E+00   2.4471134340E+00   1.8993806240E-03   2.4286931938E+00   2.4862751571E+00   2.0917653887E-03   2.2591100563E+00   2.4380096274E+00   1.5685351157E-03   3.3624898264E-04
   1  -147   0    0  -4.5951163648E-01   8.0555098714E+00   1.5020171493E-04   2.0005946700E+00   2.3917639809E+00   2.0868065986E-04   2.0962625989E+00   2.3683622853E+00   6.3225643792E-04   2.2183662816E+00   2.4067783933E+00   1.7028949680E-03   2.3072824640E+00   2.4475210114E+00   1.8993716515E-03   2.4291495835E+00   2.4867187435E+00   2.0918054341E-03   2.2598220409E+00   2.4384172050E+00   1.5685277061E-03   3.3627763528E-04
   1  -148   0    0  -4.6936904390E-01   8.0564589525E+00   1.4990165524E-04   2.0001196255E+00   2.3920767348E+00   2.0867467244E-04   2.0956997355E+00   2.3687065449E+00   6.3223420760E-04   2.2182159310E+00   2.4071214800E+00   1.7028350937E-03   2.3081132307E+00   2.4479272470E+00   1.8993627478E-03   2.4296042242E+00   2.4871606301E+00   2.0918451309E-03   2.2605363397E+00   2.4388234407E+00   1.5685203532E-03   3.3630619542E-04
   1  -149   0    0  -4.7922681499E-01   8.0574063567E+00   1.4960479512E-04   1.9996449410E+00   2.3923892059E+00   2.0866874084E-04   2.0951368892E+00   2.3690501862E+00   6.3221218458E-04   2.2180666696E+00   2.4074639592E+00   1.7027757777E-03   2.3089421607E+00   2.4483320893E+00   1.8993539141E-03   2.4300570606E+00   2.4876007632E+00   2.0918844753E-03   2.2612527556E+00   2.4392282832E+00   1.5685130582E-03   3.3633465937E-04
   1  -150   0    0  -4.8908499935E-01   8.0583519261E+00   1.4931114660E-04   1.9991706675E+00   2.3927013439E+00   2.0866286554E-04   2.0945742171E+00   2.3693931575E+00   6.3219037060E-04   2.2179184779E+00   2.4078057794E+00   1.7027170248E-03   2.3097691105E+00   2.4487354877E+00   1.8993451513E-03   2.4305080386E+00   2.4880390904E+00   2.0919234637E-03   2.2619710912E+00   2.4396316818E+00   1.5685058218E-03   3.3636302353E-04
   1  -151   0    0  -4.9894364608E-01   8.0592955044E+00   1.4902071992E-04   1.9986968561E+00   2.3930130988E+00   2.0865704698E-04   2.0940118755E+00   2.3697354077E+00   6.3216876726E-04   2.2177713358E+00   2.4081468895E+00   1.7026588392E-03   2.3105939384E+00   2.4491373924E+00   1.8993364606E-03   2.4309571051E+00   2.4884755599E+00   2.0919620927E-03   2.2626911492E+00   2.4400335868E+00   1.5684986449E-03   3.3639128433E-04
   1  -152   0    0  -5.0880280368E-01   8.0602369368E+00   1.4873352354E-04   1.9982235574E+00   2.3933244209E+00   2.0865128556E-04   2.0934500197E+00   2.3700768863E+00   6.3214737606E-04   2.2176252232E+00   2.4084872391E+00   1.7026012250E-03   2.3114165039E+00   2.4495377546E+00   1.8993278429E-03   2.4314042084E+00   2.4889101215E+00   2.0920003591E-03   2.2634127325E+00   2.4404339494E+00   1.5684915283E-03   3.3641943828E-04
   1  -153   0    0  -5.1866252005E-01   8.0611760701E+00   1.4844956422E-04   1.9977508222E+00   2.3936352610E+00   2.0864558163E-04   2.0928888037E+00   2.3704175432E+00   6.3212619834E-04   2.2174801198E+00   2.4088267781E+00   1.7025441857E-03   2.3122366685E+00   2.4499365264E+00   1.8993192991E-03   2.4318492977E+00   2.4893427258E+00   2.0920382601E-03   2.2641356444E+00   2.4408327216E+00   1.5684844727E-03   3.3644748196E-04
   1  -154   0    0  -5.2852284241E-01   8.0621127528E+00   1.4816884709E-04   1.9972787011E+00   2.3939455699E+00   2.0863993554E-04   2.0923283802E+00   2.3707573289E+00   6.3210523534E-04   2.2173360052E+00   2.4091654573E+00   1.7024877248E-03   2.3130542951E+00   2.4503336605E+00   1.8993108300E-03   2.4322923231E+00   2.4897733244E+00   2.0920757929E-03   2.2648596887E+00   2.4412298562E+00   1.5684774788E-03   3.3647541198E-04
   1  -155   0    0  -5.3838381726E-01   8.0630468351E+00   1.4789137569E-04   1.9968072446E+00   2.3942552991E+00   2.0863434757E-04   2.0917689006E+00   2.3710961944E+00   6.3208448815E-04   2.2171928592E+00   2.4095032275E+00   1.7024318451E-03   2.3138692485E+00   2.4507291107E+00   1.8993024364E-03   2.4327332361E+00   2.4902018701E+00   2.0921129552E-03   2.2655846699E+00   2.4416253069E+00   1.5684705473E-03   3.3650322505E-04
   1  -156   0    0  -5.4824549035E-01   8.0639781690E+00   1.4761715206E-04   1.9963365033E+00   2.3945644004E+00   2.0862881799E-04   2.0912105141E+00   2.3714340913E+00   6.3206395777E-04   2.2170506615E+00   2.4098400404E+00   1.7023765494E-03   2.3146813954E+00   2.4511228314E+00   1.8992941192E-03   2.4331719889E+00   2.4906283164E+00   2.0921497445E-03   2.2663103934E+00   2.4420190281E+00   1.5684636788E-03   3.3653091790E-04
   1  -157   0    0  -5.5810790662E-01   8.0649066080E+00   1.4734617678E-04   1.9958665278E+00   2.3948728259E+00   2.0862334705E-04   2.0906533686E+00   2.3717709715E+00   6.3204364507E-04   2.2169093922E+00   2.4101758481E+00   1.7023218400E-03   2.3154906042E+00   2.4515147778E+00   1.8992858789E-03   2.4336085349E+00   2.4910526181E+00   2.0921861590E-03   2.2670366656E+00   2.4424109751E+00   1.5684568739E-03   3.3655848732E-04
   1  -158   0    0  -5.6797111017E-01   8.0658320077E+00   1.4707844902E-04   1.9953973691E+00   2.3951805280E+00   2.0861793494E-04   2.0900976097E+00   2.3721067876E+00   6.3202355083E-04   2.2167690317E+00   2.4105106032E+00   1.7022677189E-03   2.3162967453E+00   2.4519049061E+00   1.8992777164E-03   2.4340428283E+00   2.4914747307E+00   2.0922221967E-03   2.2677632938E+00   2.4428011040E+00   1.5684501331E-03   3.3658593019E-04
   1  -159   0    0  -5.7783514422E-01   8.0667542253E+00   1.4681396666E-04   1.9949290780E+00   2.3954874597E+00   2.0861258185E-04   2.0895433808E+00   2.3724414929E+00   6.3200367570E-04   2.2166295607E+00   2.4108442589E+00   1.7022141880E-03   2.3170996911E+00   2.4522931729E+00   1.8992696321E-03   2.4344748245E+00   2.4918946108E+00   2.0922578560E-03   2.2684900870E+00   2.4431893716E+00   1.5684434570E-03   3.3661324339E-04
   1  -160   0    0  -5.8770005109E-01   8.0676731198E+00   1.4655272627E-04   1.9944617058E+00   2.3957935742E+00   2.0860728792E-04   2.0889908232E+00   2.3727750407E+00   6.3198402024E-04   2.2164909603E+00   2.4111767687E+00   1.7021612487E-03   2.3178993157E+00   2.4526795360E+00   1.8992616267E-03   2.4349044797E+00   2.4923122156E+00   2.0922931354E-03   2.2692168554E+00   2.4435757354E+00   1.5684368460E-03   3.3664042391E-04
   1  -161   0    0  -5.9756587213E-01   8.0685885522E+00   1.4629472322E-04   1.9939953039E+00   2.3960988252E+00   2.0860205329E-04   2.0884400757E+00   2.3731073855E+00   6.3196458492E-04   2.2163532122E+00   2.4115080870E+00   1.7021089024E-03   2.3186954957E+00   2.4530639535E+00   1.8992537007E-03   2.4353317508E+00   2.4927275036E+00   2.0923280335E-03   2.2699434107E+00   2.4439601536E+00   1.5684303006E-03   3.3666746874E-04
   1  -162   0    0  -6.0743264771E-01   8.0695003854E+00   1.4603995172E-04   1.9935299239E+00   2.3964031668E+00   2.0859687804E-04   2.0878912744E+00   2.3734384817E+00   6.3194537009E-04   2.2162162987E+00   2.4118381682E+00   1.7020571499E-03   2.3194881094E+00   2.4534463844E+00   1.8992458546E-03   2.4357565960E+00   2.4931404339E+00   2.0923625494E-03   2.2706695664E+00   2.4443425853E+00   1.5684238212E-03   3.3669437497E-04
   1  -163   0    0  -6.1730041719E-01   8.0704084842E+00   1.4578840489E-04   1.9930656180E+00   2.3967065535E+00   2.0859176226E-04   2.0873445530E+00   2.3737682846E+00   6.3192637604E-04   2.2160802026E+00   2.4121669678E+00   1.7020059921E-03   2.3202770373E+00   2.4538267885E+00   1.8992380888E-03   2.4361789740E+00   2.4935509665E+00   2.0923966820E-03   2.2713951377E+00   2.4447229903E+00   1.5684174081E-03   3.3672113970E-04
   1  -164   0    0  -6.2716921889E-01   8.0713127151E+00   1.4554007477E-04   1.9926024383E+00   2.3970089401E+00   2.0858670598E-04   2.0868000423E+00   2.3740967499E+00   6.3190760296E-04   2.2159449074E+00   2.4124944414E+00   1.7019554294E-03   2.3210621621E+00   2.4542051262E+00   1.8992304038E-03   2.4365988445E+00   2.4939590622E+00   2.0924304306E-03   2.2721199417E+00   2.4451013288E+00   1.5684110617E-03   3.3674776011E-04
   1  -165   0    0  -6.3703909004E-01   8.0722129469E+00   1.4529495241E-04   1.9921404376E+00   2.3973102821E+00   2.0858170925E-04   2.0862578702E+00   2.3744238340E+00   6.3188905094E-04   2.2158103975E+00   2.4128205454E+00   1.7019054621E-03   2.3218433687E+00   2.4545813586E+00   1.8992227999E-03   2.4370161682E+00   2.4943646827E+00   2.0924637944E-03   2.2728437976E+00   2.4454775620E+00   1.5684047823E-03   3.3677423340E-04
   1  -166   0    0  -6.4691006680E-01   8.0731090503E+00   1.4505302792E-04   1.9916796689E+00   2.3976105351E+00   2.0857677207E-04   2.0857181616E+00   2.3747494935E+00   6.3187072000E-04   2.2156766579E+00   2.4131452364E+00   1.7018560903E-03   2.3226205441E+00   2.4549554474E+00   1.8992152774E-03   2.4374309064E+00   2.4947677905E+00   2.0924967731E-03   2.2735665268E+00   2.4458516518E+00   1.5683985701E-03   3.3680055685E-04
   1  -167   0    0  -6.5678218419E-01   8.0740008978E+00   1.4481429050E-04   1.9912201857E+00   2.3979096554E+00   2.0857189442E-04   2.0851810386E+00   2.3750736859E+00   6.3185261009E-04   2.2155436744E+00   2.4134684719E+00   1.7018073138E-03   2.3233935775E+00   2.4553273551E+00   1.8992078368E-03   2.4378430212E+00   2.4951683487E+00   2.0925293663E-03   2.2742879525E+00   2.4462235605E+00   1.5683924255E-03   3.3682672777E-04
   1  -168   0    0  -6.6665547609E-01   8.0748883641E+00   1.4457872847E-04   1.9907620417E+00   2.3982075997E+00   2.0856707626E-04   2.0846466199E+00   2.3753963690E+00   6.3183472108E-04   2.2154114338E+00   2.4137902097E+00   1.7017591322E-03   2.3241623606E+00   2.4556970449E+00   1.8992004781E-03   2.4382524756E+00   2.4955663214E+00   2.0925615737E-03   2.2750079008E+00   2.4465932512E+00   1.5683863487E-03   3.3685274352E-04
   1  -169   0    0  -6.7652997520E-01   8.0757713261E+00   1.4434632936E-04   1.9903052911E+00   2.3985043250E+00   2.0856231754E-04   2.0841150212E+00   2.3757175012E+00   6.3181705276E-04   2.2152799237E+00   2.4141104082E+00   1.7017115450E-03   2.3249267871E+00   2.4560644805E+00   1.8991932017E-03   2.4386592335E+00   2.4959616734E+00   2.0925933954E-03   2.2757261996E+00   2.4469606878E+00   1.5683803397E-03   3.3687860151E-04
   1  -170   0    0  -6.8640571307E-01   8.0766496625E+00   1.4411707990E-04   1.9898499884E+00   2.3987997891E+00   2.0855761819E-04   2.0835863547E+00   2.3760370415E+00   6.3179960486E-04   2.2151491327E+00   2.4144290265E+00   1.7016645515E-03   2.3256867533E+00   2.4564296264E+00   1.8991860078E-03   2.4390632593E+00   2.4963543702E+00   2.0926248314E-03   2.2764426799E+00   2.4473258347E+00   1.5683743989E-03   3.3690429920E-04
   1  -171   0    0  -6.9628272001E-01   8.0775232544E+00   1.4389096608E-04   1.9893961886E+00   2.3990939498E+00   2.0855297811E-04   2.0830607297E+00   2.3763549496E+00   6.3178237703E-04   2.2150190502E+00   2.4147460239E+00   1.7016181507E-03   2.3264421575E+00   2.4567924476E+00   1.8991788965E-03   2.4394645185E+00   2.4967443781E+00   2.0926558818E-03   2.2771571748E+00   2.4476886570E+00   1.5683685263E-03   3.3692983409E-04
   1  -172   0    0  -7.0616102515E-01   8.0783919849E+00   1.4366797320E-04   1.9889439469E+00   2.3993867659E+00   2.0854839720E-04   2.0825382518E+00   2.3766711853E+00   6.3176536887E-04   2.2148896665E+00   2.4150613607E+00   1.7015723416E-03   2.3271929007E+00   2.4571529101E+00   1.8991718680E-03   2.4398629771E+00   2.4971316643E+00   2.0926865471E-03   2.2778695202E+00   2.4480491205E+00   1.5683627220E-03   3.3695520373E-04
   1  -173   0    0  -7.1604065634E-01   8.0792557393E+00   1.4344808589E-04   1.9884933190E+00   2.3996781965E+00   2.0854387532E-04   2.0820190233E+00   2.3769857096E+00   6.3174857990E-04   2.2147609731E+00   2.4153749975E+00   1.7015271229E-03   2.3279388861E+00   2.4575109801E+00   1.8991649224E-03   2.4402586020E+00   2.4975161964E+00   2.0927168277E-03   2.2785795547E+00   2.4484071916E+00   1.5683569862E-03   3.3698040572E-04
   1  -174   0    0  -7.2592164022E-01   8.0801144050E+00   1.4323128812E-04   1.9880443606E+00   2.3999682010E+00   2.0853941234E-04   2.0815031431E+00   2.3772984836E+00   6.3173200961E-04   2.2146329622E+00   2.4156868956E+00   1.7014824931E-03   2.3286800193E+00   2.4578666247E+00   1.8991580597E-03   2.4406513608E+00   2.4978979431E+00   2.0927467240E-03   2.2792871200E+00   2.4487628374E+00   1.5683513189E-03   3.3700543771E-04
   1  -175   0    0  -7.3580400217E-01   8.0809678719E+00   1.4301756327E-04   1.9875971280E+00   2.4002567397E+00   2.0853500810E-04   2.0809907068E+00   2.3776094692E+00   6.3171565739E-04   2.2145056273E+00   2.4159970167E+00   1.7014384507E-03   2.3294162085E+00   2.4582198119E+00   1.8991512800E-03   2.4410412220E+00   2.4982768737E+00   2.0927762368E-03   2.2799920601E+00   2.4491160256E+00   1.5683457202E-03   3.3703029739E-04
   1  -176   0    0  -7.4568776629E-01   8.0818160321E+00   1.4280689413E-04   1.9871516778E+00   2.4005437733E+00   2.0853066242E-04   2.0804818063E+00   2.3779186289E+00   6.3169952261E-04   2.2143789624E+00   2.4163053234E+00   1.7013949939E-03   2.3301473641E+00   2.4585705099E+00   1.8991445833E-03   2.4414281549E+00   2.4986529581E+00   2.0928053669E-03   2.2806942225E+00   2.4494667248E+00   1.5683401899E-03   3.3705498251E-04
   1  -177   0    0  -7.5557295540E-01   8.0826587797E+00   1.4259926295E-04   1.9867080664E+00   2.4008292629E+00   2.0852637511E-04   2.0799765300E+00   2.3782259259E+00   6.3168360457E-04   2.2142529630E+00   2.4166117788E+00   1.7013521208E-03   2.3308733993E+00   2.4589186879E+00   1.8991379696E-03   2.4418121292E+00   2.4990261674E+00   2.0928341150E-03   2.2813934573E+00   2.4498149039E+00   1.5683347283E-03   3.3707949085E-04
   1  -178   0    0  -7.6545959106E-01   8.0834960116E+00   1.4239465144E-04   1.9862663508E+00   2.4011131706E+00   2.0852214598E-04   2.0794749631E+00   2.3785313238E+00   6.3166790252E-04   2.2141276251E+00   2.4169163465E+00   1.7013098295E-03   2.3315942294E+00   2.4592643158E+00   1.8991314390E-03   2.4421931160E+00   2.4993964729E+00   2.0928624823E-03   2.2820896178E+00   2.4501605329E+00   1.5683293352E-03   3.3710382027E-04
   1  -179   0    0  -7.7534769353E-01   8.0843276268E+00   1.4219304079E-04   1.9858265879E+00   2.4013954586E+00   2.0851797481E-04   2.0789771871E+00   2.3788347872E+00   6.3165241565E-04   2.2140029460E+00   2.4172189909E+00   1.7012681178E-03   2.3323097726E+00   2.4596073640E+00   1.8991249912E-03   2.4425710866E+00   2.4997638471E+00   2.0928904698E-03   2.2827825606E+00   2.4505035823E+00   1.5683240105E-03   3.3712796864E-04
   1  -180   0    0  -7.8523728176E-01   8.0851535268E+00   1.4199441172E-04   1.9853888347E+00   2.4016760900E+00   2.0851386136E-04   2.0784832801E+00   2.3791362810E+00   6.3163714312E-04   2.2138789236E+00   2.4175196771E+00   1.7012269834E-03   2.3330199494E+00   2.4599478037E+00   1.8991186263E-03   2.4429460134E+00   2.5001282631E+00   2.0929180786E-03   2.2834721450E+00   2.4508440233E+00   1.5683187543E-03   3.3715193393E-04
   1  -181   0    0  -7.9512837344E-01   8.0859736155E+00   1.4179874448E-04   1.9849531484E+00   2.4019550286E+00   2.0850980540E-04   2.0779933165E+00   2.3794357710E+00   6.3162208402E-04   2.2137555571E+00   2.4178183707E+00   1.7011864238E-03   2.3337246830E+00   2.4602856070E+00   1.8991123440E-03   2.4433178696E+00   2.5004896948E+00   2.0929453100E-03   2.2841582340E+00   2.4511818277E+00   1.5683135663E-03   3.3717571411E-04
   1  -182   0    0  -8.0502098495E-01   8.0867877993E+00   1.4160601887E-04   1.9845195860E+00   2.4022322387E+00   2.0850580667E-04   2.0775073677E+00   2.3797332237E+00   6.3160723740E-04   2.2136328461E+00   2.4181150382E+00   1.7011464364E-03   2.3344238989E+00   2.4606207464E+00   1.8991061444E-03   2.4436866293E+00   2.5008481169E+00   2.0929721654E-03   2.2848406936E+00   2.4515169684E+00   1.5683084466E-03   3.3719930724E-04
   1  -183   0    0  -8.1491513137E-01   8.0875959873E+00   1.4141621424E-04   1.9840882045E+00   2.4025076852E+00   2.0850186490E-04   2.0770255012E+00   2.3800286062E+00   6.3159260227E-04   2.2135107915E+00   2.4184096466E+00   1.7011070188E-03   2.3351175254E+00   2.4609531955E+00   1.8991000272E-03   2.4440522672E+00   2.5012035050E+00   2.0929986462E-03   2.2855193931E+00   2.4518494187E+00   1.5683033949E-03   3.3722271141E-04
   1  -184   0    0  -8.2481082649E-01   8.0883980909E+00   1.4122930956E-04   1.9836590606E+00   2.4027813339E+00   2.0849797981E-04   2.0765477813E+00   2.3803218865E+00   6.3157817760E-04   2.2133893948E+00   2.4187021639E+00   1.7010681679E-03   2.3358054934E+00   2.4612829285E+00   1.8990939923E-03   2.4444147589E+00   2.5015558354E+00   2.0930247540E-03   2.2861942053E+00   2.4521791529E+00   1.5682984112E-03   3.3724592480E-04
   1  -185   0    0  -8.3470808283E-01   8.0891940242E+00   1.4104528337E-04   1.9832322112E+00   2.4030531512E+00   2.0849415112E-04   2.0760742689E+00   2.3806130331E+00   6.3156396230E-04   2.2132686585E+00   2.4189925586E+00   1.7010298810E-03   2.3364877364E+00   2.4616099202E+00   1.8990880394E-03   2.4447740811E+00   2.5019050852E+00   2.0930504904E-03   2.2868650062E+00   2.4525061458E+00   1.5682934952E-03   3.3726894559E-04
   1  -186   0    0  -8.4460691161E-01   8.0899837039E+00   1.4086411382E-04   1.9828077124E+00   2.4033231042E+00   2.0849037851E-04   2.0756050216E+00   2.3809020156E+00   6.3154995525E-04   2.2131485856E+00   2.4192808001E+00   1.7009921549E-03   2.3371641904E+00   2.4619341465E+00   1.8990821682E-03   2.4451302110E+00   2.5022512326E+00   2.0930758571E-03   2.2875316754E+00   2.4528303733E+00   1.5682886467E-03   3.3729177207E-04
   1  -187   0    0  -8.5450732277E-01   8.0907670495E+00   1.4068577871E-04   1.9823856205E+00   2.4035911607E+00   2.0848666168E-04   2.0751400936E+00   2.3811888040E+00   6.3153615528E-04   2.2130291801E+00   2.4195668586E+00   1.7009549866E-03   2.3378347942E+00   2.4622555839E+00   1.8990763787E-03   2.4454831271E+00   2.5025942563E+00   2.0931008559E-03   2.2881940957E+00   2.4531518120E+00   1.5682838656E-03   3.3731440256E-04
   1  -188   0    0  -8.6440932501E-01   8.0915439831E+00   1.4051025545E-04   1.9819659910E+00   2.4038572895E+00   2.0848300030E-04   2.0746795357E+00   2.3814733695E+00   6.3152256119E-04   2.2129104464E+00   2.4198507048E+00   1.7009183728E-03   2.3384994890E+00   2.4625742098E+00   1.8990706704E-03   2.4458328084E+00   2.5029341361E+00   2.0931254887E-03   2.2888521538E+00   2.4534704392E+00   1.5682791517E-03   3.3733683544E-04
   1  -189   0    0  -8.7431292574E-01   8.0923144295E+00   1.4033752112E-04   1.9815488791E+00   2.4041214600E+00   2.0847939404E-04   2.0742233957E+00   2.3817556838E+00   6.3150917174E-04   2.2127923900E+00   2.4201323108E+00   1.7008823102E-03   2.3391582190E+00   2.4628900025E+00   1.8990650431E-03   2.4461792351E+00   2.5032708528E+00   2.0931497573E-03   2.2895057394E+00   2.4537862332E+00   1.5682745046E-03   3.3735906917E-04
   1  -190   0    0  -8.8421813116E-01   8.0930783163E+00   1.4016755244E-04   1.9811343395E+00   2.4043836423E+00   2.0847584254E-04   2.0737717180E+00   2.3820357196E+00   6.3149598562E-04   2.2126750167E+00   2.4204116489E+00   1.7008467952E-03   2.3398109308E+00   2.4632029411E+00   1.8990594965E-03   2.4465223882E+00   2.5036043878E+00   2.0931736639E-03   2.2901547461E+00   2.4540991730E+00   1.5682699241E-03   3.3738110223E-04
   1  -191   0    0  -8.9412494620E-01   8.0938355740E+00   1.4000032583E-04   1.9807224263E+00   2.4046438076E+00   2.0847234546E-04   2.0733245441E+00   2.3823134505E+00   6.3148300154E-04   2.2125583329E+00   2.4206886927E+00   1.7008118244E-03   2.3404575738E+00   2.4635130055E+00   1.8990540302E-03   2.4468622496E+00   2.5039347236E+00   2.0931972106E-03   2.2907990710E+00   2.4544092386E+00   1.5682654100E-03   3.3740293321E-04
   1  -192   0    0  -9.0403337460E-01   8.0945861357E+00   1.3983581735E-04   1.9803131929E+00   2.4049019276E+00   2.0846890242E-04   2.0728819120E+00   2.3825888507E+00   6.3147021812E-04   2.2124423457E+00   2.4209634166E+00   1.7007773940E-03   2.3410981000E+00   2.4638201766E+00   1.8990486439E-03   2.4471988024E+00   2.5042618437E+00   2.0932203994E-03   2.2914386146E+00   2.4547164110E+00   1.5682609619E-03   3.3742456072E-04
   1  -193   0    0  -9.1394341889E-01   8.0953299377E+00   1.3967400279E-04   1.9799066920E+00   2.4051579753E+00   2.0846551305E-04   2.0724438571E+00   2.3828618957E+00   6.3145763396E-04   2.2123270627E+00   2.4212357957E+00   1.7007435004E-03   2.3417324640E+00   2.4641244361E+00   1.8990433372E-03   2.4475320304E+00   2.5045857324E+00   2.0932432327E-03   2.2920732812E+00   2.4550206717E+00   1.5682565795E-03   3.3744598348E-04
   1  -194   0    0  -9.2385508040E-01   8.0960669189E+00   1.3951485761E-04   1.9795029754E+00   2.4054119241E+00   2.0846217697E-04   2.0720104115E+00   2.3831325616E+00   6.3144524765E-04   2.2122124917E+00   2.4215058061E+00   1.7007101395E-03   2.3423606233E+00   2.4644257666E+00   1.8990381096E-03   2.4478619185E+00   2.5049063750E+00   2.0932657128E-03   2.2927029785E+00   2.4553220035E+00   1.5682522625E-03   3.3746720023E-04
   1  -195   0    0  -9.3376835932E-01   8.0967970212E+00   1.3935835701E-04   1.9791020942E+00   2.4056637486E+00   2.0845889377E-04   2.0715816044E+00   2.3834008256E+00   6.3143305770E-04   2.2120986412E+00   2.4217734249E+00   1.7006773076E-03   2.3429825379E+00   2.4647241519E+00   1.8990329609E-03   2.4481884526E+00   2.5052237578E+00   2.0932878421E-03   2.2933276179E+00   2.4556203900E+00   1.5682480106E-03   3.3748820981E-04
   1  -196   0    0  -9.4368325467E-01   8.0975201894E+00   1.3920447588E-04   1.9787040984E+00   2.4059134243E+00   2.0845566307E-04   2.0711574622E+00   2.3836666656E+00   6.3142106263E-04   2.2119855200E+00   2.4220386301E+00   1.7006450005E-03   2.3435981706E+00   2.4650195764E+00   1.8990278904E-03   2.4485116197E+00   2.5055378681E+00   2.0933096230E-03   2.2939471146E+00   2.4559158157E+00   1.5682438234E-03   3.3750901111E-04
   1  -197   0    0  -9.5359976436E-01   8.0982363713E+00   1.3905318888E-04   1.9783090372E+00   2.4061609274E+00   2.0845248443E-04   2.0707380085E+00   2.3839300606E+00   6.3140926089E-04   2.2118731373E+00   2.4223014005E+00   1.7006132142E-03   2.3442074867E+00   2.4653120256E+00   1.8990228979E-03   2.4488314076E+00   2.5058486941E+00   2.0933310581E-03   2.2945613870E+00   2.4562082662E+00   1.5682397004E-03   3.3752960308E-04
   1  -198   0    0  -9.6351788519E-01   8.0989455177E+00   1.3890447036E-04   1.9779169585E+00   2.4064062353E+00   2.0844935745E-04   2.0703232640E+00   2.3841909908E+00   6.3139765093E-04   2.2117615024E+00   2.4225617162E+00   1.7005819444E-03   2.3448104545E+00   2.4656014860E+00   1.8990179827E-03   2.4491478055E+00   2.5061562252E+00   2.0933521499E-03   2.2951703575E+00   2.4564977278E+00   1.5682356414E-03   3.3754998477E-04
   1  -199   0    0  -9.7343761287E-01   8.0996475824E+00   1.3875829445E-04   1.9775279093E+00   2.4066493262E+00   2.0844628169E-04   2.0699132467E+00   2.3844494369E+00   6.3138623114E-04   2.2116506250E+00   2.4228195578E+00   1.7005511867E-03   2.3454070445E+00   2.4658879450E+00   1.8990131445E-03   2.4494608032E+00   2.5064604517E+00   2.0933729011E-03   2.2957739520E+00   2.4567841881E+00   1.5682316459E-03   3.3757015528E-04
   1  -200   0    0  -9.8335894208E-01   8.1003425220E+00   1.3861463505E-04   1.9771419354E+00   2.4068901793E+00   2.0844325670E-04   2.0695079721E+00   2.3847053810E+00   6.3137499989E-04   2.2115405150E+00   2.4230749074E+00   1.7005209369E-03   2.3459972303E+00   2.4661713911E+00   1.8990083826E-03   2.4497703919E+00   2.5067613649E+00   2.0933933145E-03   2.2963720999E+00   2.4570676354E+00   1.5682277135E-03   3.3759011377E-04
   1  -201   0    0  -9.9328186645E-01   8.1010302964E+00   1.3847346581E-04   1.9767590812E+00   2.4071287747E+00   2.0844028206E-04   2.0691074529E+00   2.3849588059E+00   6.3136395554E-04   2.2114311825E+00   2.4233277477E+00   1.7004911905E-03   2.3465809878E+00   2.4664518137E+00   1.8990036966E-03   2.4500765637E+00   2.5070589571E+00   2.0934133928E-03   2.2969647343E+00   2.4573480593E+00   1.5682238437E-03   3.3760985948E-04
   1  -202  -4    4  -9.9999982675E-01   8.1014917811E+00   1.3837930497E-04   1.9765017109E+00   2.4072889946E+00   2.0843829680E-04   2.0688390366E+00   2.3851289172E+00   6.3135658458E-04   2.2113576192E+00   2.4234974688E+00   1.7004713379E-03   2.3469724875E+00   2.4666399174E+00   1.8990005673E-03   2.4502818758E+00   2.5072585160E+00   2.0934267954E-03   2.2973627409E+00   2.4575361638E+00   1.5682212595E-03   3.3762310470E-04
