        
   1    -1   9    1 -4.6999999881E-001  8.3039580210E+000  1.0425359505E-004  2.0479834080E+000  2.5402984619E+000  7.1290382948E-006  2.1558852196E+000  2.5161056519E+000  5.0962134264E-004  2.2652919292E+000  2.5197010040E+000  1.5786888544E-003  2.3332860470E+000  2.5235004425E+000  1.8700632500E-003  2.4595217705E+000  2.5300512314E+000  2.1240392234E-003  2.2830929756E+000  2.5246951580E+000  1.4822109370E-003  3.4083708306E-004
   1    -2   0    0 -4.6191654991E-001  8.2867108596E+000  1.0606610541E-004  2.0464794294E+000  2.5334517218E+000  1.6954789239E-005  2.1538149320E+000  2.5091726225E+000  5.1560489601E-004  2.2629598148E+000  2.5129044907E+000  1.5849291164E-003  2.3292721471E+000  2.5167451946E+000  1.8716082313E-003  2.4555133195E+000  2.5233448114E+000  2.1224767587E-003  2.2795709801E+000  2.5178944158E+000  1.4867654887E-003  3.4036444145E-004
   1    -3   0    0 -4.5797323023E-001  8.2780525794E+000  1.0699809877E-004  2.0457472345E+000  2.5300313636E+000  2.1966325262E-005  2.1527925053E+000  2.5057060678E+000  5.1865732987E-004  2.2618000458E+000  2.5094998701E+000  1.5881062275E-003  2.3272437891E+000  2.5133388209E+000  1.8723904850E-003  2.4534840472E+000  2.5199568472E+000  2.1216796201E-003  2.2777938608E+000  2.5144674117E+000  1.4890727011E-003  3.4012621964E-004
   1    -4   0    0 -4.5399739188E-001  8.2694101649E+000  1.0794309889E-004  2.0450226007E+000  2.5266165939E+000  2.7019655990E-005  2.1517748360E+000  2.5022443594E+000  5.2173456527E-004  2.2606446226E+000  2.5061008927E+000  1.5913028711E-003  2.3252163079E+000  2.5099376104E+000  1.8731757083E-003  2.4514547896E+000  2.5165741984E+000  2.1208765133E-003  2.2760188581E+000  2.5110454156E+000  1.4913888891E-003  3.3988837449E-004
   1    -5   0    0 -4.4998872498E-001  8.2607838731E+000  1.0890131330E-004  2.0443055541E+000  2.5232075286E+000  3.2115096936E-005  2.1507619141E+000  2.4987875997E+000  5.2483678380E-004  2.2594935632E+000  2.5027076735E+000  1.5945191311E-003  2.3231897729E+000  2.5065416688E+000  1.8739638896E-003  2.4494255823E+000  2.5131969712E+000  2.1200673993E-003  2.2742460348E+000  2.5076285325E+000  1.4937140267E-003  3.3965091359E-004
   1    -6   0    0 -4.4594692033E-001  8.2521739637E+000  1.0987295222E-004  2.0435961197E+000  2.5198042852E+000  3.7252960163E-005  2.1497537280E+000  2.4953358934E+000  5.2796416484E-004  2.2583468853E+000  2.4993203294E+000  1.5977550883E-003  2.3211642547E+000  2.5031511035E+000  1.8747550159E-003  2.4473964622E+000  2.5098252736E+000  2.1192522402E-003  2.2724754549E+000  2.5042168690E+000  1.4960480852E-003  3.3941384460E-004
   1    -7   0    0 -4.4187166962E-001  8.2435806999E+000  1.1085822849E-004  2.0428943209E+000  2.5164069832E+000  4.2433553961E-005  2.1487502647E+000  2.4918893462E+000  5.3111688542E-004  2.2572046057E+000  2.4959389790E+000  1.6010108199E-003  2.3191398260E+000  2.4997660238E+000  1.8755490731E-003  2.4453674668E+000  2.5064592150E+000  2.1184309983E-003  2.2707071835E+000  2.5008105334E+000  1.4983910321E-003  3.3917717532E-004
   1    -8   0    0 -4.3776266562E-001  8.2350043479E+000  1.1185735759E-004  2.0422001795E+000  2.5130157439E+000  4.7657182517E-005  2.1477515094E+000  2.4884480660E+000  5.3429511995E-004  2.2560667404E+000  2.4925637429E+000  1.6042863998E-003  2.3171165611E+000  2.4963865405E+000  1.8763460462E-003  2.4433386350E+000  2.5030989065E+000  2.1176036370E-003  2.2689412864E+000  2.4974096359E+000  1.5007428320E-003  3.3894091367E-004
   1    -9   0    0 -4.3361960246E-001  8.2264451766E+000  1.1287055758E-004  2.0415137161E+000  2.5096306906E+000  5.2924145576E-005  2.1467574457E+000  2.4850121619E+000  5.3749904009E-004  2.2549333046E+000  2.4891947432E+000  1.6075818978E-003  2.3150945358E+000  2.4930127662E+000  1.8771459185E-003  2.4413100066E+000  2.4997444611E+000  2.1167701205E-003  2.2671778307E+000  2.4940142883E+000  1.5031034458E-003  3.3870506768E-004
   1   -10   0    0 -4.2751776445E-001  8.2189938087E+000  1.1377620783E-004  2.0407069499E+000  2.5063530646E+000  5.7606600894E-005  2.1456908876E+000  2.4817129528E+000  5.4034683228E-004  2.2538279938E+000  2.4860717226E+000  1.6105056054E-003  2.3134761981E+000  2.4902811503E+000  1.8778539176E-003  2.4397625334E+000  2.4972435999E+000  2.1160296970E-003  2.2657776783E+000  2.4912418529E+000  1.5051931415E-003  3.3851538853E-004
   1   -11   0    0 -4.1860286340E-001  8.2152558410E+000  1.1426028421E-004  2.0397873607E+000  2.5039131193E+000  6.0099668947E-005  2.1446662530E+000  2.4793185104E+000  5.4186285827E-004  2.2529840251E+000  2.4840479727E+000  1.6120599530E-003  2.3130114566E+000  2.4894074864E+000  1.8782296904E-003  2.4395192435E+000  2.4970004831E+000  2.1156357012E-003  2.2654029181E+000  2.4902950277E+000  1.5063023405E-003  3.3845799272E-004
   1   -12   0    0 -4.0971242626E-001  8.2114786229E+000  1.1475321418E-004  2.0388588081E+000  2.5014475552E+000  6.2631422476E-005  2.1436306649E+000  2.4768989177E+000  5.4340225532E-004  2.2521313010E+000  2.4820028903E+000  1.6136367821E-003  2.3125417201E+000  2.4885240471E+000  1.8786104552E-003  2.4392722892E+000  2.4967537375E+000  2.1152357516E-003  2.2650245757E+000  2.4893377318E+000  1.5074263369E-003  3.3839994149E-004
   1   -13   0    0 -4.0084658452E-001  8.2076624621E+000  1.1525511569E-004  2.0379213927E+000  2.4989565803E+000  6.5202136189E-005  2.1425841970E+000  2.4744543779E+000  5.4496518403E-004  2.2512698935E+000  2.4799366444E+000  1.6152361944E-003  2.3120670245E+000  2.4876308827E+000  1.8789962176E-003  2.4390216471E+000  2.4965033410E+000  2.1148298116E-003  2.2646426959E+000  2.4883700240E+000  1.5085651505E-003  3.3834123762E-004
   1   -14   0    0 -3.9200545451E-001  8.2038076815E+000  1.1576610762E-004  2.0369752190E+000  2.4964404134E+000  6.7812080357E-005  2.1415269272E+000  2.4719851052E+000  5.4655180218E-004  2.2503998779E+000  2.4778494129E+000  1.6168582880E-003  2.3115874079E+000  2.4867280475E+000  1.8793869821E-003  2.4387672942E+000  2.4962492720E+000  2.1144178453E-003  2.2642573255E+000  2.4873919671E+000  1.5097187976E-003  3.3828188411E-004
   1   -15   0    0 -3.8318913726E-001  8.1999146193E+000  1.1628630973E-004  2.0360203951E+000  2.4938992836E+000  7.0461520889E-005  2.1404589368E+000  2.4694913235E+000  5.4816226475E-004  2.2495213327E+000  2.4757413822E+000  1.6185031566E-003  2.3111029103E+000  2.4858155987E+000  1.8797827515E-003  2.4385092078E+000  2.4959915091E+000  2.1139998179E-003  2.2638685126E+000  2.4864036277E+000  1.5108872903E-003  3.3822188419E-004
   1   -16   0    0 -3.7439771826E-001  8.1959836282E+000  1.1681584280E-004  2.0350570332E+000  2.4913334303E+000  7.3150719412E-005  2.1393803110E+000  2.4669732668E+000  5.4979672405E-004  2.2486343396E+000  2.4736127472E+000  1.6201708902E-003  2.3106135736E+000  2.4848935970E+000  1.8801835276E-003  2.4382473656E+000  2.4957300314E+000  2.1135756950E-003  2.2634763073E+000  2.4854050757E+000  1.5120706371E-003  3.3816124129E-004
   1   -17   0    0 -3.6563126727E-001  8.1920150748E+000  1.1735482857E-004  2.0340852487E+000  2.4887431023E+000  7.5879933370E-005  2.1382911385E+000  2.4644311785E+000  5.5145532969E-004  2.2477389834E+000  2.4714637105E+000  1.6218615746E-003  2.3101194416E+000  2.4839621064E+000  1.8805893107E-003  2.4379817458E+000  2.4954648186E+000  2.1131454433E-003  2.2630807610E+000  2.4843963847E+000  1.5132688428E-003  3.3809995902E-004
   1   -18   0    0 -3.5688983824E-001  8.1880093394E+000  1.1790338986E-004  2.0331051606E+000  2.4861285584E+000  7.8649416118E-005  2.1371915112E+000  2.4618653115E+000  5.5313822869E-004  2.2468353516E+000  2.4692944828E+000  1.6235752922E-003  2.3096205598E+000  2.4830211936E+000  1.8810000998E-003  2.4377123267E+000  2.4951958502E+000  2.1127090302E-003  2.2626819268E+000  2.4833776315E+000  1.5144819083E-003  3.3803804121E-004
   1   -19   0    0 -3.4817346914E-001  8.1839668150E+000  1.1846165056E-004  2.0321168909E+000  2.4834900660E+000  8.1459417031E-005  2.1360815241E+000  2.4592759274E+000  5.5484556555E-004  2.2459235348E+000  2.4671052822E+000  1.6253121215E-003  2.3091169757E+000  2.4820709287E+000  1.8814158928E-003  2.4374390871E+000  2.4949231067E+000  2.1122664237E-003  2.2622798591E+000  2.4823488962E+000  1.5157098311E-003  3.3797549186E-004
   1   -20   0    0 -3.3948218194E-001  8.1798879073E+000  1.1902973572E-004  2.0311205649E+000  2.4808279017E+000  8.4310181616E-005  2.1349612756E+000  2.4566632962E+000  5.5657748230E-004  2.2450036258E+000  2.4648963341E+000  1.6270721373E-003  2.3086087382E+000  2.4811113844E+000  1.8818366863E-003  2.4371620061E+000  2.4946465685E+000  2.1118175928E-003  2.2618746138E+000  2.4813102619E+000  1.5169526052E-003  3.3791231517E-004
   1   -21   0    0 -3.3081598253E-001  8.1757730336E+000  1.1960777153E-004  2.0301163107E+000  2.4781423502E+000  8.7201951629E-005  2.1338308665E+000  2.4540276964E+000  5.5833411857E-004  2.2440757203E+000  2.4626678706E+000  1.6288554108E-003  2.3080958980E+000  2.4801426362E+000  1.8822624757E-003  2.4368810629E+000  2.4943662163E+000  2.1113625070E-003  2.2614662479E+000  2.4802618147E+000  1.5182102210E-003  3.3784851547E-004
   1   -22   0    0 -3.2217486075E-001  8.1716226225E+000  1.2019588545E-004  2.0291042592E+000  2.4754337044E+000  9.0134965196E-005  2.1326904006E+000  2.4513694142E+000  5.6011561168E-004  2.2431399160E+000  2.4604201309E+000  1.6306620099E-003  2.3075785073E+000  2.4791647622E+000  1.8826932551E-003  2.4365962372E+000  2.4940820313E+000  2.1109011365E-003  2.2610548200E+000  2.4792036437E+000  1.5194826656E-003  3.3778409730E-004
   1   -23   0    0 -3.1355879035E-001  8.1674371134E+000  1.2079420620E-004  2.0280845436E+000  2.4727022651E+000  9.3109456941E-005  2.1315399841E+000  2.4486887434E+000  5.6192209673E-004  2.2421963130E+000  2.4581533600E+000  1.6324919992E-003  2.3070566199E+000  2.4781778430E+000  1.8831290176E-003  2.4363075088E+000  2.4937939949E+000  2.1104334522E-003  2.2606403895E+000  2.4781358404E+000  1.5207699228E-003  3.3771906533E-004
   1   -24   0    0 -3.0496772912E-001  8.1632169557E+000  1.2140286381E-004  2.0270572998E+000  2.4699483401E+000  9.6125658113E-005  2.1303797257E+000  2.4459859848E+000  5.6375370665E-004  2.2412450133E+000  2.4558678094E+000  1.6343454397E-003  2.3065302908E+000  2.4771819616E+000  1.8835697551E-003  2.4360148579E+000  2.4935020887E+000  2.1099594258E-003  2.2602230171E+000  2.4770584992E+000  1.5220719731E-003  3.3765342438E-004
   1   -25   0    0 -2.9640161889E-001  8.1589626084E+000  1.2202198971E-004  2.0260226659E+000  2.4671722445E+000  9.9183796713E-005  2.1292097362E+000  2.4432614461E+000  5.6561057227E-004  2.2402861210E+000  2.4535637361E+000  1.6362223895E-003  2.3059995765E+000  2.4761772032E+000  1.8840154584E-003  2.4357182646E+000  2.4932062945E+000  2.1094790295E-003  2.2598027645E+000  2.4759717166E+000  1.5233887939E-003  3.3758717942E-004
   1   -26   0    0 -2.8786038568E-001  8.1546745392E+000  1.2265171674E-004  2.0249807819E+000  2.4643742998E+000  1.0228409763E-004  2.1280301285E+000  2.4405154412E+000  5.6749282247E-004  2.2393197419E+000  2.4512414025E+000  1.6381229036E-003  2.3054645349E+000  2.4751636553E+000  1.8844661173E-003  2.4354177096E+000  2.4929065943E+000  2.1089922359E-003  2.2593796943E+000  2.4748755916E+000  1.5247203597E-003  3.3752033554E-004
   1   -27   0    0 -2.7934393985E-001  8.1503532243E+000  1.2329217921E-004  2.0239317898E+000  2.4615548340E+000  1.0542678275E-004  2.1268410172E+000  2.4377482904E+000  5.6940058417E-004  2.2383459832E+000  2.4489010764E+000  1.6400470338E-003  2.3049252248E+000  2.4741414073E+000  1.8849217203E-003  2.4351131734E+000  2.4926029703E+000  2.1084990186E-003  2.2589538702E+000  2.4737702254E+000  1.5260666416E-003  3.3745289796E-004
   1   -28   0    0 -2.7085217620E-001  8.1459991477E+000  1.2394351299E-004  2.0228758332E+000  2.4587141806E+000  1.0861207114E-004  2.1256425189E+000  2.4349603194E+000  5.7133398248E-004  2.2373649538E+000  2.4465430302E+000  1.6419948292E-003  2.3043817065E+000  2.4731105505E+000  1.8853822551E-003  2.4348046369E+000  2.4922954049E+000  2.1079993515E-003  2.2585253564E+000  2.4726557212E+000  1.5274276082E-003  3.3738487202E-004
   1   -29   0    0 -2.6238497422E-001  8.1416128005E+000  1.2460585548E-004  2.0218130574E+000  2.4558526790E+000  1.1184017909E-004  2.1244347515E+000  2.4321518594E+000  5.7329314074E-004  2.2363767638E+000  2.4441675409E+000  1.6439663362E-003  2.3038340410E+000  2.4720711780E+000  1.8858477084E-003  2.4344920810E+000  2.4919838807E+000  2.1074932090E-003  2.2580942181E+000  2.4715321840E+000  1.5288032251E-003  3.3731626316E-004
   1   -30   0    0 -2.5394219827E-001  8.1371946803E+000  1.2527934577E-004  2.0207436089E+000  2.4529706736E+000  1.1511132032E-004  2.1232178344E+000  2.4293232464E+000  5.7527818061E-004  2.2353815247E+000  2.4417748898E+000  1.6459615981E-003  2.3032822908E+000  2.4710233846E+000  1.8863180657E-003  2.4341754866E+000  2.4916683802E+000  2.1069805662E-003  2.2576605212E+000  2.4703997206E+000  1.5301934551E-003  3.3724707694E-004
   1   -31   0    0 -2.4552369779E-001  8.1327452908E+000  1.2596412458E-004  2.0196676355E+000  2.4500685136E+000  1.1842570604E-004  2.1219918881E+000  2.4264748211E+000  5.7728922217E-004  2.2343793486E+000  2.4393653621E+000  1.6479806561E-003  2.3027265189E+000  2.4699672666E+000  1.8867933119E-003  2.4338548349E+000  2.4913488862E+000  2.1064613986E-003  2.2572243319E+000  2.4692584396E+000  1.5315982584E-003  3.3717731899E-004
   1   -32   0    0 -2.3712930762E-001  8.1282651411E+000  1.2666033441E-004  2.0185852861E+000  2.4471465528E+000  1.2178354511E-004  2.1207570343E+000  2.4236069286E+000  5.7932638392E-004  2.2333703490E+000  2.4369392466E+000  1.6500235483E-003  2.3021667895E+000  2.4689029217E+000  1.8872734307E-003  2.4335301072E+000  2.4910253815E+000  2.1059356820E-003  2.2567857173E+000  2.4681084509E+000  1.5330175926E-003  3.3710699504E-004
   1   -33   0    0 -2.2875884819E-001  8.1237547453E+000  1.2736811951E-004  2.0174967103E+000  2.4442051488E+000  1.2518504413E-004  2.1195133956E+000  2.4207199178E+000  5.8138978293E-004  2.2323546397E+000  2.4344968355E+000  1.6520903109E-003  2.3016031674E+000  2.4678304490E+000  1.8877584050E-003  2.4332012845E+000  2.4906978489E+000  2.1054033931E-003  2.2563447448E+000  2.4669498661E+000  1.5344514127E-003  3.3703611089E-004
   1   -34   0    0 -2.2041212589E-001  8.1192146219E+000  1.2808762598E-004  2.0164020585E+000  2.4412446633E+000  1.2863040752E-004  2.1182610952E+000  2.4178141411E+000  5.8347953486E-004  2.2313323353E+000  2.4320384243E+000  1.6541809774E-003  2.3010357182E+000  2.4667499488E+000  1.8882482167E-003  2.4328683482E+000  2.4903662713E+000  2.1048645087E-003  2.2559014823E+000  2.4657827976E+000  1.5358996713E-003  3.3696467242E-004
   1   -35   0    0 -2.1208893331E-001  8.1146452929E+000  1.2881900182E-004  2.0153014816E+000  2.4382654614E+000  1.3211983769E-004  2.1170002571E+000  2.4148899544E+000  5.8559575404E-004  2.2303035510E+000  2.4295643111E+000  1.6562955792E-003  2.3004645083E+000  2.4656615224E+000  1.8887428470E-003  2.4325312795E+000  2.4900306317E+000  2.1043190060E-003  2.2554559978E+000  2.4646073595E+000  1.5373623186E-003  3.3689268557E-004
   1   -36   0    0 -2.0378904963E-001  8.1100472841E+000  1.2956239694E-004  2.0141951311E+000  2.4352679111E+000  1.3565353504E-004  2.1157310055E+000  2.4119477164E+000  5.8773855350E-004  2.2292684022E+000  2.4270747965E+000  1.6584341452E-003  2.2998896047E+000  2.4645652724E+000  1.8892422762E-003  2.4321900597E+000  2.4896909129E+000  2.1037668628E-003  2.2550083599E+000  2.4634236664E+000  1.5388393024E-003  3.3682015634E-004
   1   -37   0    0 -1.9551224090E-001  8.1054211238E+000  1.3031796326E-004  2.0130831585E+000  2.4322523836E+000  1.3923169813E-004  2.1144534653E+000  2.4089877885E+000  5.8990804507E-004  2.2282270044E+000  2.4245701836E+000  1.6605967024E-003  2.2993110748E+000  2.4634613018E+000  1.8897464838E-003  2.4318446700E+000  2.4893470979E+000  2.1032080571E-003  2.2545586372E+000  2.4622318342E+000  1.5403305683E-003  3.3674709076E-004
   1   -38   0    0 -1.8725826046E-001  8.1007673427E+000  1.3108585470E-004  2.0119657155E+000  2.4292192521E+000  1.4285452369E-004  2.1131677611E+000  2.4060105344E+000  5.9210433937E-004  2.2271794735E+000  2.4220507775E+000  1.6627832758E-003  2.2987289868E+000  2.4623497149E+000  1.8902554484E-003  2.4314950915E+000  2.4889991695E+000  2.1026425676E-003  2.2541068985E+000  2.4610319795E+000  1.5418360596E-003  3.3667349495E-004
   1   -39   0    0 -1.7902684925E-001  8.0960864733E+000  1.3186622728E-004  2.0108429538E+000  2.4261688926E+000  1.4652220672E-004  2.1118740181E+000  2.4030163199E+000  5.9432754590E-004  2.2261259250E+000  2.4195168850E+000  1.6649938880E-003  2.2981434091E+000  2.4612306164E+000  1.8907691480E-003  2.4311413055E+000  2.4886471105E+000  2.1020703730E-003  2.2536532126E+000  2.4598242195E+000  1.5433557174E-003  3.3659937502E-004
   1   -40   0    0 -1.7081773619E-001  8.0913790496E+000  1.3265923912E-004  2.0097150246E+000  2.4231016825E+000  1.5023494052E-004  2.1105723609E+000  2.4000055124E+000  5.9657777304E-004  2.2250664745E+000  2.4169688146E+000  1.6672285600E-003  2.2975544107E+000  2.4601041116E+000  1.8912875597E-003  2.4307832928E+000  2.4882909037E+000  2.1014914525E-003  2.2531976485E+000  2.4586086722E+000  1.5448894809E-003  3.3652473713E-004
   1   -41   0    0 -1.6263063862E-001  8.0866456064E+000  1.3346505052E-004  2.0085820793E+000  2.4200180011E+000  1.5399291677E-004  2.1092629141E+000  2.3969784810E+000  5.9885512811E-004  2.2240012373E+000  2.4144068761E+000  1.6694873106E-003  2.2969620607E+000  2.4589703066E+000  1.8918106597E-003  2.4304210346E+000  2.4879305317E+000  2.1009057858E-003  2.2527402750E+000  2.4573854560E+000  1.5464372869E-003  3.3644958746E-004
   1   -42   0    0 -1.5446526265E-001  8.0818866792E+000  1.3428382395E-004  2.0074442683E+000  2.4169182291E+000  1.5779632553E-004  2.1079458022E+000  2.3939355959E+000  6.0115971736E-004  2.2229303281E+000  2.4118313802E+000  1.6717701568E-003  2.2963664287E+000  2.4578293077E+000  1.8923384239E-003  2.4300545115E+000  2.4875659771E+000  2.1003133527E-003  2.2522811609E+000  2.4561546896E+000  1.5479990704E-003  3.3637393224E-004
   1   -43   0    0 -1.4632130355E-001  8.0771028035E+000  1.3511572416E-004  2.0063017417E+000  2.4138027482E+000  1.6164535528E-004  2.1066211488E+000  2.3908772283E+000  6.0349164601E-004  2.2218538613E+000  2.4092426389E+000  1.6740771137E-003  2.2957675845E+000  2.4566812215E+000  1.8928708270E-003  2.4296837045E+000  2.4871972223E+000  2.0997141334E-003  2.2518203748E+000  2.4549164922E+000  1.5495747643E-003  3.3629777766E-004
   1   -44   0    0 -1.3819844620E-001  8.0722945144E+000  1.3596091815E-004  2.0051546487E+000  2.4106719411E+000  1.6554019293E-004  2.1052890773E+000  2.3878037499E+000  6.0585101825E-004  2.2207719507E+000  2.4066409646E+000  1.6764081947E-003  2.2951655981E+000  2.4555261551E+000  1.8934078432E-003  2.4293085940E+000  2.4868242497E+000  2.0991081086E-003  2.2513579849E+000  2.4536709831E+000  1.5511642996E-003  3.3622112997E-004
   1   -45   0    0 -1.3009636547E-001  8.0674623465E+000  1.3681957522E-004  2.0040031379E+000  2.4075261910E+000  1.6948102381E-004  2.1039497103E+000  2.3847155333E+000  6.0823793724E-004  2.2196847092E+000  2.4040266703E+000  1.6787634111E-003  2.2945605395E+000  2.4543642158E+000  1.8939494461E-003  2.4289291605E+000  2.4864470414E+000  2.0984952591E-003  2.2508940595E+000  2.4524182819E+000  1.5527676052E-003  3.3614399540E-004
   1   -46   0    0 -1.2201472668E-001  8.0626068332E+000  1.3769186704E-004  2.0028473566E+000  2.4043658816E+000  1.7346803169E-004  2.1026031697E+000  2.3816129510E+000  6.1065250511E-004  2.2185922489E+000  2.4014000693E+000  1.6811427726E-003  2.2939524790E+000  2.4531955108E+000  1.8944956083E-003  2.4285453844E+000  2.4860655796E+000  2.0978755663E-003  2.2504286664E+000  2.4511585081E+000  1.5543846082E-003  3.3606638017E-004
   1   -47   0    0 -1.1395318597E-001  8.0577285066E+000  1.3857796762E-004  2.0016874512E+000  2.4011913969E+000  1.7750139871E-004  2.1012495765E+000  2.3784963756E+000  6.1309482295E-004  2.2174946813E+000  2.3987614752E+000  1.6835462870E-003  2.2933414869E+000  2.4520201475E+000  1.8950463019E-003  2.4281572459E+000  2.4856798462E+000  2.0972490116E-003  2.2499618728E+000  2.4498917814E+000  1.5560152337E-003  3.3598829051E-004
   1   -48   0    0 -1.0591139073E-001  8.0528278972E+000  1.3947805340E-004  2.0005235668E+000  2.3980031206E+000  1.8158130535E-004  2.0998890508E+000  2.3753661797E+000  6.1556499076E-004  2.2163921165E+000  2.3961112013E+000  1.6859739604E-003  2.2927276334E+000  2.4508382334E+000  1.8956014983E-003  2.4277647249E+000  2.4852898228E+000  2.0966155770E-003  2.2494937459E+000  2.4486182212E+000  1.5576594051E-003  3.3590973265E-004
   1   -49   0    0 -9.7888980077E-002  8.0479055332E+000  1.4039230320E-004  1.9993558472E+000  2.3948014365E+000  1.8570793043E-004  2.0985217115E+000  2.3722227354E+000  6.1806310747E-004  2.2152846636E+000  2.3934495608E+000  1.6884257968E-003  2.2921109889E+000  2.4496498759E+000  1.8961611682E-003  2.4273678013E+000  2.4848954912E+000  2.0959752448E-003  2.2490243520E+000  2.4473379469E+000  1.5593170436E-003  3.3583071279E-004
   1   -50   0    0 -8.9885585217E-002  8.0429619407E+000  1.4132089832E-004  1.9981844348E+000  2.3915867277E+000  1.8988145096E-004  2.0971476766E+000  2.3690664142E+000  6.2058927085E-004  2.2141724307E+000  2.3907768668E+000  1.6909017986E-003  2.2914916235E+000  2.4484551823E+000  1.8967252815E-003  2.4269664547E+000  2.4844968326E+000  2.0953279976E-003  2.2485537572E+000  2.4460510776E+000  1.5609880687E-003  3.3575123711E-004
   1   -51   0    0 -8.1900829903E-002  8.0379976429E+000  1.4226402249E-004  1.9970094704E+000  2.3883593769E+000  1.9410204215E-004  2.0957670628E+000  2.3658975870E+000  6.2314357751E-004  2.2130555244E+000  2.3880934315E+000  1.6934019663E-003  2.2908696074E+000  2.4472542596E+000  1.8972938074E-003  2.4265606647E+000  2.4840938285E+000  2.0946738184E-003  2.2480820269E+000  2.4447577323E+000  1.5626723980E-003  3.3567131179E-004
   1   -52   0    0 -7.3934330852E-002  8.0330131603E+000  1.4322186194E-004  1.9958310934E+000  2.3851197661E+000  1.9836987723E-004  2.0943799855E+000  2.3627166238E+000  6.2572612282E-004  2.2119340501E+000  2.3853995668E+000  1.6959262983E-003  2.2902450105E+000  2.4460472148E+000  1.8978667147E-003  2.4261504106E+000  2.4836864597E+000  2.0940126904E-003  2.2476092257E+000  2.4434580297E+000  1.5643699472E-003  3.3559094296E-004
   1   -53   0    0 -6.5985698166E-002  8.0280090103E+000  1.4419460535E-004  1.9946494411E+000  2.3818682763E+000  2.0268512744E-004  2.0929865589E+000  2.3595238934E+000  6.2833700084E-004  2.2108081116E+000  2.3826955837E+000  1.6984747912E-003  2.2896179025E+000  2.4448341546E+000  1.8984439711E-003  2.4257356714E+000  2.4832747073E+000  2.0933445976E-003  2.2471354179E+000  2.4421520878E+000  1.5660806300E-003  3.3551013674E-004
   1   -54   0    0 -5.8054535753E-002  8.0229857068E+000  1.4518244393E-004  1.9934646492E+000  2.3786052873E+000  2.0704796183E-004  2.0915868957E+000  2.3563197636E+000  6.3097630428E-004  2.2096778113E+000  2.3799817923E+000  1.7010474397E-003  2.2889883532E+000  2.4436151854E+000  1.8990255438E-003  2.4253164262E+000  2.4828585519E+000  2.0926695239E-003  2.2466606667E+000  2.4408400246E+000  1.5678043583E-003  3.3542889922E-004
   1   -55   0    0 -5.0140441746E-002  8.0179437600E+000  1.4618557135E-004  1.9922768515E+000  2.3753311780E+000  2.1145854716E-004  2.0901811071E+000  2.3531046006E+000  6.3364412441E-004  2.2085432500E+000  2.3772585016E+000  1.7036442363E-003  2.2883564319E+000  2.4423904132E+000  1.8996113993E-003  2.4248926536E+000  2.4824379741E+000  2.0919874541E-003  2.2461850347E+000  2.4395219574E+000  1.5695410420E-003  3.3534723645E-004
   1   -56   0    0 -4.2243008916E-002  8.0128836765E+000  1.4720418381E-004  1.9910861797E+000  2.3720463257E+000  2.1591704775E-004  2.0887693029E+000  2.3498787695E+000  6.3634055096E-004  2.2074045270E+000  2.3745260199E+000  1.7062651713E-003  2.2877222076E+000  2.4411599438E+000  1.9002015033E-003  2.4244643323E+000  2.4820129542E+000  2.0912983731E-003  2.2457085839E+000  2.4381980031E+000  1.5712905890E-003  3.3526515445E-004
   1   -57   0    0 -3.4361825088E-002  8.0078059585E+000  1.4823847997E-004  1.9898927635E+000  2.3687511063E+000  2.2042362535E-004  2.0873515911E+000  2.3466426333E+000  6.3906567205E-004  2.2062617395E+000  2.3717846537E+000  1.7089102330E-003  2.2870857492E+000  2.4399238824E+000  1.9007958207E-003  2.4240314407E+000  2.4815834724E+000  2.0906022664E-003  2.2452313751E+000  2.4368682780E+000  1.5730529053E-003  3.3518265920E-004
   1   -58   0    0 -2.6496473540E-002  8.0027111043E+000  1.4928866100E-004  1.9886967303E+000  2.3654458942E+000  2.2497843889E-004  2.0859280785E+000  2.3433965538E+000  6.4181957404E-004  2.2051149833E+000  2.3690347086E+000  1.7115794073E-003  2.2864471252E+000  2.4386823340E+000  1.9013943160E-003  2.4235939571E+000  2.4811495088E+000  2.0898991200E-003  2.2447534684E+000  2.4355328979E+000  1.5748278947E-003  3.3509975665E-004
   1   -59   0    0 -1.8646533414E-002  7.9975996076E+000  1.5035493053E-004  1.9874982055E+000  2.3621310620E+000  2.2958164436E-004  2.0844988699E+000  2.3401408906E+000  6.4460234149E-004  2.2039643523E+000  2.3662764887E+000  1.7142726779E-003  2.2858064037E+000  2.4374354031E+000  1.9019969525E-003  2.4231518594E+000  2.4807110431E+000  2.0891889204E-003  2.2442749230E+000  2.4341919781E+000  1.5766154591E-003  3.3501645269E-004
   1   -60   0    0 -1.0811580114E-002  7.9924719576E+000  1.5143749464E-004  1.9862973120E+000  2.3588069805E+000  2.3423339461E-004  2.0830640685E+000  2.3368760015E+000  6.4741405698E-004  2.2028099383E+000  2.3635102964E+000  1.7169900258E-003  2.2851636525E+000  2.4361831936E+000  1.9026036929E-003  2.4227051257E+000  2.4802680550E+000  2.0884716546E-003  2.2437957969E+000  2.4328456330E+000  1.5784154983E-003  3.3493275318E-004
   1   -61   0    0 -2.9911856961E-003  7.9873286388E+000  1.5253656188E-004  1.9850941702E+000  2.3554740185E+000  2.3893383906E-004  2.0816237757E+000  2.3336022422E+000  6.5025480101E-004  2.2016518312E+000  2.3607364328E+000  1.7197314298E-003  2.2845189390E+000  2.4349258091E+000  1.9032144994E-003  2.4222537336E+000  2.4798205241E+000  2.0877473104E-003  2.2433161475E+000  2.4314939766E+000  1.5802279100E-003  3.3484866394E-004
   1   -62   0    0  4.8150807378E-003  7.9821701307E+000  1.5365234316E-004  1.9838888983E+000  2.3521325430E+000  2.4368312357E-004  2.0801780914E+000  2.3303199665E+000  6.5312465185E-004  2.2004901191E+000  2.3579551972E+000  1.7224968658E-003  2.2838723301E+000  2.4336633527E+000  1.9038293329E-003  2.4217976609E+000  2.4793684298E+000  2.0870158758E-003  2.2428360307E+000  2.4301371221E+000  1.5820525895E-003  3.3476419074E-004
   1   -63   0    0  1.2607652658E-002  7.9769969079E+000  1.5478505181E-004  1.9826816118E+000  2.3487829186E+000  2.4848139011E-004  2.0787271134E+000  2.3270295255E+000  6.5602368541E-004  2.1993248879E+000  2.3551668872E+000  1.7252863070E-003  2.2832238925E+000  2.4323959267E+000  1.9044481539E-003  2.4213368849E+000  2.4789117513E+000  2.0862773399E-003  2.2423555017E+000  2.4287751820E+000  1.5838894300E-003  3.3467933930E-004
   1   -64   0    0  2.0386965726E-002  7.9718094398E+000  1.5593490349E-004  1.9814724236E+000  2.3454255079E+000  2.5332877659E-004  2.0772709379E+000  2.3237312686E+000  6.5895197511E-004  2.1981562213E+000  2.3523717985E+000  1.7280997239E-003  2.2825736920E+000  2.4311236332E+000  1.9050709218E-003  2.4208713832E+000  2.4784504677E+000  2.0855316921E-003  2.2418746143E+000  2.4274082684E+000  1.5857383225E-003  3.3459411529E-004
   1   -65   0    0  2.8153457423E-002  7.9666081905E+000  1.5710211617E-004  1.9802614438E+000  2.3420606712E+000  2.5822541651E-004  2.0758096591E+000  2.3204255424E+000  6.6190959166E-004  2.1969842011E+000  2.3495702250E+000  1.7309370837E-003  2.2819217943E+000  2.4298465737E+000  1.9056975954E-003  2.4204011328E+000  2.4779845581E+000  2.0847789228E-003  2.2413934212E+000  2.4260364921E+000  1.5875991556E-003  3.3450852433E-004
   1   -66   0    0  3.5907566681E-002  7.9613936189E+000  1.5828691007E-004  1.9790487802E+000  2.3386887664E+000  2.6317143874E-004  2.0743433694E+000  2.3171126913E+000  6.6489660295E-004  2.1958089066E+000  2.3467624588E+000  1.7337983508E-003  2.2812682646E+000  2.4285648490E+000  1.9063281324E-003  2.4199261111E+000  2.4775140014E+000  2.0840190229E-003  2.2409119740E+000  2.4246599637E+000  1.5894718154E-003  3.3442257201E-004
   1   -67   0    0  4.3649733517E-002  7.9561661782E+000  1.5948950765E-004  1.9778345372E+000  2.3353101489E+000  2.6816696722E-004  2.0728721594E+000  2.3137930570E+000  6.6791307387E-004  2.1946304151E+000  2.3439487898E+000  1.7366834862E-003  2.2806131673E+000  2.4272785595E+000  1.9069624897E-003  2.4194462951E+000  2.4770387764E+000  2.0832519844E-003  2.2404303230E+000  2.4232787928E+000  1.5913561859E-003  3.3433626384E-004
   1   -68   0    0  5.1380398682E-002  7.9509263162E+000  1.6071013350E-004  1.9766188169E+000  2.3319251717E+000  2.7321212062E-004  2.0713961177E+000  2.3104669787E+000  6.7095906611E-004  2.1934488014E+000  2.3411295060E+000  1.7395924475E-003  2.2799565665E+000  2.4259878050E+000  1.9076006235E-003  2.4189616618E+000  2.4765588620E+000  2.0824777998E-003  2.2399485173E+000  2.4218930883E+000  1.5932521481E-003  3.3424960531E-004
   1   -69   0    0  5.9100003302E-002  7.9456744750E+000  1.6194901432E-004  1.9754017181E+000  2.3285341853E+000  2.7830701207E-004  2.0699153312E+000  2.3071347931E+000  6.7403463798E-004  2.1922641383E+000  2.3383048932E+000  1.7425251889E-003  2.2792985257E+000  2.4246926847E+000  1.9082424887E-003  2.4184721883E+000  2.4760742367E+000  2.0816964629E-003  2.2394666045E+000  2.4205029583E+000  1.5951595809E-003  3.3416260183E-004
   1   -70   0    0  6.6808988538E-002  7.9404110909E+000  1.6320637882E-004  1.9741833369E+000  2.3251375372E+000  2.8345174881E-004  2.0684298845E+000  2.3037968341E+000  6.7713984422E-004  2.1910764960E+000  2.3354752350E+000  1.7454816607E-003  2.2786391076E+000  2.4233932973E+000  1.9088880396E-003  2.4179778514E+000  2.4755848794E+000  2.0809079680E-003  2.2389846311E+000  2.4191085102E+000  1.5970783603E-003  3.3407525878E-004
   1   -71   0    0  7.4507795242E-002  7.9351365944E+000  1.6448245769E-004  1.9729637661E+000  2.3217355727E+000  2.8864643188E-004  2.0669398608E+000  2.3004534328E+000  6.8027473584E-004  2.1898859422E+000  2.3326408130E+000  1.7484618096E-003  2.2779783748E+000  2.4220897410E+000  1.9095372292E-003  2.4174786283E+000  2.4750907688E+000  2.0801123106E-003  2.2385026420E+000  2.4177098506E+000  1.5990083598E-003  3.3398758148E-004
   1   -72   0    0  8.2196863627E-002  7.9298514103E+000  1.6577748349E-004  1.9717430956E+000  2.3183286339E+000  2.9389115573E-004  2.0654453410E+000  2.2971049176E+000  6.8343935983E-004  2.1886925426E+000  2.3298019064E+000  1.7514655782E-003  2.2773163887E+000  2.4207821132E+000  1.9101900100E-003  2.4169744958E+000  2.4745918834E+000  2.0793094872E-003  2.2380206809E+000  2.4163070852E+000  1.6009494499E-003  3.3389957520E-004
   1   -73   0    0  8.9876632930E-002  7.9245559571E+000  1.6709169057E-004  1.9705214122E+000  2.3149170603E+000  2.9918600791E-004  2.0639464043E+000  2.2937516140E+000  6.8663375903E-004  2.1874963601E+000  2.3269587921E+000  1.7544929052E-003  2.2766532105E+000  2.4194705110E+000  1.9108463329E-003  2.4164654309E+000  2.4740882020E+000  2.0784994955E-003  2.2375387900E+000  2.4149003192E+000  1.6029014986E-003  3.3381124516E-004
   1   -74   0    0  9.7547541099E-002  7.9192506476E+000  1.6842531499E-004  1.9692987994E+000  2.3115011884E+000  3.0453106868E-004  2.0624431278E+000  2.2903938448E+000  6.8985797190E-004  2.1862974552E+000  2.3241117448E+000  1.7575437246E-003  2.2759889007E+000  2.4181550308E+000  1.9115061483E-003  2.4159514107E+000  2.4735797033E+000  2.0776823340E-003  2.2370570099E+000  2.4134896568E+000  1.6048643708E-003  3.3372259652E-004
   1   -75   0    0  1.0521002447E-001  7.9139358884E+000  1.6977859443E-004  1.9680753376E+000  2.3080813518E+000  3.0992641067E-004  2.0609355870E+000  2.2870319295E+000  6.9311203224E-004  2.1850958859E+000  2.3212610365E+000  1.7606179663E-003  2.2753235188E+000  2.4168357685E+000  1.9121694053E-003  2.4154324124E+000  2.4730663663E+000  2.0768580028E-003  2.2365753798E+000  2.4120752015E+000  1.6068379286E-003  3.3363363440E-004
   1   -76   0    0  1.1286451744E-001  7.9086120800E+000  1.7115176807E-004  1.9668511038E+000  2.3046578811E+000  3.1537209845E-004  2.0594238551E+000  2.2836661850E+000  6.9639596906E-004  2.1838917077E+000  2.3184069372E+000  1.7637155556E-003  2.2746571242E+000  2.4155128195E+000  1.9128360520E-003  2.4149084133E+000  2.4725481697E+000  2.0760265029E-003  2.2360939374E+000  2.4106570560E+000  1.6088220310E-003  3.3354436387E-004
   1   -77   0    0  1.2051145220E-001  7.9032796166E+000  1.7254507649E-004  1.9656261717E+000  2.3012311037E+000  3.2086818819E-004  2.0579080037E+000  2.2802969250E+000  6.9970980628E-004  2.1826849734E+000  2.3155497139E+000  1.7668364126E-003  2.2739897750E+000  2.4141862787E+000  1.9135060353E-003  2.4143793907E+000  2.4720250928E+000  2.0751878367E-003  2.2356127187E+000  2.4092353222E+000  1.6108165341E-003  3.3345478993E-004
   1   -78   0    0  1.2815125840E-001  7.8979388865E+000  1.7395876155E-004  1.9644006117E+000  2.2978013441E+000  3.2641472725E-004  2.0563881025E+000  2.2769244601E+000  7.0305356254E-004  2.1814757335E+000  2.3126896316E+000  1.7699804530E-003  2.2733215291E+000  2.4128562403E+000  1.9141793011E-003  2.4138453222E+000  2.4714971146E+000  2.0743420080E-003  2.2351317582E+000  2.4078101014E+000  1.6128212908E-003  3.3336491756E-004
   1   -79   0    0  1.3578436286E-001  7.8925902714E+000  1.7539306630E-004  1.9631744908E+000  2.2943689233E+000  3.3201175376E-004  2.0548642192E+000  2.2735490979E+000  7.0642725092E-004  2.1802640356E+000  2.3098269524E+000  1.7731475870E-003  2.2726524434E+000  2.4115227980E+000  1.9148557943E-003  2.4133061856E+000  2.4709642145E+000  2.0734890219E-003  2.2346510888E+000  2.4063814938E+000  1.6148361507E-003  3.3327475166E-004
   1   -80   0    0  1.4341118929E-001  7.8872341469E+000  1.7684823480E-004  1.9619478725E+000  2.2909341594E+000  3.3765929626E-004  2.0533364198E+000  2.2701711429E+000  7.0983087877E-004  2.1790499248E+000  2.3069619358E+000  1.7763377197E-003  2.2719825741E+000  2.4101860453E+000  1.9155354585E-003  2.4127619587E+000  2.4704263721E+000  2.0726288850E-003  2.2341707417E+000  2.4049495992E+000  1.6168609604E-003  3.3318429709E-004
   1   -81   0    0  1.5103215799E-001  7.8818708821E+000  1.7832451205E-004  1.9607208167E+000  2.2874973669E+000  3.4335737328E-004  2.0518047683E+000  2.2667908964E+000  7.1326444740E-004  2.1778334437E+000  2.3040948388E+000  1.7795507506E-003  2.2713119767E+000  2.4088460747E+000  1.9162182361E-003  2.4122126199E+000  2.4698835672E+000  2.0717616054E-003  2.2336907463E+000  2.4035145164E+000  1.6188955630E-003  3.3309355868E-004
   1   -82   0    0  1.5864768560E-001  7.8765008398E+000  1.7982214378E-004  1.9594933801E+000  2.2840588570E+000  3.4910599290E-004  2.0502693270E+000  2.2634086563E+000  7.1672795189E-004  2.1766146318E+000  2.3012259155E+000  1.7827865739E-003  2.2706407059E+000  2.4075029787E+000  1.9169040685E-003  2.4116581475E+000  2.4693357798E+000  2.0708871927E-003  2.2332111305E+000  2.4020763435E+000  1.6209397985E-003  3.3300254118E-004
   1   -83   0    0  1.6625818480E-001  7.8711243765E+000  1.8134137637E-004  1.9582656154E+000  2.2806189376E+000  3.5490515236E-004  2.0487301564E+000  2.2600247176E+000  7.2022138083E-004  2.1753935265E+000  2.2983554175E+000  1.7860450776E-003  2.2699688157E+000  2.4061568490E+000  1.9175928959E-003  2.4110985204E+000  2.4687829902E+000  2.0700056583E-003  2.2327319202E+000  2.4006351779E+000  1.6229935033E-003  3.3291124932E-004
   1   -84   0    0  1.7386406407E-001  7.8657418421E+000  1.8288245665E-004  1.9570375721E+000  2.2771779129E+000  3.6075483767E-004  2.0471873151E+000  2.2566393716E+000  7.2374471606E-004  2.1741701622E+000  2.2954835933E+000  1.7893261440E-003  2.2692963591E+000  2.4048077768E+000  1.9182846571E-003  2.4105337178E+000  2.4682251792E+000  2.0691170151E-003  2.2322531399E+000  2.3991911163E+000  1.6250565105E-003  3.3281968775E-004
   1   -85   0    0  1.8146572738E-001  7.8603535801E+000  1.8444563178E-004  1.9558092958E+000  2.2737360838E+000  3.6665502315E-004  2.0456408601E+000  2.2532529067E+000  7.2729793244E-004  2.1729445705E+000  2.2926106888E+000  1.7926296493E-003  2.2686233885E+000  2.4034558531E+000  1.9189792899E-003  2.4099637190E+000  2.4676623278E+000  2.0682212778E-003  2.2317748119E+000  2.3977442544E+000  1.6271286497E-003  3.3272786111E-004
   1   -86   0    0  1.8906357402E-001  7.8549599273E+000  1.8603114904E-004  1.9545808286E+000  2.2702937472E+000  3.7260567103E-004  2.0440908465E+000  2.2498656075E+000  7.3088099764E-004  2.1717167805E+000  2.2897369469E+000  1.7959554634E-003  2.2679499553E+000  2.4021011682E+000  1.9196767308E-003  2.4093885040E+000  2.4670944172E+000  2.0673184629E-003  2.2312969569E+000  2.3962946874E+000  1.6292097470E-003  3.3263577397E-004
   1   -87   0    0  1.9665799826E-001  7.8495612144E+000  1.8763925572E-004  1.9533522089E+000  2.2668511966E+000  3.7860673107E-004  2.0425373279E+000  2.2464777556E+000  7.3449387184E-004  2.1704868185E+000  2.2868626075E+000  1.7993034496E-003  2.2672761103E+000  2.4007438119E+000  1.9203769151E-003  2.4088080532E+000  2.4665214294E+000  2.0664085886E-003  2.2308195938E+000  2.3948425097E+000  1.6312996248E-003  3.3254343086E-004
   1   -88   0    0  2.0424938917E-001  7.8441577651E+000  1.8927019887E-004  1.9521234712E+000  2.2634087216E+000  3.8465814010E-004  2.0409803560E+000  2.2430896290E+000  7.3813650752E-004  2.1692547081E+000  2.2839879075E+000  1.8026734649E-003  2.2666019033E+000  2.3993838739E+000  1.9210797769E-003  2.4082223474E+000  2.4659433465E+000  2.0654916753E-003  2.2303427396E+000  2.3933878151E+000  1.6333981021E-003  3.3245083626E-004
   1   -89   0    0  2.1183813035E-001  7.8387498967E+000  1.9092422519E-004  1.9508946464E+000  2.2599666080E+000  3.9075982167E-004  2.0394199810E+000  2.2397015020E+000  7.4180884923E-004  2.1680204702E+000  2.2811130809E+000  1.8060653593E-003  2.2659273830E+000  2.3980214432E+000  1.9217852488E-003  2.4076313678E+000  2.4653601513E+000  2.0645677450E-003  2.2298664093E+000  2.3919306963E+000  1.6355049943E-003  3.3235799461E-004
   1   -90   0    0  2.1942459974E-001  7.8333379199E+000  1.9260158077E-004  1.9496657617E+000  2.2565251375E+000  3.9691168557E-004  2.0378562515E+000  2.2363136457E+000  7.4551083334E-004  2.1667841230E+000  2.2782383584E+000  1.8094789762E-003  2.2652525977E+000  2.3966566083E+000  1.9224932626E-003  2.4070350964E+000  2.4647718270E+000  2.0636368220E-003  2.2293906162E+000  2.3904712457E+000  1.6376201130E-003  3.3226491030E-004
   1   -91   0    0  2.2700916934E-001  7.8279221388E+000  1.9430251096E-004  1.9484368404E+000  2.2530845882E+000  4.0311362752E-004  2.0362892142E+000  2.2329263274E+000  7.4924238782E-004  2.1655456818E+000  2.2753639676E+000  1.8129141518E-003  2.2645775944E+000  2.3952894576E+000  1.9232037484E-003  2.4064335155E+000  2.4641783574E+000  2.0626989324E-003  2.2289153715E+000  2.3890095547E+000  1.6397432663E-003  3.3217158769E-004
   1   -92   0    0  2.3459220504E-001  7.8225028507E+000  1.9602726012E-004  1.9472079019E+000  2.2496452338E+000  4.0936552872E-004  2.0347189147E+000  2.2295398111E+000  7.5300343199E-004  2.1643051594E+000  2.2724901330E+000  1.8163707152E-003  2.2639024194E+000  2.3939200787E+000  1.9239166354E-003  2.4058266082E+000  2.4635797269E+000  2.0617541047E-003  2.2284406846E+000  2.3875457141E+000  1.6418742586E-003  3.3207803108E-004
   1   -93   0    0  2.4217406640E-001  7.8170803465E+000  1.9777607146E-004  1.9459789621E+000  2.2462073439E+000  4.1566725549E-004  2.0331453967E+000  2.2261543568E+000  7.5679387635E-004  2.1630625657E+000  2.2696170755E+000  1.8198484883E-003  2.2632271180E+000  2.3925485592E+000  1.9246318513E-003  2.4052143582E+000  2.4629759204E+000  2.0608023693E-003  2.2279665629E+000  2.3860798140E+000  1.6440128906E-003  3.3198424474E-004
   1   -94   0    0  2.4975510643E-001  7.8116549101E+000  1.9954918677E-004  1.9447500327E+000  2.2427711839E+000  4.2201865891E-004  2.0315687026E+000  2.2227702210E+000  7.6061362228E-004  2.1618179080E+000  2.2667450129E+000  1.8233472854E-003  2.2625517345E+000  2.3911749860E+000  1.9253493226E-003  2.4045967499E+000  2.4623669237E+000  2.0598437589E-003  2.2274930120E+000  2.3846119437E+000  1.6461589594E-003  3.3189023290E-004
   1   -95   0    0  2.5733567142E-001  7.8062268190E+000  2.0134684626E-004  1.9435211216E+000  2.2393370149E+000  4.2841957443E-004  2.0299888732E+000  2.2193876565E+000  7.6446256192E-004  2.1605711908E+000  2.2638741596E+000  1.8268669134E-003  2.2618763124E+000  2.3897994457E+000  1.9260689747E-003  2.4039737684E+000  2.4617527229E+000  2.0588783084E-003  2.2270200352E+000  2.3831421919E+000  1.6483122584E-003  3.3179599972E-004
   1   -96   0    0  2.6491610073E-001  7.8007963437E+000  2.0316928832E-004  1.9422922332E+000  2.2359050935E+000  4.3486982152E-004  2.0284059480E+000  2.2160069122E+000  7.6834057789E-004  2.1593224160E+000  2.2610047264E+000  1.8304071718E-003  2.2612008941E+000  2.3884220246E+000  1.9267907317E-003  2.4033453996E+000  2.4611333052E+000  2.0579060552E-003  2.2265476343E+000  2.3816706465E+000  1.6504725773E-003  3.3170154936E-004
   1   -97   0    0  2.7249672663E-001  7.7953637483E+000  2.0501674927E-004  1.9410633675E+000  2.2324756721E+000  4.4136920335E-004  2.0268199651E+000  2.2126282334E+000  7.7224754317E-004  2.1580715828E+000  2.2581369206E+000  1.8339678522E-003  2.2605255212E+000  2.3870428086E+000  1.9275145163E-003  2.4027116301E+000  2.4605086584E+000  2.0569270388E-003  2.2260758086E+000  2.3801973948E+000  1.6526397023E-003  3.3160688592E-004
   1   -98   0    0  2.8007787410E-001  7.7899292898E+000  2.0688946316E-004  1.9398345211E+000  2.2290489982E+000  4.4791750648E-004  2.0252309611E+000  2.2092518613E+000  7.7618332083E-004  2.1568186878E+000  2.2552709460E+000  1.8375487382E-003  2.2598502341E+000  2.3856618832E+000  1.9282402503E-003  2.4020724474E+000  2.4598787711E+000  2.0559413012E-003  2.2256045560E+000  2.3787225232E+000  1.6548134159E-003  3.3151201344E-004
   1   -99   0    0  2.8765986071E-001  7.7844932187E+000  2.0878766153E-004  1.9386056864E+000  2.2256253148E+000  4.5451450049E-004  2.0236389715E+000  2.2058780334E+000  7.8014776391E-004  2.1555637246E+000  2.2524070025E+000  1.8411496059E-003  2.2591750724E+000  2.3842793334E+000  1.9289678540E-003  2.4014278398E+000  2.4592436326E+000  2.0549488867E-003  2.2251338719E+000  2.3772461176E+000  1.6569934970E-003  3.3141693597E-004
   1  -100   0    0  2.9524299642E-001  7.7790557787E+000  2.1071157317E-004  1.9373768521E+000  2.2222048600E+000  4.6115993774E-004  2.0220440305E+000  2.2025069832E+000  7.8414071523E-004  2.1543066847E+000  2.2495452866E+000  1.8447702232E-003  2.2585000745E+000  2.3828952442E+000  1.9296972467E-003  2.4007777967E+000  2.4586032335E+000  2.0539498421E-003  2.2246637501E+000  2.3757682631E+000  1.6591797211E-003  3.3132165747E-004
   1  -101   0    0  3.0282758344E-001  7.7736172067E+000  2.1266142386E-004  1.9361480029E+000  2.2187878673E+000  4.6785355306E-004  2.0204461708E+000  2.1991389401E+000  7.8816200724E-004  2.1530475565E+000  2.2466859906E+000  1.8484103502E-003  2.2578252780E+000  2.3815096998E+000  1.9304283465E-003  2.4001223083E+000  2.4579575647E+000  2.0529442169E-003  2.2241941822E+000  2.3742890442E+000  1.6613718600E-003  3.3122618189E-004
   1  -102   0    0  3.1041391612E-001  7.7681777330E+000  2.1463743616E-004  1.9349191197E+000  2.2153745651E+000  4.7459506349E-004  2.0188454242E+000  2.1957741298E+000  7.9221146185E-004  2.1517863262E+000  2.2438293033E+000  1.8520697388E-003  2.2571507194E+000  2.3801227844E+000  1.9311610704E-003  2.3994613657E+000  2.4573066185E+000  2.0519320628E-003  2.2237251581E+000  2.3728085445E+000  1.6635696822E-003  3.3113051314E-004
   1  -103   0    0  3.1800228079E-001  7.7627375809E+000  2.1663982914E-004  1.9336901797E+000  2.2119651767E+000  4.8138416808E-004  2.0172418214E+000  2.1924127736E+000  7.9628889031E-004  2.1505229772E+000  2.2409754093E+000  1.8557481328E-003  2.2564764341E+000  2.3787345818E+000  1.9318953341E-003  2.3987949612E+000  2.4566503881E+000  2.0509134342E-003  2.2232566655E+000  2.3713268470E+000  1.6657729528E-003  3.3103465509E-004
   1  -104   0    0  3.2559295566E-001  7.7572969671E+000  2.1866881815E-004  1.9324611561E+000  2.2085599206E+000  4.8822054760E-004  2.0156353917E+000  2.1890550889E+000  8.0039409310E-004  2.1492574906E+000  2.2381244893E+000  1.8594452679E-003  2.2558024566E+000  2.3773451752E+000  1.9326310525E-003  2.3981230881E+000  2.4559888675E+000  2.0498883881E-003  2.2227886903E+000  2.3698440341E+000  1.6679814336E-003  3.3093861156E-004
   1  -105   0    0  3.3318621068E-001  7.7518561016E+000  2.2072461452E-004  1.9312320183E+000  2.2051590096E+000  4.9510386440E-004  2.0140261636E+000  2.1857012890E+000  8.0452685978E-004  2.1479898446E+000  2.2352767198E+000  1.8631608718E-003  2.2551288202E+000  2.3759546478E+000  1.9333681392E-003  2.3974457407E+000  2.4553220519E+000  2.0488569839E-003  2.2223212164E+000  2.3683601873E+000  1.6701948832E-003  3.3084238636E-004
   1  -106   0    0  3.4078230747E-001  7.7464151876E+000  2.2280742538E-004  1.9300027318E+000  2.2017626517E+000  5.0203376219E-004  2.0124141645E+000  2.1823515828E+000  8.0868696891E-004  2.1467200154E+000  2.2324322734E+000  1.8668946639E-003  2.2544555573E+000  2.3745630823E+000  1.9341065069E-003  2.3967629145E+000  2.4546499376E+000  2.0478192837E-003  2.2218542260E+000  2.3668753875E+000  1.6724130569E-003  3.3074598324E-004
   1  -107   0    0  3.4838149921E-001  7.7409744217E+000  2.2491745336E-004  1.9287732586E+000  2.1983710492E+000  5.0900986589E-004  2.0107994209E+000  2.1790061753E+000  8.1287418798E-004  2.1454479765E+000  2.2295913182E+000  1.8706463555E-003  2.2537826993E+000  2.3731705609E+000  1.9348460672E-003  2.3960746062E+000  2.4539725219E+000  2.0467753524E-003  2.2213876993E+000  2.3653897150E+000  1.6746357070E-003  3.3064940592E-004
   1  -108   0    0  3.5598403056E-001  7.7355339935E+000  2.2705489632E-004  1.9275435568E+000  2.1949843990E+000  5.1603178152E-004  2.0091819583E+000  2.1756652671E+000  8.1708827331E-004  2.1441736990E+000  2.2267540182E+000  1.8744156500E-003  2.2531102764E+000  2.3717771658E+000  1.9355867310E-003  2.3953808136E+000  2.4532898034E+000  2.0457252574E-003  2.2209216147E+000  2.3639032491E+000  1.6768625830E-003  3.3055265811E-004
   1  -109   0    0  3.6359013759E-001  7.7300940864E+000  2.2921994716E-004  1.9263135807E+000  2.1916028923E+000  5.2309909607E-004  2.0075618013E+000  2.1723290546E+000  8.2132897000E-004  2.1428971520E+000  2.2239205330E+000  1.8782022424E-003  2.2524383178E+000  2.3703829787E+000  1.9363284080E-003  2.3946815358E+000  2.4526017817E+000  2.0446690685E-003  2.2204559487E+000  2.3624160686E+000  1.6790934312E-003  3.3045574343E-004
   1  -110   0    0  3.7120004773E-001  7.7246548768E+000  2.3141279349E-004  1.9250832810E+000  2.1882267149E+000  5.3021137740E-004  2.0059389738E+000  2.1689977297E+000  8.2559601189E-004  2.1416183018E+000  2.2210910176E+000  1.8820058199E-003  2.2517668519E+000  2.3689880809E+000  1.9370710072E-003  2.3939767731E+000  2.4519084579E+000  2.0436068585E-003  2.2199906761E+000  2.3609282517E+000  1.6813279954E-003  3.3035866553E-004
   1  -111   0    0  3.7881397968E-001  7.7192165346E+000  2.3363361742E-004  1.9238526048E+000  2.1848560467E+000  5.3736817423E-004  2.0043134990E+000  2.1656714803E+000  8.2988912155E-004  2.1403371128E+000  2.2182656229E+000  1.8858260617E-003  2.2510959056E+000  2.3675925534E+000  1.9378144366E-003  2.3932665273E+000  2.4512098339E+000  2.0425387026E-003  2.2195257700E+000  2.3594398756E+000  1.6835660167E-003  3.3026142798E-004
   1  -112   0    0  3.8643214341E-001  7.7137792231E+000  2.3588259532E-004  1.9226214955E+000  2.1814910616E+000  5.4456901605E-004  2.0026853990E+000  2.1623504897E+000  8.3420801023E-004  2.1390535471E+000  2.2154444949E+000  1.8896626392E-003  2.2504255053E+000  2.3661964769E+000  1.9385586037E-003  2.3925508012E+000  2.4505059133E+000  2.0414646788E-003  2.2190612019E+000  2.3579510169E+000  1.6858072337E-003  3.3016403434E-004
   1  -113   0    0  3.9405474012E-001  7.7083430993E+000  2.3815989751E-004  1.9213898931E+000  2.1781319279E+000  5.5181341316E-004  2.0010546957E+000  2.1590349369E+000  8.3855237791E-004  2.1377675646E+000  2.2126277752E+000  1.8935152158E-003  2.2497556759E+000  2.3647999319E+000  1.9393034150E-003  2.3918295993E+000  2.4497967008E+000  2.0403848676E-003  2.2185969413E+000  2.3564617516E+000  1.6880513824E-003  3.3006648812E-004
   1  -114   0    0  4.0168196220E-001  7.7029083134E+000  2.4046568809E-004  1.9201577340E+000  2.1747788077E+000  5.5910085664E-004  1.9994214102E+000  2.1557249966E+000  8.4292191326E-004  2.1364791232E+000  2.2098156005E+000  1.8973834474E-003  2.2490864417E+000  2.3634029984E+000  1.9400487764E-003  2.3911029271E+000  2.4490822024E+000  2.0392993522E-003  2.2181329565E+000  2.3549721549E+000  1.6902981968E-003  3.2996879282E-004
   1  -115   0    0  4.0931399324E-001  7.6974750093E+000  2.4280012461E-004  1.9189249509E+000  2.1714318569E+000  5.6643081845E-004  1.9977855629E+000  2.1524208389E+000  8.4731629375E-004  2.1351881787E+000  2.2070081031E+000  1.9012669821E-003  2.2484178257E+000  2.3620057561E+000  1.9407945933E-003  2.3903707920E+000  2.4483624256E+000  2.0382082184E-003  2.2176692140E+000  2.3534823012E+000  1.6925474088E-003  3.2987095189E-004
   1  -116   0    0  4.1695100802E-001  7.6920433245E+000  2.4516335790E-004  1.9176914736E+000  2.1680912256E+000  5.7380275149E-004  1.9961471738E+000  2.1491226298E+000  8.5173518562E-004  2.1338946848E+000  2.2042054102E+000  1.9051654607E-003  2.2477498500E+000  2.3606082844E+000  1.9415407703E-003  2.3896332025E+000  2.4476373792E+000  2.0371115545E-003  2.2172056790E+000  2.3519922644E+000  1.6947987481E-003  3.2977296875E-004
   1  -117   0    0  4.2459317254E-001  7.6866133904E+000  2.4755553178E-004  1.9164572281E+000  2.1647570574E+000  5.8121608965E-004  1.9945062626E+000  2.1458305305E+000  8.5617824402E-004  2.1325985936E+000  2.2014076444E+000  1.9090785167E-003  2.2470825358E+000  2.3592106624E+000  1.9422872118E-003  2.3888901686E+000  2.4469070734E+000  2.0360094514E-003  2.2167423150E+000  2.3505021175E+000  1.6970519428E-003  3.2967484679E-004
   1  -118   0    0  4.3224064404E-001  7.6811853320E+000  2.4997678285E-004  1.9152221372E+000  2.1614294896E+000  5.8867024804E-004  1.9928628483E+000  2.1425446980E+000  8.6064511306E-004  2.1312998549E+000  2.1986149233E+000  1.9130057762E-003  2.2464159033E+000  2.3578129688E+000  1.9430338214E-003  2.3881417021E+000  2.4461715200E+000  2.0349020025E-003  2.2162790844E+000  2.3490119328E+000  1.6993067193E-003  3.2957658939E-004
   1  -119   0    0  4.3989361195E-001  7.6757593661E+000  2.5242718778E-004  1.9139860833E+000  2.1581086438E+000  5.9616446307E-004  1.9912169261E+000  2.1392652842E+000  8.6513533007E-004  2.1299984119E+000  2.1958273773E+000  1.9169467746E-003  2.2457500378E+000  2.3564153795E+000  1.9437804866E-003  2.3873878447E+000  2.4454307611E+000  2.0337893275E-003  2.2158160070E+000  2.3475218751E+000  1.7015627544E-003  3.2947820405E-004
   1  -120   0    0  4.4755221638E-001  7.6703356097E+000  2.5490686383E-004  1.9127489800E+000  2.1547946427E+000  6.0369810320E-004  1.9895685125E+000  2.1359924360E+000  8.6964851177E-004  2.1286942104E+000  2.1930451140E+000  1.9209011196E-003  2.2450849612E+000  2.3550179775E+000  1.9445271098E-003  2.3866286130E+000  2.4446848131E+000  2.0326715262E-003  2.2153530461E+000  2.3460320200E+000  1.7038197696E-003  3.2937969428E-004
   1  -121   0    0  4.5521661614E-001  7.6649142408E+000  2.5741588341E-004  1.9115107119E+000  2.1514875951E+000  6.1127040767E-004  1.9879176075E+000  2.1327262946E+000  8.7418419778E-004  2.1273871906E+000  2.1902682476E+000  1.9248683545E-003  2.2444207406E+000  2.3536209128E+000  1.9452735822E-003  2.3858640454E+000  2.4439337143E+000  2.0315487172E-003  2.2148902044E+000  2.3445425067E+000  1.7060774522E-003  3.2928106647E-004
   1  -122   0    0  4.6288676934E-001  7.6594949581E+000  2.5995457149E-004  1.9102713453E+000  2.1481876548E+000  6.1888137995E-004  1.9862643281E+000  2.1294670046E+000  8.7874238569E-004  2.1260773185E+000  2.1874968050E+000  1.9288484252E-003  2.2437571194E+000  2.3522238622E+000  1.9460198715E-003  2.3850940401E+000  2.4431773625E+000  2.0304209055E-003  2.2144271957E+000  2.3430530216E+000  1.7083357210E-003  3.2918230666E-004
   1  -123   0    0  4.7056291775E-001  7.6540781692E+000  2.6252285428E-004  1.9090306664E+000  2.1448948937E+000  6.2652982931E-004  1.9846086152E+000  2.1262146965E+000  8.8332235809E-004  2.1247645181E+000  2.1847309336E+000  1.9328406554E-003  2.2430943255E+000  2.3508272143E+000  1.9467658295E-003  2.3843187097E+000  2.4424158702E+000  2.0292882730E-003  2.2139641659E+000  2.3415639315E+000  1.7105941434E-003  3.2908343143E-004
   1  -124   0    0  4.7824516272E-001  7.6486639554E+000  2.6512082317E-004  1.9077885818E+000  2.1416094100E+000  6.3421507335E-004  1.9829504882E+000  2.1229695000E+000  8.8792370233E-004  2.1234487299E+000  2.1819707187E+000  1.9368446383E-003  2.2424323691E+000  2.3494310388E+000  1.9475113600E-003  2.3835380733E+000  2.4416492565E+000  2.0281509257E-003  2.2135010663E+000  2.3400752975E+000  1.7128524434E-003  3.2898444368E-004
   1  -125   0    0  4.8593346718E-001  7.6432520574E+000  2.6774875386E-004  1.9065451314E+000  2.1383313377E+000  6.4193697756E-004  1.9812900528E+000  2.1197315509E+000  8.9254633403E-004  2.1221299138E+000  2.1792161861E+000  1.9408602549E-003  2.2417710274E+000  2.3480350659E+000  1.9482564208E-003  2.3827520489E+000  2.4408774384E+000  2.0270088885E-003  2.2130376398E+000  2.3385868564E+000  1.7151105093E-003  3.2888533170E-004
   1  -126   0    0  4.9362814194E-001  7.6378431208E+000  2.7040639237E-004  1.9052999856E+000  2.1350606910E+000  6.4969386038E-004  1.9796271812E+000  2.1165009543E+000  8.9718924296E-004  2.1208079723E+000  2.1764675060E+000  1.9448865849E-003  2.2411107057E+000  2.3466399450E+000  1.9490008224E-003  2.3819608348E+000  2.4401006147E+000  2.0258624148E-003  2.2125741909E+000  2.3370992221E+000  1.7173677819E-003  3.2878612324E-004
   1  -127   0    0  5.0132906722E-001  7.6324367000E+000  2.7309409986E-004  1.9040532510E+000  2.1317976147E+000  6.5748585289E-004  1.9779620257E+000  2.1132778445E+000  9.0185250425E-004  2.1194828744E+000  2.1737246664E+000  1.9489236531E-003  2.2404510571E+000  2.3452452272E+000  1.9497445514E-003  2.3811642976E+000  2.4393186507E+000  2.0247114893E-003  2.2121103513E+000  2.3356119597E+000  1.7196242355E-003  3.2868679889E-004
   1  -128   0    0  5.0903648896E-001  7.6270333160E+000  2.7581166312E-004  1.9028046356E+000  2.1285421191E+000  6.6531142503E-004  1.9762944854E+000  2.1100623176E+000  9.0653519907E-004  2.1181545260E+000  2.1709878056E+000  1.9529706259E-003  2.2397924095E+000  2.3438514487E+000  1.9504874372E-003  2.3803626061E+000  2.4385317153E+000  2.0235563423E-003  2.2116463564E+000  2.3341255744E+000  1.7218793668E-003  3.2858738151E-004
   1  -129   0    0  5.1675028662E-001  7.6216325379E+000  2.7855941822E-004  1.9015542353E+000  2.1252943384E+000  6.7317064427E-004  1.9746247100E+000  2.1068545034E+000  9.1123736490E-004  2.1168228937E+000  2.1682569088E+000  1.9570274997E-003  2.2391344284E+000  2.3424581816E+000  1.9512294628E-003  2.3795556352E+000  2.4377396823E+000  2.0223969677E-003  2.2111818487E+000  2.3326396508E+000  1.7241331387E-003  3.2848785257E-004
   1  -130   0    0  5.2447068759E-001  7.6162348784E+000  2.8133712628E-004  1.9003017494E+000  2.1220542649E+000  6.8106193964E-004  1.9729525963E+000  2.1036544863E+000  9.1595805914E-004  2.1154878802E+000  2.1655321018E+000  1.9610934279E-003  2.2384774440E+000  2.3410659663E+000  1.9519704578E-003  2.3787435599E+000  2.4369427264E+000  2.0212336007E-003  2.2107170663E+000  2.3311546967E+000  1.7263850477E-003  3.2838823509E-004
   1  -131   0    0  5.3219768721E-001  7.6108402462E+000  2.8414489597E-004  1.8990471242E+000  2.1188219695E+000  6.8898475106E-004  1.9712782014E+000  2.1004623728E+000  9.2069694439E-004  2.1141494270E+000  2.1628134132E+000  1.9651680892E-003  2.2378213657E+000  2.3396747307E+000  1.9527103494E-003  2.3779263684E+000  2.4361408349E+000  2.0200663274E-003  2.2102518704E+000  2.3296706357E+000  1.7286348861E-003  3.2828852581E-004
   1  -132   0    0  5.3993118198E-001  7.6054482806E+000  2.8698299574E-004  1.8977904196E+000  2.1155975633E+000  6.9693897153E-004  1.9696016582E+000  2.0972782839E+000  9.2545395437E-004  2.1128074947E+000  2.1601008309E+000  1.9692513974E-003  2.2371659112E+000  2.3382841270E+000  1.9534491079E-003  2.3771039632E+000  2.4353339093E+000  2.0188951666E-003  2.2097859502E+000  2.3281871281E+000  1.7308825773E-003  3.2818870959E-004
   1  -133   0    0  5.4767138755E-001  7.6000595247E+000  2.8985112157E-004  1.8965313054E+000  2.1123810049E+000  7.0492290060E-004  1.9679228493E+000  2.0941022845E+000  9.3022807013E-004  2.1114619787E+000  2.1573944679E+000  1.9733424511E-003  2.2365114442E+000  2.3368947439E+000  1.9541865575E-003  2.3762765417E+000  2.4345221464E+000  2.0177203715E-003  2.2093195752E+000  2.3267047267E+000  1.7331275990E-003  3.2808881152E-004
   1  -134   0    0  5.5541830778E-001  7.5946739526E+000  2.9274930591E-004  1.8952696891E+000  2.1091723344E+000  7.1293580283E-004  1.9662418124E+000  2.0909344662E+000  9.3501885022E-004  2.1101128130E+000  2.1546943498E+000  1.9774408487E-003  2.2358579275E+000  2.3355065890E+000  1.9549226141E-003  2.3754441221E+000  2.4337055634E+000  2.0165420530E-003  2.2088526554E+000  2.3252234299E+000  1.7353697078E-003  3.2798883172E-004
   1  -135   0    0  5.6317193933E-001  7.5892915298E+000  2.9567757583E-004  1.8940054792E+000  2.1059715876E+000  7.2097694040E-004  1.9645585879E+000  2.0877749182E+000  9.3982585205E-004  2.1087599320E+000  2.1520004972E+000  1.9815461904E-003  2.2352053194E+000  2.3341196642E+000  1.9556571951E-003  2.3746067220E+000  2.4328841769E+000  2.0153603218E-003  2.2083850971E+000  2.3237432302E+000  1.7376086643E-003  3.2788877005E-004
   1  -136   0    0  5.7093228053E-001  7.5839122389E+000  2.9863593631E-004  1.8927385742E+000  2.1027787909E+000  7.2904552809E-004  1.9628732116E+000  2.0846237258E+000  9.4464860494E-004  2.1074032680E+000  2.1493129293E+000  1.9856580554E-003  2.2345535920E+000  2.3327339919E+000  1.9563902152E-003  2.3737643673E+000  2.4320580118E+000  2.0141752953E-003  2.2079168195E+000  2.3222641396E+000  1.7398442202E-003  3.2778862726E-004
   1  -137   0    0  5.7869943274E-001  7.5785363854E+000  3.0162416721E-004  1.8914687247E+000  2.0995939029E+000  7.3714018709E-004  1.9611856250E+000  2.0814809443E+000  9.4948628377E-004  2.1060427275E+000  2.1466317016E+000  1.9897757239E-003  2.2339029555E+000  2.3313499373E+000  1.9571215372E-003  2.3729171955E+000  2.4312272043E+000  2.0129871778E-003  2.2074479568E+000  2.3207864960E+000  1.7420759687E-003  3.2768841881E-004
   1  -138   0    0  5.8647323618E-001  7.5731635088E+000  3.0464253951E-004  1.8901960205E+000  2.0964170192E+000  7.4526088593E-004  1.9594959920E+000  2.0783466866E+000  9.5433886894E-004  2.1046782760E+000  2.1439567682E+000  1.9938991653E-003  2.2332530640E+000  2.3299670656E+000  1.9578511478E-003  2.3720650896E+000  2.4303916363E+000  2.0117959755E-003  2.2069781426E+000  2.3193098755E+000  1.7443038793E-003  3.2758812582E-004
   1  -139   0    0  5.9425370491E-001  7.5677936751E+000  3.0769096971E-004  1.8889203155E+000  2.0932481324E+000  7.5340664347E-004  1.9578043251E+000  2.0752210225E+000  9.5920577353E-004  2.1033098382E+000  2.1412881472E+000  1.9980278683E-003  2.2326039554E+000  2.3285854958E+000  1.9585789488E-003  2.3712081111E+000  2.4295513678E+000  2.0106018338E-003  2.2065073570E+000  2.3178343812E+000  1.7465276635E-003  3.2748775317E-004
   1  -140   0    0  6.0204104250E-001  7.5624275633E+000  3.1076894119E-004  1.8876411784E+000  2.0900871000E+000  7.6157535316E-004  1.9561104520E+000  2.0721039593E+000  9.6408573865E-004  2.1019372877E+000  2.1386259226E+000  2.0021607562E-003  2.2319561239E+000  2.3272059996E+000  1.9593047445E-003  2.3703465357E+000  2.4287066735E+000  2.0094050622E-003  2.2060359927E+000  2.3163607365E+000  1.7487467331E-003  3.2738733373E-004
   1  -141   0    0  6.0983496956E-001  7.5570643660E+000  3.1387693148E-004  1.8863588531E+000  2.0869340737E+000  7.6976757118E-004  1.9544146437E+000  2.0689956365E+000  9.6897909647E-004  2.1005606183E+000  2.1359699980E+000  2.0062981039E-003  2.2313089706E+000  2.3258277818E+000  1.9600285782E-003  2.3694801335E+000  2.4278573218E+000  2.0082055802E-003  2.2055634566E+000  2.3148881743E+000  1.7509612295E-003  3.2728683318E-004
   1  -142   0    0  6.1763558744E-001  7.5517044746E+000  3.1701459301E-004  1.8850730341E+000  2.0837889550E+000  7.7798168010E-004  1.9527168137E+000  2.0658960805E+000  9.7388488095E-004  2.0991797259E+000  2.1333204141E+000  2.0104390895E-003  2.2306627819E+000  2.3244513165E+000  1.9607503015E-003  2.3686090875E+000  2.4270034944E+000  2.0070036250E-003  2.2050899555E+000  2.3134171342E+000  1.7531707080E-003  3.2718627162E-004
   1  -143   0    0  6.2544295117E-001  7.5463481658E+000  3.2018163552E-004  1.8837834621E+000  2.0806516562E+000  7.8621624931E-004  1.9510169071E+000  2.0628053204E+000  9.7880223810E-004  2.0977945144E+000  2.1306771903E+000  2.0145829908E-003  2.2300177649E+000  2.3230769622E+000  1.9614697854E-003  2.3677335470E+000  2.4261453391E+000  2.0057994063E-003  2.2046156259E+000  2.3119479455E+000  1.7553747825E-003  3.2708566420E-004
   1  -144   0    0  6.3325689309E-001  7.5409950032E+000  3.2337825592E-004  1.8824902086E+000  2.0775222393E+000  7.9447113554E-004  1.9493150880E+000  2.0597234566E+000  9.8373108297E-004  2.0964049480E+000  2.1280402643E+000  2.0187297370E-003  2.2293735966E+000  2.3217043206E+000  1.9621870155E-003  2.3668534145E+000  2.4252827566E+000  2.0045929449E-003  2.2041401257E+000  2.3104802179E+000  1.7575734165E-003  3.2698499361E-004
   1  -145   0    0  6.4107737493E-001  7.5356449761E+000  3.2660434548E-004  1.8811931464E+000  2.0744006696E+000  8.0274541329E-004  1.9476113923E+000  2.0566505452E+000  9.8867086371E-004  2.0950109554E+000  2.1254096177E+000  2.0228788658E-003  2.2287302711E+000  2.3203334469E+000  1.9629019102E-003  2.3659687425E+000  2.4244157978E+000  2.0033843759E-003  2.2036634005E+000  2.3090139923E+000  1.7597663674E-003  3.2688426199E-004
   1  -146   0    0  6.4890444738E-001  7.5302983929E+000  3.2985955180E-004  1.8798919940E+000  2.0712868305E+000  8.1103755863E-004  1.9459057560E+000  2.0535866013E+000  9.9362067154E-004  2.0936124368E+000  2.1227852589E+000  2.0270296191E-003  2.2280880257E+000  2.3189647417E+000  1.9636143384E-003  2.3650797000E+000  2.4235446300E+000  2.0021739214E-003  2.2031856169E+000  2.3075496368E+000  1.7619532401E-003  3.2678348631E-004
   1  -147   0    0  6.5673804421E-001  7.5249551857E+000  3.3314377746E-004  1.8785866454E+000  2.0681806840E+000  8.1934672741E-004  1.9441982323E+000  2.0505316786E+000  9.9858000385E-004  2.0922093252E+000  2.1201671526E+000  2.0311815833E-003  2.2274468171E+000  2.3175982050E+000  1.9643242298E-003  2.3641863258E+000  2.4226692902E+000  2.0009617038E-003  2.2027066888E+000  2.3060871391E+000  1.7641338252E-003  3.2668266635E-004
   1  -148   0    0  6.6457809686E-001  7.5196152869E+000  3.3645691470E-004  1.8772769937E+000  2.0650821869E+000  8.2767206823E-004  1.9424888757E+000  2.0474858295E+000  1.0035483540E-003  2.0908015537E+000  2.1175552604E+000  2.0353343441E-003  2.2268066030E+000  2.3162338387E+000  1.9650315151E-003  2.3632886609E+000  2.4217898175E+000  1.9997478464E-003  2.2022265319E+000  2.3046264884E+000  1.7663079158E-003  3.2658180198E-004
   1  -149   0    0  6.7242453729E-001  7.5142786395E+000  3.3979883822E-004  1.8759629265E+000  2.0619912888E+000  8.3601270512E-004  1.9407777392E+000  2.0444491033E+000  1.0085252008E-003  2.0893890552E+000  2.1149495412E+000  2.0394874778E-003  2.2261673494E+000  2.3148716563E+000  1.9657361246E-003  2.3623867516E+000  2.4209062562E+000  1.9985324755E-003  2.2017450704E+000  2.3031676847E+000  1.7684753027E-003  3.2648089357E-004
   1  -150   0    0  6.8027737865E-001  7.5089454931E+000  3.4316918050E-004  1.8746441799E+000  2.0589078549E+000  8.4436718369E-004  1.9390647773E+000  2.0414215066E+000  1.0135096784E-003  2.0879717339E+000  2.1123499763E+000  2.0436402766E-003  2.2255292593E+000  2.3135120056E+000  1.9664379417E-003  2.3614807587E+000  2.4200187652E+000  1.9973158017E-003  2.2012624448E+000  2.3017110451E+000  1.7706356320E-003  3.2637995585E-004
   1  -151   0    0  6.8813645290E-001  7.5036154497E+000  3.4656804958E-004  1.8733208061E+000  2.0558319100E+000  8.5273525223E-004  1.9373501557E+000  2.0384031301E+000  1.0185016387E-003  2.0865495551E+000  2.1097564873E+000  2.0477926335E-003  2.2248920397E+000  2.3121545331E+000  1.9671369525E-003  2.3605706082E+000  2.4191272685E+000  1.9960978598E-003  2.2007783463E+000  2.3002562208E+000  1.7727888655E-003  3.2627897345E-004
   1  -152   0    0  6.9600177101E-001  7.4982887762E+000  3.4999504134E-004  1.8719925308E+000  2.0527633029E+000  8.6111541445E-004  1.9356338258E+000  2.0353939735E+000  1.0235001913E-003  2.0851224220E+000  2.1071690486E+000  2.0519438265E-003  2.2242559092E+000  2.3107996076E+000  1.9678330407E-003  2.3596564720E+000  2.4182319357E+000  1.9948788657E-003  2.2002929321E+000  2.2988035484E+000  1.7749346480E-003  3.2617796200E-004
   1  -153   0    0  7.0387324893E-001  7.4929654020E+000  3.5344999501E-004  1.8706592440E+000  2.0497019633E+000  8.6950680032E-004  1.9339158497E+000  2.0323940798E+000  1.0285048198E-003  2.0836902701E+000  2.1045876018E+000  2.0560934477E-003  2.2236208286E+000  2.3094472324E+000  1.9685261441E-003  2.3587384001E+000  2.4173328147E+000  1.9936589437E-003  2.1998061260E+000  2.2973530175E+000  1.7770727912E-003  3.2607692149E-004
   1  -154   0    0  7.1175080252E-001  7.4876452627E+000  3.5693273609E-004  1.8693208333E+000  2.0466478152E+000  8.7790852756E-004  1.9321962899E+000  2.0294034910E+000  1.0335150007E-003  2.0822530348E+000  2.1020120861E+000  2.0602410860E-003  2.2229867631E+000  2.3080974175E+000  1.9692162011E-003  2.3578164463E+000  2.4164299571E+000  1.9924382197E-003  2.1993178574E+000  2.2959046239E+000  1.7792031071E-003  3.2597585217E-004
   1  -155   0    0  7.1963434877E-001  7.4823283042E+000  3.6044307273E-004  1.8679771812E+000  2.0436007757E+000  8.8631969352E-004  1.9304752076E+000  2.0264222466E+000  1.0385301985E-003  2.0808106514E+000  2.0994424380E+000  2.0643863228E-003  2.2223536865E+000  2.3067501841E+000  1.9699031498E-003  2.3568906697E+000  2.4155234197E+000  1.9912168223E-003  2.1988280643E+000  2.2944583739E+000  1.7813254069E-003  3.2587475481E-004
   1  -156   0    0  7.2752242343E-001  7.4770088802E+000  3.6398526982E-004  1.8666310172E+000  2.0405623678E+000  8.9474998862E-004  1.9287545711E+000  2.0234512788E+000  1.0435561931E-003  2.0793636148E+000  2.0968782246E+000  2.0685339498E-003  2.2217171768E+000  2.3053993994E+000  1.9705877879E-003  2.3559589992E+000  2.4146111323E+000  1.9899933428E-003  2.1983326784E+000  2.2930084458E+000  1.7834421591E-003  3.2577336639E-004
   1  -157   0    0  7.2949504325E-001  7.4756782184E+000  3.6487611852E-004  1.8662942882E+000  2.0398042347E+000  8.9686123899E-004  1.9283246364E+000  2.0227102227E+000  1.0448147888E-003  2.0790011653E+000  2.0962379922E+000  2.0695715684E-003  2.2215571774E+000  2.3050606887E+000  1.9707586419E-003  2.3557250050E+000  2.4143820064E+000  1.9896870478E-003  2.1982076470E+000  2.2926449528E+000  1.7839706530E-003  3.2574795410E-004
   1  -158   0    0  7.3023487892E-001  7.4751793028E+000  3.6521059997E-004  1.8661679102E+000  2.0395200382E+000  8.9765301638E-004  1.9281633781E+000  2.0224324746E+000  1.0452867873E-003  2.0788651585E+000  2.0959980003E+000  2.0699605912E-003  2.2214972178E+000  2.3049337504E+000  1.9708226547E-003  2.3556372097E+000  2.4142960390E+000  1.9895721899E-003  2.1981607564E+000  2.2925087118E+000  1.7841686864E-003  3.2573842561E-004
   1  -159   0    0  7.3060486931E-001  7.4749300697E+000  3.6537775852E-004  1.8661045935E+000  2.0393779005E+000  8.9804852256E-004  1.9280826711E+000  2.0222935970E+000  1.0455225565E-003  2.0787971160E+000  2.0958780371E+000  2.0701548916E-003  2.2214674101E+000  2.3048705263E+000  1.9708546174E-003  2.3555933818E+000  2.4142531253E+000  1.9895148187E-003  2.1981374597E+000  2.2924408223E+000  1.7842675734E-003  3.2573367141E-004
   1  -160   0    0  7.3069817134E-001  7.4748723562E+000  3.6541590035E-004  1.8660865612E+000  2.0393411974E+000  8.9813875067E-004  1.9280610490E+000  2.0222582741E+000  1.0455763431E-003  2.0787797125E+000  2.0958484218E+000  2.0701992158E-003  2.2214634499E+000  2.3048596222E+000  1.9708619080E-003  2.3555841401E+000  2.4142441089E+000  1.9895017306E-003  2.1981348160E+000  2.2924284973E+000  1.7842901297E-003  3.2573269445E-004
   1  -161   0    0  7.3080072615E-001  7.4748081959E+000  3.6545839501E-004  1.8660670307E+000  2.0393009769E+000  8.9823926814E-004  1.9280374614E+000  2.0222194926E+000  1.0456362633E-003  2.0787606165E+000  2.0958157808E+000  2.0702485937E-003  2.2214585959E+000  2.3048469269E+000  1.9708700295E-003  2.3555737261E+000  2.4142339434E+000  1.9894871501E-003  2.1981314544E+000  2.2924142746E+000  1.7843152568E-003  3.2573158932E-004
   1   162  -9    2  7.3080072615E-001  7.4748081959E+000  3.6545839501E-004  1.8660670307E+000  2.0393009769E+000  8.9823926814E-004  1.9280374614E+000  2.0222194926E+000  1.0456362633E-003  2.0787606165E+000  2.0958157808E+000  2.0702485937E-003  2.2214585959E+000  2.3048469269E+000  1.9708700295E-003  2.3555737261E+000  2.4142339434E+000  1.9894871501E-003  2.1981314544E+000  2.2924142746E+000  1.7843152568E-003  3.2573158932E-004
