
   1    -1   0    0   9.9999997182E-01   7.9664232928E+00   1.9514113456E-04   2.0488216144E+00   2.3646457783E+00   2.0858653922E-04   2.1419861423E+00   2.3365573351E+00   6.3190698004E-04   2.2411723365E+00   2.3749549938E+00   1.7019537552E-03   2.2243129309E+00   2.4028617181E+00   1.8992301487E-03   2.3794440046E+00   2.4383904219E+00   2.0924315479E-03   2.2147022256E+00   2.3937579207E+00   1.5684108502E-03   3.3322635665E-04
   1    -2   0    0   9.8001194492E-01   7.9668105705E+00   1.9487688881E-04   2.0486163131E+00   2.3647584686E+00   2.0858653922E-04   2.1418434910E+00   2.3366976015E+00   6.3190698004E-04   2.2410442374E+00   2.3750952602E+00   1.7019537552E-03   2.2246810028E+00   2.4030755208E+00   1.8992301487E-03   2.3796870369E+00   2.4386267357E+00   2.0924315479E-03   2.2147799991E+00   2.3939717234E+00   1.5684108502E-03   3.3324092350E-04
   1    -3   0    0   9.7001829498E-01   7.9670100375E+00   1.9474103770E-04   2.0485105595E+00   2.3648165377E+00   2.0858653922E-04   2.1417698513E+00   2.3367698477E+00   6.3190698004E-04   2.2409783491E+00   2.3751675064E+00   1.7019537552E-03   2.2248705471E+00   2.4031855726E+00   1.8992301487E-03   2.3798121200E+00   2.4387483607E+00   2.0924315479E-03   2.2148204182E+00   2.3940817752E+00   1.5684108502E-03   3.3324842186E-04
   1    -4   0    0   9.6002489920E-01   7.9672134752E+00   1.9460265616E-04   2.0484026912E+00   2.3648757822E+00   2.0858653922E-04   2.1416946282E+00   2.3368435335E+00   6.3190698004E-04   2.2409112117E+00   2.3752411922E+00   1.7019537552E-03   2.2250638430E+00   2.4032977683E+00   1.8992301487E-03   2.3799396295E+00   2.4388723451E+00   2.0924315479E-03   2.2148618964E+00   2.3941939709E+00   1.5684108502E-03   3.3325606648E-04
   1    -5   0    0   9.5003176680E-01   7.9674209484E+00   1.9446171059E-04   2.0482926736E+00   2.3649362223E+00   2.0858653922E-04   2.1416177905E+00   2.3369186823E+00   6.3190698004E-04   2.2408428079E+00   2.3753163410E+00   1.7019537552E-03   2.2252609508E+00   2.4034121404E+00   1.8992301487E-03   2.3800696022E+00   2.4389987244E+00   2.0924315479E-03   2.2149044628E+00   2.3943083430E+00   1.5684108502E-03   3.3326385960E-04
   1    -6   0    0   9.4003890724E-01   7.9676325223E+00   1.9431816751E-04   2.0481804715E+00   2.3649978778E+00   2.0858653922E-04   2.1415393065E+00   2.3369953177E+00   6.3190698004E-04   2.2407731203E+00   2.3753929764E+00   1.7019537552E-03   2.2254619310E+00   2.4035287221E+00   1.8992301487E-03   2.3802020749E+00   2.4391275345E+00   2.0924315479E-03   2.2149481473E+00   2.3944249247E+00   1.5684108502E-03   3.3327180348E-04
   1    -7   0    0   9.3004633027E-01   7.9678482623E+00   1.9417199361E-04   2.0480660496E+00   2.3650607691E+00   2.0858653922E-04   2.1414591440E+00   2.3370734634E+00   6.3190698004E-04   2.2407021316E+00   2.3754711221E+00   1.7019537552E-03   2.2256668443E+00   2.4036475461E+00   1.8992301487E-03   2.3803370843E+00   2.4392588111E+00   2.0924315479E-03   2.2149929806E+00   2.3945437487E+00   1.5684108502E-03   3.3327990038E-04
   1    -8   0    0   9.2005404593E-01   7.9680682345E+00   1.9402315579E-04   2.0479493724E+00   2.3651249166E+00   2.0858653922E-04   2.1413772703E+00   2.3371531432E+00   6.3190698004E-04   2.2406298247E+00   2.3755508020E+00   1.7019537552E-03   2.2258757521E+00   2.4037686457E+00   1.8992301487E-03   2.3804746674E+00   2.4393925902E+00   2.0924315479E-03   2.2150389944E+00   2.3946648483E+00   1.5684108502E-03   3.3328815257E-04
   1    -9   0    0   9.1006206455E-01   7.9682925051E+00   1.9387162112E-04   2.0478304040E+00   2.3651903408E+00   2.0858653922E-04   2.1412936524E+00   2.3372343813E+00   6.3190698004E-04   2.2405561822E+00   2.3756320400E+00   1.7019537552E-03   2.2260887157E+00   2.4038920540E+00   1.8992301487E-03   2.3806148613E+00   2.4395289077E+00   2.0924315479E-03   2.2150862211E+00   2.3947882566E+00   1.5684108502E-03   3.3329656231E-04
   1   -10   0    0   9.0007039674E-01   7.9685211410E+00   1.9371735697E-04   2.0477091086E+00   2.3652570625E+00   2.0858653922E-04   2.1412082564E+00   2.3373172016E+00   6.3190698004E-04   2.2404811873E+00   2.3757148604E+00   1.7019537552E-03   2.2263057969E+00   2.4040178041E+00   1.8992301487E-03   2.3807577028E+00   2.4396677996E+00   2.0924315479E-03   2.2151346940E+00   2.3949140067E+00   1.5684108502E-03   3.3330513189E-04
   1   -11   0    0   8.9007905339E-01   7.9687542090E+00   1.9356033097E-04   2.0475854500E+00   2.3653251025E+00   2.0858653922E-04   2.1411210484E+00   2.3374016285E+00   6.3190698004E-04   2.2404048229E+00   2.3757992872E+00   1.7019537552E-03   2.2265270578E+00   2.4041459293E+00   1.8992301487E-03   2.3809032291E+00   2.4398093019E+00   2.0924315479E-03   2.2151844476E+00   2.3950421319E+00   1.5684108502E-03   3.3331386358E-04
   1   -12   0    0   8.8008804572E-01   7.9689917766E+00   1.9340051106E-04   2.0474593918E+00   2.3653944816E+00   2.0858653922E-04   2.1410319934E+00   2.3374876861E+00   6.3190698004E-04   2.2403270722E+00   2.3758853448E+00   1.7019537552E-03   2.2267525604E+00   2.4042764629E+00   1.8992301487E-03   2.3810514770E+00   2.4399534505E+00   2.0924315479E-03   2.2152355169E+00   2.3951726655E+00   1.5684108502E-03   3.3332275965E-04
   1   -13   0    0   8.7009738523E-01   7.9692339112E+00   1.9323786556E-04   2.0473308976E+00   2.3654652212E+00   2.0858653922E-04   2.1409410565E+00   2.3375753990E+00   6.3190698004E-04   2.2402479186E+00   2.3759730577E+00   1.7019537552E-03   2.2269823672E+00   2.4044094379E+00   1.8992301487E-03   2.3812024836E+00   2.4401002813E+00   2.0924315479E-03   2.2152879383E+00   2.3953056405E+00   1.5684108502E-03   3.3333182240E-04
   1   -14   0    0   8.6010708372E-01   7.9694806807E+00   1.9307236316E-04   2.0471999307E+00   2.3655373422E+00   2.0858653922E-04   2.1408482019E+00   2.3376647915E+00   6.3190698004E-04   2.2401673455E+00   2.3760624502E+00   1.7019537552E-03   2.2272165407E+00   2.4045448877E+00   1.8992301487E-03   2.3813562857E+00   2.4402498302E+00   2.0924315479E-03   2.2153417488E+00   2.3954410903E+00   1.5684108502E-03   3.3334105410E-04
   1   -15   0    0   8.5011715332E-01   7.9697321532E+00   1.9290397299E-04   2.0470664543E+00   2.3656108660E+00   2.0858653922E-04   2.1407533935E+00   2.3377558881E+00   6.3190698004E-04   2.2400853367E+00   2.3761535469E+00   1.7019537552E-03   2.2274551435E+00   2.4046828452E+00   1.8992301487E-03   2.3815129200E+00   2.4404021330E+00   2.0924315479E-03   2.2153969866E+00   2.3955790478E+00   1.5684108502E-03   3.3335045701E-04
   1   -16   0    0   8.4012760645E-01   7.9699883966E+00   1.9273266465E-04   2.0469304317E+00   2.3656858141E+00   2.0858653922E-04   2.1406565944E+00   2.3378487136E+00   6.3190698004E-04   2.2400018760E+00   2.3762463723E+00   1.7019537552E-03   2.2276982384E+00   2.4048233436E+00   1.8992301487E-03   2.3816724232E+00   2.4405572251E+00   2.0924315479E-03   2.2154536910E+00   2.3957195462E+00   1.5684108502E-03   3.3336003341E-04
   1   -17   0    0   8.3013845583E-01   7.9702494794E+00   1.9255840822E-04   2.0467918258E+00   2.3657622078E+00   2.0858653922E-04   2.1405577676E+00   2.3379432923E+00   6.3190698004E-04   2.2399169475E+00   2.3763409510E+00   1.7019537552E-03   2.2279458880E+00   2.4049664158E+00   1.8992301487E-03   2.3818348319E+00   2.4407151422E+00   2.0924315479E-03   2.2155119021E+00   2.3958626184E+00   1.5684108502E-03   3.3336978555E-04
   1   -18   0    0   8.2014971453E-01   7.9705154699E+00   1.9238117436E-04   2.0466505997E+00   2.3658400688E+00   2.0858653922E-04   2.1404568754E+00   2.3380396490E+00   6.3190698004E-04   2.2398305355E+00   2.3764373077E+00   1.7019537552E-03   2.2281981551E+00   2.4051120944E+00   1.8992301487E-03   2.3820001821E+00   2.4408759194E+00   2.0924315479E-03   2.2155716614E+00   2.3960082971E+00   1.5684108502E-03   3.3337971570E-04
   1   -19   0    0   8.1016139589E-01   7.9707864365E+00   1.9220093428E-04   2.0465067163E+00   2.3659194186E+00   2.0858653922E-04   2.1403538795E+00   2.3381378083E+00   6.3190698004E-04   2.2397426248E+00   2.3765354670E+00   1.7019537552E-03   2.2284551025E+00   2.4052604123E+00   1.8992301487E-03   2.3821685101E+00   2.4410395919E+00   2.0924315479E-03   2.2156330112E+00   2.3961566149E+00   1.5684108502E-03   3.3338982608E-04
   1   -20   0    0   8.0017351361E-01   7.9710624477E+00   1.9201765986E-04   2.0463601385E+00   2.3660002788E+00   2.0858653922E-04   2.1402487412E+00   2.3382377946E+00   6.3190698004E-04   2.2396532002E+00   2.3766354534E+00   1.7019537552E-03   2.2287167927E+00   2.4054114016E+00   1.8992301487E-03   2.3823398517E+00   2.4412061944E+00   2.0924315479E-03   2.2156959950E+00   2.3963076042E+00   1.5684108502E-03   3.3340011893E-04
   1   -21   0    0   7.9018608166E-01   7.9713435717E+00   1.9183132361E-04   2.0462108293E+00   2.3660826712E+00   2.0858653922E-04   2.1401414214E+00   2.3383396327E+00   6.3190698004E-04   2.2395622470E+00   2.3767372914E+00   1.7019537552E-03   2.2289832883E+00   2.4055650947E+00   1.8992301487E-03   2.3825142423E+00   2.4413757615E+00   2.0924315479E-03   2.2157606575E+00   2.3964612973E+00   1.5684108502E-03   3.3341059646E-04
   1   -22   0    0   7.8019911437E-01   7.9716298770E+00   1.9164189877E-04   2.0460587517E+00   2.3661666175E+00   2.0858653922E-04   2.1400318803E+00   2.3384433469E+00   6.3190698004E-04   2.2394697506E+00   2.3768410056E+00   1.7019537552E-03   2.2292546516E+00   2.4057215235E+00   1.8992301487E-03   2.3826917172E+00   2.4415483274E+00   2.0924315479E-03   2.2158270445E+00   2.3966177261E+00   1.5684108502E-03   3.3342126088E-04
   1   -23   0    0   7.7021262634E-01   7.9719214316E+00   1.9144935934E-04   2.0459038686E+00   2.3662521393E+00   2.0858653922E-04   2.1399200778E+00   2.3385489617E+00   6.3190698004E-04   2.2393756970E+00   2.3769466204E+00   1.7019537552E-03   2.2295309447E+00   2.4058807196E+00   1.8992301487E-03   2.3828723112E+00   2.4417239260E+00   2.0924315479E-03   2.2158952031E+00   2.3967769222E+00   1.5684108502E-03   3.3343211435E-04
   1   -24   0    0   7.6022663253E-01   7.9722183036E+00   1.9125368013E-04   2.0457461431E+00   2.3663392584E+00   2.0858653922E-04   2.1398059731E+00   2.3386565015E+00   6.3190698004E-04   2.2392800726E+00   2.3770541602E+00   1.7019537552E-03   2.2298122294E+00   2.4060427145E+00   1.8992301487E-03   2.3830560587E+00   2.4419025908E+00   2.0924315479E-03   2.2159651814E+00   2.3969389171E+00   1.5684108502E-03   3.3344315904E-04
   1   -25   0    0   7.5024114819E-01   7.9725205608E+00   1.9105483677E-04   2.0455855385E+00   2.3664279965E+00   2.0858653922E-04   2.1396895252E+00   2.3387659904E+00   6.3190698004E-04   2.2391828639E+00   2.3771636492E+00   1.7019537552E-03   2.2300985675E+00   2.4062075390E+00   1.8992301487E-03   2.3832429940E+00   2.4420843548E+00   2.0924315479E-03   2.2160370287E+00   2.3971037416E+00   1.5684108502E-03   3.3345439709E-04
   1   -26   0    0   7.4025618887E-01   7.9728282707E+00   1.9085280581E-04   2.0454220179E+00   2.3665183753E+00   2.0858653922E-04   2.1395706924E+00   2.3388774527E+00   6.3190698004E-04   2.2390840582E+00   2.3772751114E+00   1.7019537552E-03   2.2303900200E+00   2.4063752240E+00   1.8992301487E-03   2.3834331504E+00   2.4422692508E+00   2.0924315479E-03   2.2161107959E+00   2.3972714266E+00   1.5684108502E-03   3.3346583060E-04
   1   -27   0    0   7.3027177045E-01   7.9731415004E+00   1.9064756474E-04   2.0452555450E+00   2.3666104163E+00   2.0858653922E-04   2.1394494325E+00   2.3389909122E+00   6.3190698004E-04   2.2389836431E+00   2.3773885709E+00   1.7019537552E-03   2.2306866478E+00   2.4065457995E+00   1.8992301487E-03   2.3836265611E+00   2.4424573108E+00   2.0924315479E-03   2.2161865347E+00   2.3974420021E+00   1.5684108502E-03   3.3347746167E-04
   1   -28   0    0   7.2028790912E-01   7.9734603169E+00   1.9043909201E-04   2.0450860834E+00   2.3667041411E+00   2.0858653922E-04   2.1393257029E+00   2.3391063928E+00   6.3190698004E-04   2.2388816065E+00   2.3775040515E+00   1.7019537552E-03   2.2309885113E+00   2.4067192955E+00   1.8992301487E-03   2.3838232586E+00   2.4426485666E+00   2.0924315479E-03   2.2162642984E+00   2.3976154981E+00   1.5684108502E-03   3.3348929234E-04
   1   -29   0    0   7.1030462134E-01   7.9737847865E+00   1.9022736712E-04   2.0449135968E+00   2.3667995712E+00   2.0858653922E-04   2.1391994607E+00   2.3392239181E+00   6.3190698004E-04   2.2387779371E+00   2.3776215768E+00   1.7019537552E-03   2.2312956704E+00   2.4068957412E+00   1.8992301487E-03   2.3840232749E+00   2.4428430491E+00   2.0924315479E-03   2.2163441414E+00   2.3977919438E+00   1.5684108502E-03   3.3350132465E-04
   1   -30   0    0   7.0032192389E-01   7.9741149751E+00   1.9001237066E-04   2.0447380495E+00   2.3668967281E+00   2.0858653922E-04   2.1390706624E+00   2.3393435115E+00   6.3190698004E-04   2.2386726240E+00   2.3777411702E+00   1.7019537552E-03   2.2316081843E+00   2.4070751654E+00   1.8992301487E-03   2.3842266414E+00   2.4430407889E+00   2.0924315479E-03   2.2164261196E+00   2.3979713680E+00   1.5684108502E-03   3.3351356058E-04
   1   -31   0    0   6.9033983386E-01   7.9744509482E+00   1.8979408434E-04   2.0445594058E+00   2.3669956329E+00   2.0858653922E-04   2.1389392638E+00   2.3394651962E+00   6.3190698004E-04   2.2385656569E+00   2.3778628549E+00   1.7019537552E-03   2.2319261117E+00   2.4072575964E+00   1.8992301487E-03   2.3844333887E+00   2.4432418158E+00   2.0924315479E-03   2.2165102899E+00   2.3981537990E+00   1.5684108502E-03   3.3352600209E-04
   1   -32   0    0   6.8035836860E-01   7.9747927706E+00   1.8957249103E-04   2.0443776304E+00   2.3670963068E+00   2.0858653922E-04   2.1388052208E+00   2.3395889951E+00   6.3190698004E-04   2.2384570260E+00   2.3779866538E+00   1.7019537552E-03   2.2322495108E+00   2.4074430620E+00   1.8992301487E-03   2.3846435468E+00   2.4434461589E+00   2.0924315479E-03   2.2165967110E+00   2.3983392646E+00   1.5684108502E-03   3.3353865109E-04
   1   -33   0    0   6.7037754575E-01   7.9751405064E+00   1.8934757486E-04   2.0441926883E+00   2.3671987709E+00   2.0858653922E-04   2.1386684884E+00   2.3397149309E+00   6.3190698004E-04   2.2383467221E+00   2.3781125896E+00   1.7019537552E-03   2.2325784387E+00   2.4076315892E+00   1.8992301487E-03   2.3848571450E+00   2.4436538467E+00   2.0924315479E-03   2.2166854425E+00   2.3985277918E+00   1.5684108502E-03   3.3355150946E-04
   1   -34   0    0   6.6039738322E-01   7.9754942191E+00   1.8911932119E-04   2.0440045449E+00   2.3673030459E+00   2.0858653922E-04   2.1385290213E+00   2.3398430260E+00   6.3190698004E-04   2.2382347369E+00   2.3782406847E+00   1.7019537552E-03   2.2329129522E+00   2.4078232045E+00   1.8992301487E-03   2.3850742118E+00   2.4438649069E+00   2.0924315479E-03   2.2167765457E+00   2.3987194071E+00   1.5684108502E-03   3.3356457903E-04
   1   -35   0    0   6.5041789921E-01   7.9758539714E+00   1.8888771674E-04   2.0438131659E+00   2.3674091526E+00   2.0858653922E-04   2.1383867741E+00   2.3399733025E+00   6.3190698004E-04   2.2381210624E+00   2.3783709612E+00   1.7019537552E-03   2.2332531069E+00   2.4080179335E+00   1.8992301487E-03   2.3852947748E+00   2.4440793664E+00   2.0924315479E-03   2.2168700831E+00   2.3989141361E+00   1.5684108502E-03   3.3357786159E-04
   1   -36   0    0   6.4043911215E-01   7.9762198252E+00   1.8865274956E-04   2.0436185176E+00   2.3675171114E+00   2.0858653922E-04   2.1382417005E+00   2.3401057819E+00   6.3190698004E-04   2.2380056915E+00   2.3785034407E+00   1.7019537552E-03   2.2335989576E+00   2.4082158014E+00   1.8992301487E-03   2.3855188610E+00   2.4442972511E+00   2.0924315479E-03   2.2169661187E+00   2.3991120040E+00   1.5684108502E-03   3.3359135888E-04
   1   -37   0    0   6.3046104075E-01   7.9765918416E+00   1.8841440915E-04   2.0434205667E+00   2.3676269427E+00   2.0858653922E-04   2.1380937541E+00   2.3402404858E+00   6.3190698004E-04   2.2378886179E+00   2.3786381446E+00   1.7019537552E-03   2.2339505582E+00   2.4084168325E+00   1.8992301487E-03   2.3857464960E+00   2.4445185864E+00   2.0924315479E-03   2.2170647178E+00   2.3993130351E+00   1.5684108502E-03   3.3360507258E-04
   1   -38   0    0   6.2048370392E-01   7.9769700806E+00   1.8817268644E-04   2.0432192803E+00   2.3677386663E+00   2.0858653922E-04   2.1379428882E+00   2.3403774351E+00   6.3190698004E-04   2.2377698358E+00   2.3787750938E+00   1.7019537552E-03   2.2343079617E+00   2.4086210502E+00   1.8992301487E-03   2.3859777051E+00   2.4447433965E+00   2.0924315479E-03   2.2171659471E+00   2.3995172528E+00   1.5684108502E-03   3.3361900432E-04
   1   -39   0    0   6.1050712084E-01   7.9773546012E+00   1.8792757389E-04   2.0430146262E+00   2.3678523021E+00   2.0858653922E-04   2.1377890555E+00   2.3405166503E+00   6.3190698004E-04   2.2376493403E+00   2.3789143091E+00   1.7019537552E-03   2.2346712198E+00   2.4088284772E+00   1.8992301487E-03   2.3862125120E+00   2.4449717046E+00   2.0924315479E-03   2.2172698748E+00   2.3997246798E+00   1.5684108502E-03   3.3363315569E-04
   1   -40   0    0   6.0053131090E-01   7.9777454616E+00   1.8767906549E-04   2.0428065727E+00   2.3679678696E+00   2.0858653922E-04   2.1376322085E+00   2.3406581516E+00   6.3190698004E-04   2.2375271274E+00   2.3790558103E+00   1.7019537552E-03   2.2350403833E+00   2.4090391352E+00   1.8992301487E-03   2.3864509398E+00   2.4452035332E+00   2.0924315479E-03   2.2173765704E+00   2.3999353378E+00   1.5684108502E-03   3.3364752821E-04
   1   -41   0    0   5.9055629367E-01   7.9781427185E+00   1.8742715686E-04   2.0425950886E+00   2.3680853880E+00   2.0858653922E-04   2.1374722994E+00   2.3408019587E+00   6.3190698004E-04   2.2374031938E+00   2.3791996174E+00   1.7019537552E-03   2.2354155016E+00   2.4092530453E+00   1.8992301487E-03   2.3866930103E+00   2.4454389033E+00   2.0924315479E-03   2.2174861049E+00   2.4001492479E+00   1.5684108502E-03   3.3366212333E-04
   1   -42   0    0   5.8058208896E-01   7.9785464278E+00   1.8717184524E-04   2.0423801434E+00   2.3682048761E+00   2.0858653922E-04   2.1373092800E+00   2.3409480906E+00   6.3190698004E-04   2.2372775371E+00   2.3793457493E+00   1.7019537552E-03   2.2357966231E+00   2.4094702273E+00   1.8992301487E-03   2.3869387444E+00   2.4456778353E+00   2.0924315479E-03   2.2175985506E+00   2.4003664299E+00   1.5684108502E-03   3.3367694245E-04
   1   -43   0    0   5.7060871672E-01   7.9789566437E+00   1.8691312955E-04   2.0421617075E+00   2.3683263527E+00   2.0858653922E-04   2.1371431019E+00   2.3410965661E+00   6.3190698004E-04   2.2371501558E+00   2.3794942249E+00   1.7019537552E-03   2.2361837948E+00   2.4096907002E+00   1.8992301487E-03   2.3871881616E+00   2.4459203482E+00   2.0924315479E-03   2.2177139813E+00   2.4005869028E+00   1.5684108502E-03   3.3369198690E-04
   1   -44   0    0   5.6063619709E-01   7.9793734195E+00   1.8665101045E-04   2.0419397517E+00   2.3684498358E+00   2.0858653922E-04   2.1369737162E+00   2.3412474034E+00   6.3190698004E-04   2.2370210491E+00   2.3796450621E+00   1.7019537552E-03   2.2365770622E+00   2.4099144819E+00   1.8992301487E-03   2.3874412803E+00   2.4461664599E+00   2.0924315479E-03   2.2178324723E+00   2.4008106845E+00   1.5684108502E-03   3.3370725794E-04
   1   -45   0    0   5.5066455037E-01   7.9797968070E+00   1.8638549038E-04   2.0417142478E+00   2.3685753433E+00   2.0858653922E-04   2.1368010740E+00   2.3414006200E+00   6.3190698004E-04   2.2368902174E+00   2.3797982788E+00   1.7019537552E-03   2.2369764695E+00   2.4101415895E+00   1.8992301487E-03   2.3876981179E+00   2.4464161871E+00   2.0924315479E-03   2.2179540999E+00   2.4010377921E+00   1.5684108502E-03   3.3372275677E-04
   1   -46   0    0   5.4069379696E-01   7.9802268563E+00   1.8611657356E-04   2.0414851681E+00   2.3687028927E+00   2.0858653922E-04   2.1366251261E+00   2.3415562330E+00   6.3190698004E-04   2.2367576619E+00   2.3799538917E+00   1.7019537552E-03   2.2373820596E+00   2.4103720386E+00   1.8992301487E-03   2.3879586901E+00   2.4466695453E+00   2.0924315479E-03   2.2180789422E+00   2.4012682412E+00   1.5684108502E-03   3.3373848451E-04
   1   -47   0    0   5.3072395743E-01   7.9806636163E+00   1.8584426607E-04   2.0412524861E+00   2.3688325010E+00   2.0858653922E-04   2.1364458230E+00   2.3417142587E+00   6.3190698004E-04   2.2366233849E+00   2.3801119174E+00   1.7019537552E-03   2.2377938734E+00   2.4106058441E+00   1.8992301487E-03   2.3882230116E+00   2.4469265487E+00   2.0924315479E-03   2.2182070785E+00   2.4015020467E+00   1.5684108502E-03   3.3375444219E-04
   1   -48   0    0   5.2075505242E-01   7.9811071343E+00   1.8556857588E-04   2.0410161759E+00   2.3689641848E+00   2.0858653922E-04   2.1362631151E+00   2.3418747130E+00   6.3190698004E-04   2.2364873895E+00   2.3802723717E+00   1.7019537552E-03   2.2382119507E+00   2.4108430195E+00   1.8992301487E-03   2.3884910958E+00   2.4471872101E+00   2.0924315479E-03   2.2183385893E+00   2.4017392221E+00   1.5684108502E-03   3.3377063078E-04
   1   -49   0    0   5.1078710266E-01   7.9815574558E+00   1.8528951288E-04   2.0407762125E+00   2.3690979603E+00   2.0858653922E-04   2.1360769526E+00   2.3420376109E+00   6.3190698004E-04   2.2363496799E+00   2.3804352696E+00   1.7019537552E-03   2.2386363294E+00   2.4110835772E+00   1.8992301487E-03   2.3887629543E+00   2.4474515412E+00   2.0924315479E-03   2.2184735566E+00   2.4019797798E+00   1.5684108502E-03   3.3378705117E-04
   1   -50   0    0   5.0082012896E-01   7.9820146247E+00   1.8500708890E-04   2.0405325719E+00   2.3692338432E+00   2.0858653922E-04   2.1358872855E+00   2.3422029669E+00   6.3190698004E-04   2.2362102614E+00   2.3806006256E+00   1.7019537552E-03   2.2390670456E+00   2.4113275282E+00   1.8992301487E-03   2.3890385978E+00   2.4477195520E+00   2.0924315479E-03   2.2186120636E+00   2.4022237308E+00   1.5684108502E-03   3.3380370416E-04
   1   -51   0    0   4.9085415218E-01   7.9824786832E+00   1.8472131776E-04   2.0402852312E+00   2.3693718486E+00   2.0858653922E-04   2.1356940637E+00   2.3423707948E+00   6.3190698004E-04   2.2360691403E+00   2.3807684535E+00   1.7019537552E-03   2.2395041338E+00   2.4115748827E+00   1.8992301487E-03   2.3893180352E+00   2.4479912513E+00   2.0924315479E-03   2.2187541948E+00   2.4024710853E+00   1.5684108502E-03   3.3382059048E-04
   1   -52   0    0   4.8088919318E-01   7.9829496715E+00   1.8443221530E-04   2.0400341684E+00   2.3695119913E+00   2.0858653922E-04   2.1354972372E+00   2.3425411076E+00   6.3190698004E-04   2.2359263240E+00   2.3809387663E+00   1.7019537552E-03   2.2399476265E+00   2.4118256491E+00   1.8992301487E-03   2.3896012739E+00   2.4482666463E+00   2.0924315479E-03   2.2189000359E+00   2.4027218517E+00   1.5684108502E-03   3.3383771074E-04
   1   -53   0    0   4.7092527288E-01   7.9834276281E+00   1.8413979938E-04   2.0397793625E+00   2.3696542854E+00   2.0858653922E-04   2.1352967558E+00   2.3427139175E+00   6.3190698004E-04   2.2357818210E+00   2.3811115762E+00   1.7019537552E-03   2.2403975545E+00   2.4120798347E+00   1.8992301487E-03   2.3898883200E+00   2.4485457429E+00   2.0924315479E-03   2.2190496738E+00   2.4029760373E+00   1.5684108502E-03   3.3385506551E-04
   1   -54   0    0   4.6096241213E-01   7.9839125894E+00   1.8384408996E-04   2.0395207936E+00   2.3697987445E+00   2.0858653922E-04   2.1350925691E+00   2.3428892362E+00   6.3190698004E-04   2.2356356407E+00   2.3812868949E+00   1.7019537552E-03   2.2408539466E+00   2.4123374456E+00   1.8992301487E-03   2.3901791779E+00   2.4488285453E+00   2.0924315479E-03   2.2192031966E+00   2.4032336482E+00   1.5684108502E-03   3.3387265521E-04
   1   -55   0    0   4.5100063179E-01   7.9844045900E+00   1.8354510907E-04   2.0392584429E+00   2.3699453816E+00   2.0858653922E-04   2.1348846270E+00   2.3430670743E+00   6.3190698004E-04   2.2354877939E+00   2.3814647330E+00   1.7019537552E-03   2.2413168295E+00   2.4125984863E+00   1.8992301487E-03   2.3904738503E+00   2.4491150562E+00   2.0924315479E-03   2.2193606934E+00   2.4034946889E+00   1.5684108502E-03   3.3389048023E-04
   1   -56   0    0   4.4103995264E-01   7.9849036621E+00   1.8324288085E-04   2.0389922930E+00   2.3700942091E+00   2.0858653922E-04   2.1346728794E+00   2.3432474417E+00   6.3190698004E-04   2.2353382924E+00   2.3816451004E+00   1.7019537552E-03   2.2417862280E+00   2.4128629601E+00   1.8992301487E-03   2.3907723385E+00   2.4494052768E+00   2.0924315479E-03   2.2195222545E+00   2.4037591627E+00   1.5684108502E-03   3.3390854082E-04
   1   -57   0    0   4.3108039540E-01   7.9854098362E+00   1.8293743158E-04   2.0387223274E+00   2.3702452390E+00   2.0858653922E-04   2.1344572761E+00   2.3434303476E+00   6.3190698004E-04   2.2351871492E+00   2.3818280063E+00   1.7019537552E-03   2.2422621646E+00   2.4131308687E+00   1.8992301487E-03   2.3910746420E+00   2.4496992067E+00   2.0924315479E-03   2.2196879711E+00   2.4040270713E+00   1.5684108502E-03   3.3392683716E-04
   1   -58   0    0   4.2112198067E-01   7.9859231401E+00   1.8262878968E-04   2.0384485309E+00   2.3703984823E+00   2.0858653922E-04   2.1342377672E+00   2.3436158001E+00   6.3190698004E-04   2.2350343784E+00   2.3820134588E+00   1.7019537552E-03   2.2427446598E+00   2.4134022124E+00   1.8992301487E-03   2.3913807586E+00   2.4499968436E+00   2.0924315479E-03   2.2198579353E+00   2.4042984150E+00   1.5684108502E-03   3.3394536930E-04
   1   -59   0    0   4.1116472893E-01   7.9864435999E+00   1.8231698573E-04   2.0381708896E+00   2.3705539497E+00   2.0858653922E-04   2.1340143028E+00   2.3438038067E+00   6.3190698004E-04   2.2348799952E+00   2.3822014654E+00   1.7019537552E-03   2.2432337320E+00   2.4136769902E+00   1.8992301487E-03   2.3916906846E+00   2.4502981839E+00   2.0924315479E-03   2.2200322402E+00   2.4045731928E+00   1.5684108502E-03   3.3396413723E-04
   1   -60   0    0   4.0120866051E-01   7.9869712390E+00   1.8200205248E-04   2.0378893910E+00   2.3707116511E+00   2.0858653922E-04   2.1337868334E+00   2.3439943738E+00   6.3190698004E-04   2.2347240160E+00   2.3823920325E+00   1.7019537552E-03   2.2437293970E+00   2.4139551992E+00   1.8992301487E-03   2.3920044143E+00   2.4506032222E+00   2.0924315479E-03   2.2202109797E+00   2.4048514018E+00   1.5684108502E-03   3.3398314082E-04
   1   -61   0    0   3.9125379557E-01   7.9875060785E+00   1.8168402486E-04   2.0376040237E+00   2.3708715956E+00   2.0858653922E-04   2.1335553095E+00   2.3441875070E+00   6.3190698004E-04   2.2345664585E+00   2.3825851657E+00   1.7019537552E-03   2.2442316686E+00   2.4142368355E+00   1.8992301487E-03   2.3923219405E+00   2.4509119513E+00   2.0924315479E-03   2.2203942483E+00   2.4051330381E+00   1.5684108502E-03   3.3400237982E-04
   1   -62   0    0   3.8130015406E-01   7.9880481374E+00   1.8136293998E-04   2.0373147778E+00   2.3710337918E+00   2.0858653922E-04   2.1333196822E+00   2.3443832109E+00   6.3190698004E-04   2.2344073414E+00   2.3827808696E+00   1.7019537552E-03   2.2447405582E+00   2.4145218934E+00   1.8992301487E-03   2.3926432540E+00   2.4512243624E+00   2.0924315479E-03   2.2205821414E+00   2.4054180960E+00   1.5684108502E-03   3.3402185391E-04
   1   -63   0    0   3.7134775572E-01   7.9885974319E+00   1.8103883714E-04   2.0370216448E+00   2.3711982474E+00   2.0858653922E-04   2.1330799025E+00   2.3445814892E+00   6.3190698004E-04   2.2342466847E+00   2.3829791479E+00   1.7019537552E-03   2.2452560747E+00   2.4148103655E+00   1.8992301487E-03   2.3929683440E+00   2.4515404448E+00   2.0924315479E-03   2.2207747547E+00   2.4057065681E+00   1.5684108502E-03   3.3404156264E-04
   1   -64   0    0   3.6139662003E-01   7.9891539759E+00   1.8071175782E-04   2.0367246176E+00   2.3713649696E+00   2.0858653922E-04   2.1328359222E+00   2.3447823447E+00   6.3190698004E-04   2.2340845095E+00   2.3831800034E+00   1.7019537552E-03   2.2457782247E+00   2.4151022431E+00   1.8992301487E-03   2.3932971978E+00   2.4518601863E+00   2.0924315479E-03   2.2209721846E+00   2.4059984457E+00   1.5684108502E-03   3.3406150547E-04
   1   -65   0    0   3.5144676618E-01   7.9897177804E+00   1.8038174568E-04   2.0364236905E+00   2.3715339647E+00   2.0858653922E-04   2.1325876932E+00   2.3449857791E+00   6.3190698004E-04   2.2339208379E+00   2.3833834379E+00   1.7019537552E-03   2.2463070123E+00   2.4153975158E+00   1.8992301487E-03   2.3936298009E+00   2.4521835728E+00   2.0924315479E-03   2.2211745279E+00   2.4062937184E+00   1.5684108502E-03   3.3408168173E-04
   1   -66   0    0   3.4149821307E-01   7.9902888543E+00   1.8004884655E-04   2.0361188594E+00   2.3717052383E+00   2.0858653922E-04   2.1323351682E+00   2.3451917933E+00   6.3190698004E-04   2.2337556936E+00   2.3835894520E+00   1.7019537552E-03   2.2468424391E+00   2.4156961716E+00   1.8992301487E-03   2.3939661370E+00   2.4525105883E+00   2.0924315479E-03   2.2213818815E+00   2.4065923742E+00   1.5684108502E-03   3.3410209067E-04
   1   -67   0    0   3.3155097926E-01   7.9908672035E+00   1.7971310844E-04   2.0358101216E+00   2.3718787950E+00   2.0858653922E-04   2.1320783002E+00   2.3454003869E+00   6.3190698004E-04   2.2335891009E+00   2.3837980457E+00   1.7019537552E-03   2.2473845040E+00   2.4159981970E+00   1.8992301487E-03   2.3943061880E+00   2.4528412152E+00   2.0924315479E-03   2.2215943427E+00   2.4068943996E+00   1.5684108502E-03   3.3412273141E-04
   1   -68   0    0   3.2160508296E-01   7.9914528313E+00   1.7937458150E-04   2.0354974759E+00   2.3720546390E+00   2.0858653922E-04   2.1318170429E+00   2.3456115589E+00   6.3190698004E-04   2.2334210857E+00   2.3840092176E+00   1.7019537552E-03   2.2479332035E+00   2.4163035767E+00   1.8992301487E-03   2.3946499337E+00   2.4531754340E+00   2.0924315479E-03   2.2218120088E+00   2.4071997793E+00   1.5684108502E-03   3.3414360297E-04
   1   -69   0    0   3.1166054199E-01   7.9920457382E+00   1.7903331801E-04   2.0351809228E+00   2.3722327734E+00   2.0858653922E-04   2.1315513506E+00   2.3458253068E+00   6.3190698004E-04   2.2332516748E+00   2.3842229655E+00   1.7019537552E-03   2.2484885314E+00   2.4166122940E+00   1.8992301487E-03   2.3949973525E+00   2.4535132236E+00   2.0924315479E-03   2.2220349771E+00   2.4075084966E+00   1.5684108502E-03   3.3416470425E-04
   1   -70   0    0   3.0171737375E-01   7.9926459221E+00   1.7868937237E-04   2.0348604642E+00   2.3724132006E+00   2.0858653922E-04   2.1312811782E+00   2.3460416274E+00   6.3190698004E-04   2.2330808962E+00   2.3844392861E+00   1.7019537552E-03   2.2490504789E+00   2.4169243303E+00   1.8992301487E-03   2.3953484205E+00   2.4538545607E+00   2.0924315479E-03   2.2222633449E+00   2.4078205329E+00   1.5684108502E-03   3.3418603406E-04
   1   -71   0    0   2.9177559521E-01   7.9932533777E+00   1.7834280107E-04   2.0345361038E+00   2.3725959221E+00   2.0858653922E-04   2.1310064818E+00   2.3462605163E+00   6.3190698004E-04   2.2329087788E+00   2.3846581750E+00   1.7019537552E-03   2.2496190344E+00   2.4172396658E+00   1.8992301487E-03   2.3957031121E+00   2.4541994206E+00   2.0924315479E-03   2.2224972089E+00   2.4081358684E+00   1.5684108502E-03   3.3420759108E-04
   1   -72   0    0   2.8183522285E-01   7.9938680973E+00   1.7799366267E-04   2.0342078469E+00   2.3727809387E+00   2.0858653922E-04   2.1307272178E+00   2.3464819682E+00   6.3190698004E-04   2.2327353528E+00   2.3848796270E+00   1.7019537552E-03   2.2501941838E+00   2.4175582785E+00   1.8992301487E-03   2.3960614001E+00   2.4545477764E+00   2.0924315479E-03   2.2227366656E+00   2.4084544811E+00   1.5684108502E-03   3.3422937389E-04
   1   -73   0    0   2.7189627267E-01   7.9944900700E+00   1.7764201777E-04   2.0338757002E+00   2.3729682502E+00   2.0858653922E-04   2.1304433438E+00   2.3467059766E+00   6.3190698004E-04   2.2325606495E+00   2.3851036354E+00   1.7019537552E-03   2.2507759102E+00   2.4178801453E+00   1.8992301487E-03   2.3964232550E+00   2.4548995999E+00   2.0924315479E-03   2.2229818111E+00   2.4087763479E+00   1.5684108502E-03   3.3425138094E-04
   1   -74   0    0   2.6195876014E-01   7.9951192820E+00   1.7728792898E-04   2.0335396723E+00   2.3731578556E+00   2.0858653922E-04   2.1301548184E+00   2.3469325340E+00   6.3190698004E-04   2.2323847009E+00   2.3853301927E+00   1.7019537552E-03   2.2513641937E+00   2.4182052412E+00   1.8992301487E-03   2.3967886457E+00   2.4552548606E+00   2.0924315479E-03   2.2232327407E+00   2.4091014438E+00   1.5684108502E-03   3.3427361060E-04
   1   -75   0    0   2.5202270017E-01   7.9957557167E+00   1.7693146085E-04   2.0331997734E+00   2.3733497531E+00   2.0858653922E-04   2.1298616012E+00   2.3471616317E+00   6.3190698004E-04   2.2322075403E+00   2.3855592904E+00   1.7019537552E-03   2.2519590119E+00   2.4185335395E+00   1.8992301487E-03   2.3971575392E+00   2.4556135265E+00   2.0924315479E-03   2.2234895488E+00   2.4094297421E+00   1.5684108502E-03   3.3429606110E-04
   1   -76   0    0   2.4208810708E-01   7.9963993544E+00   1.7657267991E-04   2.0328560155E+00   2.3735439399E+00   2.0858653922E-04   2.1295636528E+00   2.3473932601E+00   6.3190698004E-04   2.2320292018E+00   2.3857909188E+00   1.7019537552E-03   2.2525603395E+00   2.4188650122E+00   1.8992301487E-03   2.3975299008E+00   2.4559755637E+00   2.0924315479E-03   2.2237523290E+00   2.4097612148E+00   1.5684108502E-03   3.3431873058E-04
   1   -77   0    0   2.3215499458E-01   7.9970501723E+00   1.7621165454E-04   2.0325084120E+00   2.3737404124E+00   2.0858653922E-04   2.1292609351E+00   2.3476274084E+00   6.3190698004E-04   2.2318497206E+00   2.3860250671E+00   1.7019537552E-03   2.2531681485E+00   2.4191996293E+00   1.8992301487E-03   2.3979056938E+00   2.4563409366E+00   2.0924315479E-03   2.2240211738E+00   2.4100958319E+00   1.5684108502E-03   3.3434161706E-04
   1   -78   0    0   2.2222337576E-01   7.9977081446E+00   1.7584845498E-04   2.0321569785E+00   2.3739391660E+00   2.0858653922E-04   2.1289534114E+00   2.3478640647E+00   6.3190698004E-04   2.2316691327E+00   2.3862617234E+00   1.7019537552E-03   2.2537824078E+00   2.4195373595E+00   1.8992301487E-03   2.3982848797E+00   2.4567096078E+00   2.0924315479E-03   2.2242961743E+00   2.4104335621E+00   1.5684108502E-03   3.3436471845E-04
   1   -79   0    0   2.1229326300E-01   7.9983732426E+00   1.7548315328E-04   2.0318017318E+00   2.3741401953E+00   2.0858653922E-04   2.1286410460E+00   2.3481032161E+00   6.3190698004E-04   2.2314874750E+00   2.3865008748E+00   1.7019537552E-03   2.2544030836E+00   2.4198781698E+00   1.8992301487E-03   2.3986674183E+00   2.4570815382E+00   2.0924315479E-03   2.2245774203E+00   2.4107743724E+00   1.5684108502E-03   3.3438803256E-04
   1   -80   0    0   2.0236466802E-01   7.9990454342E+00   1.7511582322E-04   2.0314426908E+00   2.3743434939E+00   2.0858653922E-04   2.1283238051E+00   2.3483448485E+00   6.3190698004E-04   2.2313047851E+00   2.3867425073E+00   1.7019537552E-03   2.2550301393E+00   2.4202220256E+00   1.8992301487E-03   2.3990532676E+00   2.4574566868E+00   2.0924315479E-03   2.2248650001E+00   2.4111182282E+00   1.5684108502E-03   3.3441155708E-04
   1   -81   0    0   1.9243760178E-01   7.9997246844E+00   1.7474654028E-04   2.0310798761E+00   2.3745490547E+00   2.0858653922E-04   2.1280016560E+00   2.3485889469E+00   6.3190698004E-04   2.2311211017E+00   2.3869866056E+00   1.7019537552E-03   2.2556635353E+00   2.4205688908E+00   1.8992301487E-03   2.3994423839E+00   2.4578350113E+00   2.0924315479E-03   2.2251590001E+00   2.4114650934E+00   1.5684108502E-03   3.3443528961E-04
   1   -82   0    0   1.8251207450E-01   8.0004109551E+00   1.7437538158E-04   2.0307133097E+00   2.3747568695E+00   2.0858653922E-04   2.1276745678E+00   2.3488354950E+00   6.3190698004E-04   2.2309364638E+00   2.3872331537E+00   1.7019537552E-03   2.2563032292E+00   2.4209187277E+00   1.8992301487E-03   2.3998347215E+00   2.4582164672E+00   2.0924315479E-03   2.2254595048E+00   2.4118149303E+00   1.5684108502E-03   3.3445922762E-04
   1   -83   0    0   1.7258809561E-01   8.0011042049E+00   1.7400242583E-04   2.0303430159E+00   2.3749669291E+00   2.0858653922E-04   2.1273425113E+00   2.3490844754E+00   6.3190698004E-04   2.2307509115E+00   2.3874821341E+00   1.7019537552E-03   2.2569491757E+00   2.4212714971E+00   1.8992301487E-03   2.4002302334E+00   2.4586010087E+00   2.0924315479E-03   2.2257665968E+00   2.4121676997E+00   1.5684108502E-03   3.3448336850E-04
   1   -84   0    0   1.6266567373E-01   8.0018043894E+00   1.7362775322E-04   2.0299690202E+00   2.3751792235E+00   2.0858653922E-04   2.1270054589E+00   2.3493358699E+00   6.3190698004E-04   2.2305644854E+00   2.3877335286E+00   1.7019537552E-03   2.2576013264E+00   2.4216271583E+00   1.8992301487E-03   2.4006288706E+00   2.4589885883E+00   2.0924315479E-03   2.2260803563E+00   2.4125233609E+00   1.5684108502E-03   3.3450770953E-04
   1   -85   0    0   1.5274481664E-01   8.0025114608E+00   1.7325144544E-04   2.0295913501E+00   2.3753937419E+00   2.0858653922E-04   2.1266633851E+00   2.3495896589E+00   6.3190698004E-04   2.2303772267E+00   2.3879873176E+00   1.7019537552E-03   2.2582596304E+00   2.4219856690E+00   1.8992301487E-03   2.4010305826E+00   2.4593791567E+00   2.0924315479E-03   2.2264008611E+00   2.4128818716E+00   1.5684108502E-03   3.3453224787E-04
   1   -86   0    0   1.4282553124E-01   8.0032253683E+00   1.7287358553E-04   2.0292100349E+00   2.3756104723E+00   2.0858653922E-04   2.1263162662E+00   2.3498458219E+00   6.3190698004E-04   2.2301891771E+00   2.3882434806E+00   1.7019537552E-03   2.2589240335E+00   2.4223469858E+00   1.8992301487E-03   2.4014353172E+00   2.4597726633E+00   2.0924315479E-03   2.2267281864E+00   2.4132431884E+00   1.5684108502E-03   3.3455698061E-04
   1   -87   0    0   1.3290782354E-01   8.0039460580E+00   1.7249425785E-04   2.0288251055E+00   2.3758294019E+00   2.0858653922E-04   2.1259640806E+00   2.3501043374E+00   6.3190698004E-04   2.2300003789E+00   2.3885019961E+00   1.7019537552E-03   2.2595944788E+00   2.4227110634E+00   1.8992301487E-03   2.4018430207E+00   2.4601690559E+00   2.0924315479E-03   2.2270624049E+00   2.4136072660E+00   1.5684108502E-03   3.3458190472E-04
   1   -88   0    0   1.2299169861E-01   8.0046734725E+00   1.7211354802E-04   2.0284365945E+00   2.3760505170E+00   2.0858653922E-04   2.1256068088E+00   2.3503651825E+00   6.3190698004E-04   2.2298108748E+00   2.3887628412E+00   1.7019537552E-03   2.2602709064E+00   2.4230778553E+00   1.8992301487E-03   2.4022536377E+00   2.4605682805E+00   2.0924315479E-03   2.2274035859E+00   2.4139740579E+00   1.5684108502E-03   3.3460701707E-04
   1   -89   0    0   1.1307716058E-01   8.0054075516E+00   1.7173154282E-04   2.0280445362E+00   2.3762738030E+00   2.0858653922E-04   2.1252444335E+00   2.3506283337E+00   6.3190698004E-04   2.2296207079E+00   2.3890259924E+00   1.7019537552E-03   2.2609532536E+00   2.4234473138E+00   1.8992301487E-03   2.4026671114E+00   2.4609702820E+00   2.0924315479E-03   2.2277517960E+00   2.4143435164E+00   1.5684108502E-03   3.3463231447E-04
   1   -90   0    0   1.0316421259E-01   8.0061482315E+00   1.7134833011E-04   2.0276489666E+00   2.3764992442E+00   2.0858653922E-04   2.1248769399E+00   2.3508937661E+00   6.3190698004E-04   2.2294299216E+00   2.3892914248E+00   1.7019537552E-03   2.2616414548E+00   2.4238193895E+00   1.8992301487E-03   2.4030833835E+00   2.4613750037E+00   2.0924315479E-03   2.2281070983E+00   2.4147155921E+00   1.5684108502E-03   3.3465779359E-04
   1   -91   0    0   9.3252856793E-02   8.0068954455E+00   1.7096399879E-04   2.0272499235E+00   2.3767268240E+00   2.0858653922E-04   2.1245043154E+00   2.3511614540E+00   6.3190698004E-04   2.2292385595E+00   2.3895591127E+00   1.7019537552E-03   2.2623354414E+00   2.4241940320E+00   1.8992301487E-03   2.4035023943E+00   2.4617823873E+00   2.0924315479E-03   2.2284695526E+00   2.4150902346E+00   1.5684108502E-03   3.3468345104E-04
   1   -92   0    0   8.3343094280E-02   8.0076491237E+00   1.7057863866E-04   2.0268474461E+00   2.3769565252E+00   2.0858653922E-04   2.1241265500E+00   2.3514313705E+00   6.3190698004E-04   2.2290466657E+00   2.3898290292E+00   1.7019537552E-03   2.2630351421E+00   2.4245711894E+00   1.8992301487E-03   2.4039240825E+00   2.4621923736E+00   2.0924315479E-03   2.2288392149E+00   2.4154673920E+00   1.5684108502E-03   3.3470928333E-04
   1   -93   0    0   7.3434925099E-02   8.0084091929E+00   1.7019234040E-04   2.0264415753E+00   2.3771883292E+00   2.0858653922E-04   2.1237436363E+00   2.3517034878E+00   6.3190698004E-04   2.2288542841E+00   2.3901011465E+00   1.7019537552E-03   2.2637404825E+00   2.4249508086E+00   1.8992301487E-03   2.4043483857E+00   2.4626049016E+00   2.0924315479E-03   2.2292161376E+00   2.4158470112E+00   1.5684108502E-03   3.3473528688E-04
   1   -94   0    0   6.3528348210E-02   8.0091755769E+00   1.6980519543E-04   2.0260323538E+00   2.3774222169E+00   2.0858653922E-04   2.1233555697E+00   2.3519777770E+00   6.3190698004E-04   2.2286614588E+00   2.3903754357E+00   1.7019537552E-03   2.2644513856E+00   2.4253328355E+00   1.8992301487E-03   2.4047752400E+00   2.4630199094E+00   2.0924315479E-03   2.2296003691E+00   2.4162290381E+00   1.5684108502E-03   3.3476145805E-04
   1   -95   0    0   5.3623361466E-02   8.0099481962E+00   1.6941729588E-04   2.0256198256E+00   2.3776581679E+00   2.0858653922E-04   2.1229623482E+00   2.3522542084E+00   6.3190698004E-04   2.2284682341E+00   2.3906518671E+00   1.7019537552E-03   2.2651677714E+00   2.4257172145E+00   1.8992301487E-03   2.4052045803E+00   2.4634373335E+00   2.0924315479E-03   2.2299919536E+00   2.4166134171E+00   1.5684108502E-03   3.3478779309E-04
   1   -96   0    0   4.3719961585E-02   8.0107269683E+00   1.6902873445E-04   2.0252040364E+00   2.3778961612E+00   2.0858653922E-04   2.1225639727E+00   2.3525327511E+00   6.3190698004E-04   2.2282746540E+00   2.3909304098E+00   1.7019537552E-03   2.2658895572E+00   2.4261038890E+00   1.8992301487E-03   2.4056363403E+00   2.4638571096E+00   2.0924315479E-03   2.2303909311E+00   2.4170000916E+00   1.5684108502E-03   3.3481428818E-04
   1   -97   0    0   3.3818144133E-02   8.0115118075E+00   1.6863960434E-04   2.0247850332E+00   2.3781361747E+00   2.0858653922E-04   2.1221604473E+00   2.3528133734E+00   6.3190698004E-04   2.2280807624E+00   2.3912110321E+00   1.7019537552E-03   2.2666166574E+00   2.4264928013E+00   1.8992301487E-03   2.4060704525E+00   2.4642791720E+00   2.0924315479E-03   2.2307973373E+00   2.4173890039E+00   1.5684108502E-03   3.3484093944E-04
   1   -98   0    0   2.3917903496E-02   8.0123026251E+00   1.6824999919E-04   2.0243628647E+00   2.3783781855E+00   2.0858653922E-04   2.1217517789E+00   2.3530960425E+00   6.3190698004E-04   2.2278866034E+00   2.3914937013E+00   1.7019537552E-03   2.2673489838E+00   2.4268838927E+00   1.8992301487E-03   2.4065068482E+00   2.4647034539E+00   2.0924315479E-03   2.2312112033E+00   2.4177800953E+00   1.5684108502E-03   3.3486774289E-04
   1   -99   0    0   1.4019232865E-02   8.0130993294E+00   1.6786001295E-04   2.0239375809E+00   2.3786221699E+00   2.0858653922E-04   2.1213379778E+00   2.3533807250E+00   6.3190698004E-04   2.2276922203E+00   2.3917783837E+00   1.7019537552E-03   2.2680864453E+00   2.4272771035E+00   1.8992301487E-03   2.4069454578E+00   2.4651298876E+00   2.0924315479E-03   2.2316325553E+00   2.4181733061E+00   1.5684108502E-03   3.3489469449E-04
   1  -100   0    0   4.1221242126E-03   8.0139018255E+00   1.6746973978E-04   2.0235092333E+00   2.3788681031E+00   2.0858653922E-04   2.1209190572E+00   2.3536673862E+00   6.3190698004E-04   2.2274976565E+00   2.3920650450E+00   1.7019537552E-03   2.2688289482E+00   2.4276723729E+00   1.8992301487E-03   2.4073862105E+00   2.4655584044E+00   2.0924315479E-03   2.2320614150E+00   2.4185685755E+00   1.5684108502E-03   3.3492179014E-04
   1  -101   0    0  -5.7734317251E-03   8.0147100157E+00   1.6707927402E-04   2.0230778746E+00   2.3791159595E+00   2.0858653922E-04   2.1204950340E+00   2.3539559908E+00   6.3190698004E-04   2.2273029548E+00   2.3923536495E+00   1.7019537552E-03   2.2695763960E+00   2.4280696392E+00   1.8992301487E-03   2.4078290347E+00   2.4659889345E+00   2.0924315479E-03   2.2324977990E+00   2.4189658418E+00   1.5684108502E-03   3.3494902567E-04
   1  -102   0    0  -1.5667445465E-02   8.0155237992E+00   1.6668871001E-04   2.0226435588E+00   2.3793657127E+00   2.0858653922E-04   2.1200659282E+00   2.3542465025E+00   6.3190698004E-04   2.2271081578E+00   2.3926441612E+00   1.7019537552E-03   2.2703286897E+00   2.4284688400E+00   1.8992301487E-03   2.4082738578E+00   2.4664214074E+00   2.0924315479E-03   2.2329417187E+00   2.4193650426E+00   1.5684108502E-03   3.3497639685E-04
   1  -103   0    0  -2.5559928792E-02   8.0163430725E+00   1.6629814209E-04   2.0222063413E+00   2.3796173355E+00   2.0858653922E-04   2.1196317633E+00   2.3545388841E+00   6.3190698004E-04   2.2269133074E+00   2.3929365428E+00   1.7019537552E-03   2.2710857276E+00   2.4288699117E+00   1.8992301487E-03   2.4087206063E+00   2.4668557517E+00   2.0924315479E-03   2.2333931806E+00   2.4197661143E+00   1.5684108502E-03   3.3500389939E-04
   1  -104   0    0  -3.5450894775E-02   8.0171677291E+00   1.6590766441E-04   2.0217662785E+00   2.3798707997E+00   2.0858653922E-04   2.1191925666E+00   2.3548330976E+00   6.3190698004E-04   2.2267184450E+00   2.3932307564E+00   1.7019537552E-03   2.2718474055E+00   2.4292727904E+00   1.8992301487E-03   2.4091692059E+00   2.4672918951E+00   2.0924315479E-03   2.2338521858E+00   2.4201689930E+00   1.5684108502E-03   3.3503152893E-04
   1  -105   0    0  -4.5340357779E-02   8.0179976596E+00   1.6551737092E-04   2.0213234282E+00   2.3801260763E+00   2.0858653922E-04   2.1187483686E+00   2.3551291044E+00   6.3190698004E-04   2.2265236113E+00   2.3935267632E+00   1.7019537552E-03   2.2726136165E+00   2.4296774110E+00   1.8992301487E-03   2.4096195818E+00   2.4677297649E+00   2.0924315479E-03   2.2343187299E+00   2.4205736136E+00   1.5684108502E-03   3.3505928108E-04
   1  -106   0    0  -5.5228333476E-02   8.0188327520E+00   1.6512735523E-04   2.0208778490E+00   2.3803831356E+00   2.0858653922E-04   2.1182992039E+00   2.3554268649E+00   6.3190698004E-04   2.2263288465E+00   2.3938245236E+00   1.7019537552E-03   2.2733842515E+00   2.4300837079E+00   1.8992301487E-03   2.4100716581E+00   2.4681692873E+00   2.0924315479E-03   2.2347928032E+00   2.4209799105E+00   1.5684108502E-03   3.3508715140E-04
   1  -107   0    0  -6.5114838853E-02   8.0196728915E+00   1.6473771051E-04   2.0204296008E+00   2.3806419470E+00   2.0858653922E-04   2.1178451104E+00   2.3557263388E+00   6.3190698004E-04   2.2261341898E+00   2.3941239975E+00   1.7019537552E-03   2.2741591988E+00   2.4304916150E+00   1.8992301487E-03   2.4105253586E+00   2.4686103883E+00   2.0924315479E-03   2.2352743905E+00   2.4213878176E+00   1.5684108502E-03   3.3511513539E-04
   1  -108   0    0  -7.4999892220E-02   8.0205179608E+00   1.6434852944E-04   2.0199787443E+00   2.3809024790E+00   2.0858653922E-04   2.1173861302E+00   2.3560274849E+00   6.3190698004E-04   2.2259396797E+00   2.3944251436E+00   1.7019537552E-03   2.2749383443E+00   2.4309010654E+00   1.8992301487E-03   2.4109806065E+00   2.4690529930E+00   2.0924315479E-03   2.2357634709E+00   2.4217972680E+00   1.5684108502E-03   3.3514322850E-04
   1  -109   0    0  -8.4883513217E-02   8.0213678398E+00   1.6395990408E-04   2.0195253411E+00   2.3811646997E+00   2.0858653922E-04   2.1169223090E+00   2.3563302617E+00   6.3190698004E-04   2.2257453538E+00   2.3947279204E+00   1.7019537552E-03   2.2757215716E+00   2.4313119918E+00   1.8992301487E-03   2.4114373244E+00   2.4694970264E+00   2.0924315479E-03   2.2362600179E+00   2.4222081944E+00   1.5684108502E-03   3.3517142617E-04
   1  -110   0    0  -9.4765722814E-02   8.0222224060E+00   1.6357192579E-04   2.0190694539E+00   2.3814285760E+00   2.0858653922E-04   2.1164536963E+00   2.3566346265E+00   6.3190698004E-04   2.2255512489E+00   2.3950322852E+00   1.7019537552E-03   2.2765087620E+00   2.4317243261E+00   1.8992301487E-03   2.4118954344E+00   2.4699424126E+00   2.0924315479E-03   2.2367639993E+00   2.4226205287E+00   1.5684108502E-03   3.3519972379E-04
   1  -111   0    0  -1.0464654331E-01   8.0230815344E+00   1.6318468515E-04   2.0186111460E+00   2.3816940742E+00   2.0858653922E-04   2.1159803457E+00   2.3569405364E+00   6.3190698004E-04   2.2253574008E+00   2.3953381951E+00   1.7019537552E-03   2.2772997948E+00   2.4321380002E+00   1.8992301487E-03   2.4123548583E+00   2.4703890758E+00   2.0924315479E-03   2.2372753772E+00   2.4230342028E+00   1.5684108502E-03   3.3522811671E-04
   1  -112   0    0  -1.1452599835E-01   8.0239450977E+00   1.6279827184E-04   2.0181504813E+00   2.3819611601E+00   2.0858653922E-04   2.1155023146E+00   2.3572479475E+00   6.3190698004E-04   2.2251638440E+00   2.3956456062E+00   1.7019537552E-03   2.2780945468E+00   2.4325529453E+00   1.8992301487E-03   2.4128155177E+00   2.4708369394E+00   2.0924315479E-03   2.2377941080E+00   2.4234491479E+00   1.5684108502E-03   3.3525660025E-04
   1  -113   0    0  -1.2440411287E-01   8.0248129662E+00   1.6241277460E-04   2.0176875248E+00   2.3822297985E+00   2.0858653922E-04   2.1150196645E+00   2.3575568155E+00   6.3190698004E-04   2.2249706122E+00   2.3959544742E+00   1.7019537552E-03   2.2788928929E+00   2.4329690924E+00   1.8992301487E-03   2.4132773336E+00   2.4712859271E+00   2.0924315479E-03   2.2383201422E+00   2.4238652950E+00   1.5684108502E-03   3.3528516972E-04
   1  -114   0    0  -1.3428091318E-01   8.0256850081E+00   1.6202828112E-04   2.0172223417E+00   2.3824999536E+00   2.0858653922E-04   2.1145324606E+00   2.3578670955E+00   6.3190698004E-04   2.2247777379E+00   2.3962647542E+00   1.7019537552E-03   2.2796947061E+00   2.4333863722E+00   1.8992301487E-03   2.4137402272E+00   2.4717359618E+00   2.0924315479E-03   2.2388534247E+00   2.4242825748E+00   1.5684108502E-03   3.3531382040E-04
   1  -115   0    0  -1.4415642685E-01   8.0265610892E+00   1.6164487794E-04   2.0167549980E+00   2.3827715889E+00   2.0858653922E-04   2.1140407724E+00   2.3581787420E+00   6.3190698004E-04   2.2245852525E+00   2.3965764007E+00   1.7019537552E-03   2.2804998573E+00   2.4338047149E+00   1.8992301487E-03   2.4142041192E+00   2.4721869667E+00   2.0924315479E-03   2.2393938947E+00   2.4247009175E+00   1.5684108502E-03   3.3534254754E-04
   1  -116   0    0  -1.5403068278E-01   8.0274410734E+00   1.6126265041E-04   2.0162855601E+00   2.3830446674E+00   2.0858653922E-04   2.1135446731E+00   2.3584917088E+00   6.3190698004E-04   2.2243931860E+00   2.3968893676E+00   1.7019537552E-03   2.2813082155E+00   2.4342240510E+00   1.8992301487E-03   2.4146689303E+00   2.4726388648E+00   2.0924315479E-03   2.2399414854E+00   2.4251202536E+00   1.5684108502E-03   3.3537134640E-04
   1  -117   0    0  -1.6390371115E-01   8.0283248227E+00   1.6088168256E-04   2.0158140947E+00   2.3833191512E+00   2.0858653922E-04   2.1130442401E+00   2.3588059497E+00   6.3190698004E-04   2.2242015674E+00   2.3972036084E+00   1.7019537552E-03   2.2821196479E+00   2.4346443104E+00   1.8992301487E-03   2.4151345814E+00   2.4730915788E+00   2.0924315479E-03   2.2404961247E+00   2.4255405130E+00   1.5684108502E-03   3.3540021220E-04
   1  -118   0    0  -1.7377554341E-01   8.0292121971E+00   1.6050205707E-04   2.0153406691E+00   2.3835950021E+00   2.0858653922E-04   2.1125395546E+00   2.3591214174E+00   6.3190698004E-04   2.2240104242E+00   2.3975190761E+00   1.7019537552E-03   2.2829340202E+00   2.4350654232E+00   1.8992301487E-03   2.4156009931E+00   2.4735450319E+00   2.0924315479E-03   2.2410577345E+00   2.4259616258E+00   1.5684108502E-03   3.3542914017E-04
   1  -119   0    0  -1.8364621225E-01   8.0301030548E+00   1.6012385520E-04   2.0148653508E+00   2.3838721810E+00   2.0858653922E-04   2.1120307019E+00   2.3594380646E+00   6.3190698004E-04   2.2238197827E+00   2.3978357233E+00   1.7019537552E-03   2.2837511962E+00   2.4354873192E+00   1.8992301487E-03   2.4160680863E+00   2.4739991470E+00   2.0924315479E-03   2.2416262313E+00   2.4263835218E+00   1.5684108502E-03   3.3545812552E-04
   1  -120   0    0  -1.9351575162E-01   8.0309972522E+00   1.5974715665E-04   2.0143882075E+00   2.3841506484E+00   2.0858653922E-04   2.1115177709E+00   2.3597558435E+00   6.3190698004E-04   2.2236296680E+00   2.3981535022E+00   1.7019537552E-03   2.2845710383E+00   2.4359099286E+00   1.8992301487E-03   2.4165357820E+00   2.4744538474E+00   2.0924315479E-03   2.2422015262E+00   2.4268061312E+00   1.5684108502E-03   3.3548716348E-04
   1  -121   0    0  -2.0338419663E-01   8.0318946443E+00   1.5937203960E-04   2.0139093071E+00   2.3844303642E+00   2.0858653922E-04   2.1110008545E+00   2.3600747057E+00   6.3190698004E-04   2.2234401036E+00   2.3984723644E+00   1.7019537552E-03   2.2853934074E+00   2.4363331812E+00   1.8992301487E-03   2.4170040012E+00   2.4749090562E+00   2.0924315479E-03   2.2427835245E+00   2.4272293838E+00   1.5684108502E-03   3.3551624926E-04
   1  -122   0    0  -2.1325158360E-01   8.0327950844E+00   1.5899858055E-04   2.0134287176E+00   2.3847112879E+00   2.0858653922E-04   2.1104800496E+00   2.3603946027E+00   6.3190698004E-04   2.2232511118E+00   2.3987922615E+00   1.7019537552E-03   2.2862181630E+00   2.4367570072E+00   1.8992301487E-03   2.4174726654E+00   2.4753646972E+00   2.0924315479E-03   2.2433721265E+00   2.4276532098E+00   1.5684108502E-03   3.3554537808E-04
   1  -123   0    0  -2.2311794998E-01   8.0336984245E+00   1.5862685432E-04   2.0129465071E+00   2.3849933782E+00   2.0858653922E-04   2.1099554564E+00   2.3607154856E+00   6.3190698004E-04   2.2230627134E+00   2.3991131443E+00   1.7019537552E-03   2.2870451633E+00   2.4371813369E+00   1.8992301487E-03   2.4179416963E+00   2.4758206943E+00   2.0924315479E-03   2.2439672271E+00   2.4280775395E+00   1.5684108502E-03   3.3557454517E-04
   1  -124   0    0  -2.3298333436E-01   8.0346045151E+00   1.5825693398E-04   2.0124627439E+00   2.3852765937E+00   2.0858653922E-04   2.1094271793E+00   2.3610373051E+00   6.3190698004E-04   2.2228749281E+00   2.3994349639E+00   1.7019537552E-03   2.2878742653E+00   2.4376061006E+00   1.8992301487E-03   2.4184110159E+00   2.4762769716E+00   2.0924315479E-03   2.2445687161E+00   2.4285023032E+00   1.5684108502E-03   3.3560374578E-04
   1  -125   0    0  -2.4284777639E-01   8.0355132057E+00   1.5788889077E-04   2.0119774960E+00   2.3855608921E+00   2.0858653922E-04   2.1088953259E+00   2.3613600118E+00   6.3190698004E-04   2.2226877738E+00   2.3997576705E+00   1.7019537552E-03   2.2887053249E+00   2.4380312291E+00   1.8992301487E-03   2.4188805467E+00   2.4767334537E+00   2.0924315479E-03   2.2451764781E+00   2.4289274317E+00   1.5684108502E-03   3.3563297514E-04
   1  -126   0    0  -2.5271131676E-01   8.0364243445E+00   1.5752279411E-04   2.0114908315E+00   2.3858462311E+00   2.0858653922E-04   2.1083600074E+00   2.3616835559E+00   6.3190698004E-04   2.2225012672E+00   2.4000812146E+00   1.7019537552E-03   2.2895381970E+00   2.4384566533E+00   1.8992301487E-03   2.4193502116E+00   2.4771900656E+00   2.0924315479E-03   2.2457903929E+00   2.4293528559E+00   1.5684108502E-03   3.3566222854E-04
   1  -127   0    0  -2.6257399718E-01   8.0373377787E+00   1.5715871149E-04   2.0110028182E+00   2.3861325677E+00   2.0858653922E-04   2.1078213384E+00   2.3620078873E+00   6.3190698004E-04   2.2223154238E+00   2.4004055460E+00   1.7019537552E-03   2.2903727357E+00   2.4388823044E+00   1.8992301487E-03   2.4198199338E+00   2.4776467330E+00   2.0924315479E-03   2.2464103356E+00   2.4297785070E+00   1.5684108502E-03   3.3569150125E-04
   1  -128   0    0  -2.7243586031E-01   8.0382533546E+00   1.5679670849E-04   2.0105135241E+00   2.3864198586E+00   2.0858653922E-04   2.1072794370E+00   2.3623329561E+00   6.3190698004E-04   2.2221302574E+00   2.4007306148E+00   1.7019537552E-03   2.2912087939E+00   2.4393081141E+00   1.8992301487E-03   2.4202896374E+00   2.4781033817E+00   2.0924315479E-03   2.2470361765E+00   2.4302043167E+00   1.5684108502E-03   3.3572078858E-04
   1  -129   0    0  -2.8229694974E-01   8.0391709177E+00   1.5643684871E-04   2.0100230166E+00   2.3867080602E+00   2.0858653922E-04   2.1067344244E+00   2.3626587118E+00   6.3190698004E-04   2.2219457806E+00   2.4010563705E+00   1.7019537552E-03   2.2920462243E+00   2.4397340143E+00   1.8992301487E-03   2.4207592467E+00   2.4785599384E+00   2.0924315479E-03   2.2476677816E+00   2.4306302169E+00   1.5684108502E-03   3.3575008588E-04
   1  -130   0    0  -2.9215730992E-01   8.0400903127E+00   1.5607919374E-04   2.0095313632E+00   2.3869971283E+00   2.0858653922E-04   2.1061864247E+00   2.3629851040E+00   6.3190698004E-04   2.2217620047E+00   2.4013827627E+00   1.7019537552E-03   2.2928848786E+00   2.4401599374E+00   1.8992301487E-03   2.4212286868E+00   2.4790163301E+00   2.0924315479E-03   2.2483050124E+00   2.4310561400E+00   1.5684108502E-03   3.3577938848E-04
   1  -131   0    0  -3.0201698615E-01   8.0410113838E+00   1.5572380315E-04   2.0090386309E+00   2.3872870186E+00   2.0858653922E-04   2.1056355652E+00   2.3633120821E+00   6.3190698004E-04   2.2215789395E+00   2.4017097408E+00   1.7019537552E-03   2.2937246080E+00   2.4405858162E+00   1.8992301487E-03   2.4216978835E+00   2.4794724847E+00   2.0924315479E-03   2.2489477262E+00   2.4314820188E+00   1.5684108502E-03   3.3580869179E-04
   1  -132   0    0  -3.1187602447E-01   8.0419339744E+00   1.5537073446E-04   2.0085448866E+00   2.3875776865E+00   2.0858653922E-04   2.1050819760E+00   2.3636395955E+00   6.3190698004E-04   2.2213965938E+00   2.4020372542E+00   1.7019537552E-03   2.2945652634E+00   2.4410115842E+00   1.8992301487E-03   2.4221667630E+00   2.4799283307E+00   2.0924315479E-03   2.2495957763E+00   2.4319077868E+00   1.5684108502E-03   3.3583799121E-04
   1  -133   0    0  -3.2173447168E-01   8.0428579278E+00   1.5502004311E-04   2.0080501969E+00   2.3878690870E+00   2.0858653922E-04   2.1045257898E+00   2.3639675934E+00   6.3190698004E-04   2.2212149747E+00   2.4023652521E+00   1.7019537552E-03   2.2954066953E+00   2.4414371752E+00   1.8992301487E-03   2.4226352526E+00   2.4803837970E+00   2.0924315479E-03   2.2502490124E+00   2.4323333778E+00   1.5684108502E-03   3.3586728219E-04
   1  -134   0    0  -3.3159237524E-01   8.0437830866E+00   1.5467178248E-04   2.0075546280E+00   2.3881611750E+00   2.0858653922E-04   2.1039671419E+00   2.3642960251E+00   6.3190698004E-04   2.2210340885E+00   2.4026936838E+00   1.7019537552E-03   2.2962487540E+00   2.4418625235E+00   1.8992301487E-03   2.4231032800E+00   2.4808388137E+00   2.0924315479E-03   2.2509072801E+00   2.4327587261E+00   1.5684108502E-03   3.3589656023E-04
   1  -135   0    0  -3.4144978323E-01   8.0447092935E+00   1.5432600384E-04   2.0070582458E+00   2.3884539050E+00   2.0858653922E-04   2.1034061701E+00   2.3646248398E+00   6.3190698004E-04   2.2208539401E+00   2.4030224985E+00   1.7019537552E-03   2.2970912895E+00   2.4422875641E+00   1.8992301487E-03   2.4235707738E+00   2.4812933112E+00   2.0924315479E-03   2.2515704219E+00   2.4331837667E+00   1.5684108502E-03   3.3592582082E-04
   1  -136   0    0  -3.5130674428E-01   8.0456363908E+00   1.5398275638E-04   2.0065611158E+00   2.3887472314E+00   2.0858653922E-04   2.1028430142E+00   2.3649539867E+00   6.3190698004E-04   2.2206745333E+00   2.4033516454E+00   1.7019537552E-03   2.2979341520E+00   2.4427122324E+00   1.8992301487E-03   2.4240376633E+00   2.4817472208E+00   2.0924315479E-03   2.2522382767E+00   2.4336084350E+00   1.5684108502E-03   3.3595505954E-04
   1  -137   0    0  -3.6116330755E-01   8.0465642207E+00   1.5364208719E-04   2.0060633034E+00   2.3890411082E+00   2.0858653922E-04   2.1022778163E+00   2.3652834150E+00   6.3190698004E-04   2.2204958707E+00   2.4036810738E+00   1.7019537552E-03   2.2987771915E+00   2.4431364648E+00   1.8992301487E-03   2.4245038788E+00   2.4822004747E+00   2.0924315479E-03   2.2529106804E+00   2.4340326674E+00   1.5684108502E-03   3.3598427197E-04
   1  -138   0    0  -3.7101952264E-01   8.0474926257E+00   1.5330404126E-04   2.0055648734E+00   2.3893354895E+00   2.0858653922E-04   2.1017107203E+00   2.3656130741E+00   6.3190698004E-04   2.2203179541E+00   2.4040107328E+00   1.7019537552E-03   2.2996202584E+00   2.4435601978E+00   1.8992301487E-03   2.4249693512E+00   2.4826530059E+00   2.0924315479E-03   2.2535874660E+00   2.4344564004E+00   1.5684108502E-03   3.3601345376E-04
   1  -139   0    0  -3.8087543955E-01   8.0484214480E+00   1.5296866153E-04   2.0050658904E+00   2.3896303291E+00   2.0858653922E-04   2.1011418720E+00   2.3659429132E+00   6.3190698004E-04   2.2201407840E+00   2.4043405719E+00   1.7019537552E-03   2.3004632030E+00   2.4439833688E+00   1.8992301487E-03   2.4254340124E+00   2.4831047480E+00   2.0924315479E-03   2.2542684636E+00   2.4348795714E+00   1.5684108502E-03   3.3604260057E-04
   1  -140   0    0  -3.9073110862E-01   8.0493505302E+00   1.5263598884E-04   2.0045664187E+00   2.3899255807E+00   2.0858653922E-04   2.1005714185E+00   2.3662728817E+00   6.3190698004E-04   2.2199643601E+00   2.4046705404E+00   1.7019537552E-03   2.3013058763E+00   2.4444059160E+00   1.8992301487E-03   2.4258977950E+00   2.4835556356E+00   2.0924315479E-03   2.2549535010E+00   2.4353021187E+00   1.5684108502E-03   3.3607170813E-04
   1  -141   0    0  -4.0058658045E-01   8.0502797153E+00   1.5230606198E-04   2.0040665220E+00   2.3902211977E+00   2.0858653922E-04   2.0999995085E+00   2.3666029292E+00   6.3190698004E-04   2.2197886814E+00   2.4050005879E+00   1.7019537552E-03   2.3021481294E+00   2.4448277781E+00   1.8992301487E-03   2.4263606326E+00   2.4840056041E+00   2.0924315479E-03   2.2556424032E+00   2.4357239807E+00   1.5684108502E-03   3.3610077220E-04
   1  -142   0    0  -4.1044190588E-01   8.0512088463E+00   1.5197891772E-04   2.0035662642E+00   2.3905171337E+00   2.0858653922E-04   2.0994262920E+00   2.3669330053E+00   6.3190698004E-04   2.2196137457E+00   2.4053306640E+00   1.7019537552E-03   2.3029898140E+00   2.4452488943E+00   1.8992301487E-03   2.4268224596E+00   2.4844545898E+00   2.0924315479E-03   2.2563349934E+00   2.4361450969E+00   1.5684108502E-03   3.3612978858E-04
   1  -143   0    0  -4.2029713591E-01   8.0521377668E+00   1.5165459079E-04   2.0030657084E+00   2.3908133420E+00   2.0858653922E-04   2.0988519197E+00   2.3672630596E+00   6.3190698004E-04   2.2194395504E+00   2.4056607184E+00   1.7019537552E-03   2.3038307825E+00   2.4456692048E+00   1.8992301487E-03   2.4272832113E+00   2.4849025297E+00   2.0924315479E-03   2.2570310927E+00   2.4365654074E+00   1.5684108502E-03   3.3615875312E-04
   1  -144   0    0  -4.3015232163E-01   8.0530663209E+00   1.5133311395E-04   2.0025649178E+00   2.3911097759E+00   2.0858653922E-04   2.0982765436E+00   2.3675930422E+00   6.3190698004E-04   2.2192660920E+00   2.4059907009E+00   1.7019537552E-03   2.3046708878E+00   2.4460886503E+00   1.8992301487E-03   2.4277428239E+00   2.4853493619E+00   2.0924315479E-03   2.2577305203E+00   2.4369848529E+00   1.5684108502E-03   3.3618766172E-04
   1  -145   0    0  -4.4000751418E-01   8.0539943532E+00   1.5101451800E-04   2.0020639551E+00   2.3914063886E+00   2.0858653922E-04   2.0977003159E+00   2.3679229029E+00   6.3190698004E-04   2.2190933665E+00   2.4063205616E+00   1.7019537552E-03   2.3055099835E+00   2.4465071723E+00   1.8992301487E-03   2.4282012345E+00   2.4857950250E+00   2.0924315479E-03   2.2584330938E+00   2.4374033749E+00   1.5684108502E-03   3.3621651033E-04
   1  -146   0    0  -4.4986276469E-01   8.0549217089E+00   1.5069883181E-04   2.0015628830E+00   2.3917031334E+00   2.0858653922E-04   2.0971233897E+00   2.3682525919E+00   6.3190698004E-04   2.2189213692E+00   2.4066502507E+00   1.7019537552E-03   2.3063479243E+00   2.4469247129E+00   1.8992301487E-03   2.4286583810E+00   2.4862394590E+00   2.0924315479E-03   2.2591386294E+00   2.4378209155E+00   1.5684108502E-03   3.3624529491E-04
   1  -147   0    0  -4.5971812422E-01   8.0558482338E+00   1.5038608234E-04   2.0010617639E+00   2.3919999633E+00   2.0858653922E-04   2.0965459182E+00   2.3685820597E+00   6.3190698004E-04   2.2187500951E+00   2.4069797184E+00   1.7019537552E-03   2.3071845655E+00   2.4473412149E+00   1.8992301487E-03   2.4291142022E+00   2.4866826041E+00   2.0924315479E-03   2.2598469420E+00   2.4382374175E+00   1.5684108502E-03   3.3627401152E-04
   1  -148   0    0  -4.6957364370E-01   8.0567737746E+00   1.5007629473E-04   2.0005606600E+00   2.3922968315E+00   2.0858653922E-04   2.0959680547E+00   2.3689112567E+00   6.3190698004E-04   2.2185795387E+00   2.4073089154E+00   1.7019537552E-03   2.3080197636E+00   2.4477566219E+00   1.8992301487E-03   2.4295686379E+00   2.4871244020E+00   2.0924315479E-03   2.2605578456E+00   2.4386528245E+00   1.5684108502E-03   3.3630265622E-04
   1  -149   0    0  -4.7942937386E-01   8.0576981788E+00   1.4976949224E-04   2.0000596334E+00   2.3925936913E+00   2.0858653922E-04   2.0953899526E+00   2.3692401337E+00   6.3190698004E-04   2.2184096941E+00   2.4076377924E+00   1.7019537552E-03   2.3088533760E+00   2.4481708782E+00   1.8992301487E-03   2.4300216286E+00   2.4875647948E+00   2.0924315479E-03   2.2612711530E+00   2.4390670808E+00   1.5684108502E-03   3.3633122515E-04
   1  -150   0    0  -4.8928536522E-01   8.0586212945E+00   1.4946569641E-04   1.9995587461E+00   2.3928904957E+00   2.0858653922E-04   2.0948117648E+00   2.3695686415E+00   6.3190698004E-04   2.2182405552E+00   2.4079663002E+00   1.7019537552E-03   2.3096852613E+00   2.4485839287E+00   1.8992301487E-03   2.4304731159E+00   2.4880037256E+00   2.0924315479E-03   2.2619866765E+00   2.4394801313E+00   1.5684108502E-03   3.3635971447E-04
   1  -151   0    0  -4.9914166800E-01   8.0595429709E+00   1.4916492698E-04   1.9990580601E+00   2.3931871979E+00   2.0858653922E-04   2.0942336441E+00   2.3698967314E+00   6.3190698004E-04   2.2180721158E+00   2.4082943901E+00   1.7019537552E-03   2.3105152792E+00   2.4489957189E+00   1.8992301487E-03   2.4309230421E+00   2.4884411384E+00   2.0924315479E-03   2.2627042279E+00   2.4398919215E+00   1.5684108502E-03   3.3638812039E-04
   1  -152   0    0  -5.0899833205E-01   8.0604630581E+00   1.4886720204E-04   1.9985576372E+00   2.3934837512E+00   2.0858653922E-04   2.0936557426E+00   2.3702243546E+00   6.3190698004E-04   2.2179043693E+00   2.4086220134E+00   1.7019537552E-03   2.3113432906E+00   2.4494061953E+00   1.8992301487E-03   2.4313713503E+00   2.4888769780E+00   2.0924315479E-03   2.2634236183E+00   2.4403023979E+00   1.5684108502E-03   3.3641643919E-04
   1  -153   0    0  -5.1885540683E-01   8.0613814074E+00   1.4857253799E-04   1.9980575394E+00   2.3937801089E+00   2.0858653922E-04   2.0930782115E+00   2.3705514629E+00   6.3190698004E-04   2.2177373093E+00   2.4089491216E+00   1.7019537552E-03   2.3121691579E+00   2.4498153048E+00   1.8992301487E-03   2.4318179847E+00   2.4893111900E+00   2.0924315479E-03   2.2641446591E+00   2.4407115074E+00   1.5684108502E-03   3.3644466716E-04
   1  -154   0    0  -5.2871294137E-01   8.0622978708E+00   1.4828094964E-04   1.9975578286E+00   2.3940762244E+00   2.0858653922E-04   2.0925012013E+00   2.3708780078E+00   6.3190698004E-04   2.2175709292E+00   2.4092756666E+00   1.7019537552E-03   2.3129927447E+00   2.4502229952E+00   1.8992301487E-03   2.4322628902E+00   2.4897437208E+00   2.0924315479E-03   2.2648671611E+00   2.4411191978E+00   1.5684108502E-03   3.3647280066E-04
   1  -155   0    0  -5.3857098418E-01   8.0632123016E+00   1.4799245021E-04   1.9970585668E+00   2.3943720510E+00   2.0858653922E-04   2.0919248613E+00   2.3712039416E+00   6.3190698004E-04   2.2174052228E+00   2.4096016004E+00   1.7019537552E-03   2.3138139162E+00   2.4506292148E+00   1.8992301487E-03   2.4327060124E+00   2.4901745177E+00   2.0924315479E-03   2.2655909356E+00   2.4415254174E+00   1.5684108502E-03   3.3650083610E-04
   1  -156   0    0  -5.4842958322E-01   8.0641245542E+00   1.4770705143E-04   1.9965598160E+00   2.3946675424E+00   2.0858653922E-04   2.0913493396E+00   2.3715292166E+00   6.3190698004E-04   2.2172401836E+00   2.4099268753E+00   1.7019537552E-03   2.3146325388E+00   2.4510339127E+00   1.8992301487E-03   2.4331472979E+00   2.4906035287E+00   2.0924315479E-03   2.2663157940E+00   2.4419301153E+00   1.5684108502E-03   3.3652876990E-04
   1  -157   0    0  -5.5828878584E-01   8.0650344843E+00   1.4742476352E-04   1.9960616384E+00   2.3949626521E+00   2.0858653922E-04   2.0907747829E+00   2.3718537852E+00   6.3190698004E-04   2.2170758056E+00   2.4102514439E+00   1.7019537552E-03   2.3154484808E+00   2.4514370385E+00   1.8992301487E-03   2.4335866941E+00   2.4910307026E+00   2.0924315479E-03   2.2670415481E+00   2.4423332411E+00   1.5684108502E-03   3.3655659856E-04
   1  -158   0    0  -5.6814863878E-01   8.0659419486E+00   1.4714559528E-04   1.9955640965E+00   2.3952573338E+00   2.0858653922E-04   2.0902013364E+00   2.3721776004E+00   6.3190698004E-04   2.2169120829E+00   2.4105752591E+00   1.7019537552E-03   2.3162616117E+00   2.4518385427E+00   1.8992301487E-03   2.4340241493E+00   2.4914559892E+00   2.0924315479E-03   2.2677680103E+00   2.4427347453E+00   1.5684108502E-03   3.3658431860E-04
   1  -159   0    0  -5.7800918806E-01   8.0668468053E+00   1.4686955413E-04   1.9950672526E+00   2.3955515415E+00   2.0858653922E-04   2.0896291436E+00   2.3725006151E+00   6.3190698004E-04   2.2167490101E+00   2.4108982739E+00   1.7019537552E-03   2.3170718029E+00   2.4522383763E+00   1.8992301487E-03   2.4344596122E+00   2.4918793387E+00   2.0924315479E-03   2.2684949936E+00   2.4431345789E+00   1.5684108502E-03   3.3661192661E-04
   1  -160   0    0  -5.8787047898E-01   8.0677489137E+00   1.4659664612E-04   1.9945711694E+00   2.3958452292E+00   2.0858653922E-04   2.0890583461E+00   2.3728227829E+00   6.3190698004E-04   2.2165865819E+00   2.4112204416E+00   1.7019537552E-03   2.3178789274E+00   2.4526364909E+00   1.8992301487E-03   2.4348930328E+00   2.4923007024E+00   2.0924315479E-03   2.2692223121E+00   2.4435326935E+00   1.5684108502E-03   3.3663941920E-04
   1  -161   0    0  -5.9773255607E-01   8.0686481347E+00   1.4632687604E-04   1.9940759100E+00   2.3961383510E+00   2.0858653922E-04   2.0884890836E+00   2.3731440573E+00   6.3190698004E-04   2.2164247937E+00   2.4115417160E+00   1.7019537552E-03   2.3186828600E+00   2.4530328390E+00   1.8992301487E-03   2.4353243616E+00   2.4927200322E+00   2.0924315479E-03   2.2699497806E+00   2.4439290416E+00   1.5684108502E-03   3.3666679303E-04
   1  -162   0    0  -6.0759546302E-01   8.0695443304E+00   1.4606024738E-04   1.9935815374E+00   2.3964308613E+00   2.0858653922E-04   2.0879214939E+00   2.3734643924E+00   6.3190698004E-04   2.2162636413E+00   2.4118620511E+00   1.7019537552E-03   2.3194834771E+00   2.4534273734E+00   1.8992301487E-03   2.4357535499E+00   2.4931372808E+00   2.0924315479E-03   2.2706772152E+00   2.4443235760E+00   1.5684108502E-03   3.3669404480E-04
   1  -163   0    0  -6.1745924269E-01   8.0704373643E+00   1.4579676245E-04   1.9930881150E+00   2.3967227145E+00   2.0858653922E-04   2.0873557124E+00   2.3737837423E+00   6.3190698004E-04   2.2161031208E+00   2.4121814010E+00   1.7019537552E-03   2.3202806572E+00   2.4538200479E+00   1.8992301487E-03   2.4361805498E+00   2.4935524015E+00   2.0924315479E-03   2.2714044329E+00   2.4447162505E+00   1.5684108502E-03   3.3672117127E-04
   1  -164   0    0  -6.2732393704E-01   8.0713271015E+00   1.4553642235E-04   1.9925957065E+00   2.3970138653E+00   2.0858653922E-04   2.0867918722E+00   2.3741020616E+00   6.3190698004E-04   2.2159432290E+00   2.4124997203E+00   1.7019537552E-03   2.3210742804E+00   2.4542108167E+00   1.8992301487E-03   2.4366053141E+00   2.4939653487E+00   2.0924315479E-03   2.2721312525E+00   2.4451070193E+00   1.5684108502E-03   3.3674816923E-04
   1  -165   0    0  -6.3718958709E-01   8.0722134086E+00   1.4527922707E-04   1.9921043758E+00   2.3973042686E+00   2.0858653922E-04   2.0862301042E+00   2.3744193053E+00   6.3190698004E-04   2.2157839634E+00   2.4128169640E+00   1.7019537552E-03   2.3218642287E+00   2.4545996346E+00   1.8992301487E-03   2.4370277965E+00   2.4943760771E+00   2.0924315479E-03   2.2728574939E+00   2.4454958372E+00   1.5684108502E-03   3.3677503551E-04
   1  -166   0    0  -6.4705623291E-01   8.0730961537E+00   1.4502517550E-04   1.9916141869E+00   2.3975938797E+00   2.0858653922E-04   2.0856705365E+00   2.3747354286E+00   6.3190698004E-04   2.2156253220E+00   2.4131330873E+00   1.7019537552E-03   2.3226503863E+00   2.4549864573E+00   1.8992301487E-03   2.4374479513E+00   2.4947845424E+00   2.0924315479E-03   2.2735829789E+00   2.4458826599E+00   1.5684108502E-03   3.3680176698E-04
   1  -167   0    0  -6.5692391356E-01   8.0739752064E+00   1.4477426545E-04   1.9911252045E+00   2.3978826537E+00   2.0858653922E-04   2.0851132950E+00   2.3750503870E+00   6.3190698004E-04   2.2154673034E+00   2.4134480458E+00   1.7019537552E-03   2.3234326392E+00   2.4553712408E+00   1.8992301487E-03   2.4378657336E+00   2.4951907011E+00   2.0924315479E-03   2.2743075306E+00   2.4462674434E+00   1.5684108502E-03   3.3682836057E-04
   1  -168   0    0  -6.6679266708E-01   8.0748504381E+00   1.4452649373E-04   1.9906374931E+00   2.3981705463E+00   2.0858653922E-04   2.0845585025E+00   2.3753641366E+00   6.3190698004E-04   2.2153099070E+00   2.4137617953E+00   1.7019537552E-03   2.3242108754E+00   2.4557539422E+00   1.8992301487E-03   2.4382810994E+00   2.4955945101E+00   2.0924315479E-03   2.2750309743E+00   2.4466501448E+00   1.5684108502E-03   3.3685481324E-04
   1  -169   0    0  -6.7666253045E-01   8.0757217219E+00   1.4428185614E-04   1.9901511176E+00   2.3984575134E+00   2.0858653922E-04   2.0840062792E+00   2.3756766336E+00   6.3190698004E-04   2.2151531328E+00   2.4140742923E+00   1.7019537552E-03   2.3249849850E+00   2.4561345187E+00   1.8992301487E-03   2.4386940052E+00   2.4959959273E+00   2.0924315479E-03   2.2757531369E+00   2.4470307213E+00   1.5684108502E-03   3.3688112199E-04
   1  -170   0    0  -6.8653353955E-01   8.0765889323E+00   1.4404034754E-04   1.9896661433E+00   2.3987435112E+00   2.0858653922E-04   2.0834567427E+00   2.3759878346E+00   6.3190698004E-04   2.2149969817E+00   2.4143854933E+00   1.7019537552E-03   2.3257548602E+00   2.4565129286E+00   1.8992301487E-03   2.4391044084E+00   2.4963949113E+00   2.0924315479E-03   2.2764738475E+00   2.4474091312E+00   1.5684108502E-03   3.3690728389E-04
   1  -171   0    0  -6.9640572915E-01   8.0774519460E+00   1.4380196184E-04   1.9891826356E+00   2.3990284960E+00   2.0858653922E-04   2.0829100073E+00   2.3762976969E+00   6.3190698004E-04   2.2148414551E+00   2.4146953556E+00   1.7019537552E-03   2.3265203953E+00   2.4568891306E+00   1.8992301487E-03   2.4395122671E+00   2.4967914214E+00   2.0924315479E-03   2.2771929373E+00   2.4477853332E+00   1.5684108502E-03   3.3693329602E-04
   1  -172   0    0  -7.0627913288E-01   8.0783106412E+00   1.4356669209E-04   1.9887006600E+00   2.3993124247E+00   2.0858653922E-04   2.0823661847E+00   2.3766061778E+00   6.3190698004E-04   2.2146865553E+00   2.4150038365E+00   1.7019537552E-03   2.3272814867E+00   2.4572630842E+00   1.8992301487E-03   2.4399175402E+00   2.4971854177E+00   2.0924315479E-03   2.2779102396E+00   2.4481592868E+00   1.5684108502E-03   3.3695915552E-04
   1  -173   0    0  -7.1615378321E-01   8.0791648980E+00   1.4333453043E-04   1.9882202823E+00   2.3995952544E+00   2.0858653922E-04   2.0818253833E+00   2.3769132354E+00   6.3190698004E-04   2.2145322852E+00   2.4153108941E+00   1.7019537552E-03   2.3280380332E+00   2.4576347495E+00   1.8992301487E-03   2.4403201875E+00   2.4975768608E+00   2.0924315479E-03   2.2786255900E+00   2.4485309521E+00   1.5684108502E-03   3.3698485959E-04
   1  -174   0    0  -7.2602971140E-01   8.0800145984E+00   1.4310546819E-04   1.9877415684E+00   2.3998769426E+00   2.0858653922E-04   2.0812877086E+00   2.3772188280E+00   6.3190698004E-04   2.2143786487E+00   2.4156164867E+00   1.7019537552E-03   2.3287899355E+00   2.4580040872E+00   1.8992301487E-03   2.4407201692E+00   2.4979657124E+00   2.0924315479E-03   2.2793388265E+00   2.4489002898E+00   1.5684108502E-03   3.3701040545E-04
   1  -175   0    0  -7.3590694753E-01   8.0808596263E+00   1.4287949589E-04   1.9872645843E+00   2.4001574470E+00   2.0858653922E-04   2.0807532629E+00   2.3775229144E+00   6.3190698004E-04   2.2142256502E+00   2.4159205731E+00   1.7019537552E-03   2.3295370969E+00   2.4583710589E+00   1.8992301487E-03   2.4411174466E+00   2.4983519347E+00   2.0924315479E-03   2.2800497895E+00   2.4492672615E+00   1.5684108502E-03   3.3703579039E-04
   1  -176   0    0  -7.4578552043E-01   8.0816998678E+00   1.4265660322E-04   1.9867893962E+00   2.4004367260E+00   2.0858653922E-04   2.0802221455E+00   2.3778254540E+00   6.3190698004E-04   2.2140732950E+00   2.4162231127E+00   1.7019537552E-03   2.3302794227E+00   2.4587356268E+00   1.8992301487E-03   2.4415119818E+00   2.4987354907E+00   2.0924315479E-03   2.2807583221E+00   2.4496318294E+00   1.5684108502E-03   3.3706101173E-04
   1  -177   0    0  -7.5566545768E-01   8.0825352108E+00   1.4243677914E-04   1.9863160701E+00   2.4007147383E+00   2.0858653922E-04   2.0796944525E+00   2.3781264066E+00   6.3190698004E-04   2.2139215891E+00   2.4165240653E+00   1.7019537552E-03   2.3310168207E+00   2.4590977537E+00   1.8992301487E-03   2.4419037374E+00   2.4991163445E+00   2.0924315479E-03   2.2814642699E+00   2.4499939563E+00   1.5684108502E-03   3.3708606685E-04
   1  -178   0    0  -7.6554678562E-01   8.0833655452E+00   1.4222001186E-04   1.9858446722E+00   2.4009914428E+00   2.0858653922E-04   2.0791702767E+00   2.3784257325E+00   6.3190698004E-04   2.2137705392E+00   2.4168233913E+00   1.7019537552E-03   2.3317492009E+00   2.4594574032E+00   1.8992301487E-03   2.4422926772E+00   2.4994944604E+00   2.0924315479E-03   2.2821674812E+00   2.4503536058E+00   1.5684108502E-03   3.3711095317E-04
   1  -179   0    0  -7.7542952929E-01   8.0841907633E+00   1.4200628886E-04   1.9853752686E+00   2.4012667993E+00   2.0858653922E-04   2.0786497077E+00   2.3787233927E+00   6.3190698004E-04   2.2136201526E+00   2.4171210514E+00   1.7019537552E-03   2.3324764759E+00   2.4598145398E+00   1.8992301487E-03   2.4426787655E+00   2.4998698041E+00   2.0924315479E-03   2.2828678070E+00   2.4507107424E+00   1.5684108502E-03   3.3713566818E-04
   1  -180   0    0  -7.8531371244E-01   8.0850107595E+00   1.4179559690E-04   1.9849079251E+00   2.4015407678E+00   2.0858653922E-04   2.0781328320E+00   2.3790193485E+00   6.3190698004E-04   2.2134704377E+00   2.4174170072E+00   1.7019537552E-03   2.3331985604E+00   2.4601691286E+00   1.8992301487E-03   2.4430619677E+00   2.5002423417E+00   2.0924315479E-03   2.2835651013E+00   2.4510653312E+00   1.5684108502E-03   3.3716020939E-04
   1  -181   0    0  -7.9519935755E-01   8.0858254301E+00   1.4158792209E-04   1.9844427077E+00   2.4018133088E+00   2.0858653922E-04   2.0776197328E+00   2.3793135620E+00   6.3190698004E-04   2.2133214031E+00   2.4177112207E+00   1.7019537552E-03   2.3339153716E+00   2.4605211354E+00   1.8992301487E-03   2.4434422499E+00   2.5006120403E+00   2.0924315479E-03   2.2842592209E+00   2.4514173380E+00   1.5684108502E-03   3.3718457441E-04
   1  -182   0    0  -8.0508648575E-01   8.0866346742E+00   1.4138324982E-04   1.9839796818E+00   2.4020843834E+00   2.0858653922E-04   2.0771104899E+00   2.3796059958E+00   6.3190698004E-04   2.2131730583E+00   2.4180036545E+00   1.7019537552E-03   2.3346268295E+00   2.4608705269E+00   1.8992301487E-03   2.4438195790E+00   2.5009788679E+00   2.0924315479E-03   2.2849500256E+00   2.4517667295E+00   1.5684108502E-03   3.3720876085E-04
   1  -183   0    0  -8.1497511688E-01   8.0874383928E+00   1.4118156489E-04   1.9835189129E+00   2.4023539534E+00   2.0858653922E-04   2.0766051801E+00   2.3798966132E+00   6.3190698004E-04   2.2130254133E+00   2.4182942719E+00   1.7019537552E-03   2.3353328560E+00   2.4612172707E+00   1.8992301487E-03   2.4441939230E+00   2.5013427933E+00   2.0924315479E-03   2.2856373781E+00   2.4521134733E+00   1.5684108502E-03   3.3723276641E-04
   1  -184   0    0  -8.2486526943E-01   8.0882364894E+00   1.4098285141E-04   1.9830604658E+00   2.4026219810E+00   2.0858653922E-04   2.0761038769E+00   2.3801853780E+00   6.3190698004E-04   2.2128784789E+00   2.4185830367E+00   1.7019537552E-03   2.3360333760E+00   2.4615613350E+00   1.8992301487E-03   2.4445652506E+00   2.5017037860E+00   2.0924315479E-03   2.2863211443E+00   2.4524575376E+00   1.5684108502E-03   3.3725658885E-04
   1  -185   0    0  -8.3475696060E-01   8.0890288700E+00   1.4078709290E-04   1.9826044051E+00   2.4028884289E+00   2.0858653922E-04   2.0756066506E+00   2.3804722549E+00   6.3190698004E-04   2.2127322664E+00   2.4188699136E+00   1.7019537552E-03   2.3367283167E+00   2.4619026890E+00   1.8992301487E-03   2.4449335317E+00   2.5020618167E+00   2.0924315479E-03   2.2870011932E+00   2.4527988916E+00   1.5684108502E-03   3.3728022597E-04
   1  -186   0    0  -8.4465020622E-01   8.0898154428E+00   1.4059427226E-04   1.9821507950E+00   2.4031532607E+00   2.0858653922E-04   2.0751135680E+00   2.3807572091E+00   6.3190698004E-04   2.2125867874E+00   2.4191548678E+00   1.7019537552E-03   2.3374176078E+00   2.4622413028E+00   1.8992301487E-03   2.4452987367E+00   2.5024168569E+00   2.0924315479E-03   2.2876773971E+00   2.4531375054E+00   1.5684108502E-03   3.3730367563E-04
   1  -187   0    0  -8.5454502081E-01   8.0905961189E+00   1.4040437183E-04   1.9816996991E+00   2.4034164406E+00   2.0858653922E-04   2.0746246930E+00   2.3810402065E+00   6.3190698004E-04   2.2124420542E+00   2.4194378653E+00   1.7019537552E-03   2.3381011818E+00   2.4625771472E+00   1.8992301487E-03   2.4456608374E+00   2.5027688789E+00   2.0924315479E-03   2.2883496314E+00   2.4534733498E+00   1.5684108502E-03   3.3732693576E-04
   1  -188   0    0  -8.6444141756E-01   8.0913708117E+00   1.4021737332E-04   1.9812511804E+00   2.4036779333E+00   2.0858653922E-04   2.0741400863E+00   2.3813212140E+00   6.3190698004E-04   2.2122980797E+00   2.4197188727E+00   1.7019537552E-03   2.3387789734E+00   2.4629101940E+00   1.8992301487E-03   2.4460198063E+00   2.5031178561E+00   2.0924315479E-03   2.2890177747E+00   2.4538063966E+00   1.5684108502E-03   3.3735000435E-04
   1  -189   0    0  -8.7433940833E-01   8.0921394371E+00   1.4003325792E-04   1.9808053012E+00   2.4039377044E+00   2.0858653922E-04   2.0736598054E+00   2.3816001989E+00   6.3190698004E-04   2.2121548769E+00   2.4199978576E+00   1.7019537552E-03   2.3394509203E+00   2.4632404159E+00   1.8992301487E-03   2.4463756170E+00   2.5034637628E+00   2.0924315479E-03   2.2896817092E+00   2.4541366185E+00   1.5684108502E-03   3.3737287946E-04
   1  -190   0    0  -8.8423900365E-01   8.0929019140E+00   1.3985200626E-04   1.9803621231E+00   2.4041957200E+00   2.0858653922E-04   2.0731839045E+00   2.3818771296E+00   6.3190698004E-04   2.2120124595E+00   2.4202747883E+00   1.7019537552E-03   2.3401169626E+00   2.4635677867E+00   1.8992301487E-03   2.4467282442E+00   2.5038065744E+00   2.0924315479E-03   2.2903413202E+00   2.4544639893E+00   1.5684108502E-03   3.3739555920E-04
   1  -191   0    0  -8.9414021276E-01   8.0936581635E+00   1.3967359842E-04   1.9799217070E+00   2.4044519472E+00   2.0858653922E-04   2.0727124349E+00   2.3821519750E+00   6.3190698004E-04   2.2118708413E+00   2.4205496338E+00   1.7019537552E-03   2.3407770431E+00   2.4638922808E+00   1.8992301487E-03   2.4470776633E+00   2.5041462671E+00   2.0924315479E-03   2.2909964965E+00   2.4547884834E+00   1.5684108502E-03   3.3741804175E-04
   1  -192   0    0  -9.0404304357E-01   8.0944081099E+00   1.3949801397E-04   1.9794841128E+00   2.4047063538E+00   2.0858653922E-04   2.0722454448E+00   2.3824247052E+00   6.3190698004E-04   2.2117300366E+00   2.4208223639E+00   1.7019537552E-03   2.3414311072E+00   2.4642138739E+00   1.8992301487E-03   2.4474238511E+00   2.5044828183E+00   2.0924315479E-03   2.2916471304E+00   2.4551100765E+00   1.5684108502E-03   3.3744032537E-04
   1  -193   0    0  -9.1394750270E-01   8.0951516799E+00   1.3932523196E-04   1.9790493996E+00   2.4049589082E+00   2.0858653922E-04   2.0717829793E+00   2.3826952908E+00   6.3190698004E-04   2.2115900599E+00   2.4210929495E+00   1.7019537552E-03   2.3420791031E+00   2.4645325426E+00   1.8992301487E-03   2.4477667854E+00   2.5048162063E+00   2.0924315479E-03   2.2922931176E+00   2.4554287452E+00   1.5684108502E-03   3.3746240838E-04
   1  -194   0    0  -9.2385359548E-01   8.0958888033E+00   1.3915523095E-04   1.9786176255E+00   2.4052095799E+00   2.0858653922E-04   2.0713250804E+00   2.3829637035E+00   6.3190698004E-04   2.2114509259E+00   2.4213613622E+00   1.7019537552E-03   2.3427209815E+00   2.4648482644E+00   1.8992301487E-03   2.4481064448E+00   2.5051464105E+00   2.0924315479E-03   2.2929343573E+00   2.4557444670E+00   1.5684108502E-03   3.3748428917E-04
   1  -195   0    0  -9.3376132599E-01   8.0966194125E+00   1.3898798901E-04   1.9781888474E+00   2.4054583392E+00   2.0858653922E-04   2.0708717874E+00   2.3832299157E+00   6.3190698004E-04   2.2113126496E+00   2.4216275744E+00   1.7019537552E-03   2.3433566959E+00   2.4651610180E+00   1.8992301487E-03   2.4484428094E+00   2.5054734114E+00   2.0924315479E-03   2.2935707522E+00   2.4560572206E+00   1.5684108502E-03   3.3750596619E-04
   1  -196   0    0  -9.4367069703E-01   8.0973434428E+00   1.3882348374E-04   1.9777631212E+00   2.4057051569E+00   2.0858653922E-04   2.0704231364E+00   2.3834939009E+00   6.3190698004E-04   2.2111752459E+00   2.4218915596E+00   1.7019537552E-03   2.3439862024E+00   2.4654707830E+00   1.8992301487E-03   2.4487758602E+00   2.5057971906E+00   2.0924315479E-03   2.2942022085E+00   2.4563669856E+00   1.5684108502E-03   3.3752743799E-04
   1  -197   0    0  -9.5358171017E-01   8.0980608326E+00   1.3866169227E-04   1.9773405017E+00   2.4059500053E+00   2.0858653922E-04   2.0699791607E+00   2.3837556334E+00   6.3190698004E-04   2.2110387301E+00   2.4221532921E+00   1.7019537552E-03   2.3446094599E+00   2.4657775400E+00   1.8992301487E-03   2.4491055793E+00   2.5061177307E+00   2.0924315479E-03   2.2948286360E+00   2.4566737426E+00   1.5684108502E-03   3.3754870316E-04
   1  -198   0    0  -9.6349436577E-01   8.0987715230E+00   1.3850259132E-04   1.9769210422E+00   2.4061928569E+00   2.0858653922E-04   2.0695398910E+00   2.3840150885E+00   6.3190698004E-04   2.2109031174E+00   2.4224127473E+00   1.7019537552E-03   2.3452264299E+00   2.4660812709E+00   1.8992301487E-03   2.4494319499E+00   2.5064350154E+00   2.0924315479E-03   2.2954499482E+00   2.4569774735E+00   1.5684108502E-03   3.3756976040E-04
   1  -199   0    0  -9.7340866297E-01   8.0994754581E+00   1.3834615713E-04   1.9765047948E+00   2.4064336858E+00   2.0858653922E-04   2.0691053548E+00   2.3842722425E+00   6.3190698004E-04   2.2107684231E+00   2.4226699012E+00   1.7019537552E-03   2.3458370766E+00   2.4663819586E+00   1.8992301487E-03   2.4497549566E+00   2.5067490297E+00   2.0924315479E-03   2.2960660619E+00   2.4572781612E+00   1.5684108502E-03   3.3759060845E-04
   1  -200   0    0  -9.8332459975E-01   8.1001725850E+00   1.3819236556E-04   1.9760918105E+00   2.4066724665E+00   2.0858653922E-04   2.0686755770E+00   2.3845270726E+00   6.3190698004E-04   2.2106346624E+00   2.4229247313E+00   1.7019537552E-03   2.3464413670E+00   2.4666795869E+00   1.8992301487E-03   2.4500745850E+00   2.5070597596E+00   2.0924315479E-03   2.2966768977E+00   2.4575757895E+00   1.5684108502E-03   3.3761124615E-04
   1  -201   0    0  -9.9324217294E-01   8.1008628538E+00   1.3804119205E-04   1.9756821384E+00   2.4069091747E+00   2.0858653922E-04   2.0682505800E+00   2.3847795570E+00   6.3190698004E-04   2.2105018505E+00   2.4231772157E+00   1.7019537552E-03   2.3470392706E+00   2.4669741410E+00   1.8992301487E-03   2.4503908217E+00   2.5073671921E+00   2.0924315479E-03   2.2972823798E+00   2.4578703436E+00   1.5684108502E-03   3.3763167241E-04
   1  -202  -4    4  -9.9999982300E-01   8.1013291732E+00   1.3793968615E-04   1.9754049557E+00   2.4070692421E+00   2.0858653922E-04   2.0679637832E+00   2.3849502172E+00   6.3190698004E-04   2.2104119187E+00   2.4233478759E+00   1.7019537552E-03   2.3474429426E+00   2.4671730491E+00   1.8992301487E-03   2.4506043211E+00   2.5075747475E+00   2.0924315479E-03   2.2976917836E+00   2.4580692517E+00   1.5684108502E-03   3.3764546694E-04
