          
   1    -1   9    1 -1.0000000000E+000  7.9998201134E+000  1.1212958634E-004  1.8851788044E+000  2.3300476074E+000  4.9075297284E-005  1.9904646873E+000  2.3123157024E+000  5.3515785839E-004  2.1507771015E+000  2.3508679867E+000  1.6051743878E-003  2.3561387062E+000  2.4689562321E+000  1.8765617860E-003  2.4746580124E+000  2.5305783749E+000  2.1173791029E-003  2.3017539978E+000  2.4657547474E+000  1.5013794182E-003  3.3703396912E-004
   1    -2   0    0 -9.8016415452E-001  7.9995965839E+000  1.1254311482E-004  1.8865657529E+000  2.3303527931E+000  5.1225289010E-005  1.9915370349E+000  2.3125498133E+000  5.3646569138E-004  2.1514928429E+000  2.3509723984E+000  1.6065197286E-003  2.3552333216E+000  2.4685066385E+000  1.8768883255E-003  2.4739964118E+000  2.5299377383E+000  2.1170388935E-003  2.3009092379E+000  2.4652957519E+000  1.5023431988E-003  3.3700580854E-004
   1    -3   0    0 -9.7024976469E-001  7.9994828277E+000  1.1275544084E-004  1.8872732174E+000  2.3305087760E+000  5.2327248717E-005  1.9920856705E+000  2.3126696821E+000  5.3713597887E-004  2.1518577374E+000  2.3510258926E+000  1.6072087881E-003  2.3547707561E+000  2.4682770761E+000  1.8770554565E-003  2.4736584074E+000  2.5296103857E+000  2.1168645461E-003  2.3004782969E+000  2.4650614586E+000  1.5028364578E-003  3.3699142814E-004
   1    -4   0    0 -9.6033778102E-001  7.9993677989E+000  1.1297152575E-004  1.8879900207E+000  2.3306670600E+000  5.3447360991E-005  1.9926426911E+000  2.3127914471E+000  5.3781727757E-004  2.1522273235E+000  2.3510802533E+000  1.6079088741E-003  2.3543016176E+000  2.4680443390E+000  1.8772251747E-003  2.4733155617E+000  2.5292783438E+000  2.1166873583E-003  2.3000416862E+000  2.4648239564E+000  1.5033373640E-003  3.3697684475E-004
   1    -5   0    0 -9.5042824076E-001  7.9992515034E+000  1.1319140679E-004  1.8887161507E+000  2.3308276507E+000  5.4585751096E-005  1.9932081438E+000  2.3129151192E+000  5.3850966225E-004  2.1526015888E+000  2.3511354844E+000  1.6086200495E-003  2.3538258871E+000  2.4678084228E+000  1.8773974910E-003  2.4729678620E+000  2.5289416001E+000  2.1165073119E-003  2.2995994103E+000  2.4645832421E+000  1.5038459508E-003  3.3696205789E-004
   1    -6   0    0 -9.4052118017E-001  7.9991339477E+000  1.1341512026E-004  1.8894515897E+000  2.3309905527E+000  5.5742537943E-005  1.9937820731E+000  2.3130407082E+000  5.3921320377E-004  2.1529805179E+000  2.3511915893E+000  1.6093423729E-003  2.3533435482E+000  2.4675693246E+000  1.8775724154E-003  2.4726152977E+000  2.5286001445E+000  2.1163243895E-003  2.2991514769E+000  2.4643393141E+000  1.5043622482E-003  3.3694706721E-004
   1    -7   0    0 -9.3061663442E-001  7.9990151391E+000  1.1364270157E-004  1.8901963148E+000  2.3311557693E+000  5.6917833820E-005  1.9943645209E+000  2.3131682233E+000  5.3992796891E-004  2.1533640925E+000  2.3512485710E+000  1.6100758984E-003  2.3528545869E+000  2.4673270428E+000  1.8777499568E-003  2.4722578602E+000  2.5282539685E+000  2.1161385750E-003  2.2986978969E+000  2.4640921723E+000  1.5048862828E-003  3.3693187241E-004
   1    -8   0    0 -9.2071463752E-001  7.9988950851E+000  1.1387418512E-004  1.8909502975E+000  2.3313233026E+000  5.8111744134E-005  1.9949555259E+000  2.3132976729E+000  5.4065402027E-004  2.1537522915E+000  2.3513064319E+000  1.6108206756E-003  2.3523589924E+000  2.4670815776E+000  1.8779301227E-003  2.4718955432E+000  2.5279030661E+000  2.1159498533E-003  2.2982386844E+000  2.4638418181E+000  1.5054180775E-003  3.3691647330E-004
   1    -9   0    0 -9.1081522225E-001  7.9987737941E+000  1.1410960429E-004  1.8917135039E+000  2.3314931536E+000  5.9324367159E-005  1.9955551241E+000  2.3134290646E+000  5.4139141605E-004  2.1541450907E+000  2.3513651740E+000  1.6115767491E-003  2.3518567560E+000  2.4668329305E+000  1.8781129194E-003  2.4715283425E+000  2.5275474331E+000  2.1157582104E-003  2.2977738565E+000  2.4635882545E+000  1.5059576517E-003  3.3690086978E-004
   1   -10   0    0 -9.0091842005E-001  7.9986512749E+000  1.1434899133E-004  1.8924858945E+000  2.3316653220E+000  6.0555793782E-005  1.9961633484E+000  2.3135624053E+000  5.4214020995E-004  2.1545424630E+000  2.3514247990E+000  1.6123441588E-003  2.3513478725E+000  2.4665811047E+000  1.8782983519E-003  2.4711562563E+000  2.5271870677E+000  2.1155636337E-003  2.2973034340E+000  2.4633314861E+000  1.5065050209E-003  3.3688506183E-004
   1   -11   0    0 -8.9102426090E-001  7.9985275372E+000  1.1459237739E-004  1.8932674238E+000  2.3318398061E+000  6.1806107265E-005  1.9967802286E+000  2.3136977009E+000  5.4290045098E-004  2.1549443781E+000  2.3514853076E+000  1.6131229394E-003  2.3508323390E+000  2.4663261047E+000  1.8784864240E-003  2.4707792848E+000  2.5268219702E+000  2.1153661118E-003  2.2968274407E+000  2.4630715192E+000  1.5070601969E-003  3.3686904954E-004
   1   -12   0    0 -8.8113277331E-001  7.9984025910E+000  1.1483979240E-004  1.8940580408E+000  2.3320166030E+000  6.3075383009E-005  1.9974057910E+000  2.3138349564E+000  5.4367218338E-004  2.1553508028E+000  2.3515467005E+000  1.6139131204E-003  2.3503101557E+000  2.4660679370E+000  1.8786771380E-003  2.4703974309E+000  2.5264521432E+000  2.1151656342E-003  2.2963459040E+000  2.4628083617E+000  1.5076231874E-003  3.3685283309E-004
   1   -13   0    0 -8.7124398416E-001  7.9982764469E+000  1.1509126503E-004  1.8948576889E+000  2.3321957084E+000  6.4363688331E-005  1.9980400590E+000  2.3139741761E+000  5.4445544641E-004  2.1557617010E+000  2.3516089775E+000  1.6147147259E-003  2.3497813259E+000  2.4658066094E+000  1.8788704950E-003  2.4700106996E+000  2.5260775915E+000  2.1149621923E-003  2.2958588548E+000  2.4625420232E+000  1.5081939961E-003  3.3683641277E-004
   1   -14   0    0 -8.6135791866E-001  7.9981491163E+000  1.1534682268E-004  1.8956663052E+000  2.3323771169E+000  6.5671082245E-005  1.9986830523E+000  2.3141153633E+000  5.4525027427E-004  2.1561770332E+000  2.3516721381E+000  1.6155277748E-003  2.3492458557E+000  2.4655421314E+000  1.8790664945E-003  2.4696190982E+000  2.5256983223E+000  2.1147557784E-003  2.2953663272E+000  2.4622725149E+000  1.5087726227E-003  3.3681978894E-004
   1   -15   0    0 -8.5147460025E-001  7.9980206111E+000  1.1560649139E-004  1.8964838215E+000  2.3325608214E+000  6.6997615262E-005  1.9993347872E+000  2.3142585202E+000  5.4605669596E-004  2.1565967571E+000  2.3517361811E+000  1.6163522801E-003  2.3487037543E+000  2.4652745143E+000  1.8792651348E-003  2.4692226366E+000  2.5253143450E+000  2.1145463863E-003  2.2948683593E+000  2.4619998498E+000  1.5093590625E-003  3.3680296208E-004
   1   -16   0    0 -8.4159405051E-001  7.9978909437E+000  1.1587029583E-004  1.8973101632E+000  2.3327468137E+000  6.8343329195E-005  1.9999952765E+000  2.3144036484E+000  5.4687473519E-004  2.1570208273E+000  2.3518011049E+000  1.6171882494E-003  2.3481550339E+000  2.4650037707E+000  1.8794664125E-003  2.4688213272E+000  2.5249256715E+000  2.1143340112E-003  2.2943649925E+000  2.4617240425E+000  1.5099533069E-003  3.3678593277E-004
   1   -17   0    0 -8.3171628909E-001  7.9977601272E+000  1.1613825920E-004  1.8981452504E+000  2.3329350841E+000  6.9708256981E-005  2.0006645295E+000  2.3145507483E+000  5.4770441021E-004  2.1574491953E+000  2.3518669071E+000  1.6180356843E-003  2.3475997099E+000  2.4647299153E+000  1.8796703230E-003  2.4684151845E+000  2.5245323161E+000  2.1141186498E-003  2.2938562718E+000  2.4614451095E+000  1.5105553427E-003  3.3676870169E-004
   1   -18   0    0 -8.2184133365E-001  7.9976281752E+000  1.1641040326E-004  1.8989889970E+000  2.3331256216E+000  7.1092422513E-005  2.0013425514E+000  2.3146998193E+000  5.4854573378E-004  2.1578818097E+000  2.3519335849E+000  1.6188945808E-003  2.3470378008E+000  2.4644529642E+000  1.8798768601E-003  2.4680042258E+000  2.5241342952E+000  2.1139003001E-003  2.2933422459E+000  2.4611630688E+000  1.5111651524E-003  3.3675126961E-004
   1   -19   0    0 -8.1196919973E-001  7.9974951020E+000  1.1668674823E-004  1.8998413111E+000  2.3333184137E+000  7.2495840490E-005  2.0020293441E+000  2.3148508600E+000  5.4939871305E-004  2.1583186161E+000  2.3520011349E+000  1.6197649287E-003  2.3464693280E+000  2.4641729351E+000  1.8800860161E-003  2.4675884708E+000  2.5237316280E+000  2.1136789618E-003  2.2928229671E+000  2.4608779403E+000  1.5117827143E-003  3.3673363742E-004
   1   -20   0    0 -8.0209990076E-001  7.9973609225E+000  1.1696731279E-004  1.9007020953E+000  2.3335134465E+000  7.3918516281E-005  2.0027249054E+000  2.3150038678E+000  5.5026334947E-004  2.1587595572E+000  2.3520695532E+000  1.6206467120E-003  2.3458943165E+000  2.4638898476E+000  1.8802977819E-003  2.4671679415E+000  2.5233243357E+000  2.1134546358E-003  2.2922984916E+000  2.4605897455E+000  1.5124080022E-003  3.3671580610E-004
   1   -21   0    0 -7.9223344792E-001  7.9972256521E+000  1.1725211399E-004  1.9015712461E+000  2.3337107050E+000  7.5360445806E-005  2.0034292293E+000  2.3151588393E+000  5.5113963874E-004  2.1592045727E+000  2.3521388352E+000  1.6215399086E-003  2.3453127940E+000  2.4636037228E+000  1.8805121467E-003  2.4667426625E+000  2.5229124421E+000  2.1132273247E-003  2.2917688791E+000  2.4602985078E+000  1.5130409853E-003  3.3669777673E-004
   1   -22   0    0 -7.8236985013E-001  7.9970893068E+000  1.1754116730E-004  1.9024486546E+000  2.3339101723E+000  7.6821615431E-005  2.0041423058E+000  2.3153157698E+000  5.5202757073E-004  2.1596535994E+000  2.3522089757E+000  1.6224444902E-003  2.3447247917E+000  2.4633145835E+000  1.8807290982E-003  2.4663126609E+000  2.5224959734E+000  2.1129970326E-003  2.2912341931E+000  2.4600042521E+000  1.5136816285E-003  3.3667955050E-004
   1   -23   0    0 -7.7250911393E-001  7.9969519032E+000  1.1783448651E-004  1.9033342061E+000  2.3341118307E+000  7.8302001886E-005  2.0048641209E+000  2.3154746538E+000  5.5292712943E-004  2.1601065716E+000  2.3522799692E+000  1.6233604225E-003  2.3441303439E+000  2.4630224543E+000  1.8809486229E-003  2.4658779663E+000  2.5220749582E+000  2.1127637652E-003  2.2906945007E+000  2.4597070050E+000  1.5143298922E-003  3.3666112869E-004
   1   -24   0    0 -7.6265124351E-001  7.9968134586E+000  1.1813208372E-004  1.9042277807E+000  2.3343156607E+000  7.9801572200E-005  2.0055946566E+000  2.3156354848E+000  5.5383829294E-004  2.1605634206E+000  2.3523518093E+000  1.6242876650E-003  2.3435294881E+000  2.4627273611E+000  1.8811707055E-003  2.4654386105E+000  2.5216494274E+000  2.1125275295E-003  2.2901498729E+000  2.4594067951E+000  1.5149857324E-003  3.3664251270E-004
   1   -25   0    0 -7.5279624058E-001  7.9966739907E+000  1.1843396932E-004  1.9051292527E+000  2.3345216416E+000  8.1320283647E-005  2.0063338907E+000  2.3157982550E+000  5.5476103341E-004  2.1610240751E+000  2.3524244892E+000  1.6252261711E-003  2.3429222650E+000  2.4624293317E+000  1.8813953292E-003  2.4649946282E+000  2.5212194142E+000  2.1122883343E-003  2.2896003842E+000  2.4591036524E+000  1.5156491005E-003  3.3662370400E-004
   1   -26   0    0 -7.4294410438E-001  7.9965335180E+000  1.1874015198E-004  1.9060384913E+000  2.3347297515E+000  8.2858083729E-005  2.0070817969E+000  2.3159629559E+000  5.5569531706E-004  2.1614884615E+000  2.3524980016E+000  1.6261758879E-003  2.3423087183E+000  2.4621283954E+000  1.8816224757E-003  2.4645460559E+000  2.5207849543E+000  2.1120461898E-003  2.2890461132E+000  2.4587976086E+000  1.5163199436E-003  3.3660470419E-004
   1   -27   0    0 -7.3309483159E-001  7.9963920594E+000  1.1905063861E-004  1.9069553606E+000  2.3349399671E+000  8.4414910158E-005  2.0078383448E+000  2.3161295777E+000  5.5664110413E-004  2.1619565034E+000  2.3525723386E+000  1.6271367565E-003  2.3416888950E+000  2.4618245832E+000  1.8818521253E-003  2.4640929331E+000  2.5203460857E+000  2.1118011078E-003  2.2884871417E+000  2.4584886971E+000  1.5169982044E-003  3.3658551495E-004
   1   -28   0    0 -7.2324841636E-001  7.9962496346E+000  1.1936543434E-004  1.9078797194E+000  2.3351522636E+000  8.5990690877E-005  2.0086034996E+000  2.3162981098E+000  5.5759834894E-004  2.1624281221E+000  2.3526474918E+000  1.6281087119E-003  2.3410628454E+000  2.4615179274E+000  1.8820842567E-003  2.4636353012E+000  2.5199028484E+000  2.1115531018E-003  2.2879235557E+000  2.4581769528E+000  1.5176838211E-003  3.3656613806E-004
   1   -29   0    0 -7.1340485023E-001  7.9961062638E+000  1.1968454256E-004  1.9088114219E+000  2.3353666154E+000  8.7585344088E-005  2.0093772223E+000  2.3164685403E+000  5.5856699987E-004  2.1629032368E+000  2.3527234522E+000  1.6290916830E-003  2.3404306227E+000  2.4612084622E+000  1.8823188474E-003  2.4631732041E+000  2.5194552851E+000  2.1113021866E-003  2.2873554444E+000  2.4578624124E+000  1.5183767277E-003  3.3654657539E-004
   1   -30   0    0 -7.0356412212E-001  7.9959619679E+000  1.2000796483E-004  1.9097503173E+000  2.3355829952E+000  8.9198778311E-005  2.0101594697E+000  2.3166408567E+000  5.5954699944E-004  2.1633817644E+000  2.3528002105E+000  1.6300855927E-003  2.3397922832E+000  2.4608962231E+000  1.8825558730E-003  2.4627066880E+000  2.5190034402E+000  2.1110483786E-003  2.2867829009E+000  2.4575451139E+000  1.5190768540E-003  3.3652682891E-004
   1   -31   0    0 -6.9372621835E-001  7.9958167684E+000  1.2033570096E-004  1.9106962505E+000  2.3358013749E+000  9.0830892455E-005  2.0109501942E+000  2.3168150450E+000  5.6053828430E-004  2.1638636197E+000  2.3528777567E+000  1.6310903580E-003  2.3391478866E+000  2.4605812469E+000  1.8827953082E-003  2.4622358013E+000  2.5185473607E+000  2.1107916957E-003  2.2862060219E+000  2.4572250970E+000  1.5197841255E-003  3.3650690069E-004
   1   -32   0    0 -6.8389112256E-001  7.9956706872E+000  1.2066774893E-004  1.9116490617E+000  2.3360217251E+000  9.2481575919E-005  2.0117493437E+000  2.3169910906E+000  5.6154078536E-004  2.1643487156E+000  2.3529560804E+000  1.6321058900E-003  2.3384974951E+000  2.4602635721E+000  1.8830371259E-003  2.4617605945E+000  2.5180870955E+000  2.1105321574E-003  2.2856249078E+000  2.4569024029E+000  1.5204984637E-003  3.3648679287E-004
   1   -33   0    0 -6.7405881578E-001  7.9955237473E+000  1.2100410497E-004  1.9126085873E+000  2.3362440153E+000  9.4150708703E-005  2.0125568622E+000  2.3171689779E+000  5.6255442781E-004  2.1648369634E+000  2.3530351709E+000  1.6331320941E-003  2.3378411744E+000  2.4599432386E+000  1.8832812978E-003  2.4612811203E+000  2.5176226955E+000  2.1102697845E-003  2.2850396621E+000  2.4565770741E+000  1.5212197860E-003  3.3646650768E-004
   1   -34   0    0 -6.6422927638E-001  7.9953759719E+000  1.2134476350E-004  1.9135746593E+000  2.3364682139E+000  9.5838161551E-005  2.0133726888E+000  2.3173486900E+000  5.6357913122E-004  2.1653282725E+000  2.3531150170E+000  1.6341688701E-003  2.3371789930E+000  2.4596202875E+000  1.8835277943E-003  2.4607974335E+000  2.5171542137E+000  2.1100045995E-003  2.2844503924E+000  2.4562491546E+000  1.5219480060E-003  3.3644604745E-004
   1   -35   0    0 -6.5440248012E-001  7.9952273851E+000  1.2168971719E-004  1.9145471063E+000  2.3366942884E+000  9.7543796104E-005  2.0141967586E+000  2.3175302094E+000  5.6461480965E-004  2.1658225509E+000  2.3531956069E+000  1.6352161123E-003  2.3365110223E+000  2.4592947613E+000  1.8837765845E-003  2.4603095908E+000  2.5166817052E+000  2.1097366260E-003  2.2838572092E+000  2.4559186898E+000  1.5226830334E-003  3.3642541458E-004
   1   -36   0    0 -6.4457840011E-001  7.9950780116E+000  1.2203895695E-004  1.9155257531E+000  2.3369222054E+000  9.9267465080E-005  2.0150290021E+000  2.3177135176E+000  5.6566137174E-004  2.1663197051E+000  2.3532769289E+000  1.6362737095E-003  2.3358373365E+000  2.4589667037E+000  1.8840276361E-003  2.4598176510E+000  2.5162052266E+000  2.1094658893E-003  2.2832602269E+000  2.4555857264E+000  1.5234247742E-003  3.3640461156E-004
   1   -37   0    0 -6.3475700691E-001  7.9949278769E+000  1.2239247194E-004  1.9165104214E+000  2.3371519304E+000  1.0100901246E-004  2.0158693455E+000  2.3178985951E+000  5.6671872086E-004  2.1668196407E+000  2.3533589705E+000  1.6373415454E-003  2.3351580127E+000  2.4586361598E+000  1.8842809159E-003  2.4593216747E+000  2.5157248366E+000  2.1091924159E-003  2.2826595628E+000  2.4552503122E+000  1.5241731308E-003  3.3638364095E-004
   1   -38   0    0 -6.2493826848E-001  7.9947770070E+000  1.2275024963E-004  1.9175009297E+000  2.3373834282E+000  1.0276827373E-004  2.0167177107E+000  2.3180854216E+000  5.6778675521E-004  2.1673222618E+000  2.3534417191E+000  1.6384194986E-003  2.3344731310E+000  2.4583031756E+000  1.8845363892E-003  2.4588217242E+000  2.5152405955E+000  2.1089162335E-003  2.2820553378E+000  2.4549124966E+000  1.5249280023E-003  3.3636250537E-004
   1   -39   0    0 -6.1512215026E-001  7.9946254287E+000  1.2311227578E-004  1.9184970936E+000  2.3376166628E+000  1.0454507606E-004  2.0175740150E+000  2.3182739760E+000  5.6886536797E-004  2.1678274720E+000  2.3535251619E+000  1.6395074426E-003  2.3337827739E+000  2.4579677986E+000  1.8847940203E-003  2.4583178636E+000  2.5147525655E+000  2.1086373715E-003  2.2814476760E+000  2.4545723297E+000  1.5256892843E-003  3.3634120755E-004
   1   -40   0    0 -6.0530861519E-001  7.9944731696E+000  1.2347853449E-004  1.9194987264E+000  2.3378515975E+000  1.0633923861E-004  2.0184381714E+000  2.3184642363E+000  5.6995444748E-004  2.1683351738E+000  2.3536092856E+000  1.6406052465E-003  2.3330870267E+000  2.4576300769E+000  1.8850537726E-003  2.4578101587E+000  2.5142608102E+000  2.1083558600E-003  2.2808367044E+000  2.4542298630E+000  1.5264568694E-003  3.3631975024E-004
   1   -41   0    0 -5.9549762377E-001  7.9943202578E+000  1.2384900824E-004  1.9205056387E+000  2.3380881949E+000  1.0815057274E-004  2.0193100888E+000  2.3186561797E+000  5.7105387737E-004  2.1688452693E+000  2.3536940770E+000  1.6417127746E-003  2.3323859774E+000  2.4572900601E+000  1.8853156082E-003  2.4572986768E+000  2.5137653947E+000  2.1080717307E-003  2.2802225535E+000  2.4538851492E+000  1.5272306472E-003  3.3629813630E-004
   1   -42   0    0 -5.8568913410E-001  7.9941667224E+000  1.2422367791E-004  1.9215176394E+000  2.3383264171E+000  1.0997888233E-004  2.0201896713E+000  2.3188497826E+000  5.7216353672E-004  2.1693576601E+000  2.3537795224E+000  1.6428298869E-003  2.3316797163E+000  2.4569477985E+000  1.8855794884E-003  2.4567834868E+000  2.5132663856E+000  2.1077850164E-003  2.2796053566E+000  2.4535382416E+000  1.5280105042E-003  3.3627636863E-004
   1   -43   0    0 -5.7588310192E-001  7.9940125931E+000  1.2460252280E-004  1.9225345355E+000  2.3385662256E+000  1.1182396402E-004  2.0210768190E+000  2.3190450207E+000  5.7328330029E-004  2.1698722477E+000  2.3538656082E+000  1.6439564393E-003  2.3309683365E+000  2.4566033432E+000  1.8858453735E-003  2.4562646588E+000  2.5127638508E+000  2.1074957508E-003  2.2789852498E+000  2.4531891947E+000  1.5287963244E-003  3.3625445018E-004
   1   -44   0    0 -5.6607948072E-001  7.9938579004E+000  1.2498552074E-004  1.9235561323E+000  2.3388075815E+000  1.1368560756E-004  2.0219714276E+000  2.3192418691E+000  5.7441303864E-004  2.1703889333E+000  2.3539523206E+000  1.6450922837E-003  2.3302519333E+000  2.4562567465E+000  1.8861132231E-003  2.4557422643E+000  2.5122578597E+000  2.1072039689E-003  2.2783623725E+000  2.4528380641E+000  1.5295879891E-003  3.3623238397E-004
   1   -45   0    0 -5.5627822174E-001  7.9937026757E+000  1.2537264804E-004  1.9245822341E+000  2.3390504454E+000  1.1556359609E-004  2.0228733884E+000  2.3194403021E+000  5.7555261837E-004  2.1709076182E+000  2.3540396457E+000  1.6462372684E-003  2.3295306044E+000  2.4559080611E+000  1.8863829958E-003  2.4552163763E+000  2.5117484826E+000  2.1069097065E-003  2.2777368664E+000  2.4524849057E+000  1.5303853776E-003  3.3621017308E-004
   1   -46   0    0 -5.4647927408E-001  7.9935469510E+000  1.2576387959E-004  1.9256126440E+000  2.3392947777E+000  1.1745770646E-004  2.0237825887E+000  2.3196402933E+000  5.7670190227E-004  2.1714282041E+000  2.3541275696E+000  1.6473912378E-003  2.3288044499E+000  2.4555573409E+000  1.8866546495E-003  2.4546870684E+000  2.5112357912E+000  2.1066130005E-003  2.2771088763E+000  2.4521297766E+000  1.5311883664E-003  3.3618782062E-004
   1   -47   0    0 -5.3668258476E-001  7.9933907593E+000  1.2615918891E-004  1.9266471646E+000  2.3395405386E+000  1.1936770953E-004  2.0246989113E+000  2.3198418158E+000  5.7786074957E-004  2.1719505930E+000  2.3542160783E+000  1.6485540334E-003  2.3280735719E+000  2.4552046399E+000  1.8869281415E-003  2.4541544158E+000  2.5107198578E+000  2.1063138887E-003  2.2764785494E+000  2.4517727345E+000  1.5319968304E-003  3.3616532975E-004
   1   -48   0    0 -5.2688809881E-001  7.9932341343E+000  1.2655854816E-004  1.9276855978E+000  2.3397876881E+000  1.2129337055E-004  2.0256222349E+000  2.3200448422E+000  5.7902901610E-004  2.1724746873E+000  2.3543051579E+000  1.6497254935E-003  2.3273380749E+000  2.4548500133E+000  1.8872034283E-003  2.4536184944E+000  2.5102007562E+000  2.1060124096E-003  2.2758460355E+000  2.4514138377E+000  1.5328106425E-003  3.3614270367E-004
   1   -49   0    0 -5.1709575932E-001  7.9930771105E+000  1.2696192823E-004  1.9287277454E+000  2.3400361859E+000  1.2323444945E-004  2.0265524342E+000  2.3202493444E+000  5.8020655448E-004  2.1730003904E+000  2.3543947946E+000  1.6509054534E-003  2.3265980654E+000  2.4544935165E+000  1.8874804661E-003  2.4530793810E+000  2.5096785606E+000  2.1057086027E-003  2.2752114870E+000  2.4510531452E+000  1.5336296738E-003  3.3611994564E-004
   1   -50   0    0 -5.0730550755E-001  7.9929197235E+000  1.2736929875E-004  1.9297734094E+000  2.3402859919E+000  1.2519070118E-004  2.0274893795E+000  2.3204552937E+000  5.8139321437E-004  2.1735276063E+000  2.3544849746E+000  1.6520937459E-003  2.3258536517E+000  2.4541352056E+000  1.8877592104E-003  2.4525371532E+000  2.5091533462E+000  2.1054025081E-003  2.2745750582E+000  2.4506907165E+000  1.5344537940E-003  3.3609705893E-004
   1   -51   0    0 -4.9751728300E-001  7.9927620095E+000  1.2778062817E-004  1.9308223919E+000  2.3405370659E+000  1.2716187604E-004  2.0284329373E+000  2.3206626613E+000  5.8258884266E-004  2.1740562403E+000  2.3545756844E+000  1.6532902013E-003  2.3251049443E+000  2.4537751370E+000  1.8880396161E-003  2.4519918894E+000  2.5086251889E+000  2.1050941666E-003  2.2739369063E+000  2.4503266115E+000  1.5352828713E-003  3.3607404685E-004
   1   -52   0    0 -4.8773102348E-001  7.9926040056E+000  1.2819588380E-004  1.9318744957E+000  2.3407893679E+000  1.2914772001E-004  2.0293829698E+000  2.3208714175E+000  5.8379328361E-004  2.1745861985E+000  2.3546669103E+000  1.6544946477E-003  2.3243520556E+000  2.4534133676E+000  1.8883216380E-003  2.4514436686E+000  2.5080941651E+000  2.1047836198E-003  2.2732971900E+000  2.4499608907E+000  1.5361167729E-003  3.3605091275E-004
   1   -53   0    0 -4.7794666524E-001  7.9924457499E+000  1.2861503186E-004  1.9329295242E+000  2.3410428578E+000  1.3114797506E-004  2.0303393354E+000  2.3210815326E+000  5.8500637915E-004  2.1751173885E+000  2.3547586393E+000  1.6557069112E-003  2.3235950997E+000  2.4530499547E+000  1.8886052303E-003  2.4508925703E+000  2.5075603518E+000  2.1044709096E-003  2.2726560705E+000  2.4495936147E+000  1.5369553646E-003  3.3602765999E-004
   1   -54   0    0 -4.6816414302E-001  7.9922872812E+000  1.2903803753E-004  1.9339872820E+000  2.3412974961E+000  1.3316237949E-004  2.0313018885E+000  2.3212929761E+000  5.8622796897E-004  2.1756497194E+000  2.3548508582E+000  1.6569268161E-003  2.3228341924E+000  2.4526849557E+000  1.8888903471E-003  2.4503386746E+000  2.5070238266E+000  2.1041560787E-003  2.2720137109E+000  2.4492248447E+000  1.5377985116E-003  3.3600429196E-004
   1   -55   0    0 -4.5838339014E-001  7.9921286392E+000  1.2946486498E-004  1.9350475749E+000  2.3415532433E+000  1.3519066821E-004  2.0322704796E+000  2.3215057176E+000  5.8745789079E-004  2.1761831017E+000  2.3549435543E+000  1.6581541852E-003  2.3220694512E+000  2.4523184285E+000  1.8891769420E-003  2.4497820620E+000  2.5064846673E+000  2.1038391701E-003  2.2713702759E+000  2.4488546421E+000  1.5386460783E-003  3.3598081207E-004
   1   -56   0    0 -4.4860433860E-001  7.9919698646E+000  1.2989547744E-004  1.9361102102E+000  2.3418100602E+000  1.3723257308E-004  2.0332449553E+000  2.3217197260E+000  5.8869598048E-004  2.1767174475E+000  2.3550367150E+000  1.6593888397E-003  2.3213009953E+000  2.4519504310E+000  1.8894649687E-003  2.4492228131E+000  2.5059429521E+000  2.1035202274E-003  2.2707259322E+000  2.4484830684E+000  1.5394979283E-003  3.3595722375E-004
   1   -57   0    0 -4.3882691920E-001  7.9918109989E+000  1.3032983724E-004  1.9371749967E+000  2.3420679082E+000  1.3928782312E-004  2.0342251587E+000  2.3219349701E+000  5.8994207229E-004  2.1772526710E+000  2.3551303281E+000  1.6606305997E-003  2.3205289454E+000  2.4515810213E+000  1.8897543805E-003  2.4486610090E+000  2.5053987595E+000  2.1031992943E-003  2.2700808481E+000  2.4481101853E+000  1.5403539251E-003  3.3593353044E-004
   1   -58   0    0 -4.2905106154E-001  7.9916520844E+000  1.3076790586E-004  1.9382417451E+000  2.3423267488E+000  1.4135614488E-004  2.0352109289E+000  2.3221514185E+000  5.9119599896E-004  2.1777886878E+000  2.3552243818E+000  1.6618792845E-003  2.3197534236E+000  2.4512102578E+000  1.8900451307E-003  2.4480967311E+000  2.5048521681E+000  2.1028764152E-003  2.2694351934E+000  2.4477360547E+000  1.5412139314E-003  3.3590973560E-004
   1   -59   0    0 -4.1927669422E-001  7.9914931643E+000  1.3120964394E-004  1.9393102682E+000  2.3425865444E+000  1.4343726261E-004  2.0362021014E+000  2.3223690392E+000  5.9245759192E-004  2.1783254158E+000  2.3553188645E+000  1.6631347120E-003  2.3189745536E+000  2.4508381986E+000  1.8903371726E-003  2.4475300606E+000  2.5043032568E+000  2.1025516347E-003  2.2687891392E+000  2.4473607386E+000  1.5420778102E-003  3.3588584268E-004
   1   -60   0    0 -4.0950374482E-001  7.9913342826E+000  1.3165501134E-004  1.9403803808E+000  2.3428472574E+000  1.4553089857E-004  2.0371985082E+000  2.3225878005E+000  5.9372668142E-004  2.1788627748E+000  2.3554137651E+000  1.6643966999E-003  2.3181924602E+000  2.4504649022E+000  1.8906304594E-003  2.4469610790E+000  2.5037521044E+000  2.1022249975E-003  2.2681428581E+000  2.4469842988E+000  1.5429454241E-003  3.3586185517E-004
   1   -61   0    0 -3.9973214008E-001  7.9911754842E+000  1.3210396719E-004  1.9414519000E+000  2.3431088513E+000  1.4763677319E-004  2.0381999777E+000  2.3228076700E+000  5.9500309668E-004  2.1794006868E+000  2.3555090727E+000  1.6656650650E-003  2.3174072697E+000  2.4500904267E+000  1.8909249442E-003  2.4463898679E+000  2.5031987899E+000  2.1018965486E-003  2.2674965239E+000  2.4466067973E+000  1.5438166356E-003  3.3583777653E-004
   1   -62   0    0 -3.8996180590E-001  7.9910168148E+000  1.3255646988E-004  1.9425246456E+000  2.3433712897E+000  1.4975460536E-004  2.0392063350E+000  2.3230286155E+000  5.9628666600E-004  2.1799390757E+000  2.3556047770E+000  1.6669396239E-003  2.3166191096E+000  2.4497148306E+000  1.8912205804E-003  2.4458165088E+000  2.5026433921E+000  2.1015663333E-003  2.2668503112E+000  2.4462282960E+000  1.5446913077E-003  3.3581361025E-004
   1   -63   0    0 -3.8019266749E-001  7.9908583207E+000  1.3301247713E-004  1.9435984398E+000  2.3436345370E+000  1.5188411253E-004  2.0402174016E+000  2.3232506044E+000  5.9757721687E-004  2.1804778680E+000  2.3557008681E+000  1.6682201926E-003  2.3158281085E+000  2.4493381719E+000  1.8915173212E-003  2.4452410830E+000  2.5020859900E+000  2.1012343971E-003  2.2662043960E+000  2.4458488567E+000  1.5455693032E-003  3.3578935981E-004
   1   -64   0    0 -3.7042464939E-001  7.9907000491E+000  1.3347194598E-004  1.9446731073E+000  2.3438985583E+000  1.5402501093E-004  2.0412329960E+000  2.3234736042E+000  5.9887457609E-004  2.1810169921E+000  2.3557973362E+000  1.6695065873E-003  2.3150343963E+000  2.4489605088E+000  1.8918151201E-003  2.4446636719E+000  2.5015266622E+000  2.1009007854E-003  2.2655589547E+000  2.4454685410E+000  1.5464504855E-003  3.3576502869E-004
   1   -65   0    0 -3.6065767561E-001  7.9905420480E+000  1.3393483283E-004  1.9457484758E+000  2.3441633192E+000  1.5617701569E-004  2.0422529332E+000  2.3236975820E+000  6.0017856986E-004  2.1815563789E+000  2.3558941723E+000  1.6707986237E-003  2.3142381036E+000  2.4485818992E+000  1.8921139307E-003  2.4440843568E+000  2.5009654874E+000  2.1005655439E-003  2.2649141646E+000  2.4450874106E+000  1.5473347182E-003  3.3574062037E-004
   1   -66   0    0 -3.5089166965E-001  7.9903843660E+000  1.3440109346E-004  1.9468243758E+000  2.3444287860E+000  1.5833984099E-004  2.0432770252E+000  2.3239225049E+000  6.0148902383E-004  2.1820959614E+000  2.3559913677E+000  1.6720961177E-003  2.3134393625E+000  2.4482024008E+000  1.8924137067E-003  2.4435032187E+000  2.5004025442E+000  2.1002287184E-003  2.2642702038E+000  2.4447055268E+000  1.5482218652E-003  3.3571613833E-004
   1   -67   0    0 -3.4112655462E-001  7.9902270522E+000  1.3487068301E-004  1.9479006405E+000  2.3446949258E+000  1.6051320013E-004  2.0443050811E+000  2.3241483400E+000  6.0280576318E-004  2.1826356751E+000  2.3560889139E+000  1.6733988850E-003  2.3126383057E+000  2.4478220713E+000  1.8927144018E-003  2.4429203384E+000  2.4998379108E+000  2.0998903547E-003  2.2636272505E+000  2.4443229506E+000  1.5491117911E-003  3.3569158604E-004
   1   -68   0    0 -3.3136225326E-001  7.9900701565E+000  1.3534355604E-004  1.9489771063E+000  2.3449617061E+000  1.6269680562E-004  2.0453369068E+000  2.3243750541E+000  6.0412861268E-004  2.1831754577E+000  2.3561868032E+000  1.6747067418E-003  2.3118350669E+000  2.4474409680E+000  1.8930159703E-003  2.4423357966E+000  2.4992716653E+000  2.0995504987E-003  2.2629854835E+000  2.4439397430E+000  1.5500043609E-003  3.3566696698E-004
   1   -69   0    0 -3.2159868807E-001  7.9899137292E+000  1.3581966646E-004  1.9500536122E+000  2.3452290953E+000  1.6489036927E-004  2.0463723055E+000  2.3246026141E+000  6.0545739670E-004  2.1837152491E+000  2.3562850280E+000  1.6760195039E-003  2.3110297807E+000  2.4470591482E+000  1.8933183663E-003  2.4417496738E+000  2.4987038857E+000  2.0992091965E-003  2.2623450817E+000  2.4435559647E+000  1.5508994401E-003  3.3564228461E-004
   1   -70   0    0 -3.1183578132E-001  7.9897578213E+000  1.3629896761E-004  1.9511300006E+000  2.3454970624E+000  1.6709360217E-004  2.0474110777E+000  2.3248309867E+000  6.0679193923E-004  2.1842549915E+000  2.3563835812E+000  1.6773369877E-003  2.3102225825E+000  2.4466766687E+000  1.8936215442E-003  2.4411620501E+000  2.4981346497E+000  2.0988664939E-003  2.2617062240E+000  2.4431716760E+000  1.5517968946E-003  3.3561754238E-004
   1   -71   0    0 -3.0207345515E-001  7.9896024842E+000  1.3678141218E-004  1.9522061165E+000  2.3457655770E+000  1.6930621474E-004  2.0484530212E+000  2.3250601386E+000  6.0813206394E-004  2.1847946293E+000  2.3564824561E+000  1.6786590094E-003  2.3094136084E+000  2.4462935864E+000  1.8939254587E-003  2.4405730057E+000  2.4975640347E+000  2.0985224371E-003  2.2610690895E+000  2.4427869371E+000  1.5526965913E-003  3.3559274375E-004
   1   -72   0    0 -2.9231163161E-001  7.9894477694E+000  1.3726695225E-004  1.9532818081E+000  2.3460346092E+000  1.7152791671E-004  2.0494979311E+000  2.3252900363E+000  6.0947759409E-004  2.1853341091E+000  2.3565816463E+000  1.6799853858E-003  2.3086029952E+000  2.4459099575E+000  1.8942300646E-003  2.4399826202E+000  2.4969921179E+000  2.0981770723E-003  2.2604338568E+000  2.4424018078E+000  1.5535983972E-003  3.3556789216E-004
   1   -73   0    0 -2.8255023275E-001  7.9892937291E+000  1.3775553925E-004  1.9543569264E+000  2.3463041301E+000  1.7375841710E-004  2.0505456005E+000  2.3255206462E+000  6.1082835261E-004  2.1858733797E+000  2.3566811458E+000  1.6813159333E-003  2.3077908806E+000  2.4455258383E+000  1.8945353169E-003  2.4393909732E+000  2.4964189765E+000  2.0978304455E-003  2.2598007044E+000  2.4420163474E+000  1.5545021800E-003  3.3554299106E-004
   1   -74   0    0 -2.7278918064E-001  7.9891404156E+000  1.3824712395E-004  1.9554313253E+000  2.3465741109E+000  1.7599742417E-004  2.0515958197E+000  2.3257519348E+000  6.1218416198E-004  2.1864123917E+000  2.3567809490E+000  1.6826504689E-003  2.3069774025E+000  2.4451412847E+000  1.8948411709E-003  2.4387981440E+000  2.4958446872E+000  2.0974826030E-003  2.2591698100E+000  2.4416306152E+000  1.5554078082E-003  3.3551804387E-004
   1   -75   0    0 -2.6302839744E-001  7.9889878814E+000  1.3874165643E-004  1.9565048616E+000  2.3468445237E+000  1.7824464535E-004  2.0526483772E+000  2.3259838684E+000  6.1354484425E-004  2.1869510978E+000  2.3568810504E+000  1.6839888095E-003  2.3061626997E+000  2.4447563524E+000  1.8951475818E-003  2.4382042117E+000  2.4952693266E+000  2.0971335911E-003  2.2585413511E+000  2.4412446700E+000  1.5563151504E-003  3.3549305401E-004
   1   -76   0    0 -2.5326780549E-001  7.9888361791E+000  1.3923908605E-004  1.9575773947E+000  2.3471153411E+000  1.8049978717E-004  2.0537030593E+000  2.3262164131E+000  6.1491022099E-004  2.1874894525E+000  2.3569814450E+000  1.6853307719E-003  2.3053469113E+000  2.4443710967E+000  1.8954545054E-003  2.4376092552E+000  2.4946929711E+000  2.0967834563E-003  2.2579155042E+000  2.4408585703E+000  1.5572240760E-003  3.3546802491E-004
   1   -77   0    0 -2.4350732728E-001  7.9886853613E+000  1.3973936143E-004  1.9586487871E+000  2.3473865359E+000  1.8276255512E-004  2.0547596503E+000  2.3264495350E+000  6.1628011319E-004  2.1880274123E+000  2.3570821280E+000  1.6866761731E-003  2.3045301770E+000  2.4439855728E+000  1.8957618974E-003  2.4370133532E+000  2.4941156971E+000  2.0964322450E-003  2.2572924447E+000  2.4404723742E+000  1.5581344548E-003  3.3544295999E-004
   1   -78   0    0 -2.3374688559E-001  7.9885354807E+000  1.4024243040E-004  1.9597189034E+000  2.3476580817E+000  1.8503265361E-004  2.0558179329E+000  2.3266832002E+000  6.1765434122E-004  2.1885649351E+000  2.3571830946E+000  1.6880248301E-003  2.3037126369E+000  2.4435998356E+000  1.8960697136E-003  2.4364165842E+000  2.4935375806E+000  2.0960800038E-003  2.2566723471E+000  2.4400861394E+000  1.5590461569E-003  3.3541786263E-004
   1   -79   0    0 -2.2398640348E-001  7.9883865897E+000  1.4074823999E-004  1.9607876111E+000  2.3479299522E+000  1.8730978579E-004  2.0568776880E+000  2.3269173744E+000  6.1903272477E-004  2.1891019806E+000  2.3572843404E+000  1.6893765593E-003  2.3028944313E+000  2.4432139395E+000  1.8963779101E-003  2.4358190268E+000  2.4929586975E+000  2.0957267794E-003  2.2560553848E+000  2.4396999235E+000  1.5599590528E-003  3.3539273625E-004
   1   -80   0    0 -2.1422580436E-001  7.9882387407E+000  1.4125673636E-004  1.9618547801E+000  2.3482021217E+000  1.8959365340E-004  2.0579386950E+000  2.3271520234E+000  6.2041508272E-004  2.1896385100E+000  2.3573858612E+000  1.6907311774E-003  2.3020757010E+000  2.4428279390E+000  1.8966864430E-003  2.4352207591E+000  2.4923791237E+000  2.0953726188E-003  2.2554417295E+000  2.4393137835E+000  1.5608730135E-003  3.3536758425E-004
   1   -81   0    0 -2.0446501204E-001  7.9880919855E+000  1.4176786475E-004  1.9629202824E+000  2.3484745647E+000  1.9188395667E-004  2.0590007320E+000  2.3273871128E+000  6.2180123309E-004  2.1901744856E+000  2.3574876527E+000  1.6920885005E-003  2.3012565870E+000  2.4424418881E+000  1.8969952686E-003  2.4346218595E+000  2.4917989349E+000  2.0950175691E-003  2.2548315517E+000  2.4389277761E+000  1.5617879101E-003  3.3534241001E-004
   1   -82   0    0 -1.9470395077E-001  7.9879463759E+000  1.4228156949E-004  1.9639839924E+000  2.3487472559E+000  1.9418039414E-004  2.0600635760E+000  2.3276226080E+000  6.2319099294E-004  2.1907098712E+000  2.3575897108E+000  1.6934483443E-003  2.3004372305E+000  2.4420558406E+000  1.8973043432E-003  2.4340224060E+000  2.4912182070E+000  2.0946616775E-003  2.2542250197E+000  2.4385419577E+000  1.5627036138E-003  3.3531721693E-004
   1   -83   0    0 -1.8494254526E-001  7.9878019629E+000  1.4279779388E-004  1.9650457867E+000  2.3490201703E+000  1.9648266251E-004  2.0611270027E+000  2.3278584743E+000  6.2458417826E-004  2.1912446317E+000  2.3576920315E+000  1.6948105241E-003  2.2996177728E+000  2.4416698503E+000  1.8976136232E-003  2.4334224769E+000  2.4906370156E+000  2.0943049916E-003  2.2536223004E+000  2.4381563843E+000  1.5636199963E-003  3.3529200839E-004
   1   -84   0    0 -1.7518072079E-001  7.9876587972E+000  1.4331648019E-004  1.9661055436E+000  2.3492932829E+000  1.9879045646E-004  2.0621907872E+000  2.3280946767E+000  6.2598060387E-004  2.1917787328E+000  2.3577946107E+000  1.6961748546E-003  2.2987983555E+000  2.4412839703E+000  1.8979230651E-003  2.4328221503E+000  2.4900554363E+000  2.0939475590E-003  2.2530235584E+000  2.4377711116E+000  1.5645369290E-003  3.3526678778E-004
   1   -85   0    0 -1.6541840317E-001  7.9875169286E+000  1.4383756960E-004  1.9671631435E+000  2.3495665691E+000  2.0110346848E-004  2.0632547036E+000  2.3283311801E+000  6.2738008335E-004  2.1923121414E+000  2.3578974444E+000  1.6975411498E-003  2.2979791199E+000  2.4408982540E+000  1.8982326252E-003  2.4322215042E+000  2.4894735449E+000  2.0935894279E-003  2.2524289562E+000  2.4373861949E+000  1.5654542836E-003  3.3524155848E-004
   1   -86   0    0 -1.5565551887E-001  7.9873764063E+000  1.4436100216E-004  1.9682184685E+000  2.3498400040E+000  2.0342138874E-004  2.0643185257E+000  2.3285679493E+000  6.2878242891E-004  2.1928448247E+000  2.3580005282E+000  1.6989092228E-003  2.2971602076E+000  2.4405127543E+000  1.8985422601E-003  2.4316206170E+000  2.4888914171E+000  2.0932306466E-003  2.2518386537E+000  2.4370016892E+000  1.5663719316E-003  3.3521632388E-004
   1   -87   0    0 -1.4589199498E-001  7.9872372786E+000  1.4488671672E-004  1.9692714021E+000  2.3501135629E+000  2.0574390489E-004  2.0653820268E+000  2.3288049487E+000  6.3018745129E-004  2.1933767509E+000  2.3581038580E+000  1.7002788861E-003  2.2963417599E+000  2.4401275238E+000  1.8988519261E-003  2.4310195670E+000  2.4883091289E+000  2.0928712638E-003  2.2512528086E+000  2.4366176491E+000  1.5672897446E-003  3.3519108737E-004
   1   -88   0    0 -1.3612775932E-001  7.9870995930E+000  1.4541465088E-004  1.9703218297E+000  2.3503872210E+000  2.0807070191E-004  2.0664449801E+000  2.3290421427E+000  6.3159495968E-004  2.1939078886E+000  2.3582074292E+000  1.7016499510E-003  2.2955239182E+000  2.4397426152E+000  1.8991615798E-003  2.4304184325E+000  2.4877267562E+000  2.0925113284E-003  2.2506715756E+000  2.4362341290E+000  1.5682075938E-003  3.3516585232E-004
   1   -89   0    0 -1.2636274045E-001  7.9869633958E+000  1.4594474097E-004  1.9713696376E+000  2.3506609533E+000  2.1040146196E-004  2.0675071586E+000  2.3292794954E+000  6.3300476163E-004  2.1944382065E+000  2.3583112373E+000  1.7030222279E-003  2.2947068235E+000  2.4393580809E+000  1.8994711774E-003  2.4298172922E+000  2.4871443751E+000  2.0921508900E-003  2.2500951066E+000  2.4358511827E+000  1.5691253505E-003  3.3514062213E-004
   1   -90   0    0 -1.1659686770E-001  7.9868287324E+000  1.4647692198E-004  1.9724147138E+000  2.3509347349E+000  2.1273586424E-004  2.0685683356E+000  2.3295169704E+000  6.3441666294E-004  2.1949676738E+000  2.3584152774E+000  1.7043955261E-003  2.2938906167E+000  2.4389739730E+000  1.8997806752E-003  2.4292162248E+000  2.4865620619E+000  2.0917899982E-003  2.2495235505E+000  2.4354688640E+000  1.5700428855E-003  3.3511540019E-004
   1   -91   0    0 -1.0683007127E-001  7.9866956467E+000  1.4701112753E-004  1.9734569472E+000  2.3512085402E+000  2.1507358484E-004  2.0696282847E+000  2.3297545316E+000  6.3583046758E-004  2.1954962598E+000  2.3585195443E+000  1.7057696534E-003  2.2930754381E+000  2.4385903435E+000  1.9000900295E-003  2.4286153093E+000  2.4859798931E+000  2.0914287034E-003  2.2489570529E+000  2.4350872261E+000  1.5709600695E-003  3.3509018990E-004
   1   -92   0    0 -9.7062282195E-002  7.9865641816E+000  1.4754728981E-004  1.9744962278E+000  2.3514823438E+000  2.1741429660E-004  2.0706867802E+000  2.3299921422E+000  6.3724597765E-004  2.1960239335E+000  2.3586240325E+000  1.7071444168E-003  2.2922614280E+000  2.4382072443E+000  1.9003991963E-003  2.4280146247E+000  2.4853979454E+000  2.0910670561E-003  2.2483957561E+000  2.4347063220E+000  1.5718767726E-003  3.3506499465E-004
   1   -93   0    0 -8.7293432459E-002  7.9864343786E+000  1.4808533956E-004  1.9755324464E+000  2.3517561198E+000  2.1975766903E-004  2.0717435968E+000  2.3302297653E+000  6.3866299327E-004  2.1965506641E+000  2.3587287364E+000  1.7085196217E-003  2.2914487258E+000  2.4378247270E+000  1.9007081315E-003  2.4274142506E+000  2.4848162957E+000  2.0907051075E-003  2.2478397988E+000  2.4343262043E+000  1.5727928647E-003  3.3503981784E-004
   1   -94   0    0 -7.7523454996E-002  7.9863062776E+000  1.4862520601E-004  1.9765654948E+000  2.3520298418E+000  2.2210336821E-004  2.0727985104E+000  2.3304673639E+000  6.4008131253E-004  2.1970764204E+000  2.3588336497E+000  1.7098950720E-003  2.2906374708E+000  2.4374428433E+000  1.9010167911E-003  2.4268142666E+000  2.4842350212E+000  2.0903429092E-003  2.2472893159E+000  2.4339469253E+000  1.5737082154E-003  3.3501466289E-004
   1   -95   0    0 -6.7752283748E-002  7.9861799171E+000  1.4916681688E-004  1.9775952655E+000  2.3523034834E+000  2.2445105667E-004  2.0738512978E+000  2.3307049005E+000  6.4150073145E-004  2.1976011707E+000  2.3589387659E+000  1.7112705703E-003  2.2898278015E+000  2.4370616445E+000  1.9013251307E-003  2.4262147526E+000  2.4836541994E+000  2.0899805132E-003  2.2467444385E+000  2.4335685369E+000  1.5746226936E-003  3.3498953320E-004
   1   -96   0    0 -5.7979853709E-002  7.9860553340E+000  1.4971009831E-004  1.9786216515E+000  2.3525770172E+000  2.2680039334E-004  2.0749017372E+000  2.3309423377E+000  6.4292104395E-004  2.1981248830E+000  2.3590440780E+000  1.7126459180E-003  2.2890198556E+000  2.4366811819E+000  1.9016331061E-003  2.4256157889E+000  2.4830739078E+000  2.0896179721E-003  2.2462052939E+000  2.4331910908E+000  1.5755361680E-003  3.3496443220E-004
   1   -97   0    0 -4.8206100963E-002  7.9859325636E+000  1.5025497488E-004  1.9796445465E+000  2.3528504158E+000  2.2915103351E-004  2.0759496082E+000  2.3311796374E+000  6.4434204177E-004  2.1986475248E+000  2.3591495786E+000  1.7140209145E-003  2.2882137703E+000  2.4363015064E+000  1.9019406725E-003  2.4250174559E+000  2.4824942247E+000  2.0892553389E-003  2.2456720047E+000  2.4328146382E+000  1.5764485066E-003  3.3493936330E-004
   1   -98   0    0 -3.8430962733E-002  7.9858116392E+000  1.5080136954E-004  1.9806638446E+000  2.3531236512E+000  2.3150262881E-004  2.0769946922E+000  2.3314167618E+000  6.4576351453E-004  2.1991690628E+000  2.3592552597E+000  1.7153953580E-003  2.2874096818E+000  2.4359226690E+000  1.9022477853E-003  2.4244198344E+000  2.4819152282E+000  2.0888926672E-003  2.2451446897E+000  2.4324392301E+000  1.5773595771E-003  3.3491432993E-004
   1   -99   0    0 -2.8654377423E-002  7.9856925927E+000  1.5134920362E-004  1.9816794404E+000  2.3533966946E+000  2.3385482717E-004  2.0780367722E+000  2.3316536724E+000  6.4718524965E-004  2.1996894629E+000  2.3593611128E+000  1.7167690452E-003  2.2866077255E+000  2.4355447206E+000  1.9025543996E-003  2.4238230056E+000  2.4813369969E+000  2.0885300111E-003  2.2446234629E+000  2.4320649170E+000  1.5782692467E-003  3.3488933552E-004
   1  -100   0    0 -1.8876284660E-002  7.9855754539E+000  1.5189839684E-004  1.9826912289E+000  2.3536695170E+000  2.3620727283E-004  2.0790756335E+000  2.3318903308E+000  6.4860703240E-004  2.2002086905E+000  2.3594671291E+000  1.7181417713E-003  2.2858080358E+000  2.4351677116E+000  1.9028604706E-003  2.4232270509E+000  2.4807596096E+000  2.0881674251E-003  2.2441084339E+000  2.4316917491E+000  1.5791773821E-003  3.3486438352E-004
   1  -101   0    0 -9.0966253359E-003  7.9854602507E+000  1.5244886726E-004  1.9836991053E+000  2.3539420885E+000  2.3855960640E-004  2.0801110634E+000  2.3321266983E+000  6.5002864590E-004  2.2007267096E+000  2.3595732990E+000  1.7195133300E-003  2.2850107462E+000  2.4347916925E+000  1.9031659530E-003  2.4226320519E+000  2.4801831457E+000  2.0878049643E-003  2.2435997073E+000  2.4313197764E+000  1.5800838496E-003  3.3483947736E-004
   1  -102   0    0  6.8465834651E-004  7.9853470091E+000  1.5300053131E-004  1.9847029651E+000  2.3542143788E+000  2.4091146487E-004  2.0811428517E+000  2.3323627360E+000  6.5144987116E-004  2.2012434838E+000  2.3596796125E+000  1.7208835134E-003  2.2842159888E+000  2.4344167137E+000  1.9034708016E-003  2.4220380906E+000  2.4796076844E+000  2.0874426843E-003  2.2430973830E+000  2.4309490483E+000  1.5809885149E-003  3.3481462049E-004
   1  -103   0    0  1.0467622835E-002  7.9852357532E+000  1.5355330377E-004  1.9857027041E+000  2.3544863571E+000  2.4326248174E-004  2.0821707909E+000  2.3325984049E+000  6.5287048711E-004  2.2017589752E+000  2.3597860588E+000  1.7222521124E-003  2.2834238947E+000  2.4340428251E+000  1.9037749711E-003  2.4214452494E+000  2.4790333055E+000  2.0870806410E-003  2.2426015560E+000  2.4305796139E+000  1.5818912437E-003  3.3478981635E-004
   1  -104   0    0  2.0252323187E-002  7.9851265050E+000  1.5410709780E-004  1.9866982183E+000  2.3547579916E+000  2.4561228704E-004  2.0831946760E+000  2.3328336656E+000  6.5429027068E-004  2.2022731452E+000  2.3598926269E+000  1.7236189165E-003  2.2826345937E+000  2.4336700767E+000  1.9040784161E-003  2.4208536106E+000  2.4784600888E+000  2.0867188910E-003  2.2421123161E+000  2.4302115218E+000  1.5827919010E-003  3.3476506839E-004
   1  -105   0    0  3.0038813027E-002  7.9850192844E+000  1.5466182496E-004  1.9876894039E+000  2.3550292502E+000  2.4796050751E-004  2.0842143050E+000  2.3330684789E+000  6.5570899686E-004  2.2027859539E+000  2.3599993050E+000  1.7249837141E-003  2.2818482143E+000  2.4332985181E+000  1.9043810909E-003  2.4202632571E+000  2.4778881147E+000  2.0863574913E-003  2.2416297478E+000  2.4298448204E+000  1.5836903517E-003  3.3474038008E-004
   1  -106   0    0  3.9827144509E-002  7.9849141093E+000  1.5521739520E-004  1.9886761574E+000  2.3553001001E+000  2.5030676670E-004  2.0852294791E+000  2.3333028053E+000  6.5712643875E-004  2.2032973603E+000  2.3601060805E+000  1.7263462920E-003  2.2810648835E+000  2.4329281989E+000  1.9046829501E-003  2.4196742718E+000  2.4773174634E+000  2.0859964991E-003  2.2411539305E+000  2.4294795575E+000  1.5845864602E-003  3.3471575484E-004
   1  -107   0    0  4.9617368280E-002  7.9848109954E+000  1.5577371693E-004  1.9896583754E+000  2.3555705077E+000  2.5265068512E-004  2.0862400025E+000  2.3335366053E+000  6.5854236773E-004  2.2038073223E+000  2.3602129406E+000  1.7277064363E-003  2.2802847268E+000  2.4325591682E+000  1.9049839478E-003  2.4190867377E+000  2.4767482155E+000  2.0856359723E-003  2.2406849381E+000  2.4291157806E+000  1.5854800911E-003  3.3469119615E-004
   1  -108   0    0  5.9409533439E-002  7.9847099564E+000  1.5633069702E-004  1.9906359548E+000  2.3558404392E+000  2.5499188047E-004  2.0872456831E+000  2.3337698392E+000  6.5995655346E-004  2.2043157965E+000  2.3603198717E+000  1.7290639319E-003  2.2795078683E+000  2.4321914751E+000  1.9052840386E-003  2.4185007383E+000  2.4761804517E+000  2.0852759690E-003  2.2402228391E+000  2.4287535366E+000  1.5863711086E-003  3.3466670744E-004
   1  -109   0    0  6.9203687507E-002  7.9846110038E+000  1.5688824084E-004  1.9916087927E+000  2.3561098596E+000  2.5732996776E-004  2.0882463320E+000  2.3340024675E+000  6.6136876413E-004  2.2048227386E+000  2.3604268596E+000  1.7304185630E-003  2.2787344302E+000  2.4318251682E+000  1.9055831768E-003  2.4179163569E+000  2.4756142529E+000  2.0849165477E-003  2.2397676964E+000  2.4283928722E+000  1.5872593770E-003  3.3464229216E-004
   1  -110   0    0  7.8999876389E-002  7.9845141470E+000  1.5744625232E-004  1.9925767865E+000  2.3563787339E+000  2.5966455961E-004  2.0892417643E+000  2.3342344503E+000  6.6277876645E-004  2.2053281026E+000  2.3605338897E+000  1.7317701127E-003  2.2779645333E+000  2.4314602961E+000  1.9058813166E-003  2.4173336770E+000  2.4750496998E+000  2.0845577672E-003  2.2393195674E+000  2.4280338332E+000  1.5881447605E-003  3.3461795376E-004
   1  -111   0    0  8.8798144344E-002  7.9844193933E+000  1.5800463401E-004  1.9935398340E+000  2.3566470262E+000  2.6199526640E-004  2.0902317988E+000  2.3344657482E+000  6.6418632592E-004  2.2058318419E+000  2.3606409466E+000  1.7331183639E-003  2.2771982963E+000  2.4310969068E+000  1.9061784126E-003  2.4167527821E+000  2.4744868735E+000  2.0841996865E-003  2.2388785040E+000  2.4276764652E+000  1.5890271234E-003  3.3459369565E-004
   1  -112   0    0  9.8598533953E-002  7.9843267478E+000  1.5856328709E-004  1.9944978332E+000  2.3569147001E+000  2.6432169659E-004  2.0912162581E+000  2.3346963214E+000  6.6559120689E-004  2.2063339083E+000  2.3607480145E+000  1.7344630986E-003  2.2764358364E+000  2.4307350482E+000  1.9064744192E-003  2.4161737557E+000  2.4739258548E+000  2.0838423650E-003  2.2384445521E+000  2.4273208134E+000  1.5899063306E-003  3.3456952128E-004
   1  -113   0    0  1.0840108609E-001  7.9842362137E+000  1.5912211146E-004  1.9954506827E+000  2.3571817186E+000  2.6664345695E-004  2.0921949690E+000  2.3349261306E+000  6.6699317277E-004  2.2068342527E+000  2.3608550771E+000  1.7358040989E-003  2.2756772685E+000  2.4303747678E+000  1.9067692911E-003  2.4155966813E+000  2.4733667246E+000  2.0834858622E-003  2.2380177523E+000  2.4269669221E+000  1.5907822468E-003  3.3454543406E-004
   1  -114   0    0  1.1820583991E-001  7.9841477919E+000  1.5968100584E-004  1.9963982813E+000  2.3574480445E+000  2.6896015287E-004  2.0931677626E+000  2.3351551363E+000  6.6839198618E-004  2.2073328248E+000  2.3609621173E+000  1.7371411465E-003  2.2749227058E+000  2.4300161126E+000  1.9070629832E-003  2.4150216422E+000  2.4728095638E+000  2.0831302377E-003  2.2375981392E+000  2.4266148354E+000  1.5916547373E-003  3.3452143738E-004
   1  -115   0    0  1.2801283279E-001  7.9840614813E+000  1.6023986775E-004  1.9973405287E+000  2.3577136397E+000  2.7127138864E-004  2.0941344741E+000  2.3353832992E+000  6.6978740913E-004  2.2078295732E+000  2.3610691179E+000  1.7384740230E-003  2.2741722594E+000  2.4296591294E+000  1.9073554503E-003  2.4144487216E+000  2.4722544529E+000  2.0827755512E-003  2.2371857419E+000  2.4262645965E+000  1.5925236682E-003  3.3449753465E-004
   1  -116   0    0  1.3782210035E-001  7.9839772788E+000  1.6079859367E-004  1.9982773249E+000  2.3579784662E+000  2.7357676777E-004  2.0950949431E+000  2.3356105804E+000  6.7117920324E-004  2.2083244455E+000  2.3611760609E+000  1.7398025103E-003  2.2734260382E+000  2.4293038644E+000  1.9076466478E-003  2.4138780026E+000  2.4717014723E+000  2.0824218627E-003  2.2367805836E+000  2.4259162482E+000  1.5933889058E-003  3.3447372923E-004
   1  -117   0    0  1.4763367640E-001  7.9838951794E+000  1.6135707909E-004  1.9992085708E+000  2.3582424851E+000  2.7587589330E-004  2.0960490139E+000  2.3358369409E+000  6.7256712989E-004  2.2088173882E+000  2.3612829280E+000  1.7411263907E-003  2.2726841492E+000  2.4289503636E+000  1.9079365311E-003  2.4133095677E+000  2.4711507022E+000  2.0820692319E-003  2.2363826822E+000  2.4255698328E+000  1.5942503173E-003  3.3445002447E-004
   1  -118   0    0  1.5744759293E-001  7.9838151759E+000  1.6191521856E-004  2.0001341678E+000  2.3585056575E+000  2.7816836817E-004  2.0969965352E+000  2.3360623422E+000  6.7395095043E-004  2.2093083471E+000  2.3613897004E+000  1.7424454470E-003  2.2719466969E+000  2.4285986723E+000  1.9082250560E-003  2.4127434996E+000  2.4706022225E+000  2.0817177185E-003  2.2359920495E+000  2.4252253918E+000  1.5951077708E-003  3.3442642373E-004
   1  -119   0    0  1.6726388011E-001  7.9837372595E+000  1.6247290585E-004  2.0010540183E+000  2.3587679440E+000  2.8045379552E-004  2.0979373604E+000  2.3362867460E+000  6.7533042643E-004  2.2097972669E+000  2.3614963589E+000  1.7437594626E-003  2.2712137836E+000  2.4282488355E+000  1.9085121786E-003  2.4121798800E+000  2.4700561127E+000  2.0813673824E-003  2.2356086921E+000  2.4248829659E+000  1.5959611354E-003  3.3440293030E-004
   1  -120   0    0  1.7708256627E-001  7.9836614192E+000  1.6303003397E-004  2.0019680256E+000  2.3590293050E+000  2.8273177908E-004  2.0988713475E+000  2.3365101143E+000  6.7670531985E-004  2.2102840915E+000  2.3616028841E+000  1.7450682220E-003  2.2704855094E+000  2.4279008974E+000  1.9087978555E-003  2.4116187907E+000  2.4695124517E+000  2.0810182830E-003  2.2352326108E+000  2.4245425955E+000  1.5968102812E-003  3.3437954749E-004
   1  -121   0    0  1.8690367787E-001  7.9835876425E+000  1.6358649530E-004  2.0028760941E+000  2.3592897008E+000  2.8500192353E-004  2.0997983595E+000  2.3367324095E+000  6.7807539325E-004  2.2107687642E+000  2.3617092559E+000  1.7463715108E-003  2.2697619718E+000  2.4275549020E+000  1.9090820437E-003  2.4110603126E+000  2.4689713181E+000  2.0806704797E-003  2.2348638009E+000  2.4242043201E+000  1.5976550793E-003  3.3435627855E-004
   1  -122   0    0  1.9672723952E-001  7.9835159149E+000  1.6414218167E-004  2.0037781291E+000  2.3595490914E+000  2.8726383482E-004  2.1007182641E+000  2.3369535945E+000  6.7944041005E-004  2.2112512275E+000  2.3618154542E+000  1.7476691157E-003  2.2690432662E+000  2.4272108925E+000  1.9093647004E-003  2.4105045263E+000  2.4684327900E+000  2.0803240316E-003  2.2345022525E+000  2.4238681785E+000  1.5984954026E-003  3.3433312672E-004
   1  -123   0    0  2.0655327396E-001  7.9834462203E+000  1.6469698450E-004  2.0046740373E+000  2.3598074366E+000  2.8951712062E-004  2.1016309339E+000  2.3371736323E+000  6.8080013473E-004  2.2117314233E+000  2.3619214584E+000  1.7489608252E-003  2.2683294852E+000  2.4268689115E+000  1.9096457836E-003  2.4099515115E+000  2.4678969446E+000  2.0799789974E-003  2.2341479502E+000  2.4235342087E+000  1.5993311250E-003  3.3431009520E-004
   1  -124   0    0  2.1638180207E-001  7.9833785410E+000  1.6525079484E-004  2.0055637266E+000  2.3600646963E+000  2.9176139060E-004  2.1025362464E+000  2.3373924868E+000  6.8215433304E-004  2.2122092931E+000  2.3620272479E+000  1.7502464293E-003  2.2676207192E+000  2.4265290010E+000  1.9099252519E-003  2.4094013473E+000  2.4673638587E+000  2.0796354356E-003  2.2338008734E+000  2.4232024480E+000  1.6001621223E-003  3.3428718716E-004
   1  -125   0    0  2.2621284284E-001  7.9833128576E+000  1.6580350353E-004  2.0064471062E+000  2.3603208304E+000  2.9399625691E-004  2.1034340842E+000  2.3376101221E+000  6.8350277227E-004  2.2126847779E+000  2.3621328016E+000  1.7515257200E-003  2.2669170559E+000  2.4261912025E+000  1.9102030641E-003  2.4088541122E+000  2.4668336082E+000  2.0792934042E-003  2.2334609965E+000  2.4228729330E+000  1.6009882715E-003  3.3426440573E-004
   1  -126   0    0  2.3604641342E-001  7.9832491494E+000  1.6635500127E-004  2.0073240869E+000  2.3605757987E+000  2.9622133448E-004  2.1043243347E+000  2.3378265030E+000  6.8484522142E-004  2.2131578183E+000  2.3622380984E+000  1.7527984914E-003  2.2662185802E+000  2.4258555566E+000  1.9104791799E-003  2.4083098836E+000  2.4663062682E+000  2.0789529607E-003  2.2331282886E+000  2.4225456995E+000  1.6018094520E-003  3.3424175400E-004
   1  -127   0    0  2.4588252907E-001  7.9831873941E+000  1.6690517875E-004  2.0081945811E+000  2.3608295612E+000  2.9843624142E-004  2.1052068904E+000  2.3380415948E+000  6.8618145148E-004  2.2136283547E+000  2.3623431169E+000  1.7540645401E-003  2.2655253749E+000  2.4255221033E+000  1.9107535597E-003  2.4077687380E+000  2.4657819129E+000  2.0786141620E-003  2.2328027142E+000  2.4222207823E+000  1.6026255446E-003  3.3421923503E-004
   1  -128   0    0  2.5572120321E-001  7.9831275679E+000  1.6745392677E-004  2.0090585027E+000  2.3610820779E+000  3.0064059941E-004  2.1060816488E+000  2.3382553634E+000  6.8751123563E-004  2.2140963274E+000  2.3624478359E+000  1.7553236649E-003  2.2648375197E+000  2.4251908817E+000  1.9110261645E-003  2.4072307512E+000  2.4652606157E+000  2.0782770645E-003  2.2324842329E+000  2.4218982156E+000  1.6034364324E-003  3.3419685183E-004
   1  -129   0    0  2.6556244743E-001  7.9830696460E+000  1.6800113630E-004  2.0099157676E+000  2.3613333092E+000  3.0283403408E-004  2.1069485123E+000  2.3384677753E+000  6.8883434945E-004  2.2145616764E+000  2.3625522337E+000  1.7565756676E-003  2.2641550919E+000  2.4248619304E+000  1.9112969560E-003  2.4066959976E+000  2.4647424488E+000  2.0779417240E-003  2.2321727996E+000  2.4215780327E+000  1.6042420006E-003  3.3417460736E-004
   1  -130   0    0  2.7540627145E-001  7.9830136021E+000  1.6854669865E-004  2.0107662935E+000  2.3615832156E+000  3.0501617535E-004  2.1078073885E+000  2.3386787979E+000  6.9015057117E-004  2.2150243421E+000  2.3626562888E+000  1.7578203526E-003  2.2634781659E+000  2.4245352870E+000  1.9115658966E-003  2.4061645507E+000  2.4642274834E+000  2.0776081955E-003  2.2318683648E+000  2.4212602658E+000  1.6050421366E-003  3.3415250453E-004
   1  -131   0    0  2.8525268320E-001  7.9829594091E+000  1.6909050554E-004  2.0116099998E+000  2.3618317580E+000  3.0718665782E-004  2.1086581899E+000  2.3388883990E+000  6.9145968189E-004  2.2154842646E+000  2.3627599798E+000  1.7590575277E-003  2.2628068135E+000  2.4242109882E+000  1.9118329498E-003  2.4056364828E+000  2.4637157895E+000  2.0772765332E-003  2.2315708747E+000  2.4209449466E+000  1.6058367300E-003  3.3413054622E-004
   1  -132   0    0  2.9510168880E-001  7.9829070383E+000  1.6963244925E-004  2.0124468084E+000  2.3620788975E+000  3.0934512114E-004  2.1095008339E+000  2.3390965474E+000  6.9276146577E-004  2.2159413845E+000  2.3628632850E+000  1.7602870039E-003  2.2621411037E+000  2.4238890702E+000  1.9120980796E-003  2.4051118649E+000  2.4632074361E+000  2.0769467907E-003  2.2312802712E+000  2.4206321055E+000  1.6066256732E-003  3.3410873522E-004
   1  -133   0    0  3.0495329259E-001  7.9828564605E+000  1.7017242269E-004  2.0132766430E+000  2.3623245957E+000  3.1149121033E-004  2.1103352431E+000  2.3393032124E+000  6.9405571026E-004  2.2163956427E+000  2.3629661831E+000  1.7615085956E-003  2.2614811028E+000  2.4235695679E+000  1.9123612511E-003  2.4045907668E+000  2.4627024906E+000  2.0766190205E-003  2.2309964924E+000  2.4203217723E+000  1.6074088609E-003  3.3408707430E-004
   1  -134   0    0  3.1480749715E-001  7.9828076453E+000  1.7071031953E-004  2.0140994295E+000  2.3625688148E+000  3.1362457616E-004  2.1111613448E+000  2.3395083643E+000  6.9534220631E-004  2.2168469803E+000  2.3630686526E+000  1.7627221208E-003  2.2608268742E+000  2.4232525157E+000  1.9126224303E-003  2.4040732567E+000  2.4622010195E+000  2.0762932743E-003  2.2307194722E+000  2.4200139756E+000  1.6081861905E-003  3.3406556616E-004
   1  -135   0    0  3.2466430330E-001  7.9827605616E+000  1.7124603432E-004  2.0149150964E+000  2.3628115172E+000  3.1574487547E-004  2.1119790714E+000  2.3397119741E+000  6.9662074856E-004  2.2172953391E+000  2.3631706723E+000  1.7639274015E-003  2.2601784785E+000  2.4229379466E+000  1.9128815839E-003  2.4035594016E+000  2.4617030875E+000  2.0759696029E-003  2.2304491411E+000  2.4197087433E+000  1.6089575622E-003  3.3404421342E-004
   1  -136   0    0  3.3452371018E-001  7.9827151773E+000  1.7177946259E-004  2.0157235743E+000  2.3630526662E+000  3.1785177153E-004  2.1127883600E+000  2.3399140137E+000  6.9789113555E-004  2.2177406615E+000  2.3632722213E+000  1.7651242635E-003  2.2595359738E+000  2.4226258932E+000  1.9131386799E-003  2.4030492669E+000  2.4612087580E+000  2.0756480559E-003  2.2301854262E+000  2.4194061022E+000  1.6097228789E-003  3.3402301868E-004
   1  -137   0    0  3.4438571523E-001  7.9826714599E+000  1.7231050095E-004  2.0165247964E+000  2.3632922254E+000  3.1994493431E-004  2.1135891526E+000  2.3401144559E+000  6.9915316991E-004  2.2181828903E+000  2.3633732785E+000  1.7663125369E-003  2.2588994150E+000  2.4223163867E+000  1.9133936871E-003  2.4025429165E+000  2.4607180931E+000  2.0753286820E-003  2.2299282508E+000  2.4191060780E+000  1.6104820467E-003  3.3400198444E-004
   1  -138   0    0  3.5425031422E-001  7.9826293759E+000  1.7283904721E-004  2.0173186984E+000  2.3635301592E+000  3.2202404084E-004  2.1143813960E+000  2.3403132741E+000  7.0040665853E-004  2.2186219694E+000  2.3634738235E+000  1.7674920559E-003  2.2582688543E+000  2.4220094575E+000  1.9136465752E-003  2.4020404126E+000  2.4602311531E+000  2.0750115288E-003  2.2296775356E+000  2.4188086956E+000  1.6112349743E-003  3.3398111314E-004
   1  -139   0    0  3.6411750132E-001  7.9825888917E+000  1.7336500047E-004  2.0181052187E+000  2.3637664327E+000  3.2408877549E-004  2.1151650417E+000  2.3405104430E+000  7.0165141276E-004  2.2190578435E+000  2.3635738357E+000  1.7686626594E-003  2.2576443412E+000  2.4217051348E+000  1.9138973153E-003  2.4015418160E+000  2.4597479967E+000  2.0746966426E-003  2.2294331981E+000  2.4185139788E+000  1.6119815737E-003  3.3396040717E-004
   1  -140   0    0  3.7398726909E-001  7.9825499729E+000  1.7388826124E-004  2.0188842982E+000  2.3640010118E+000  3.2613883022E-004  2.1159400459E+000  2.3407059380E+000  7.0288724856E-004  2.2194904581E+000  2.3636732951E+000  1.7698241906E-003  2.2570259222E+000  2.4214034471E+000  1.9141458792E-003  2.4010471853E+000  2.4592686811E+000  2.0743840687E-003  2.2291951529E+000  2.4182219503E+000  1.6127217601E-003  3.3393986883E-004
   1  -141   0    0  3.8385960854E-001  7.9825125848E+000  1.7440873151E-004  2.0196558806E+000  2.3642338629E+000  3.2817390494E-004  2.1167063694E+000  2.3408997354E+000  7.0411398667E-004  2.2199197598E+000  2.3637721819E+000  1.7709764977E-003  2.2564136411E+000  2.4211044215E+000  1.9143922400E-003  2.4005565779E+000  2.4587932616E+000  2.0740738511E-003  2.2289633122E+000  2.4179326320E+000  1.6134554519E-003  3.3391950035E-004
   1  -142   0    0  3.9373450915E-001  7.9824766923E+000  1.7492631490E-004  2.0204199126E+000  2.3644649536E+000  3.3019370770E-004  2.1174639775E+000  2.3410918126E+000  7.0533145280E-004  2.2203456965E+000  2.3638704767E+000  1.7721194335E-003  2.2558075388E+000  2.4208080842E+000  1.9146363718E-003  2.4000700489E+000  2.4583217920E+000  2.0737660324E-003  2.2287375859E+000  2.4176460445E+000  1.6141825705E-003  3.3389930391E-004
   1  -143   0    0  4.0361195892E-001  7.9824422601E+000  1.7544091670E-004  2.0211763434E+000  2.3646942520E+000  3.3219795494E-004  2.1182128403E+000  2.3412821480E+000  7.0653947770E-004  2.2207682171E+000  2.3639681604E+000  1.7732528559E-003  2.2552076533E+000  2.4205144602E+000  1.9148782499E-003  2.3995876518E+000  2.4578543239E+000  2.0734606542E-003  2.2285178815E+000  2.4173622075E+000  1.6149030408E-003  3.3387928158E-004
   1  -144   0    0  4.1349194440E-001  7.9824092526E+000  1.7595244398E-004  2.0219251252E+000  2.3649217275E+000  3.3418637177E-004  2.1189529318E+000  2.3414707206E+000  7.0773789738E-004  2.2211872718E+000  2.3640652143E+000  1.7743766277E-003  2.2546140200E+000  2.4202235735E+000  1.9151178508E-003  2.3991094382E+000  2.4573909075E+000  2.0731577564E-003  2.2283041044E+000  2.4170811395E+000  1.6156167913E-003  3.3385943537E-004
   1  -145   0    0  4.2337445076E-001  7.9823776342E+000  1.7646080569E-004  2.0226662135E+000  2.3651473500E+000  3.3615869216E-004  2.1196842307E+000  2.3416575109E+000  7.0892655321E-004  2.2216028121E+000  2.3641616202E+000  1.7754906172E-003  2.2540266714E+000  2.4199354470E+000  1.9153551519E-003  2.3986354577E+000  2.4569315908E+000  2.0728573778E-003  2.2280961584E+000  2.4168028581E+000  1.6163237535E-003  3.3383976722E-004
   1  -146   0    0  4.3325946177E-001  7.9823473690E+000  1.7696591275E-004  2.0233995662E+000  2.3653710906E+000  3.3811465914E-004  2.1204067200E+000  2.3418425002E+000  7.1010529201E-004  2.2220147912E+000  2.3642573602E+000  1.7765946976E-003  2.2534456371E+000  2.4196501023E+000  1.9155901321E-003  2.3981657578E+000  2.4564764201E+000  2.0725595558E-003  2.2278939455E+000  2.4165273797E+000  1.6170238627E-003  3.3382027897E-004
   1  -147   0    0  4.4314695991E-001  7.9823184215E+000  1.7746767809E-004  2.0241251446E+000  2.3655929213E+000  3.4005402503E-004  2.1211203867E+000  2.3420256706E+000  7.1127396622E-004  2.2224231635E+000  2.3643524171E+000  1.7776887477E-003  2.2528709441E+000  2.4193675599E+000  1.9158227712E-003  2.3977003842E+000  2.4560254394E+000  2.0722643261E-003  2.2276973663E+000  2.4162547197E+000  1.6177170574E-003  3.3380097239E-004
   1  -148   0    0  4.5303692635E-001  7.9822907556E+000  1.7796601680E-004  2.0248429130E+000  2.3658128153E+000  3.4197655156E-004  2.1218252220E+000  2.3422070055E+000  7.1243243395E-004  2.2228278850E+000  2.3644467738E+000  1.7787726517E-003  2.2523026165E+000  2.4190878392E+000  1.9160530504E-003  2.3972393805E+000  2.4555786912E+000  2.0719717234E-003  2.2275063199E+000  2.4159848923E+000  1.6184032799E-003  3.3378184918E-004
   1  -149   0    0  4.6292934106E-001  7.9822643359E+000  1.7846084611E-004  2.0255528387E+000  2.3660307466E+000  3.4388201008E-004  2.1225212211E+000  2.3423864892E+000  7.1358055914E-004  2.2232289134E+000  2.3645404142E+000  1.7798462990E-003  2.2517406756E+000  2.4188109584E+000  1.9162809520E-003  2.3967827880E+000  2.4551362156E+000  2.0716817805E-003  2.2273207046E+000  2.4157179106E+000  1.6190824758E-003  3.3376291093E-004
   1  -150   0    0  4.7282418282E-001  7.9822391268E+000  1.7895208556E-004  2.0262548922E+000  2.3662466904E+000  3.4577018165E-004  2.1232083834E+000  2.3425641070E+000  7.1471821156E-004  2.2236262079E+000  2.3646333222E+000  1.7809095849E-003  2.2511851402E+000  2.4185369346E+000  1.9165064594E-003  2.3963306461E+000  2.4546980508E+000  2.0713945290E-003  2.2271404174E+000  2.4154537867E+000  1.6197545945E-003  3.3374415916E-004
   1  -151   0    0  4.8272142925E-001  7.9822150929E+000  1.7943965699E-004  2.0269490469E+000  2.3664606230E+000  3.4764085725E-004  2.1238867118E+000  2.3427398453E+000  7.1584526696E-004  2.2240197297E+000  2.3647254826E+000  1.7819624102E-003  2.2506360263E+000  2.4182657834E+000  1.9167295574E-003  2.3958829921E+000  2.4542642330E+000  2.0711099988E-003  2.2269653548E+000  2.4151925316E+000  1.6204195888E-003  3.3372559530E-004
   1  -152   0    0  4.9262105689E-001  7.9821921992E+000  1.7992348466E-004  2.0276352795E+000  2.3666725217E+000  3.4949383781E-004  2.1245562132E+000  2.3429136916E+000  7.1696160711E-004  2.2244094415E+000  2.3648168805E+000  1.7830046813E-003  2.2500933471E+000  2.4179975196E+000  1.9169502318E-003  2.3954398610E+000  2.4538347961E+000  2.0708282185E-003  2.2267954125E+000  2.4149341552E+000  1.6210774151E-003  3.3370722071E-004
   1  -153   0    0  5.0252304125E-001  7.9821704109E+000  1.8040349524E-004  2.0283135698E+000  2.3668823650E+000  3.5132893437E-004  2.1252168982E+000  2.3430856341E+000  7.1806711985E-004  2.2247953079E+000  2.3649075019E+000  1.7840363103E-003  2.2495571132E+000  2.4177321565E+000  1.9171684699E-003  2.3950012858E+000  2.4534097721E+000  2.0705492149E-003  2.2266304858E+000  2.4146786662E+000  1.6217280334E-003  3.3368903664E-004
   1  -154   0    0  5.1242735682E-001  7.9821496935E+000  1.8087961794E-004  2.0289839008E+000  2.3670901325E+000  3.5314596812E-004  2.1258687809E+000  2.3432556624E+000  7.1916169914E-004  2.2251772953E+000  2.3649973329E+000  1.7850572150E-003  2.2490273327E+000  2.4174697063E+000  1.9173842598E-003  2.3945672971E+000  2.4529891909E+000  2.0702730134E-003  2.2264704696E+000  2.4144260722E+000  1.6223714075E-003  3.3367104426E-004
   1  -155   0    0  5.2233397716E-001  7.9821300129E+000  1.8135178451E-004  2.0296462584E+000  2.3672958050E+000  3.5494477050E-004  2.1265118789E+000  2.3434237668E+000  7.2024524510E-004  2.2255553721E+000  2.3650863605E+000  1.7860673189E-003  2.2485040109E+000  2.4172101801E+000  1.9175975913E-003  2.3941379235E+000  2.4525730801E+000  2.0699996379E-003  2.2263152587E+000  2.4141763798E+000  1.6230075044E-003  3.3365324466E-004
   1  -156   0    0  5.3224287494E-001  7.9821113355E+000  1.8181992930E-004  2.0303006320E+000  2.3674993645E+000  3.5672518324E-004  2.1271462134E+000  2.3435899390E+000  7.2131766405E-004  2.2259295086E+000  2.3651745724E+000  1.7870665513E-003  2.2479871508E+000  2.4169535876E+000  1.9178084549E-003  2.3937131912E+000  2.4521614653E+000  2.0697291107E-003  2.2261647480E+000  2.4139295945E+000  1.6236362950E-003  3.3363563883E-004
   1  -157   0    0  5.4215402195E-001  7.9820936278E+000  1.8228398929E-004  2.0309470136E+000  2.3677007941E+000  3.5848705836E-004  2.1277718088E+000  2.3437541712E+000  7.2237886852E-004  2.2262996768E+000  2.3652619564E+000  1.7880548472E-003  2.2474767526E+000  2.4166999373E+000  1.9180168426E-003  2.3932931244E+000  2.4517543699E+000  2.0694614524E-003  2.2260188322E+000  2.4136857206E+000  1.6242577535E-003  3.3361822769E-004
   1  -158   0    0  5.5206738923E-001  7.9820768572E+000  1.8274390416E-004  2.0315853989E+000  2.3679000780E+000  3.6023025825E-004  2.1283886928E+000  2.3439164571E+000  7.2342877726E-004  2.2266658509E+000  2.3653485015E+000  1.7890321472E-003  2.2469728142E+000  2.4164492367E+000  1.9182227476E-003  2.3928777450E+000  2.4513518152E+000  2.0691966822E-003  2.2258774065E+000  2.4134447614E+000  1.6248718578E-003  3.3360101205E-004
   1  -159   0    0  5.6198294702E-001  7.9820609913E+000  1.8319961626E-004  2.0322157862E+000  2.3680972018E+000  3.6195465564E-004  2.1289968961E+000  2.3440767910E+000  7.2446731524E-004  2.2270280071E+000  2.3654341969E+000  1.7899983978E-003  2.2464753308E+000  2.4162014919E+000  1.9184261640E-003  2.3924670727E+000  2.4509538202E+000  2.0689348178E-003  2.2257403664E+000  2.4132067191E+000  1.6254785893E-003  3.3358399264E-004
   1  -160   0    0  5.7190066492E-001  7.9820459984E+000  1.8365107071E-004  2.0328381771E+000  2.3682921520E+000  3.6366013360E-004  2.1295964525E+000  2.3442351685E+000  7.2549441364E-004  2.2273861234E+000  2.3655190325E+000  1.7909535512E-003  2.2459842955E+000  2.4159567079E+000  1.9186270874E-003  2.3920611249E+000  2.4505604021E+000  2.0686758751E-003  2.2256076079E+000  2.4129715949E+000  1.6260779328E-003  3.3356717010E-004
   1  -161   0    0  5.8182051182E-001  7.9820318472E+000  1.8409821537E-004  2.0334525760E+000  2.3684849165E+000  3.6534658551E-004  2.1301873990E+000  2.3443915858E+000  7.2651000986E-004  2.2277401800E+000  2.3656029988E+000  1.7918975650E-003  2.2454996988E+000  2.4157148884E+000  1.9188255143E-003  2.3916599169E+000  2.4501715756E+000  2.0684198686E-003  2.2254790276E+000  2.4127393887E+000  1.6266698766E-003  3.3355054499E-004
   1  -162   0    0  5.9174245607E-001  7.9820185071E+000  1.8454100088E-004  2.0340589907E+000  2.3686754842E+000  3.6701391502E-004  2.1307697751E+000  2.3445460404E+000  7.2751404744E-004  2.2280901590E+000  2.3656860871E+000  1.7928304026E-003  2.2450215288E+000  2.4154760361E+000  1.9190214425E-003  2.3912634618E+000  2.4497873535E+000  2.0681668112E-003  2.2253545228E+000  2.4125100997E+000  1.6272544124E-003  3.3353411778E-004
   1  -163   0    0  6.0166646543E-001  7.9820059481E+000  1.8497938065E-004  2.0346574315E+000  2.3688638454E+000  3.6866203600E-004  2.1313436233E+000  2.3446985305E+000  7.2850647610E-004  2.2284360445E+000  2.3657682891E+000  1.7937520329E-003  2.2445497716E+000  2.4152401523E+000  1.9192148708E-003  2.3908717705E+000  2.4494077464E+000  2.0679167144E-003  2.2252339916E+000  2.4122837257E+000  1.6278315352E-003  3.3351788885E-004
   1  -164   0    0  6.1159250719E-001  7.9819941407E+000  1.8541331091E-004  2.0352479120E+000  2.3690499914E+000  3.7029087248E-004  2.1319089887E+000  2.3448490554E+000  7.2948725164E-004  2.2287778228E+000  2.3658495973E+000  1.7946624304E-003  2.2440844108E+000  2.4150072373E+000  1.9194057993E-003  2.3904848518E+000  2.4490327629E+000  2.0676695880E-003  2.2251173331E+000  2.4120602637E+000  1.6284012433E-003  3.3350185849E-004
   1  -165   0    0  6.2152054815E-001  7.9819830560E+000  1.8584275069E-004  2.0358304484E+000  2.3692339148E+000  3.7190035858E-004  2.1324659190E+000  2.3449976152E+000  7.3045633589E-004  2.2291154819E+000  2.3659300044E+000  1.7955615751E-003  2.2436254278E+000  2.4147772901E+000  1.9195942289E-003  2.3901027122E+000  2.4486624093E+000  2.0674254404E-003  2.2250044473E+000  2.4118397095E+000  1.6289635385E-003  3.3348602690E-004
   1  -166   0    0  6.3145055476E-001  7.9819726659E+000  1.8626766181E-004  2.0364050599E+000  2.3694156091E+000  3.7349043836E-004  2.1330144643E+000  2.3451442110E+000  7.3141369672E-004  2.2294490120E+000  2.3660095043E+000  1.7964494521E-003  2.2431728020E+000  2.4145503088E+000  1.9197801619E-003  2.3897253562E+000  2.4482966902E+000  2.0671842783E-003  2.2248952353E+000  2.4116220582E+000  1.6295184255E-003  3.3347039422E-004
   1  -167   0    0  6.4138249306E-001  7.9819629429E+000  1.8668800889E-004  2.0369717684E+000  2.3695950691E+000  3.7506106581E-004  2.1335546772E+000  2.3452888446E+000  7.3235930788E-004  2.2297784052E+000  2.3660880911E+000  1.7973260522E-003  2.2427265106E+000  2.4143262902E+000  1.9199636013E-003  2.3893527862E+000  2.4479356078E+000  2.0669461073E-003  2.2247895994E+000  2.4114073036E+000  1.6300659124E-003  3.3345496047E-004
   1  -168   0    0  6.5131632881E-001  7.9819538600E+000  1.8710375936E-004  2.0375305986E+000  2.3697722908E+000  3.7661220464E-004  2.1340866126E+000  2.3454315188E+000  7.3329314901E-004  2.2301036558E+000  2.3661657596E+000  1.7981913712E-003  2.2422865287E+000  2.4141052299E+000  1.9201445516E-003  2.3889850025E+000  2.4475791625E+000  2.0667109312E-003  2.2246874432E+000  2.4111954386E+000  1.6306060102E-003  3.3343972562E-004
   1  -169   0    0  6.6125202752E-001  7.9819453911E+000  1.8751488340E-004  2.0380815777E+000  2.3699472713E+000  3.7814382821E-004  2.1346103273E+000  2.3455722372E+000  7.3421520552E-004  2.2304247598E+000  2.3662425051E+000  1.7990454101E-003  2.2418528295E+000  2.4138871226E+000  1.9203230178E-003  2.3886220034E+000  2.4472273527E+000  2.0664787525E-003  2.2245886715E+000  2.4109864552E+000  1.6311387331E-003  3.3342468954E-004
   1  -170   0    0  6.7118955443E-001  7.9819375106E+000  1.8792135397E-004  2.0386247358E+000  2.3701200086E+000  3.7965591938E-004  2.1351258807E+000  2.3457110043E+000  7.3512546851E-004  2.2307417151E+000  2.3663183238E+000  1.7998881749E-003  2.2414253842E+000  2.4136719620E+000  1.9204990062E-003  2.3882637851E+000  2.4468801747E+000  2.0662495723E-003  2.2244931906E+000  2.4107803444E+000  1.6316640982E-003  3.3340985202E-004
   1  -171   0    0  6.8112887466E-001  7.9819301937E+000  1.8832314678E-004  2.0391601054E+000  2.3702905020E+000  3.8114847034E-004  2.1356333338E+000  2.3458478252E+000  7.3602393469E-004  2.2310545217E+000  2.3663932120E+000  1.8007196769E-003  2.2410041620E+000  2.4134597403E+000  1.9206725240E-003  2.3879103418E+000  2.4465376232E+000  2.0660233902E-003  2.2244009080E+000  2.4105770964E+000  1.6321821255E-003  3.3339521277E-004
   1  -172   0    0  6.9106995317E-001  7.9819234162E+000  1.8872024026E-004  2.0396877215E+000  2.3704587518E+000  3.8262148247E-004  2.1361327498E+000  2.3459827060E+000  7.3691060628E-004  2.2313631815E+000  2.3664671670E+000  1.8015399318E-003  2.2405891305E+000  2.4132504492E+000  1.9208435793E-003  2.3875616660E+000  2.4461996906E+000  2.0658002045E-003  2.2243117329E+000  2.4103767002E+000  1.6326928378E-003  3.3338077144E-004
   1  -173   0    0  7.0101275484E-001  7.9819171545E+000  1.8911261550E-004  2.0402076214E+000  2.3706247593E+000  3.8407496617E-004  2.1366241935E+000  2.3461156535E+000  7.3778549089E-004  2.2316676980E+000  2.3665401864E+000  1.8023489605E-003  2.2401802554E+000  2.4130440791E+000  1.9210121813E-003  2.3872177480E+000  2.4458663678E+000  2.0655800123E-003  2.2242255759E+000  2.4101791444E+000  1.6331962609E-003  3.3336652758E-004
   1  -174   0    0  7.1095724448E-001  7.9819113858E+000  1.8950025631E-004  2.0407198451E+000  2.3707885268E+000  3.8550894067E-004  2.1371077315E+000  2.3462466751E+000  7.3864860143E-004  2.2319680767E+000  2.3666122684E+000  1.8031467882E-003  2.2397775005E+000  2.4128406194E+000  1.9211783398E-003  2.3868785763E+000  2.4455376437E+000  2.0653628091E-003  2.2241423492E+000  2.4099844162E+000  1.6336924228E-003  3.3335248068E-004
   1  -175   0    0  7.2090338692E-001  7.9819060880E+000  1.8988314907E-004  2.0412244345E+000  2.3709500577E+000  3.8692343386E-004  2.1375834323E+000  2.3463757790E+000  7.3949995601E-004  2.2322643250E+000  2.3666834118E+000  1.8039334450E-003  2.2393808282E+000  2.4126400587E+000  1.9213420657E-003  2.3865441376E+000  2.4452135055E+000  2.0651485893E-003  2.2240619666E+000  2.4097925023E+000  1.6341813546E-003  3.3333863014E-004
   1  -176   0    0  7.3085114700E-001  7.9819012396E+000  1.9026128280E-004  2.0417214341E+000  2.3711093563E+000  3.8831848209E-004  2.1380513656E+000  2.3465029742E+000  7.4033957779E-004  2.2325564517E+000  2.3667536160E+000  1.8047089651E-003  2.2389901991E+000  2.4124423844E+000  1.9215033706E-003  2.3862144170E+000  2.4448939387E+000  2.0649373460E-003  2.2239843436E+000  2.4096033885E+000  1.6346630897E-003  3.3332497531E-004
   1  -177   0    0  7.4080048963E-001  7.9818968198E+000  1.9063464906E-004  2.0422108902E+000  2.3712664280E+000  3.8969412996E-004  2.1385116027E+000  2.3466282702E+000  7.4116749488E-004  2.2328444677E+000  2.3668228806E+000  1.8054733874E-003  2.2386055723E+000  2.4122475831E+000  1.9216622671E-003  2.3858893976E+000  2.4445789269E+000  2.0647290712E-003  2.2239093971E+000  2.4094170598E+000  1.6351376640E-003  3.3331151545E-004
   1  -178   0    0  7.5075137982E-001  7.9818928083E+000  1.9100324190E-004  2.0426928514E+000  2.3714212789E+000  3.9105043013E-004  2.1389642165E+000  2.3467516773E+000  7.4198374022E-004  2.2331283853E+000  2.3668912061E+000  1.8062267546E-003  2.2382269055E+000  2.4120556407E+000  1.9218187683E-003  2.3855690608E+000  2.4442684523E+000  2.0645237554E-003  2.2238370460E+000  2.4092335003E+000  1.6356051157E-003  3.3329824977E-004
   1  -179   0    0  7.6070378272E-001  7.9818891858E+000  1.9136705787E-004  2.0431673684E+000  2.3715739161E+000  3.9238744310E-004  2.1394092809E+000  2.3468732063E+000  7.4278835143E-004  2.2334082185E+000  2.3669585932E+000  1.8069691138E-003  2.2378541548E+000  2.4118665420E+000  1.9219728882E-003  2.3852533865E+000  2.4439624955E+000  2.0643213882E-003  2.2237672107E+000  2.4090526935E+000  1.6360654854E-003  3.3328517740E-004
   1  -180   0    0  7.7065766366E-001  7.9818859333E+000  1.9172609592E-004  2.0436344935E+000  2.3717243478E+000  3.9370523700E-004  2.1398468711E+000  2.3469928687E+000  7.4358137070E-004  2.2336839830E+000  2.3670250432E+000  1.8077005159E-003  2.2374872750E+000  2.4116802709E+000  1.9221246418E-003  2.3849423530E+000  2.4436610353E+000  2.0641219581E-003  2.2236998133E+000  2.4088746222E+000  1.6365188159E-003  3.3327229742E-004
   1  -181   0    0  7.8061298814E-001  7.9818830327E+000  1.9208035736E-004  2.0440942811E+000  2.3718725827E+000  3.9500388734E-004  2.1402770636E+000  2.3471106764E+000  7.4436284465E-004  2.2339556958E+000  2.3670905578E+000  1.8084210156E-003  2.2371262196E+000  2.4114968107E+000  1.9222740443E-003  2.3846359369E+000  2.4433640493E+000  2.0639254523E-003  2.2236347778E+000  2.4086992683E+000  1.6369651521E-003  3.3325960882E-004
   1  -182   0    0  7.9056972191E-001  7.9818804663E+000  1.9242984585E-004  2.0445467874E+000  2.3720186306E+000  3.9628347681E-004  2.1406999357E+000  2.3472266421E+000  7.4513282417E-004  2.2342233757E+000  2.3671551393E+000  1.8091306714E-003  2.2367709409E+000  2.4113161438E+000  1.9224211119E-003  2.3843341134E+000  2.4430715133E+000  2.0637318571E-003  2.2235720297E+000  2.4085266132E+000  1.6374045408E-003  3.3324711057E-004
   1  -183   0    0  8.0052783100E-001  7.9818782171E+000  1.9277456728E-004  2.0449920700E+000  2.3721625019E+000  3.9754409507E-004  2.1411155660E+000  2.3473407788E+000  7.4589136433E-004  2.2344870427E+000  2.3672187903E+000  1.8098295453E-003  2.2364213898E+000  2.4111382518E+000  1.9225658615E-003  2.3840368563E+000  2.4427834021E+000  2.0635411577E-003  2.2235114963E+000  2.4083566376E+000  1.6378370311E-003  3.3323480154E-004
   1  -184   0    0  8.1048728168E-001  7.9818762689E+000  1.9311452976E-004  2.0454301886E+000  2.3723042079E+000  3.9878583844E-004  2.1415240337E+000  2.3474531002E+000  7.4663852419E-004  2.2347467183E+000  2.3672815138E+000  1.8105177027E-003  2.2360775161E+000  2.4109631156E+000  1.9227083104E-003  2.3837441378E+000  2.4424996888E+000  2.0633533384E-003  2.2234531068E+000  2.4081893216E+000  1.6382626737E-003  3.3322268058E-004
   1  -185   0    0  8.2044804058E-001  7.9818746058E+000  1.9344974357E-004  2.0458612041E+000  2.3724437606E+000  4.0000880975E-004  2.1419254189E+000  2.3475636204E+000  7.4737436668E-004  2.2350024253E+000  2.3673433132E+000  1.8111952123E-003  2.2357392688E+000  2.4107907155E+000  1.9228484765E-003  2.3834559290E+000  2.4422203454E+000  2.0631683825E-003  2.2233967919E+000  2.4080246445E+000  1.6386815211E-003  3.3321074645E-004
   1  -186   0    0  8.3041007463E-001  7.9818732126E+000  1.9378022105E-004  2.0462851788E+000  2.3725811729E+000  4.0121311807E-004  2.1423198026E+000  2.3476723539E+000  7.4809895848E-004  2.2352541878E+000  2.3674041925E+000  1.8118621461E-003  2.2354065956E+000  2.4106210310E+000  1.9229863786E-003  2.3831721995E+000  2.4419453424E+000  2.0629862723E-003  2.2233424841E+000  2.4078625853E+000  1.6390936277E-003  3.3319899789E-004
   1  -187   0    0  8.4037335115E-001  7.9818720748E+000  1.9410597659E-004  2.0467021768E+000  2.3727164580E+000  4.0239887844E-004  2.1427072663E+000  2.3477793157E+000  7.4881236982E-004  2.2355020313E+000  2.3674641560E+000  1.8125185789E-003  2.2350794433E+000  2.4104540409E+000  1.9231220355E-003  2.3828929178E+000  2.4416746494E+000  2.0628069893E-003  2.2232901176E+000  2.4077031222E+000  1.6394990493E-003  3.3318743357E-004
   1  -188   0    0  8.5033783783E-001  7.9818711784E+000  1.9442702655E-004  2.0471122632E+000  2.3728496302E+000  4.0356621168E-004  2.1430878921E+000  2.3478845213E+000  7.4951467439E-004  2.2357459823E+000  2.3675232080E+000  1.8131645887E-003  2.2347577578E+000  2.4102897235E+000  1.9232554671E-003  2.3826180511E+000  2.4414082347E+000  2.0626305142E-003  2.2232396283E+000  2.4075462332E+000  1.6398978434E-003  3.3317605212E-004
   1  -189   0    0  8.6030350274E-001  7.9818705097E+000  1.9474338921E-004  2.0475155043E+000  2.3729807041E+000  4.0471524413E-004  2.1434617628E+000  2.3479879863E+000  7.5020594916E-004  2.2359860685E+000  2.3675813538E+000  1.8138002560E-003  2.2344414841E+000  2.4101280565E+000  1.9233866932E-003  2.3823475654E+000  2.4411460654E+000  2.0624568269E-003  2.2231909539E+000  2.4073918954E+000  1.6402900689E-003  3.3316485213E-004
   1  -190   0    0  8.7027031442E-001  7.9818700559E+000  1.9505508468E-004  2.0479119678E+000  2.3731096950E+000  4.0584610738E-004  2.1438289614E+000  2.3480897270E+000  7.5088627426E-004  2.2362223187E+000  2.3676385985E+000  1.8144256641E-003  2.2341305665E+000  2.4099690170E+000  1.9235157345E-003  2.3820814259E+000  2.4408881076E+000  2.0622859065E-003  2.2231440336E+000  2.4072400856E+000  1.6406757862E-003  3.3315383212E-004
   1  -191   0    0  8.8023824180E-001  7.9818698045E+000  1.9536213485E-004  2.0483017223E+000  2.3732366189E+000  4.0695893809E-004  2.1441895717E+000  2.3481897599E+000  7.5155573281E-004  2.2364547629E+000  2.3676949477E+000  1.8150408986E-003  2.2338249485E+000  2.4098125815E+000  1.9236426120E-003  2.3818195964E+000  2.4406343266E+000  2.0621177312E-003  2.2230988083E+000  2.4070907803E+000  1.6410550567E-003  3.3314299060E-004
   1  -192   0    0  8.9020725429E-001  7.9818697435E+000  1.9566456336E-004  2.0486848375E+000  2.3733614923E+000  4.0805387771E-004  2.1445436773E+000  2.3482881017E+000  7.5221441081E-004  2.2366834319E+000  2.3677504074E+000  1.8156460477E-003  2.2335245730E+000  2.4096587263E+000  1.9237673468E-003  2.3815620401E+000  2.4403846864E+000  2.0619522788E-003  2.2230552206E+000  2.4069439554E+000  1.6414279433E-003  3.3313232603E-004
   1  -193   0    0  9.0017732176E-001  7.9818698616E+000  1.9596239546E-004  2.0490613840E+000  2.3734843321E+000  4.0913107222E-004  2.1448913626E+000  2.3483847697E+000  7.5286239697E-004  2.2369083575E+000  2.3678049838E+000  1.8162412018E-003  2.2332293822E+000  2.4095074267E+000  1.9238899609E-003  2.3813087188E+000  2.4401391503E+000  2.0617895261E-003  2.2230132147E+000  2.4067995865E+000  1.6417945100E-003  3.3312183682E-004
   1  -194   0    0  9.1014841456E-001  7.9818701478E+000  1.9625565803E-004  2.0494314334E+000  2.3736051558E+000  4.1019067198E-004  2.1452327118E+000  2.3484797812E+000  7.5349978256E-004  2.2371295724E+000  2.3678586834E+000  1.8168264532E-003  2.2329393177E+000  2.4093586581E+000  1.9240104762E-003  2.3810595939E+000  2.4398976807E+000  2.0616294497E-003  2.2229727363E+000  2.4066576486E+000  1.6421548217E-003  3.3311152135E-004
   1  -195   0    0  9.2012050354E-001  7.9818705915E+000  1.9654437946E-004  2.0497950579E+000  2.3737239813E+000  4.1123283140E-004  2.1455678095E+000  2.3485731540E+000  7.5412666131E-004  2.2373471102E+000  2.3679115129E+000  1.8174018964E-003  2.2326543206E+000  2.4092123951E+000  1.9241289152E-003  2.3808146256E+000  2.4396602393E+000  2.0614720253E-003  2.2229337328E+000  2.4065181167E+000  1.6425089444E-003  3.3310137799E-004
   1  -196   0    0  9.3009356005E-001  7.9818711828E+000  1.9682858959E-004  2.0501523305E+000  2.3738408271E+000  4.1225770877E-004  2.1458967403E+000  2.3486649058E+000  7.5474312924E-004  2.2375610052E+000  2.3679634794E+000  1.8179676278E-003  2.2323743316E+000  2.4090686122E+000  1.9242453005E-003  2.3805737736E+000  2.4394267869E+000  2.0613172280E-003  2.2228961531E+000  2.4063809652E+000  1.6428569451E-003  3.3309140504E-004
   1  -197   0    0  9.4006755594E-001  7.9818719121E+000  1.9710831969E-004  2.0505033250E+000  2.3739557119E+000  4.1326546599E-004  2.1462195887E+000  2.3487550549E+000  7.5534928453E-004  2.2377712925E+000  2.3680145901E+000  1.8185237453E-003  2.2320992909E+000  2.4089272831E+000  1.9243596551E-003  2.3803369967E+000  2.4391972837E+000  2.0611650327E-003  2.2228599475E+000  2.4062461683E+000  1.6431988915E-003  3.3308160080E-004
   1  -198   0    0  9.5004246359E-001  7.9818727701E+000  1.9738360232E-004  2.0508481156E+000  2.3740686550E+000  4.1425626840E-004  2.1465364396E+000  2.3488436196E+000  7.5594522737E-004  2.2379780079E+000  2.3680648525E+000  1.8190703485E-003  2.2318291384E+000  2.4087883817E+000  1.9244720023E-003  2.3801042531E+000  2.4389716891E+000  2.0610154134E-003  2.2228250679E+000  2.4061137000E+000  1.6435348521E-003  3.3307196353E-004
   1  -199   0    0  9.6001825593E-001  7.9818737481E+000  1.9765447134E-004  2.0511867771E+000  2.3741796758E+000  4.1523028450E-004  2.1468473773E+000  2.3489306183E+000  7.5653105987E-004  2.2381811879E+000  2.3681142742E+000  1.8196075387E-003  2.2315638135E+000  2.4086518812E+000  1.9245823653E-003  2.3798755002E+000  2.4387499620E+000  2.0608683439E-003  2.2227914678E+000  2.4059835339E+000  1.6438648960E-003  3.3306249147E-004
   1  -200   0    0  9.6999490639E-001  7.9818748378E+000  1.9792096180E-004  2.0515193848E+000  2.3742887943E+000  4.1618768576E-004  2.1471524863E+000  2.3490160698E+000  7.5710688587E-004  2.2383808695E+000  2.3681628632E+000  1.8201354183E-003  2.2313032557E+000  2.4085177547E+000  1.9246907679E-003  2.3796506952E+000  2.4385320608E+000  2.0607237977E-003  2.2227591018E+000  2.4058556435E+000  1.6441890931E-003  3.3305318283E-004
   1  -201   0    0  9.7997238895E-001  7.9818760311E+000  1.9818310991E-004  2.0518460144E+000  2.3743960306E+000  4.1712864641E-004  2.1474518509E+000  2.3490999928E+000  7.5767281086E-004  2.2385770903E+000  2.3682106274E+000  1.8206540912E-003  2.2310474038E+000  2.4083859749E+000  1.9247972338E-003  2.3794297943E+000  2.4383179433E+000  2.0605817475E-003  2.2227279262E+000  2.4057300021E+000  1.6445075137E-003  3.3304403580E-004
   1  -202   0    0  9.8995067813E-001  7.9818773206E+000  1.9844095295E-004  2.0521667419E+000  2.3745014052E+000  4.1805334321E-004  2.1477455552E+000  2.3491824063E+000  7.5822894184E-004  2.2387698885E+000  2.3682575752E+000  1.8211636621E-003  2.2307961968E+000  2.4082565145E+000  1.9249017871E-003  2.3792127536E+000  2.4381075667E+000  2.0604421660E-003  2.2226978985E+000  2.4056065826E+000  1.6448202287E-003  3.3303504856E-004
   1  -203   0    0  9.9992974901E-001  7.9818786988E+000  1.9869452921E-004  2.0524816436E+000  2.3746049390E+000  4.1896195525E-004  2.1480336829E+000  2.3492633294E+000  7.5877538717E-004  2.2389593026E+000  2.3683037150E+000  1.8216642372E-003  2.2305495734E+000  2.4081293458E+000  1.9250044517E-003  2.3789995285E+000  2.4379008880E+000  2.0603050255E-003  2.2226689777E+000  2.4054853580E+000  1.6451273095E-003  3.3302621926E-004
   1  -204  -4    2  9.9999999640E-001  7.9818787088E+000  1.9869629916E-004  2.0524838398E+000  2.3746056613E+000  4.1896829457E-004  2.1480356915E+000  2.3492638938E+000  7.5877919964E-004  2.2389606240E+000  2.3683040369E+000  1.8216677292E-003  2.2305478534E+000  2.4081284587E+000  1.9250051678E-003  2.3789980410E+000  2.4378994461E+000  2.0603040687E-003  2.2226687780E+000  2.4054845124E+000  1.6451294513E-003  3.3302615766E-004
