 
   1    -1   9    1 -4.7999998927E-001  8.3192290530E+000  1.0482699145E-004  2.0539448261E+000  2.5467109680E+000  1.0211494555E-005  2.1601893902E+000  2.5223062038E+000  5.0922081573E-004  2.2704975605E+000  2.5255320072E+000  1.5735643683E-003  2.3357641697E+000  2.5271255970E+000  1.8683300586E-003  2.4615614414E+000  2.5334455967E+000  2.1298900247E-003  2.2870502472E+000  2.5284039974E+000  1.4818966156E-003  3.4111202694E-004
   1    -2   0    0 -4.7205913690E-001  8.3018170171E+000  1.0652904960E-004  2.0521793240E+000  2.5398354111E+000  1.9379934175E-005  2.1579562369E+000  2.5153534967E+000  5.1488823921E-004  2.2679443965E+000  2.5187144138E+000  1.5796532365E-003  2.3317630423E+000  2.5204049810E+000  1.8699108596E-003  2.4575884937E+000  2.5267725627E+000  2.1281174624E-003  2.2834458541E+000  2.5216404265E+000  1.4862556687E-003  3.4064108433E-004
   1    -3   0    0 -4.6805573261E-001  8.2931284486E+000  1.0739789216E-004  2.0513080913E+000  2.5364041724E+000  2.4025420082E-005  2.1568479864E+000  2.5118826312E+000  5.1775987804E-004  2.2666750418E+000  2.5153116396E+000  1.5827319443E-003  2.3297615341E+000  2.5170492902E+000  1.8707057693E-003  2.4555998603E+000  2.5234404175E+000  2.1272210368E-003  2.2816444827E+000  2.5182632186E+000  1.4884498683E-003  3.4040595391E-004
   1    -4   0    0 -4.6402137818E-001  8.2844552377E+000  1.0827851668E-004  2.0504442422E+000  2.5329777824E+000  2.8710349243E-005  2.1557450688E+000  2.5084160214E+000  5.2065587152E-004  2.2654106945E+000  2.5119139031E+000  1.5858322577E-003  2.3277607633E+000  2.5136988360E+000  1.8715033712E-003  2.4536112209E+000  2.5201136772E+000  2.1263181761E-003  2.2798448310E+000  2.5148910807E+000  1.4906529572E-003  3.4017119691E-004
   1    -5   0    0 -4.5995577260E-001  8.2757976400E+000  1.0917111374E-004  2.0495878161E+000  2.5295563413E+000  3.3435084462E-005  2.1546474836E+000  2.5049537575E+000  5.2357645209E-004  2.2641514010E+000  2.5085213058E+000  1.5889543598E-003  2.3257608002E+000  2.5103537203E+000  1.8723036444E-003  2.4516226062E+000  2.5167924444E+000  2.1254088275E-003  2.2780469706E+000  2.5115241135E+000  1.4928649217E-003  3.3993682051E-004
   1    -6   0    0 -4.5585861465E-001  8.2671559145E+000  1.1007587672E-004  2.0487388516E+000  2.5261399511E+000  3.8199988405E-005  2.1535552284E+000  2.5014959310E+000  5.2652185243E-004  2.2628972078E+000  2.5051339512E+000  1.5920984334E-003  2.3237617165E+000  2.5070140468E+000  1.8731065668E-003  2.4496340483E+000  2.5134768233E+000  2.1244929387E-003  2.2762509748E+000  2.5081624194E+000  1.4950857450E-003  3.3970283201E-004
   1    -7   0    0 -4.5172960311E-001  8.2585303238E+000  1.1099300175E-004  2.0478973863E+000  2.5227287154E+000  4.3005423386E-005  2.1524682991E+000  2.4980426352E+000  5.2949230536E-004  2.2616481610E+000  2.5017519444E+000  1.5952646612E-003  2.3217635862E+000  2.5036799210E+000  1.8739121146E-003  2.4476455800E+000  2.5101669200E+000  2.1235704573E-003  2.2744569185E+000  2.5048061027E+000  1.4973154076E-003  3.3946923883E-004
   1    -8   0    0 -4.4756843692E-001  8.2499211341E+000  1.1192268774E-004  2.0470634567E+000  2.5193227398E+000  4.7851751127E-005  2.1513866897E+000  2.4945939649E+000  5.3248804372E-004  2.2604043064E+000  2.4983753924E+000  1.5984532253E-003  2.3197664847E+000  2.5003514499E+000  1.8747202627E-003  2.4456572351E+000  2.5068628421E+000  2.1226413315E-003  2.2726648783E+000  2.5014552691E+000  1.4995538866E-003  3.3923604851E-004
   1    -9   0    0 -4.4337481539E-001  8.2413286146E+000  1.1286513637E-004  2.0462370981E+000  2.5159221313E+000  5.2739332515E-005  2.1503103924E+000  2.4911500162E+000  5.3550930019E-004  2.2591656898E+000  2.4950044037E+000  1.6016643073E-003  2.3177704897E+000  2.4970287426E+000  1.8755309843E-003  2.4436690486E+000  2.5035646991E+000  2.1217055093E-003  2.2708749324E+000  2.4981100265E+000  1.5018011563E-003  3.3900326872E-004
   1   -10   0    0 -4.3914843841E-001  8.2327530383E+000  1.1382055206E-004  2.0454183447E+000  2.5125269988E+000  5.7668527353E-005  2.1492393971E+000  2.4877108872E+000  5.3855630714E-004  2.2579323563E+000  2.4916390889E+000  1.6048980879E-003  2.3157756807E+000  2.4937119097E+000  1.8763442511E-003  2.4416810563E+000  2.5002726021E+000  2.1207629394E-003  2.2690871605E+000  2.4947704843E+000  1.5040571874E-003  3.3877090723E-004
   1   -11   0    0 -4.3383789944E-001  8.2247317081E+000  1.1473378687E-004  2.0445499698E+000  2.5091822702E+000  6.2356289988E-005  2.1481389171E+000  2.4843364706E+000  5.4145410556E-004  2.2567224929E+000  2.4883965262E+000  1.6079692111E-003  2.3139786694E+000  2.4907108465E+000  1.8771136443E-003  2.4399317131E+000  2.4974092058E+000  2.1198676609E-003  2.2674804500E+000  2.4917365513E+000  1.5061931162E-003  3.3856153523E-004
   1   -12   0    0 -4.2935514045E-001  8.2228897429E+000  1.1496005506E-004  2.0440826278E+000  2.5079964633E+000  6.3514193443E-005  2.1476338567E+000  2.4831739941E+000  5.4216988396E-004  2.2562985880E+000  2.4874182688E+000  1.6087271613E-003  2.3137432802E+000  2.4902753702E+000  1.8773030844E-003  2.4398119341E+000  2.4972894603E+000  2.1196466896E-003  2.2672774461E+000  2.4912651038E+000  1.5067192676E-003  3.3853336229E-004
   1   -13   0    0 -4.2487878926E-001  8.2210372194E+000  1.1518842751E-004  2.0436126431E+000  2.5068037272E+000  6.4681439495E-005  2.1471257476E+000  2.4820047252E+000  5.4289144033E-004  2.2558721763E+000  2.4864341946E+000  1.6094909743E-003  2.3135066472E+000  2.4898374812E+000  1.8774938113E-003  2.4396912399E+000  2.4971688091E+000  2.1194240021E-003  2.2670734834E+000  2.4907910606E+000  1.5072490907E-003  3.3850502027E-004
   1   -14   0    0 -4.1817634095E-001  8.2182387017E+000  1.1553496261E-004  2.0429027279E+000  2.5050016680E+000  6.6449906906E-005  2.1463578769E+000  2.4802381224E+000  5.4398465906E-004  2.2552278695E+000  2.4849472022E+000  1.6106477281E-003  2.3131493794E+000  2.4891761429E+000  1.8777823153E-003  2.4395084768E+000  2.4969861285E+000  2.1190867409E-003  2.2667657585E+000  2.4900751499E+000  1.5080507182E-003  3.3846219087E-004
   1   -15   0    0 -4.0926244370E-001  8.2144706764E+000  1.1600450615E-004  2.0419470008E+000  2.5025748357E+000  6.8840903854E-005  2.1453234206E+000  2.4778590407E+000  5.4546271976E-004  2.2543600687E+000  2.4829443027E+000  1.6122107601E-003  2.3126687290E+000  2.4882859981E+000  1.8781714943E-003  2.4392615646E+000  2.4967393609E+000  2.1186310011E-003  2.2663521762E+000  2.4891116107E+000  1.5091324384E-003  3.3840449624E-004
   1   -16   0    0 -4.0037470061E-001  8.2106609920E+000  1.1648272094E-004  2.0409808553E+000  2.5001206211E+000  7.1269921376E-005  2.1442768556E+000  2.4754531168E+000  5.4696429794E-004  2.2534823394E+000  2.4809183721E+000  1.6137975724E-003  2.3121832223E+000  2.4873863705E+000  1.8785658246E-003  2.4390109448E+000  2.4964889268E+000  2.1181682991E-003  2.2659349032E+000  2.4881378751E+000  1.5102289023E-003  3.3834613143E-004
   1   -17   0    0 -3.9151332133E-001  8.2068099333E+000  1.1696972086E-004  2.0400043662E+000  2.4976391918E+000  7.3737240183E-005  2.1432182269E+000  2.4730205150E+000  5.4848956892E-004  2.2525947318E+000  2.4788695309E+000  1.6154083049E-003  2.3116929167E+000  2.4864773420E+000  1.8789653050E-003  2.4387565977E+000  2.4962348080E+000  2.1176985932E-003  2.2655140077E+000  2.4871540337E+000  1.5113401278E-003  3.3828709961E-004
   1   -18   0    0 -3.8267850070E-001  8.2029178026E+000  1.1746562033E-004  2.0390176129E+000  2.4951307274E+000  7.6243135863E-005  2.1421475831E+000  2.4705614110E+000  5.5003870498E-004  2.2516972993E+000  2.4767979090E+000  1.6170430931E-003  2.3111978722E+000  2.4855589991E+000  1.8793699324E-003  2.4384985042E+000  2.4959769870E+000  2.1172218430E-003  2.2650895608E+000  2.4861601824E+000  1.5124661283E-003  3.3822740421E-004
   1   -19   0    0 -3.7387041848E-001  8.1989849197E+000  1.1797053440E-004  2.0380206788E+000  2.4925954187E+000  7.8787878924E-005  2.1410649769E+000  2.4680759915E+000  5.5161187540E-004  2.2507900993E+000  2.4747036455E+000  1.6187020690E-003  2.3106981514E+000  2.4846314328E+000  1.8797797020E-003  2.4382366460E+000  2.4957154470E+000  2.1167380095E-003  2.2646616358E+000  2.4851564215E+000  1.5136069125E-003  3.3816704891E-004
   1   -20   0    0 -3.6508923898E-001  8.1950116213E+000  1.1848457873E-004  2.0370136515E+000  2.4900334677E+000  8.1371734839E-005  2.1399704646E+000  2.4655644544E+000  5.5320924645E-004  2.2498731923E+000  2.4725868885E+000  1.6203853604E-003  2.3101938197E+000  2.4836947381E+000  1.8801946072E-003  2.4379710054E+000  2.4954501720E+000  2.1162470544E-003  2.2642303087E+000  2.4841428560E+000  1.5147624846E-003  3.3810603766E-004
   1   -21   0    0 -3.5633511083E-001  8.1909982603E+000  1.1900786966E-004  2.0359966221E+000  2.4874450874E+000  8.3994964107E-005  2.1388641061E+000  2.4630270081E+000  5.5483098148E-004  2.2489466424E+000  2.4704477946E+000  1.6220930913E-003  2.3096849450E+000  2.4827490142E+000  1.8806146392E-003  2.4377015655E+000  2.4951811466E+000  2.1157489410E-003  2.2637956577E+000  2.4831195952E+000  1.5159328442E-003  3.3804437463E-004
   1   -22   0    0 -3.4760816671E-001  8.1869452056E+000  1.1954052417E-004  2.0349696858E+000  2.4848305011E+000  8.6657822319E-005  2.1377459646E+000  2.4604638709E+000  5.5647724092E-004  2.2480105168E+000  2.4682865291E+000  1.6238253821E-003  2.3091715976E+000  2.4817943644E+000  1.8810397878E-003  2.4374283098E+000  2.4949083561E+000  2.1152436334E-003  2.2633577634E+000  2.4820867528E+000  1.5171179866E-003  3.3798206424E-004
   1   -23   0    0 -3.3890852317E-001  8.1828528415E+000  1.2008266000E-004  2.0339329410E+000  2.4821899425E+000  8.9360560242E-005  2.1366161067E+000  2.4578752717E+000  5.5814818239E-004  2.2470648858E+000  2.4661032653E+000  1.6255823494E-003  2.3086538504E+000  2.4808308958E+000  1.8814700408E-003  2.4371512228E+000  2.4946317865E+000  2.1147310969E-003  2.2629167086E+000  2.4810444467E+000  1.5183179026E-003  3.3791911116E-004
   1   -24   0    0 -3.3023628045E-001  8.1787215667E+000  1.2063439559E-004  2.0328864897E+000  2.4795236551E+000  9.2103423897E-005  2.1354746017E+000  2.4552614484E+000  5.5984396070E-004  2.2461098224E+000  2.4638981845E+000  1.6273641061E-003  2.3081317784E+000  2.4798587191E+000  1.8819053842E-003  2.4368702892E+000  2.4943514244E+000  2.1142112979E-003  2.2624725783E+000  2.4799927988E+000  1.5195325788E-003  3.3785552024E-004
   1   -25   0    0 -3.2159152232E-001  8.1745517943E+000  1.2119585017E-004  2.0318304370E+000  2.4768318919E+000  9.4886654655E-005  2.1343215222E+000  2.4526226485E+000  5.6156472795E-004  2.2451454028E+000  2.4616714755E+000  1.6291707618E-003  2.3076054591E+000  2.4788779488E+000  1.8823458022E-003  2.4365854948E+000  2.4940672570E+000  2.1136842039E-003  2.2620254595E+000  2.4789319348E+000  1.5207619973E-003  3.3779129657E-004
   1   -26   0    0 -3.1297431605E-001  8.1703439508E+000  1.2176714380E-004  2.0307648911E+000  2.4741149152E+000  9.7710489335E-005  2.1331569434E+000  2.4499591283E+000  5.6331063359E-004  2.2441717054E+000  2.4594233346E+000  1.6310024224E-003  2.3070749719E+000  2.4778887026E+000  1.8827912774E-003  2.4362968257E+000  2.4937792722E+000  2.1131497833E-003  2.2615754413E+000  2.4778619840E+000  1.5220061361E-003  3.3772644544E-004
   1   -27   0    0 -3.0438471227E-001  8.1660984757E+000  1.2234839735E-004  2.0296899629E+000  2.4713729958E+000  1.0057516031E-004  2.1319809428E+000  2.4472711527E+000  5.6508182446E-004  2.2431888113E+000  2.4571539650E+000  1.6328591906E-003  2.3065403986E+000  2.4768911018E+000  1.8832417905E-003  2.4360042686E+000  2.4934874584E+000  2.1126080056E-003  2.2611226146E+000  2.4767830794E+000  1.5232649690E-003  3.3766097236E-004
   1   -28   0    0 -2.9582274496E-001  8.1618158205E+000  1.2293973257E-004  2.0286057661E+000  2.4686064132E+000  1.0348089560E-004  2.1307936005E+000  2.4445589948E+000  5.6687844493E-004  2.2421968039E+000  2.4548635768E+000  1.6347411659E-003  2.3060018228E+000  2.4758852707E+000  1.8836973206E-003  2.4357078110E+000  2.4931918047E+000  2.1120588414E-003  2.2606670721E+000  2.4756953573E+000  1.5245384659E-003  3.3759488298E-004
   1   -29   0    0 -2.8728843150E-001  8.1574964487E+000  1.2354127216E-004  2.0275124168E+000  2.4658154547E+000  1.0642791902E-004  2.1295949987E+000  2.4418229353E+000  5.6870063688E-004  2.2411957686E+000  2.4525523864E+000  1.6366484446E-003  2.3054593301E+000  2.4748713364E+000  1.8841578451E-003  2.4354074405E+000  2.4928923008E+000  2.1115022619E-003  2.2602089083E+000  2.4745989573E+000  1.5258265923E-003  3.3752818319E-004
   1   -30   0    0 -2.7878177265E-001  8.1531408346E+000  1.2415313972E-004  2.0264100332E+000  2.4630004155E+000  1.0941645026E-004  2.1283852216E+000  2.4390632624E+000  5.7054853986E-004  2.2401857931E+000  2.4502206163E+000  1.6385811199E-003  2.3049130080E+000  2.4738494291E+000  1.8846233397E-003  2.4351031459E+000  2.4925889367E+000  2.1109382396E-003  2.2597482193E+000  2.4734940217E+000  1.5271293100E-003  3.3746087900E-004
   1   -31   0    0 -2.7030275265E-001  8.1487494627E+000  1.2477545988E-004  2.0252987359E+000  2.4601615978E+000  1.1244670498E-004  2.1271643552E+000  2.4362802714E+000  5.7242229113E-004  2.2391669667E+000  2.4478684950E+000  1.6405392822E-003  2.3043629456E+000  2.4728196816E+000  1.8850937784E-003  2.4347949159E+000  2.4922817033E+000  2.1103667478E-003  2.2592851027E+000  2.4723806961E+000  1.5284465769E-003  3.3739297661E-004
   1   -32   0    0 -2.6185133933E-001  8.1443228275E+000  1.2540835826E-004  2.0241786471E+000  2.4572993108E+000  1.1551889500E-004  2.1259324872E+000  2.4334742640E+000  5.7432202572E-004  2.2381393803E+000  2.4454962564E+000  1.6425230189E-003  2.3038092338E+000  2.4717822293E+000  1.8855691338E-003  2.4344827402E+000  2.4919705918E+000  2.1097877604E-003  2.2588196576E+000  2.4712591285E+000  1.5297783471E-003  3.3732448237E-004
   1   -33   0    0 -2.5342748421E-001  8.1398614324E+000  1.2605196157E-004  2.0230498909E+000  2.4544138701E+000  1.1863322833E-004  2.1246897066E+000  2.4306455484E+000  5.7624787655E-004  2.2371031266E+000  2.4431041394E+000  1.6445324147E-003  2.3032519650E+000  2.4707372099E+000  1.8860493767E-003  2.4341666086E+000  2.4916555939E+000  2.1092012526E-003  2.2583519846E+000  2.4701294696E+000  1.5311245709E-003  3.3725540278E-004
   1   -34   0    0 -2.4503112270E-001  8.1353657890E+000  1.2670639761E-004  2.0219125927E+000  2.4515055973E+000  1.2178990935E-004  2.1234361038E+000  2.4277944383E+000  5.7819997445E-004  2.2360582993E+000  2.4406923879E+000  1.6465675517E-003  2.3026912333E+000  2.4696847633E+000  1.8865344764E-003  2.4338465118E+000  2.4913367018E+000  2.1086072000E-003  2.2578821853E+000  2.4689918722E+000  1.5324851949E-003  3.3718574447E-004
   1   -35   0    0 -2.3666217426E-001  8.1308364169E+000  1.2737179530E-004  2.0207668794E+000  2.4485748199E+000  1.2498913887E-004  2.1221717700E+000  2.4249212532E+000  5.8017844831E-004  2.2350049935E+000  2.4382612506E+000  1.6486285095E-003  2.3021271338E+000  2.4686250315E+000  1.8870244007E-003  2.4335224407E+000  2.4910139083E+000  2.1080055793E-003  2.2574103626E+000  2.4678464916E+000  1.5338601622E-003  3.3711551419E-004
   1   -36   0    0 -2.2832054266E-001  8.1262738426E+000  1.2804828474E-004  2.0196128787E+000  2.4456218704E+000  1.2823111425E-004  2.1208967975E+000  2.4220263174E+000  5.8218342506E-004  2.2339433053E+000  2.4358109799E+000  1.6507153653E-003  2.3015597634E+000  2.4675581585E+000  1.8875191157E-003  2.4331943865E+000  2.4906872066E+000  2.1073963677E-003  2.2569366206E+000  2.4666934851E+000  1.5352494123E-003  3.3704471883E-004
   1   -37   0    0 -2.2000611619E-001  8.1216785994E+000  1.2873599725E-004  2.0184507196E+000  2.4426470864E+000  1.3151602954E-004  2.1196112793E+000  2.4191099600E+000  5.8421502981E-004  2.2328733316E+000  2.4333418327E+000  1.6528281937E-003  2.3009892199E+000  2.4664842901E+000  1.8880185863E-003  2.4328623413E+000  2.4903565901E+000  2.1067795435E-003  2.2564610641E+000  2.4655330115E+000  1.5366528813E-003  3.3697336538E-004
   1   -38   0    0 -2.1171876791E-001  8.1170512260E+000  1.2943506536E-004  2.0172805316E+000  2.4396508101E+000  1.3484407552E-004  2.1183153090E+000  2.4161725144E+000  5.8627338588E-004  2.2317951699E+000  2.4308540691E+000  1.6549670674E-003  2.3004156024E+000  2.4654035737E+000  1.8885227756E-003  2.4325262973E+000  2.4900220531E+000  2.1061550853E-003  2.2559837993E+000  2.4643652318E+000  1.5380705018E-003  3.3690146093E-004
   1   -39   0    0 -2.0345835601E-001  8.1123922666E+000  1.3014562289E-004  2.0161024447E+000  2.4366333876E+000  1.3821543981E-004  2.1170089802E+000  2.4132143178E+000  5.8835861488E-004  2.2307089184E+000  2.4283479526E+000  1.6571320566E-003  2.2998390109E+000  2.4643161580E+000  1.8890316454E-003  2.4321862472E+000  2.4896835898E+000  2.1055229726E-003  2.2555049326E+000  2.4631903083E+000  1.5395022032E-003  3.3682901265E-004
   1   -40   0    0 -1.9522472408E-001  8.1077022700E+000  1.3086780496E-004  2.0149165892E+000  2.4335951689E+000  1.4163030697E-004  2.1156923871E+000  2.4102357111E+000  5.9047083676E-004  2.2296146755E+000  2.4258237500E+000  1.6593232297E-003  2.2992595467E+000  2.4632221934E+000  1.8895451560E-003  2.4318421840E+000  2.4893411953E+000  2.1048831856E-003  2.2550245717E+000  2.4620084047E+000  1.5409479114E-003  3.3675602784E-004
   1   -41   0    0 -1.8701770143E-001  8.1029817888E+000  1.3160174802E-004  2.0137230959E+000  2.4305365074E+000  1.4508885854E-004  2.1143656236E+000  2.4072370384E+000  5.9261016985E-004  2.2285125399E+000  2.4232817306E+000  1.6615406530E-003  2.2986773116E+000  2.4621218312E+000  1.8900632664E-003  2.4314941013E+000  2.4889948646E+000  2.1042357050E-003  2.2545428246E+000  2.4608196860E+000  1.5424075493E-003  3.3668251382E-004
   1   -42   0    0 -1.7883710349E-001  8.0982313795E+000  1.3234758987E-004  2.0125220951E+000  2.4274577597E+000  1.4859127316E-004  2.1130287838E+000  2.4042186466E+000  5.9477673092E-004  2.2274026104E+000  2.4207221662E+000  1.6637843908E-003  2.2980924087E+000  2.4610152241E+000  1.8905859339E-003  2.4311419929E+000  2.4886445934E+000  2.1035805124E-003  2.2540597999E+000  2.4596243182E+000  1.5438810365E-003  3.3660847803E-004
   1   -43   0    0 -1.7068273213E-001  8.0934516010E+000  1.3310546971E-004  2.0113137172E+000  2.4243592850E+000  1.5213772657E-004  2.1116819610E+000  2.4011808850E+000  5.9697063523E-004  2.2262849856E+000  2.4181453308E+000  1.6660545057E-003  2.2975049413E+000  2.4599025255E+000  1.8911131148E-003  2.4307858530E+000  2.4882903778E+000  2.1029175897E-003  2.2535756068E+000  2.4584224685E+000  1.5453682895E-003  3.3653392795E-004
   1   -44   0    0 -1.6255437607E-001  8.0886430147E+000  1.3387552814E-004  2.0100980922E+000  2.4212414448E+000  1.5572839168E-004  2.1103252485E+000  2.3981241053E+000  5.9919199654E-004  2.2251597640E+000  2.4155515004E+000  1.6683510583E-003  2.2969150139E+000  2.4587838897E+000  1.8916447636E-003  2.4304256762E+000  2.4879322139E+000  2.1022469197E-003  2.2530903547E+000  2.4572143047E+000  1.5468692218E-003  3.3645887111E-004
   1   -45   0    0 -1.5445181131E-001  8.0838061841E+000  1.3465790719E-004  2.0088753494E+000  2.4181046027E+000  1.5936343860E-004  2.1089587388E+000  2.3950486610E+000  6.0144092718E-004  2.2240270436E+000  2.4129409524E+000  1.6706741076E-003  2.2963227313E+000  2.4576594718E+000  1.8921808338E-003  2.4300614575E+000  2.4875700985E+000  2.1015684853E-003  2.2526041535E+000  2.4559999954E+000  1.5483837437E-003  3.3638331510E-004
   1   -46   0    0 -1.4637480149E-001  8.0789416734E+000  1.3545275033E-004  2.0076456176E+000  2.4149491243E+000  1.6304303470E-004  2.1075825236E+000  2.3919549069E+000  6.0371753801E-004  2.2228869218E+000  2.4103139659E+000  1.6730237109E-003  2.2957281988E+000  2.4565294273E+000  1.8927212772E-003  2.4296931922E+000  2.4872040286E+000  2.1008822706E-003  2.2521171132E+000  2.4547797097E+000  1.5499117625E-003  3.3630726754E-004
   1   -47   0    0 -1.3832309832E-001  8.0740500482E+000  1.3626020250E-004  2.0064090244E+000  2.4117753763E+000  1.6676734457E-004  2.1061966937E+000  2.3888431992E+000  6.0602193849E-004  2.2217394955E+000  2.4076708211E+000  1.6753999238E-003  2.2951315223E+000  2.4553939125E+000  1.8932660444E-003  2.4293208758E+000  2.4868340016E+000  2.1001882599E-003  2.2516293440E+000  2.4535536172E+000  1.5514531828E-003  3.3623073611E-004
   1   -48   0    0 -1.3029644207E-001  8.0691318739E+000  1.3708041013E-004  2.0051656967E+000  2.4085837267E+000  1.7053653004E-004  2.1048013390E+000  2.3857138952E+000  6.0835423665E-004  2.2205848607E+000  2.4050117989E+000  1.6778028003E-003  2.2945328080E+000  2.4542530838E+000  1.8938150848E-003  2.4289445044E+000  2.4864600150E+000  2.0994864379E-003  2.2511409561E+000  2.4523218877E+000  1.5530079058E-003  3.3615372849E-004
   1   -49   0    0 -1.2229456195E-001  8.0641877159E+000  1.3791352110E-004  2.0039157600E+000  2.4053745443E+000  1.7435075019E-004  2.1033965482E+000  2.3825673525E+000  6.1071453913E-004  2.2194231125E+000  2.4023371813E+000  1.6802323928E-003  2.2939321624E+000  2.4531070979E+000  1.8943683462E-003  2.4285640742E+000  2.4860820670E+000  2.0987767903E-003  2.2506520597E+000  2.4510846915E+000  1.5545758302E-003  3.3607625239E-004
   1   -50   0    0 -1.1431717660E-001  8.0592181392E+000  1.3875968480E-004  2.0026593384E+000  2.4021481985E+000  1.7821016128E-004  2.1019824086E+000  2.3794039294E+000  6.1310295113E-004  2.2182543450E+000  2.3996472504E+000  1.6826887521E-003  2.2933296924E+000  2.4519561117E+000  1.8949257752E-003  2.4281795818E+000  2.4857001558E+000  2.0980593029E-003  2.2501627649E+000  2.4498421987E+000  1.5561568515E-003  3.3599831555E-004
   1   -51   0    0 -1.0636399451E-001  8.0542237074E+000  1.3961905212E-004  2.0013965547E+000  2.3989050591E+000  1.8211491677E-004  2.1005590063E+000  2.3762239840E+000  6.1551957639E-004  2.2170786510E+000  2.3969422888E+000  1.6851719276E-003  2.2927255049E+000  2.4508002824E+000  1.8954873170E-003  2.4277910243E+000  2.4853142800E+000  2.0973339625E-003  2.2496731819E+000  2.4485945796E+000  1.5577508624E-003  3.3591992570E-004
   1   -52   0    0 -9.8434714523E-002  8.0492049828E+000  1.4049177542E-004  2.0001275298E+000  2.3956454957E+000  1.8606516721E-004  2.0991264258E+000  2.3730278745E+000  6.1796451722E-004  2.2158961220E+000  2.3942225790E+000  1.6876819669E-003  2.2921197071E+000  2.4496397668E+000  1.8960529154E-003  2.4273983990E+000  2.4849244386E+000  2.0966007559E-003  2.2491834202E+000  2.4473420041E+000  1.5593577526E-003  3.3584109061E-004
   1   -53   0    0 -9.0529026279E-002  8.0441625260E+000  1.4137800857E-004  1.9988523830E+000  2.3923698780E+000  1.9006106021E-004  2.0976847499E+000  2.3698159586E+000  6.2043787439E-004  2.2147068481E+000  2.3914884036E+000  1.6902189161E-003  2.2915124061E+000  2.4484747218E+000  1.8966225132E-003  2.4270017033E+000  2.4845306309E+000  2.0958596710E-003  2.2486935893E+000  2.4460846423E+000  1.5609774092E-003  3.3576181801E-004
   1   -54   0    0 -8.2646610681E-002  8.0390968950E+000  1.4227790691E-004  1.9975712315E+000  2.3890785750E+000  1.9410274035E-004  2.0962340599E+000  2.3665885934E+000  6.2293974715E-004  2.2135109179E+000  2.3887400448E+000  1.6927828197E-003  2.2909037091E+000  2.4473053043E+000  1.8971960513E-003  2.4266009354E+000  2.4841328564E+000  2.0951106959E-003  2.2482037983E+000  2.4448226636E+000  1.5626097160E-003  3.3568211565E-004
   1   -55   0    0 -7.4787140374E-002  8.0340086456E+000  1.4319162724E-004  1.9962841907E+000  2.3857719554E+000  1.9819034907E-004  2.0947744351E+000  2.3633461353E+000  6.2547023314E-004  2.2123084183E+000  2.3859777842E+000  1.6953737207E-003  2.2902937234E+000  2.4461316705E+000  1.8977734698E-003  2.4261960936E+000  2.4837311151E+000  2.0943538194E-003  2.2477141557E+000  2.4435562374E+000  1.5642545542E-003  3.3560199128E-004
   1   -56   0    0 -6.6950280209E-002  8.0288983303E+000  1.4411932781E-004  1.9949913737E+000  2.3824503868E+000  2.0232402461E-004  2.0933059531E+000  2.3600889394E+000  6.2802942835E-004  2.2110994346E+000  2.3832019028E+000  1.6979916604E-003  2.2896825559E+000  2.4449539767E+000  1.8983547071E-003  2.4257871764E+000  2.4833254072E+000  2.0935890308E-003  2.2472247698E+000  2.4422855325E+000  1.5659118020E-003  3.3552145262E-004
   1   -57   0    0 -5.9135687719E-002  8.0237664987E+000  1.4506116831E-004  1.9936928910E+000  2.3791142357E+000  2.0650390182E-004  2.0918286894E+000  2.3568173598E+000  6.3061742703E-004  2.2098840499E+000  2.3804126811E+000  1.7006366782E-003  2.2890703136E+000  2.4437723786E+000  1.8989397004E-003  2.4253741829E+000  2.4829157334E+000  2.0928163202E-003  2.2467357479E+000  2.4410107170E+000  1.5675813345E-003  3.3544050739E-004
   1   -58   0    0 -5.1343013589E-002  8.0186136966E+000  1.4601730980E-004  1.9923888511E+000  2.3757638675E+000  2.1073011207E-004  2.0903427174E+000  2.3535317490E+000  6.3323432163E-004  2.2086623457E+000  2.3776103983E+000  1.7033088121E-003  2.2884571033E+000  2.4425870314E+000  1.8995283854E-003  2.4249571126E+000  2.4825020945E+000  2.0920356781E-003  2.2462471970E+000  2.4397319587E+000  1.5692630242E-003  3.3535916327E-004
   1   -59   0    0 -4.3571902122E-002  8.0134404660E+000  1.4698791475E-004  1.9910793597E+000  2.3723996460E+000  2.1500278307E-004  2.0888481086E+000  2.3502324579E+000  6.3588020271E-004  2.2074344013E+000  2.3747953325E+000  1.7060080981E-003  2.2878430313E+000  2.4413980899E+000  1.9001206966E-003  2.4245359651E+000  2.4820844919E+000  2.0912470957E-003  2.2457592233E+000  2.4384494244E+000  1.5709567403E-003  3.3527742793E-004
   1   -60   0    0 -3.5821991707E-002  8.0082473449E+000  1.4797314693E-004  1.9897645200E+000  2.3690219336E+000  2.1932203874E-004  2.0873449323E+000  2.3469198357E+000  6.3855515881E-004  2.2062002939E+000  2.3719677609E+000  1.7087345703E-003  2.2872282040E+000  2.4402057082E+000  1.9007165669E-003  2.4241107406E+000  2.4816629272E+000  2.0904505649E-003  2.2452719320E+000  2.4371632805E+000  1.5726623492E-003  3.3519530903E-004
   1   -61   0    0 -2.8092915281E-002  8.0030348665E+000  1.4897317143E-004  1.9884444323E+000  2.3656310908E+000  2.2368799900E-004  2.0858332553E+000  2.3435942296E+000  6.4125927642E-004  2.2049600984E+000  2.3691279590E+000  1.7114882610E-003  2.2866127271E+000  2.4390100399E+000  1.9013159280E-003  2.4236814397E+000  2.4812374024E+000  2.0896460783E-003  2.2447854278E+000  2.4358736923E+000  1.5743797142E-003  3.3511281418E-004
   1   -62   0    0 -2.0384300793E-002  7.9978035599E+000  1.4998815457E-004  1.9871191941E+000  2.3622274760E+000  2.2810077958E-004  2.0843131425E+000  2.3402559846E+000  6.4399263977E-004  2.2037138875E+000  2.3662762011E+000  1.7142692004E-003  2.2859967060E+000  2.4378112378E+000  1.9019187101E-003  2.4232480633E+000  2.4808079201E+000  2.0888336291E-003  2.2442998142E+000  2.4345808245E+000  1.5761086954E-003  3.3502995095E-004
   1   -63   0    0 -1.2695771653E-002  7.9925539490E+000  1.5101826389E-004  1.9857888999E+000  2.3588114458E+000  2.3256049180E-004  2.0827846562E+000  2.3369054438E+000  6.4675533079E-004  2.2024617314E+000  2.3634127598E+000  1.7170774165E-003  2.2853802460E+000  2.4366094541E+000  1.9025248419E-003  2.4228106129E+000  2.4803744829E+000  2.0880132113E-003  2.2438151941E+000  2.4332848407E+000  1.5778491501E-003  3.3494672692E-004
   1   -64   0    0 -5.0269471906E-003  7.9872865527E+000  1.5206366805E-004  1.9844536411E+000  2.3553833545E+000  2.3706724241E-004  2.0812478565E+000  2.3335429474E+000  6.4954742894E-004  2.2012036979E+000  2.3605379059E+000  1.7199129354E-003  2.2847634514E+000  2.4354048400E+000  1.9031342508E-003  2.4223690902E+000  2.4799370943E+000  2.0871848197E-003  2.2433316690E+000  2.4319859037E+000  1.5796009322E-003  3.3486314959E-004
   1   -65   0    0  2.6225569056E-003  7.9820018846E+000  1.5312453681E-004  1.9831135062E+000  2.3519435538E+000  2.4162113328E-004  2.0797028010E+000  2.3301688336E+000  6.5236901105E-004  2.1999398523E+000  2.3576519086E+000  1.7227757804E-003  2.2841464264E+000  2.4341975461E+000  1.9037468627E-003  2.4219234978E+000  2.4794957578E+000  2.0863484497E-003  2.2428493395E+000  2.4306841752E+000  1.5813638924E-003  3.3477922643E-004
   1   -66   0    0  1.0253128143E-002  7.9767004528E+000  1.5420104094E-004  1.9817685801E+000  2.3484923932E+000  2.4622226120E-004  2.0781495449E+000  2.3267834377E+000  6.5522015124E-004  2.1986702572E+000  2.3547550351E+000  1.7256659727E-003  2.2835292744E+000  2.4329877221E+000  1.9043626020E-003  2.4214738382E+000  2.4790504777E+000  2.0855040980E-003  2.2423683052E+000  2.4293798159E+000  1.5831378784E-003  3.3469496490E-004
   1   -67   0    0  1.7865156791E-002  7.9713827597E+000  1.5529335216E-004  1.9804189447E+000  2.3450302194E+000  2.5087071760E-004  2.0765881410E+000  2.3233870922E+000  6.5810092069E-004  2.1973949726E+000  2.3518475508E+000  1.7285835308E-003  2.2829120985E+000  2.4317755168E+000  1.9049813915E-003  2.4210201149E+000  2.4786012586E+000  2.0846517616E-003  2.2418886641E+000  2.4280729854E+000  1.5849227344E-003  3.3461037238E-004
   1   -68   0    0  2.5459035455E-002  7.9660493022E+000  1.5640164306E-004  1.9790646782E+000  2.3415573765E+000  2.5556658831E-004  2.0750186395E+000  2.3199801269E+000  6.6101138754E-004  2.1961140558E+000  2.3489297188E+000  1.7315284707E-003  2.2822950008E+000  2.4305610780E+000  1.9056031527E-003  2.4205623317E+000  2.4781481057E+000  2.0837914388E-003  2.2414105134E+000  2.4267638422E+000  1.5867183014E-003  3.3452545624E-004
   1   -69   0    0  3.3035158651E-002  7.9607005708E+000  1.5752608700E-004  1.9777058556E+000  2.3380742056E+000  2.6030995322E-004  2.0734410885E+000  2.3165628687E+000  6.6395161666E-004  2.1948275612E+000  2.3460018002E+000  1.7345008054E-003  2.2816780831E+000  2.4293445528E+000  1.9062278056E-003  2.4201004930E+000  2.4776910245E+000  2.0829231288E-003  2.2409339487E+000  2.4254525437E+000  1.5885244169E-003  3.3444022378E-004
   1   -70   0    0  4.0593922392E-002  7.9553370500E+000  1.5866685806E-004  1.9763425482E+000  2.3345810451E+000  2.6510088608E-004  2.0718555330E+000  2.3131356413E+000  6.6692166955E-004  2.1935355404E+000  2.3430640541E+000  1.7375005449E-003  2.2810614461E+000  2.4281260870E+000  1.9068552684E-003  2.4196346037E+000  2.4772300212E+000  2.0820468316E-003  2.2404590643E+000  2.4241392459E+000  1.5903409152E-003  3.3435468227E-004
   1   -71   0    0  4.8135723778E-002  7.9499592183E+000  1.5982413091E-004  1.9749748237E+000  2.3310782301E+000  2.6993945410E-004  2.0702620161E+000  2.3096987655E+000  6.6992160407E-004  2.1922380422E+000  2.3401167368E+000  1.7405276963E-003  2.2804451902E+000  2.4269058257E+000  1.9074854581E-003  2.4191646694E+000  2.4767651027E+000  2.0811625485E-003  2.2399859530E+000  2.4228241040E+000  1.5921676268E-003  3.3426883894E-004
   1   -72   0    0  5.5660960598E-002  7.9445675476E+000  1.6099808074E-004  1.9736027461E+000  2.3275660928E+000  2.7482571771E-004  2.0686605782E+000  2.3062525586E+000  6.7295147432E-004  2.1909351122E+000  2.3371601029E+000  1.7435822632E-003  2.2798294147E+000  2.4256839128E+000  1.9081182898E-003  2.4186906963E+000  2.4762962762E+000  2.0802702818E-003  2.2395147064E+000  2.4215072715E+000  1.5940043790E-003  3.3418270095E-004
   1   -73   0    0  6.3170030931E-002  7.9391625032E+000  1.6218888312E-004  1.9722263757E+000  2.3240449620E+000  2.7975973021E-004  2.0670512570E+000  2.3027973348E+000  6.7601133042E-004  2.1896267934E+000  2.3341944041E+000  1.7466642461E-003  2.2792142181E+000  2.4244604912E+000  1.9087536773E-003  2.4182126913E+000  2.4758235497E+000  2.0793700348E-003  2.2390454141E+000  2.4201889009E+000  1.5958509953E-003  3.3409627543E-004
   1   -74   0    0  7.0663332766E-002  7.9337445441E+000  1.6339671392E-004  1.9708457691E+000  2.3205151632E+000  2.8474153745E-004  2.0654340881E+000  2.2993334051E+000  6.7910121831E-004  2.1883131254E+000  2.3312198900E+000  1.7497736415E-003  2.2785996984E+000  2.4232357028E+000  1.9093915326E-003  2.4177306617E+000  2.4753469318E+000  2.0784618121E-003  2.2385781644E+000  2.4188691433E+000  1.5977072957E-003  3.3400956946E-004
   1   -75   0    0  7.8141263618E-002  7.9283141225E+000  1.6462174920E-004  1.9694609789E+000  2.3169770186E+000  2.8977117750E-004  2.0638091044E+000  2.2958610768E+000  6.8222117955E-004  2.1869941449E+000  2.3282368074E+000  1.7529104426E-003  2.2779859522E+000  2.4220096883E+000  1.9100317662E-003  2.4172446159E+000  2.4748664316E+000  2.0775456196E-003  2.2381130440E+000  2.4175481486E+000  1.5995730964E-003  3.3392259008E-004
   1   -76   0    0  8.5604220160E-002  7.9228716837E+000  1.6586416505E-004  1.9680720538E+000  2.3134308469E+000  2.9484868028E-004  2.0621763366E+000  2.2923806539E+000  6.8537125109E-004  2.1856698854E+000  2.3252454007E+000  1.7560746384E-003  2.2773730755E+000  2.4207825875E+000  1.9106742871E-003  2.4167545626E+000  2.4743820592E+000  2.0766214644E-003  2.2376501378E+000  2.4162260653E+000  1.6014482100E-003  3.3383534425E-004
   1   -77   0    0  9.3052597858E-002  7.9174176662E+000  1.6712413749E-004  1.9666790386E+000  2.3098769633E+000  2.9997406726E-004  2.0605358127E+000  2.2888924367E+000  6.8855146509E-004  2.1843403775E+000  2.3222459118E+000  1.7592662139E-003  2.2767611634E+000  2.4195545388E+000  1.9113190024E-003  2.4162605117E+000  2.4738938251E+000  2.0756893549E-003  2.2371895287E+000  2.4149030404E+000  1.6033324452E-003  3.3374783892E-004
   1   -78   0    0  1.0048679062E-001  7.9119525018E+000  1.6840184234E-004  1.9652819743E+000  2.3063156792E+000  3.0514735109E-004  2.0588875588E+000  2.2853967223E+000  6.9176184870E-004  2.1830056483E+000  2.3192385797E+000  1.7624851499E-003  2.2761503099E+000  2.4183256798E+000  1.9119658178E-003  2.4157624736E+000  2.4734017408E+000  2.0747493010E-003  2.2367312982E+000  2.4135792198E+000  1.6052256072E-003  3.3366008096E-004
   1   -79   0    0  1.0790719044E-001  7.9064766149E+000  1.6969745508E-004  1.9638808975E+000  2.3027473026E+000  3.1036853522E-004  2.0572315981E+000  2.2818938036E+000  6.9500242381E-004  2.1816657219E+000  2.3162236409E+000  1.7657314228E-003  2.2755406079E+000  2.4170961466E+000  1.9126146372E-003  2.4152604594E+000  2.4729058183E+000  2.0738013139E-003  2.2362755257E+000  2.4122547478E+000  1.6071274969E-003  3.3357207721E-004
   1   -80   0    0  1.1531418709E-001  7.9009904232E+000  1.7101115068E-004  1.9624758410E+000  2.2991721376E+000  3.1563761359E-004  2.0555679520E+000  2.2783839704E+000  6.9827320686E-004  2.1803206191E+000  2.3132013290E+000  1.7690050042E-003  2.2749321494E+000  2.4158660746E+000  1.9132653631E-003  2.4147544814E+000  2.4724060705E+000  2.0728454063E-003  2.2358222887E+000  2.4109297673E+000  1.6090379116E-003  3.3348383445E-004
   1   -81   0    0  1.2270816773E-001  7.8954943371E+000  1.7234310351E-004  1.9610668336E+000  2.2955904843E+000  3.2095457023E-004  2.0538966394E+000  2.2748675083E+000  7.0157420860E-004  2.1789703577E+000  2.3101718749E+000  1.7723058612E-003  2.2743250252E+000  2.4146355975E+000  1.9139178960E-003  2.4142445524E+000  2.4719025113E+000  2.0718815927E-003  2.2353716626E+000  2.4096044199E+000  1.6109566448E-003  3.3339535940E-004
   1   -82   0    0  1.3008951666E-001  7.8899887598E+000  1.7369348712E-004  1.9596538997E+000  2.2920026393E+000  3.2631937893E-004  2.0522176770E+000  2.2713446995E+000  7.0490543390E-004  2.1776149520E+000  2.3071355069E+000  1.7756339558E-003  2.2737193250E+000  2.4134048483E+000  1.9145721351E-003  2.4137306864E+000  2.4713951551E+000  2.0709098889E-003  2.2349237210E+000  2.4082788456E+000  1.6128834857E-003  3.3330665876E-004
   1   -83   0    0  1.3745861495E-001  7.8844740875E+000  1.7506247413E-004  1.9582370598E+000  2.2884088949E+000  3.3173200285E-004  2.0505310796E+000  2.2678158222E+000  7.0826688146E-004  2.1762544131E+000  2.3040924499E+000  1.7789892448E-003  2.2731151375E+000  2.4121739586E+000  1.9152279777E-003  2.4132128980E+000  2.4708840175E+000  2.0699303124E-003  2.2344785354E+000  2.4069531831E+000  1.6148182197E-003  3.3321773915E-004
   1   -84   0    0  1.4481584016E-001  7.8789507089E+000  1.7645023603E-004  1.9568163302E+000  2.2848095395E+000  3.3719239420E-004  2.0488368596E+000  2.2642811509E+000  7.1165854366E-004  2.1748887490E+000  2.3010429265E+000  1.7823716797E-003  2.2725125500E+000  2.4109430587E+000  1.9158853195E-003  2.4126912031E+000  2.4703691147E+000  2.0689428825E-003  2.2340361749E+000  2.4056275694E+000  1.6167606284E-003  3.3312860715E-004
   1   -85   0    0  1.5216156605E-001  7.8734190057E+000  1.7785694306E-004  1.9553917231E+000  2.2812048577E+000  3.4270049385E-004  2.0471350276E+000  2.2607409560E+000  7.1508040629E-004  2.1735179641E+000  2.2979871560E+000  1.7857812067E-003  2.2719116486E+000  2.4097122778E+000  1.9165440547E-003  2.4121656183E+000  2.4698504640E+000  2.0679476203E-003  2.2335967066E+000  2.4043021402E+000  1.6187104891E-003  3.3303926930E-004
   1   -86   0    0  1.5949616228E-001  7.8678793521E+000  1.7928276399E-004  1.9539632464E+000  2.2775951294E+000  3.4825623100E-004  2.0454255920E+000  2.2571955042E+000  7.1853244835E-004  2.1721420599E+000  2.2949253549E+000  1.7892177661E-003  2.2713125184E+000  2.4084817440E+000  1.9172040758E-003  2.4116361612E+000  2.4693280837E+000  2.0669445486E-003  2.2331601955E+000  2.4029770296E+000  1.6206675753E-003  3.3294973207E-004
   1   -87   0    0  1.6681999416E-001  7.8623321150E+000  1.8072786598E-004  1.9525309040E+000  2.2739806310E+000  3.5385952285E-004  2.0437085597E+000  2.2536450584E+000  7.2201464181E-004  2.1707610345E+000  2.2918577366E+000  1.7926812924E-003  2.2707152428E+000  2.4072515839E+000  1.9178652736E-003  2.4111028506E+000  2.4688019930E+000  2.0659336919E-003  2.2327267041E+000  2.4016523703E+000  1.6226316563E-003  3.3286000191E-004
   1   -88   0    0  1.7413342232E-001  7.8567776540E+000  1.8219241438E-004  1.9510946954E+000  2.2703616340E+000  3.5951027419E-004  2.0419839354E+000  2.2500898773E+000  7.2552695143E-004  2.1693748828E+000  2.2887845115E+000  1.7961717143E-003  2.2701199042E+000  2.4060219231E+000  1.9185275373E-003  2.4105657063E+000  2.4682722120E+000  2.0649150770E-003  2.2322962926E+000  2.4003282932E+000  1.6246024976E-003  3.3277008519E-004
   1   -89   0    0  1.8143680254E-001  7.8512163214E+000  1.8367657254E-004  1.9496546162E+000  2.2667384061E+000  3.6520837716E-004  2.0402517221E+000  2.2465302158E+000  7.2906933452E-004  2.1679835962E+000  2.2857058870E+000  1.7996889541E-003  2.2695265835E+000  2.4047928858E+000  1.9191907546E-003  2.4100247491E+000  2.4677387619E+000  2.0638887322E-003  2.2318690190E+000  2.3990049280E+000  1.6265798606E-003  3.3267998824E-004
   1   -90   0    0  1.8873048543E-001  7.8456484620E+000  1.8518050166E-004  1.9482106578E+000  2.2631112105E+000  3.7095371086E-004  2.0385119213E+000  2.2429663247E+000  7.3264174072E-004  2.1665871633E+000  2.2826220673E+000  1.8032329279E-003  2.2689353604E+000  2.4035645950E+000  1.9198548116E-003  2.4094800010E+000  2.4672016649E+000  2.0628546882E-003  2.2314449386E+000  2.3976824025E+000  1.6285635026E-003  3.3258971736E-004
   1   -91   0    0  1.9601481621E-001  7.8400744133E+000  1.8670436056E-004  1.9467628073E+000  2.2594803058E+000  3.7674614105E-004  2.0367645329E+000  2.2393984509E+000  7.3624411184E-004  2.1651855692E+000  2.2795332536E+000  1.8068035452E-003  2.2683463129E+000  2.4023371724E+000  1.9205195929E-003  2.4089314850E+000  2.4666609445E+000  2.0618129775E-003  2.2310241046E+000  2.3963608432E+000  1.6305531771E-003  3.3249927877E-004
   1   -92   0    0  2.0329013451E-001  7.8344945055E+000  1.8824830550E-004  1.9453110479E+000  2.2558459463E+000  3.8258551986E-004  2.0350095551E+000  2.2358268373E+000  7.3987638165E-004  2.1637787960E+000  2.2764396437E+000  1.8104007090E-003  2.2677595177E+000  2.4011107385E+000  1.9211849815E-003  2.4083792253E+000  2.4661166250E+000  2.0607636348E-003  2.2306065674E+000  2.3950403747E+000  1.6325486336E-003  3.3240867865E-004
   1   -93   0    0  2.1055677410E-001  7.8289090613E+000  1.8981249001E-004  1.9438553586E+000  2.2522083819E+000  3.8847168549E-004  2.0332469848E+000  2.2322517227E+000  7.4353847565E-004  2.1623668225E+000  2.2733414325E+000  1.8140243155E-003  2.2671750501E+000  2.3998854122E+000  1.9218508590E-003  2.4078232473E+000  2.4655687319E+000  2.0597066967E-003  2.2301923750E+000  2.3937211202E+000  1.6345496179E-003  3.3231792315E-004
   1   -94   0    0  2.1781506273E-001  7.8233183961E+000  1.9139706465E-004  1.9423957144E+000  2.2485678577E+000  3.9440446190E-004  2.0314768175E+000  2.2286733417E+000  7.4723031094E-004  2.1609496245E+000  2.2702388115E+000  1.8176742539E-003  2.2665929837E+000  2.3986613115E+000  1.9225171054E-003  2.4072635777E+000  2.4650172918E+000  2.0586422022E-003  2.2297815728E+000  2.3924032013E+000  1.6365558716E-003  3.3222701835E-004
   1   -95   0    0  2.2506532190E-001  7.8177228180E+000  1.9300217685E-004  1.9409320863E+000  2.2449246144E+000  4.0038365862E-004  2.0296990476E+000  2.2250919252E+000  7.5095179602E-004  2.1595271746E+000  2.2671319690E+000  1.8213504064E-003  2.2660133908E+000  2.3974385528E+000  1.9231835994E-003  2.4067002440E+000  2.4644623326E+000  2.0575701925E-003  2.2293742036E+000  2.3910867379E+000  1.6385671328E-003  3.3213597029E-004
   1   -96   0    0  2.3230786667E-001  7.8121226277E+000  1.9462797069E-004  1.9394644412E+000  2.2412788877E+000  4.0640907040E-004  2.0279136682E+000  2.2215076998E+000  7.5470283061E-004  2.1580994426E+000  2.2640210899E+000  1.8250526481E-003  2.2654363419E+000  2.3962172514E+000  1.9238502184E-003  2.4061332755E+000  2.4639038832E+000  2.0564907109E-003  2.2289703076E+000  2.3897718481E+000  1.6405831358E-003  3.3204478495E-004
   1   -97   0    0  2.3954300550E-001  7.8065181186E+000  1.9627458670E-004  1.9379927422E+000  2.2376309089E+000  4.1248047706E-004  2.0261206713E+000  2.2179208880E+000  7.5848330555E-004  2.1566663951E+000  2.2609063560E+000  1.8287808468E-003  2.2648619060E+000  2.3949975211E+000  1.9245168384E-003  2.4055627022E+000  2.4633419737E+000  2.0554038029E-003  2.2285699222E+000  2.3884586485E+000  1.6426036113E-003  3.3195346827E-004
   1   -98   0    0  2.4677104007E-001  7.8009095767E+000  1.9794216167E-004  1.9365169486E+000  2.2339809045E+000  4.1859764324E-004  2.0243200482E+000  2.2143317083E+000  7.6229310256E-004  2.1552279959E+000  2.2577879454E+000  1.8325348629E-003  2.2642901504E+000  2.3937794742E+000  1.9251833339E-003  2.4049885557E+000  2.4627766354E+000  2.0543095166E-003  2.2281730822E+000  2.3871472540E+000  1.6446282862E-003  3.3186202615E-004
   1   -99   0    0  2.5399226512E-001  7.7952972810E+000  1.9963082844E-004  1.9350370157E+000  2.2303290960E+000  4.2476031817E-004  2.0225117891E+000  2.2107403752E+000  7.6613209421E-004  2.1537842057E+000  2.2546660333E+000  1.8363145492E-003  2.2637211410E+000  2.3925632220E+000  1.9258495786E-003  2.4044108688E+000  2.4622079009E+000  2.0532079020E-003  2.2277798199E+000  2.3858377777E+000  1.6466568843E-003  3.3177046441E-004
   1  -100   0    0  2.6120696832E-001  7.7896815030E+000  2.0134071569E-004  1.9335528951E+000  2.2266757000E+000  4.3096823555E-004  2.0206958835E+000  2.2071470989E+000  7.7000014369E-004  2.1523349826E+000  2.2515407911E+000  1.8401197512E-003  2.2631549418E+000  2.3913488742E+000  1.9265154447E-003  2.4038296754E+000  2.4616358038E+000  2.0520990118E-003  2.2273901643E+000  2.3845303310E+000  1.6486891258E-003  3.3167878886E-004
   1  -101   0    0  2.6841543010E-001  7.7840625073E+000  2.0307194777E-004  1.9320645347E+000  2.2230209286E+000  4.3722111337E-004  2.0188723203E+000  2.2035520857E+000  7.7389710479E-004  2.1508802818E+000  2.2484123868E+000  1.8439503065E-003  2.2625916151E+000  2.3901365391E+000  1.9271808035E-003  2.4032450109E+000  2.4610603791E+000  2.0509829007E-003  2.2270041423E+000  2.3832250237E+000  1.6507247276E-003  3.3158700523E-004
   1  -102   0    0  2.7561792359E-001  7.7784405510E+000  2.0482464446E-004  1.9305718789E+000  2.2193649884E+000  4.4351865374E-004  2.0170410878E+000  2.1999555378E+000  7.7782282172E-004  2.1494200558E+000  2.2452809852E+000  1.8478060453E-003  2.2620312215E+000  2.3889263236E+000  1.9278455249E-003  2.4026569119E+000  2.4604816631E+000  2.0498596261E-003  2.2266217775E+000  2.3819219637E+000  1.6527634034E-003  3.3149511921E-004
   1  -103   0    0  2.8281471441E-001  7.7728158843E+000  2.0659892081E-004  1.9290748683E+000  2.2157080813E+000  4.4986054281E-004  2.0152021738E+000  2.1963576533E+000  7.8177712909E-004  2.1479542547E+000  2.2421467472E+000  1.8516867898E-003  2.2614738200E+000  2.3877183334E+000  1.9285094783E-003  2.4020654163E+000  2.4598996932E+000  2.0487292476E-003  2.2262430911E+000  2.3806212572E+000  1.6548048642E-003  3.3140313644E-004
   1  -104   0    0  2.9000606068E-001  7.7671887504E+000  2.0839488694E-004  1.9275734404E+000  2.2120504042E+000  4.5624645069E-004  2.0133555659E+000  2.1927586261E+000  7.8575985178E-004  2.1464828257E+000  2.2390098306E+000  1.8555923545E-003  2.2609194676E+000  2.3865126725E+000  1.9291725318E-003  2.4014705634E+000  2.4593145079E+000  2.0475918271E-003  2.2258681013E+000  2.3793230086E+000  1.6568488176E-003  3.3131106251E-004
   1  -105   0    0  2.9719221285E-001  7.7615593853E+000  2.1021264780E-004  1.9260675291E+000  2.2083921487E+000  4.6267603132E-004  2.0115012514E+000  2.1891586462E+000  7.8977080490E-004  2.1450057137E+000  2.2358703893E+000  1.8595225462E-003  2.2603682197E+000  2.3853094436E+000  1.9298345529E-003  2.4008723937E+000  2.4587261473E+000  2.0464474291E-003  2.2254968235E+000  2.3780273204E+000  1.6588949690E-003  3.3121890296E-004
   1  -106   0    0  3.0437341364E-001  7.7559280183E+000  2.1205230305E-004  1.9245570649E+000  2.2047335015E+000  4.6914892248E-004  2.0096392175E+000  2.1855578997E+000  7.9380979375E-004  2.1435228612E+000  2.2327285738E+000  1.8634771636E-003  2.2598201299E+000  2.3841087480E+000  1.9304954081E-003  2.4002709490E+000  2.4581346525E+000  2.0452961204E-003  2.2251292704E+000  2.3767342936E+000  1.6609430206E-003  3.3112666328E-004
   1  -107   0    0  3.1154989799E-001  7.7502948716E+000  2.1391394683E-004  1.9230419753E+000  2.2010746440E+000  4.7566474574E-004  2.0077694513E+000  2.1819565683E+000  7.9787661376E-004  2.1420342083E+000  2.2295845309E+000  1.8674559978E-003  2.2592752498E+000  2.3829106854E+000  1.9311549635E-003  2.3996662725E+000  2.4575400659E+000  2.0441379700E-003  2.2247654519E+000  2.3754440269E+000  1.6629926726E-003  3.3103434891E-004
   1  -108   0    0  3.1872189300E-001  7.7446601607E+000  2.1579766758E-004  1.9215221848E+000  2.1974157524E+000  4.8222310648E-004  2.0058919400E+000  2.1783548299E+000  8.0197105050E-004  2.1405396930E+000  2.2264384040E+000  1.8714588319E-003  2.2587336294E+000  2.3817153541E+000  1.9318130844E-003  2.3990584087E+000  2.4569424311E+000  2.0429730496E-003  2.2244053751E+000  2.3741566177E+000  1.6650436228E-003  3.3094196522E-004
   1  -109   0    0  3.2588961787E-001  7.7390240944E+000  2.1770354790E-004  1.9199976146E+000  2.1937569978E+000  4.8882359391E-004  2.0040066712E+000  2.1747528585E+000  8.0609287968E-004  2.1390392512E+000  2.2232903325E+000  1.8754854413E-003  2.2581953167E+000  2.3805228510E+000  1.9324696356E-003  2.3984474032E+000  2.4563417930E+000  2.0418014330E-003  2.2240490444E+000  2.3728721612E+000  1.6670955667E-003  3.3084951755E-004
   1  -110   0    0  3.3305328389E-001  7.7333868748E+000  2.1963166430E-004  1.9184681834E+000  2.1900985461E+000  4.9546578109E-004  2.0021136324E+000  2.1711508240E+000  8.1024186711E-004  2.1375328165E+000  2.2201404524E+000  1.8795355936E-003  2.2576603580E+000  2.3793332715E+000  1.9331244815E-003  2.3978333033E+000  2.4557381978E+000  2.0406231965E-003  2.2236964613E+000  2.3715907507E+000  1.6691481981E-003  3.3075701119E-004
   1  -111   0    0  3.4021309439E-001  7.7277486974E+000  2.2158208712E-004  1.9169338068E+000  2.1864405576E+000  5.0214922509E-004  2.0002128120E+000  2.1675488923E+000  8.1441776879E-004  2.1360203208E+000  2.2169888960E+000  1.8836090487E-003  2.2571287976E+000  2.3781467093E+000  1.9337774862E-003  2.3972161571E+000  2.4551316927E+000  2.0394384186E-003  2.2233476247E+000  2.3703124779E+000  1.6712012090E-003  3.3066445136E-004
   1  -112   0    0  3.4736924480E-001  7.7221097513E+000  2.2355488032E-004  1.9153943979E+000  2.1827831876E+000  5.0887346702E-004  1.9983041987E+000  2.1639472255E+000  8.1862033090E-004  2.1345016942E+000  2.2138357917E+000  1.8877055587E-003  2.2566006780E+000  2.3769632569E+000  1.9344285135E-003  2.3965960144E+000  2.4545223264E+000  2.0382471802E-003  2.2230025307E+000  2.3690374324E+000  1.6732542897E-003  3.3057184324E-004
   1  -113   0    0  3.5452192254E-001  7.7164702192E+000  2.2555010131E-004  1.9138498674E+000  2.1791265861E+000  5.1563803217E-004  1.9963877817E+000  2.1603459818E+000  8.2284928989E-004  2.1329768648E+000  2.2106812644E+000  1.8918248681E-003  2.2560760399E+000  2.3757830051E+000  1.9350774271E-003  2.3959729260E+000  2.4539101485E+000  2.0370495646E-003  2.2226611728E+000  2.3677657021E+000  1.6753071294E-003  3.3047919194E-004
   1  -114   0    0  3.6167130716E-001  7.7108302774E+000  2.2756780084E-004  1.9123001234E+000  2.1754708977E+000  5.2244243021E-004  1.9944635510E+000  2.1567453155E+000  8.2710437253E-004  2.1314457594E+000  2.2075254351E+000  1.8959667139E-003  2.2555549222E+000  2.3746060431E+000  1.9357240905E-003  2.3953469440E+000  2.4532952100E+000  2.0358456569E-003  2.2223235419E+000  2.3664973727E+000  1.6773594158E-003  3.3038650253E-004
   1  -115   0    0  3.6881757026E-001  7.7051900962E+000  2.2960802283E-004  1.9107450717E+000  2.1718162615E+000  5.2928615532E-004  1.9925314977E+000  2.1531453772E+000  8.3138529601E-004  2.1299083031E+000  2.2043684212E+000  1.9001308259E-003  2.2550373616E+000  2.3734324588E+000  1.9363683676E-003  2.3947181219E+000  2.4526775631E+000  2.0346355450E-003  2.2219896261E+000  2.3652325283E+000  1.6794108359E-003  3.3029378003E-004
   1  -116   0    0  3.7596087561E-001  7.6995498398E+000  2.3167080424E-004  1.9091846162E+000  2.1681628116E+000  5.3616868643E-004  1.9905916135E+000  2.1495463136E+000  8.3569176805E-004  2.1283644195E+000  2.2012103362E+000  1.9043169261E-003  2.2545233934E+000  2.3722623385E+000  1.9370101220E-003  2.3940865141E+000  2.4520572609E+000  2.0334193186E-003  2.2216594112E+000  2.3639712509E+000  1.6814610761E-003  3.3020102940E-004
   1  -117   0    0  3.8310137915E-001  7.6939096662E+000  2.3375617496E-004  1.9076186586E+000  2.1645106764E+000  5.4308948742E-004  1.9886438914E+000  2.1459482677E+000  8.4002348698E-004  2.1268140312E+000  2.1980512901E+000  1.9085247297E-003  2.2540130508E+000  2.3710957668E+000  1.9376492179E-003  2.3934521766E+000  2.4514343580E+000  2.0321970695E-003  2.2213328803E+000  2.3627136208E+000  1.6835098219E-003  3.3010825554E-004
   1  -118   0    0  3.9023922905E-001  7.6882697280E+000  2.3586415763E-004  1.9060470988E+000  2.1608599791E+000  5.5004800740E-004  1.9866883252E+000  2.1423513789E+000  8.4438014191E-004  2.1252570593E+000  2.1948913888E+000  1.9127539446E-003  2.2535063651E+000  2.3699328270E+000  1.9382855197E-003  2.3928151662E+000  2.4508089098E+000  2.0309688919E-003  2.2210100141E+000  2.3614597160E+000  1.6855567589E-003  3.3001546330E-004
   1  -119   0    0  3.9737456582E-001  7.6826301716E+000  2.3799476761E-004  1.9044698347E+000  2.1572108377E+000  5.5704368098E-004  1.9847249105E+000  2.1387557830E+000  8.4876141287E-004  2.1236934241E+000  2.1917307346E+000  1.9170042719E-003  2.2530033661E+000  2.3687736007E+000  1.9389188922E-003  2.3921755411E+000  2.4501809729E+000  2.0297348817E-003  2.2206907907E+000  2.3602096130E+000  1.6876015724E-003  3.2992265746E-004
   1  -120   0    0  4.0450752235E-001  7.6769911383E+000  2.4014801281E-004  1.9028867630E+000  2.1535633647E+000  5.6407592856E-004  1.9827536436E+000  2.1351616120E+000  8.5316697093E-004  2.1221230449E+000  2.1885694261E+000  1.9212754057E-003  2.2525040813E+000  2.3676181680E+000  1.9395492008E-003  2.3915333604E+000  2.4495506051E+000  2.0284951369E-003  2.2203751862E+000  2.3589633861E+000  1.6896439480E-003  3.2982984278E-004
   1  -121   0    0  4.1163822401E-001  7.6713527635E+000  2.4232389363E-004  1.9012977787E+000  2.1499176672E+000  5.7114415666E-004  1.9807745228E+000  2.1315689945E+000  8.5759647842E-004  2.1205458400E+000  2.1854075581E+000  1.9255670337E-003  2.2520085370E+000  2.3664666075E+000  1.9401763118E-003  2.3908886847E+000  2.4489178652E+000  2.0272497576E-003  2.2200631742E+000  2.3577211078E+000  1.6916835715E-003  3.2973702392E-004
   1  -122   0    0  4.1876678879E-001  7.6657151777E+000  2.4452240284E-004  1.8997027755E+000  2.1462738471E+000  5.7824775827E-004  1.9787875475E+000  2.1279780559E+000  8.6204958911E-004  2.1189617272E+000  2.1822452215E+000  1.9298788369E-003  2.2515167572E+000  2.3653189961E+000  1.9408000919E-003  2.3902415753E+000  2.4482828128E+000  2.0259988456E-003  2.2197547259E+000  2.3564828486E+000  1.6937201296E-003  3.2964420551E-004
   1  -123   0    0  4.2589332734E-001  7.6600785059E+000  2.4674352553E-004  1.8981016458E+000  2.1426320011E+000  5.8538611320E-004  1.9767927189E+000  2.1243889178E+000  8.6652594836E-004  2.1173706237E+000  2.1790825037E+000  1.9342104903E-003  2.2510287645E+000  2.3641754093E+000  1.9414204089E-003  2.3895920948E+000  2.4476455088E+000  2.0247425045E-003  2.2194498108E+000  2.3552486772E+000  1.6957533098E-003  3.2955139212E-004
   1  -124   0    0  4.3301794316E-001  7.6544428683E+000  2.4898723904E-004  1.8964942812E+000  2.1389922205E+000  5.9255858847E-004  1.9747900400E+000  2.1208016987E+000  8.7102519340E-004  2.1157724462E+000  2.1759194881E+000  1.9385616627E-003  2.2505445796E+000  2.3630359212E+000  1.9420371315E-003  2.3889403065E+000  2.4470060149E+000  2.0234808397E-003  2.2191483958E+000  2.3540186602E+000  1.6977828005E-003  3.2945858827E-004
   1  -125   0    0  4.4014073269E-001  7.6488083803E+000  2.5125351286E-004  1.8948805722E+000  2.1353545913E+000  5.9976453871E-004  1.9727795153E+000  2.1172165139E+000  8.7554695349E-004  2.1141671109E+000  2.1727562547E+000  1.9429320167E-003  2.2500642216E+000  2.3619006041E+000  1.9426501296E-003  2.3882862752E+000  2.4463643939E+000  2.0222139583E-003  2.2188504461E+000  2.3527928626E+000  1.6998082916E-003  3.2936579839E-004
   1  -126   0    0  4.4726178547E-001  7.6431751522E+000  2.5354230864E-004  1.8932604086E+000  2.1317191946E+000  6.0700330659E-004  1.9707611515E+000  2.1136334752E+000  8.8009085019E-004  2.1125545339E+000  2.1695928795E+000  1.9473212098E-003  2.2495877079E+000  2.3607695288E+000  1.9432592742E-003  2.3876300662E+000  2.4457207094E+000  2.0209419690E-003  2.2185559249E+000  2.3515713473E+000  1.7018294746E-003  3.2927302690E-004
   1  -127   0    0  4.5438118426E-001  7.6375432903E+000  2.5585358008E-004  1.8916336796E+000  2.1280861060E+000  6.1427422321E-004  1.9687349571E+000  2.1100526917E+000  8.8465649759E-004  2.1109346314E+000  2.1664294351E+000  1.9517288934E-003  2.2491150543E+000  2.3596427649E+000  1.9438644374E-003  2.3869717459E+000  2.4450750258E+000  2.0196649820E-003  2.2182647936E+000  2.3503541753E+000  1.7038460426E-003  3.2918027813E-004
   1  -128   0    0  4.6149900522E-001  7.6319128960E+000  2.5818727295E-004  1.8900002738E+000  2.1244553961E+000  6.2157660861E-004  1.9667009424E+000  2.1064742692E+000  8.8924350256E-004  2.1093073193E+000  2.1632659901E+000  1.9561547141E-003  2.2486462750E+000  2.3585203801E+000  1.9444654931E-003  2.3863113818E+000  2.4444274086E+000  2.0183831090E-003  2.2179770117E+000  2.3491414058E+000  1.7058576909E-003  3.2908755636E-004
   1  -129   0    0  4.6861531808E-001  7.6262840668E+000  2.6054332505E-004  1.8883600796E+000  2.1208271306E+000  6.2890977221E-004  1.9646591202E+000  2.1028983106E+000  8.9385146500E-004  2.1076725137E+000  2.1601026098E+000  1.9605983133E-003  2.2481813825E+000  2.3574024409E+000  1.9450623164E-003  2.3856490419E+000  2.4437779239E+000  2.0170964632E-003  2.2176925371E+000  2.3479330962E+000  1.7078641171E-003  3.2899486582E-004
   1  -130   0    0  4.7573018627E-001  7.6206568961E+000  2.6292166617E-004  1.8867129852E+000  2.1172013700E+000  6.3627301325E-004  1.9626095053E+000  2.0993249160E+000  8.9847997813E-004  2.1060301310E+000  2.1569393558E+000  1.9650593276E-003  2.2477203880E+000  2.3562890121E+000  1.9456547840E-003  2.3849847954E+000  2.4431266387E+000  2.0158051590E-003  2.2174113263E+000  2.3467293019E+000  1.7098650209E-003  3.2890221068E-004
   1  -131   0    0  4.8284366712E-001  7.6150314733E+000  2.6532221812E-004  1.8850588784E+000  2.1135781697E+000  6.4366562133E-004  1.9605521145E+000  2.0957541827E+000  9.0312862875E-004  2.1043800880E+000  2.1537762861E+000  1.9695373889E-003  2.2472633012E+000  2.3551801572E+000  1.9462427744E-003  2.3843187121E+000  2.4424736208E+000  2.0145093121E-003  2.2171333339E+000  2.3455300768E+000  1.7118601052E-003  3.2880959505E-004
   1  -132   0    0  4.8995578642E-001  7.6094077991E+000  2.6774494187E-004  1.8833976776E+000  2.1099575876E+000  6.5108702091E-004  1.9584869860E+000  2.0921862050E+000  9.0779708816E-004  2.1027223067E+000  2.1506134400E+000  1.9740322121E-003  2.2468100746E+000  2.3540758567E+000  1.9468261789E-003  2.3836508369E+000  2.4418189129E+000  2.0132090140E-003  2.2168584634E+000  2.3443353947E+000  1.7138491139E-003  3.2871701945E-004
   1  -133   0    0  4.9706658582E-001  7.6037859361E+000  2.7018975577E-004  1.8817292786E+000  2.1063396723E+000  6.5853651955E-004  1.9564141461E+000  2.0886210756E+000  9.1248495379E-004  2.1010567064E+000  2.1474508658E+000  1.9785434426E-003  2.2463607017E+000  2.3529761521E+000  1.9474048822E-003  2.3829812348E+000  2.4411625779E+000  2.0119043766E-003  2.2165866550E+000  2.3431452877E+000  1.7158317644E-003  3.2862448703E-004
   1  -134   0    0  5.0417618534E-001  7.5981662344E+000  2.7265640627E-004  1.8800534739E+000  2.1027244413E+000  6.6601292019E-004  1.9543335592E+000  2.0850588846E+000  9.1719150500E-004  2.0993831897E+000  2.1442886588E+000  1.9830704210E-003  2.2459153652E+000  2.3518813617E+000  1.9479787324E-003  2.3823100598E+000  2.4405047677E+000  2.0105955994E-003  2.2163180189E+000  2.3419600518E+000  1.7178076463E-003  3.2853201303E-004
   1  -135   0    0  5.1128454567E-001  7.5925485166E+000  2.7514492500E-004  1.8783702424E+000  2.0991119530E+000  6.7351590934E-004  1.9522453078E+000  2.0814997188E+000  9.2191657675E-004  2.0977016908E+000  2.1411268187E+000  1.9876130241E-003  2.2454739038E+000  2.3507913012E+000  1.9485476489E-003  2.3816373079E+000  2.4398454760E+000  2.0092827269E-003  2.2160523560E+000  2.3407795022E+000  1.7197765893E-003  3.2843959080E-004
   1  -136   0    0  5.1839169990E-001  7.5869328614E+000  2.7765519221E-004  1.8766794722E+000  2.0955022395E+000  6.8104472802E-004  1.9501494199E+000  2.0779436637E+000  9.2665972327E-004  2.0960121296E+000  2.1379653880E+000  1.9921708601E-003  2.2450363236E+000  2.3497060321E+000  1.9491115189E-003  2.3809630540E+000  2.4391847752E+000  2.0079658813E-003  2.2157896181E+000  2.3396036889E+000  1.7217383098E-003  3.2834722440E-004
   1  -137   0    0  5.2549768495E-001  7.5813193785E+000  2.8018706035E-004  1.8749810396E+000  2.0918953250E+000  6.8859855157E-004  1.9480459186E+000  2.0743908024E+000  9.3142045686E-004  2.0943144251E+000  2.1348044116E+000  1.9967434978E-003  2.2446026524E+000  2.3486256473E+000  1.9496702273E-003  2.3802873837E+000  2.4385227489E+000  2.0066451958E-003  2.2155297763E+000  2.3384326914E+000  1.7236925128E-003  3.2825491925E-004
   1  -138   0    0  5.3260260018E-001  7.5757084397E+000  2.8274021675E-004  1.8732747243E+000  2.0882912002E+000  6.9617608484E-004  1.9459347686E+000  2.0708412113E+000  9.3619799252E-004  2.0926084799E+000  2.1316439733E+000  2.0013302225E-003  2.2441730925E+000  2.3475504947E+000  1.9502236281E-003  2.3796104665E+000  2.4378595642E+000  2.0053208856E-003  2.2152729596E+000  2.3372668322E+000  1.7256387891E-003  3.2816269190E-004
   1  -139   0    0  5.3970631009E-001  7.5700995284E+000  2.8531486235E-004  1.8715606311E+000  2.0846899441E+000  7.0377757348E-004  1.9438161397E+000  2.0672949766E+000  9.4099251618E-004  2.0908942547E+000  2.1284840093E+000  2.0059312527E-003  2.2437472580E+000  2.3464800649E+000  1.9507716902E-003  2.3789321963E+000  2.4371951124E+000  2.0039928960E-003  2.2150187668E+000  2.3361056149E+000  1.7275771307E-003  3.2807052156E-004
   1  -140   0    0  5.4680895957E-001  7.5644932301E+000  2.8791053870E-004  1.8698384610E+000  2.0810915153E+000  7.1140132773E-004  1.9416899515E+000  2.0637521672E+000  9.4580299279E-004  2.0891716402E+000  2.1253246323E+000  2.0105456361E-003  2.2433254944E+000  2.3454149147E+000  1.9513142447E-003  2.3782528120E+000  2.4365296303E+000  2.0026615105E-003  2.2147674566E+000  2.3349495606E+000  1.7295070394E-003  3.2797843386E-004
   1  -141   0    0  5.5391050468E-001  7.5588894065E+000  2.9052720663E-004  1.8681081809E+000  2.0774959443E+000  7.1904691642E-004  1.9395562919E+000  2.0602128609E+000  9.5062918034E-004  2.0874405751E+000  2.1221658346E+000  2.0151731825E-003  2.2429076672E+000  2.3443549018E+000  1.9518512166E-003  2.3775723276E+000  2.4358631293E+000  2.0013267920E-003  2.2145188553E+000  2.3337985228E+000  1.7314283447E-003  3.2788642400E-004
   1  -142   0    0  5.6101093133E-001  7.5532880407E+000  2.9316474848E-004  1.8663697147E+000  2.0739032459E+000  7.2671369135E-004  1.9374152238E+000  2.0566771326E+000  9.5547069950E-004  2.0857009920E+000  2.1190076266E+000  2.0198135714E-003  2.2424937226E+000  2.3433000014E+000  1.9523825178E-003  2.3768907954E+000  2.4351956594E+000  1.9999888414E-003  2.2142728619E+000  2.3326524666E+000  1.7333408254E-003  3.2779449231E-004
   1  -143   0    0  5.6811024200E-001  7.5476891960E+000  2.9582299019E-004  1.8646229570E+000  2.0703134218E+000  7.3440085679E-004  1.9352667939E+000  2.0531450545E+000  9.6032707716E-004  2.0839528196E+000  2.1158500288E+000  2.0244663928E-003  2.2420836599E+000  2.3422502666E+000  1.9529080521E-003  2.3762082940E+000  2.4345272965E+000  1.9986477848E-003  2.2140294244E+000  2.3315114316E+000  1.7352442286E-003  3.2770264251E-004
   1  -144   0    0  5.7520850843E-001  7.5420932742E+000  2.9850153640E-004  1.8628676746E+000  2.0667264262E+000  7.4210700020E-004  1.9331109706E+000  2.0496166864E+000  9.6519744964E-004  2.0821959638E+000  2.1126931084E+000  2.0291308642E-003  2.2416777074E+000  2.3412060819E+000  1.9534276852E-003  2.3755250123E+000  2.4338582273E+000  1.9973038557E-003  2.2137886978E+000  2.3303757725E+000  1.7371381560E-003  3.2761089275E-004
   1  -145   0    0  5.8230559288E-001  7.5364997254E+000  3.0120057936E-004  1.8611039960E+000  2.0631423290E+000  7.4983241746E-004  1.9309479512E+000  2.0460921154E+000  9.7008203231E-004  2.0804303995E+000  2.1095367893E+000  2.0338072372E-003  2.2412754523E+000  2.3401669030E+000  1.9539414005E-003  2.3748408328E+000  2.4331883315E+000  1.9959569894E-003  2.2135502584E+000  2.3292449581E+000  1.7390226350E-003  3.2751922070E-004
   1  -146   0    0  5.8940159491E-001  7.5309091179E+000  3.0391960150E-004  1.8593316265E+000  2.0595610547E+000  7.5757538445E-004  1.9287776691E+000  2.0425713929E+000  9.7497976294E-004  2.0786560237E+000  2.1063811573E+000  2.0384945408E-003  2.2408772358E+000  2.3391332773E+000  1.9544490490E-003  2.3741560004E+000  2.4325178517E+000  1.9946074732E-003  2.2133143645E+000  2.3281194981E+000  1.7408972035E-003  3.2742765164E-004
   1  -147   0    0  5.9649646351E-001  7.5253213251E+000  3.0665851470E-004  1.8575505364E+000  2.0559826122E+000  7.6533542771E-004  1.9266002262E+000  2.0390545908E+000  9.7989036917E-004  2.0768727844E+000  2.1032261940E+000  2.0431925615E-003  2.2404829303E+000  2.3381050736E+000  1.9549505682E-003  2.3734705356E+000  2.4318468057E+000  1.9932553760E-003  2.2130808516E+000  2.3269992548E+000  1.7427617113E-003  3.2733618126E-004
   1  -148   0    0  6.0359016790E-001  7.5197363160E+000  3.0941716547E-004  1.8557606621E+000  2.0524069962E+000  7.7311190189E-004  1.9244157048E+000  2.0355417781E+000  9.8481346938E-004  2.0750806254E+000  2.1000718930E+000  2.0479009816E-003  2.2400924722E+000  2.3370822533E+000  1.9554458863E-003  2.3727844897E+000  2.4311752423E+000  1.9919007966E-003  2.2128496132E+000  2.3258841782E+000  1.7446159707E-003  3.2724480927E-004
   1  -149   0    0  6.1068269171E-001  7.5141541400E+000  3.1219534193E-004  1.8539619106E+000  2.0488341870E+000  7.8090401360E-004  1.9222241707E+000  2.0320330201E+000  9.8974858752E-004  2.0732794860E+000  2.0969182575E+000  2.0526193936E-003  2.2397058522E+000  2.3360648560E+000  1.9559349247E-003  2.3720979405E+000  2.4305032368E+000  1.9905438594E-003  2.2126205929E+000  2.3247742929E+000  1.7464597637E-003  3.2715353882E-004
   1  -150   0    0  6.1777407640E-001  7.5085751971E+000  3.1499259197E-004  1.8521540534E+000  2.0452641101E+000  7.8871031898E-004  1.9200256055E+000  2.0285283642E+000  9.9469483449E-004  2.0714692806E+000  2.0937653339E+000  2.0573469962E-003  2.2393233008E+000  2.3350532664E+000  1.9564175677E-003  2.3714110839E+000  2.4298309823E+000  1.9891848018E-003  2.2123939521E+000  2.3236699516E+000  1.7482927258E-003  3.2706238806E-004
   1  -151   0    0  6.2486419675E-001  7.5029989380E+000  3.1780908621E-004  1.8503372344E+000  2.0416968260E+000  7.9653113027E-004  1.9178202284E+000  2.0250279022E+000  9.9965243309E-004  2.0696499983E+000  2.0906130407E+000  2.0620840514E-003  2.2389443993E+000  2.3340469339E+000  1.9568938113E-003  2.3707237987E+000  2.4291583553E+000  1.9878235552E-003  2.2121692650E+000  2.3225706160E+000  1.7501149104E-003  3.2697133441E-004
   1  -152   0    0  6.3195311497E-001  7.4974259178E+000  3.2064425427E-004  1.8485111677E+000  2.0381322302E+000  8.0436471378E-004  1.9156079882E+000  2.0215316721E+000  1.0046203088E-003  2.0678215451E+000  2.0874614395E+000  2.0668295817E-003  2.2385694843E+000  2.3330463948E+000  1.9573635281E-003  2.3700363335E+000  2.4284856016E+000  1.9864604074E-003  2.2119467909E+000  2.3214767828E+000  1.7519258974E-003  3.2688040265E-004
   1  -153   0    0  6.3904077701E-001  7.4918560150E+000  3.2349797041E-004  1.8466758341E+000  2.0345703148E+000  8.1221059201E-004  1.9133890041E+000  2.0180397442E+000  1.0095981821E-003  2.0659838814E+000  2.0843105010E+000  2.0715833703E-003  2.2381984291E+000  2.3320515181E+000  1.9578266709E-003  2.3693487105E+000  2.4278127407E+000  1.9850954268E-003  2.2117263699E+000  2.3203883127E+000  1.7537255658E-003  3.2678958847E-004
   1  -154   0    0  6.4612714484E-001  7.4862891972E+000  3.2637004566E-004  1.8448311822E+000  2.0310110569E+000  8.2006812691E-004  1.9111633770E+000  2.0145521855E+000  1.0145856715E-003  2.0641369629E+000  2.0811602060E+000  2.0763451027E-003  2.2378311669E+000  2.3310622590E+000  1.9582831851E-003  2.3686609811E+000  2.4271398216E+000  1.9837287102E-003  2.2115078975E+000  2.3193051483E+000  1.7555137619E-003  3.2669889132E-004
   1  -155   0    0  6.5321219251E-001  7.4807255129E+000  3.2926023074E-004  1.8429771310E+000  2.0274544189E+000  8.2793653171E-004  1.9089311904E+000  2.0110690583E+000  1.0195822998E-003  2.0622807413E+000  2.0780105438E+000  2.0811143738E-003  2.2374676862E+000  2.3300786517E+000  1.9587330095E-003  2.3679732240E+000  2.4264669203E+000  1.9823603799E-003  2.2112913198E+000  2.3182273072E+000  1.7572903026E-003  3.2660831409E-004
   1  -156   0    0  6.6029593717E-001  7.4751653550E+000  3.3216802888E-004  1.8411134638E+000  2.0239003031E+000  8.3581436876E-004  1.9066924431E+000  2.0075904028E+000  1.0245871756E-003  2.0604151418E+000  2.0748615413E+000  2.0858903834E-003  2.2371082141E+000  2.3291010708E+000  1.9591760499E-003  2.3672856367E+000  2.4257942315E+000  1.9809906712E-003  2.2110768008E+000  2.3171551307E+000  1.7590548651E-003  3.2651787451E-004
   1  -157   0    0  6.6383725007E-001  7.4723861324E+000  3.3362878982E-004  1.8401781933E+000  2.0221242579E+000  8.3975749479E-004  1.9055707601E+000  2.0058528025E+000  1.0270931390E-003  2.0594788514E+000  2.0732872272E+000  2.0882813438E-003  2.2369296434E+000  2.3286140726E+000  1.9593950599E-003  2.3669417652E+000  2.4254578247E+000  1.9803051789E-003  2.2109699932E+000  2.3166207168E+000  1.7599328052E-003  3.2647268638E-004
   1  -158   0    0  6.6914864894E-001  7.4682194921E+000  3.3582763585E-004  1.8387705208E+000  2.0194612547E+000  8.4567506543E-004  1.9038850982E+000  2.0032485106E+000  1.0308549868E-003  2.0580699454E+000  2.0709261111E+000  2.0918700619E-003  2.2366640077E+000  2.3278869243E+000  1.9597203020E-003  2.3664262707E+000  2.4249535450E+000  1.9792765512E-003  2.2108110266E+000  2.3158222384E+000  1.7612437622E-003  3.2640499262E-004
   1  -159   0    0  6.7445923412E-001  7.4640545538E+000  3.3803629600E-004  1.8373574816E+000  2.0167996705E+000  8.5159760847E-004  1.9021959492E+000  2.0006468346E+000  1.0346212881E-003  2.0566557385E+000  2.0685653054E+000  2.0954624575E-003  2.2364003731E+000  2.3271628649E+000  1.9600416978E-003  2.3659108529E+000  2.4244493629E+000  1.9782471876E-003  2.2106529356E+000  2.3150266400E+000  1.7625479163E-003  3.2633736491E-004
   1  -160   0    0  6.7976900143E-001  7.4598913903E+000  3.4025462097E-004  1.8359390254E+000  2.0141394775E+000  8.5752470198E-004  1.9005033411E+000  1.9980477983E+000  1.0383917828E-003  2.0552362098E+000  2.0662048088E+000  2.0990583040E-003  2.2361387696E+000  2.3264419578E+000  1.9603592211E-003  2.3653955623E+000  2.4239453276E+000  1.9772171553E-003  2.2104957308E+000  2.3142339754E+000  1.7638451790E-003  3.2626980663E-004
   1  -161   0    0  6.8507798200E-001  7.4557304269E+000  3.4248220354E-004  1.8345149589E+000  2.0114805840E+000  8.6345524544E-004  1.8988072108E+000  1.9954513992E+000  1.0421657787E-003  2.0538113092E+000  2.0638446566E+000  2.1026569630E-003  2.2358794738E+000  2.3257246172E+000  1.9606728113E-003  2.3648805733E+000  2.4234416123E+000  1.9761866393E-003  2.2103396475E+000  2.3134446316E+000  1.7651353164E-003  3.2620233643E-004
   1  -162   0    0  6.9038611299E-001  7.4515712106E+000  3.4471926804E-004  1.8330854457E+000  2.0088230514E+000  8.6938982727E-004  1.8971077237E+000  1.9928576983E+000  1.0459436581E-003  2.0523810616E+000  2.0614847882E+000  2.1062588204E-003  2.2356221492E+000  2.3250103833E+000  1.9609824981E-003  2.3643657530E+000  2.4229380833E+000  1.9751555313E-003  2.2101843633E+000  2.3126581644E+000  1.7664184647E-003  3.2613493482E-004
   1  -163   0    0  6.9569342345E-001  7.4474141788E+000  3.4696539330E-004  1.8316502889E+000  2.0061667835E+000  8.7532732502E-004  1.8954048151E+000  1.9902666914E+000  1.0497247138E-003  2.0509454168E+000  2.0591252381E+000  2.1098632235E-003  2.2353670808E+000  2.3242996815E+000  1.9612882225E-003  2.3638512803E+000  2.4224349180E+000  1.9741240199E-003  2.2100301221E+000  2.3118749712E+000  1.7676943902E-003  3.2606762096E-004
   1  -164   0    0  7.0099985946E-001  7.4432589122E+000  3.4922078118E-004  1.8302096409E+000  2.0035118371E+000  8.8126827123E-004  1.8936986448E+000  1.9876784394E+000  1.0535092923E-003  2.0495043991E+000  2.0567659502E+000  2.1134705241E-003  2.2351139543E+000  2.3235920838E+000  1.9615900116E-003  2.3633370327E+000  2.4219319932E+000  1.9730920066E-003  2.2098766218E+000  2.3110946382E+000  1.7689632174E-003  3.2600037675E-004
   1  -165   0    0  7.0630544951E-001  7.4391058874E+000  3.5148497581E-004  1.8287632901E+000  2.0008581059E+000  8.8721146830E-004  1.8919891394E+000  1.9850929340E+000  1.0572966377E-003  2.0480579558E+000  2.0544069604E+000  2.1170800231E-003  2.2348630823E+000  2.3228880537E+000  1.9618878053E-003  2.3628232036E+000  2.4214295008E+000  1.9720596932E-003  2.2097241324E+000  2.3103175989E+000  1.7702247020E-003  3.2593322301E-004
   1  -166   0    0  7.1161016901E-001  7.4349550049E+000  3.5375794188E-004  1.8273112601E+000  1.9982055873E+000  8.9315683440E-004  1.8902763769E+000  1.9825102115E+000  1.0610867045E-003  2.0466060849E+000  2.0520482444E+000  2.1206916986E-003  2.2346143744E+000  2.3221874809E+000  1.9621816012E-003  2.3623097833E+000  2.4209274299E+000  1.9710270878E-003  2.2095725565E+000  2.3095437410E+000  1.7714788402E-003  3.2586615551E-004
   1  -167   0    0  7.1691397561E-001  7.4308058820E+000  3.5603985809E-004  1.8258536927E+000  1.9955543332E+000  8.9910484641E-004  1.8885605120E+000  1.9799303338E+000  1.0648798032E-003  2.0451488102E+000  2.0496897511E+000  2.1243058679E-003  2.2343675391E+000  2.3214899709E+000  1.9624714244E-003  2.3617966593E+000  2.4204256676E+000  1.9699941014E-003  2.2094216137E+000  2.3087726823E+000  1.7727257455E-003  3.2579915758E-004
   1  -168   0    0  7.2221689587E-001  7.4266590466E+000  3.5833022151E-004  1.8243903568E+000  1.9929042240E+000  9.0505420801E-004  1.8868414599E+000  1.9773532871E+000  1.0686751137E-003  2.0436860765E+000  2.0473315180E+000  2.1279217708E-003  2.2341229259E+000  2.3207960373E+000  1.9627572139E-003  2.3612840446E+000  2.4199244251E+000  1.9689609530E-003  2.2092716086E+000  2.3080049038E+000  1.7739651604E-003  3.2573225225E-004
   1  -169   0    0  7.2751891109E-001  7.4225144467E+000  3.6062895989E-004  1.8229212597E+000  1.9902552473E+000  9.1100475438E-004  1.8851192897E+000  1.9747791053E+000  1.0724725366E-003  2.0422178796E+000  2.0449735244E+000  2.1315393338E-003  2.2338804764E+000  2.3201056149E+000  1.9630389655E-003  2.3607719452E+000  2.4194237072E+000  1.9679276652E-003  2.2091224738E+000  2.3072403358E+000  1.7751970677E-003  3.2566543725E-004
   1  -170   0    0  7.3282000413E-001  7.4183720256E+000  3.6293600515E-004  1.8214464120E+000  1.9876073925E+000  9.1695633457E-004  1.8833940731E+000  1.9722078241E+000  1.0762719813E-003  2.0407442171E+000  2.0426157498E+000  2.1351584918E-003  2.2336401280E+000  2.3194186328E+000  1.9633166761E-003  2.3602603645E+000  2.4189235168E+000  1.9668942581E-003  2.2089741386E+000  2.3064789035E+000  1.7764214535E-003  3.2559871005E-004
   1  -171   0    0  7.3812016140E-001  7.4142317575E+000  3.6525126602E-004  1.8199658126E+000  1.9849606429E+000  9.2290874088E-004  1.8816658749E+000  1.9696394769E+000  1.0800733207E-003  2.0392650843E+000  2.0402581762E+000  2.1387791448E-003  2.2334018395E+000  2.3187350499E+000  1.9635903403E-003  2.3597493170E+000  2.4184238668E+000  1.9658607616E-003  2.2088265520E+000  2.3057205603E+000  1.7776382934E-003  3.2553206945E-004
   1  -172   0    0  7.4341937249E-001  7.4100936565E+000  3.6757462065E-004  1.8184794452E+000  1.9823149741E+000  9.2886169093E-004  1.8799347505E+000  1.9670740948E+000  1.0838763798E-003  2.0377804741E+000  2.0379007894E+000  2.1424011471E-003  2.2331655974E+000  2.3180548644E+000  1.9638599500E-003  2.3592388308E+000  2.4179247844E+000  1.9648272189E-003  2.2086796887E+000  2.3049652967E+000  1.7788475483E-003  3.2546551593E-004
   1  -173   0    0  7.4871762885E-001  7.4059577659E+000  3.6990592380E-004  1.8169872822E+000  1.9796703557E+000  9.3481484739E-004  1.8782007486E+000  1.9645117062E+000  1.0876809483E-003  2.0362903772E+000  2.0355435771E+000  2.1460243190E-003  2.2329314087E+000  2.3173781031E+000  1.9641254952E-003  2.3587289445E+000  2.4174263072E+000  1.9637936826E-003  2.2085335420E+000  2.3042131306E+000  1.7800491699E-003  3.2539905124E-004
   1  -174   0    0  7.4937986115E-001  7.4054413862E+000  3.7019753952E-004  1.8168001665E+000  1.9793397601E+000  9.3555810099E-004  1.8779836776E+000  1.9641915767E+000  1.0881560470E-003  2.0361036881E+000  2.0352489757E+000  2.1464767478E-003  2.2329025984E+000  2.3172941992E+000  1.9641583628E-003  2.3586654166E+000  2.4173642052E+000  1.9636646479E-003  2.2085156152E+000  2.3041197550E+000  1.7801986548E-003  3.2539076913E-004
   1  -175   0    0  7.4962820319E-001  7.4052479845E+000  3.7030674674E-004  1.8167298785E+000  1.9792157441E+000  9.3583636191E-004  1.8779022024E+000  1.9640715182E+000  1.0883339210E-003  2.0360336366E+000  2.0351385207E+000  2.1466461334E-003  2.2328919672E+000  2.3172629808E+000  1.9641706516E-003  2.3586416807E+000  2.4173410037E+000  1.9636163397E-003  2.2085090457E+000  2.3040849717E+000  1.7802545887E-003  3.2538767383E-004
   1  -176   0    0  7.4975238051E-001  7.4051514822E+000  3.7036120400E-004  1.8166946484E+000  1.9791536975E+000  9.3597510314E-004  1.8778614099E+000  1.9640114729E+000  1.0884226103E-003  2.0359985886E+000  2.0350833104E+000  2.1467305901E-003  2.2328867925E+000  2.3172475709E+000  1.9641767755E-003  2.3586298849E+000  2.4173294749E+000  1.9635922533E-003  2.2085058889E+000  2.3040677690E+000  1.7802824711E-003  3.2538613485E-004
   1   177  -9    2  7.4975238051E-001  7.4051514822E+000  3.7036120400E-004  1.8166946484E+000  1.9791536975E+000  9.3597510314E-004  1.8778614099E+000  1.9640114729E+000  1.0884226103E-003  2.0359985886E+000  2.0350833104E+000  2.1467305901E-003  2.2328867925E+000  2.3172475709E+000  1.9641767755E-003  2.3586298849E+000  2.4173294749E+000  1.9635922533E-003  2.2085058889E+000  2.3040677690E+000  1.7802824711E-003  3.2538613485E-004
