          
   1    -1   9    1 -1.0000000000E+000  8.0278054040E+000  1.1986650497E-004  1.9173225164E+000  2.3526754379E+000  8.7716100097E-005  2.0186944008E+000  2.3337132931E+000  5.5305031128E-004  2.1777062416E+000  2.3708763123E+000  1.6119640786E-003  2.3485357761E+000  2.4610853195E+000  1.8775810022E-003  2.4676086903E+000  2.5237054825E+000  2.1259828936E-003  2.2970893383E+000  2.4581034184E+000  1.5148407547E-003  3.3687861287E-004
   1    -2   0    0 -9.8006660095E-001  8.0272422555E+000  1.2016761455E-004  1.9181450831E+000  2.3526547444E+000  8.9211779805E-005  2.0192353705E+000  2.3336359673E+000  5.5401488143E-004  2.1779448278E+000  2.3707070259E+000  1.6130615026E-003  2.3478209039E+000  2.4607971783E+000  1.8778789147E-003  2.4671107453E+000  2.5232238551E+000  2.1255596361E-003  2.2964293274E+000  2.4578056665E+000  1.5155528878E-003  3.3685577771E-004
   1    -3   0    0 -9.7010152519E-001  8.0269537529E+000  1.2032225244E-004  1.9185651569E+000  2.3526439512E+000  8.9979083143E-005  2.0195135645E+000  2.3335965360E+000  5.5450980813E-004  2.1780666524E+000  2.3706202959E+000  1.6136245658E-003  2.3474546591E+000  2.4606495874E+000  1.8780314536E-003  2.4668556882E+000  2.5229771763E+000  2.1253426355E-003  2.2960912191E+000  2.4576531704E+000  1.5159177556E-003  3.3684407679E-004
   1    -4   0    0 -9.6013756602E-001  8.0266605915E+000  1.2047965387E-004  1.9189910967E+000  2.3526328849E+000  9.0759533709E-005  2.0197970327E+000  2.3335565668E+000  5.5501327837E-004  2.1781901512E+000  2.3705321459E+000  1.6141973439E-003  2.3470824728E+000  2.4604996357E+000  1.8781864081E-003  2.4665965427E+000  2.5227265424E+000  2.1251219813E-003  2.2957476643E+000  2.4574982406E+000  1.5162885419E-003  3.3683218743E-004
   1    -5   0    0 -9.5017474900E-001  8.0263627376E+000  1.2063985001E-004  1.9194229089E+000  2.3526215390E+000  9.1553257284E-005  2.0200858504E+000  2.3335160602E+000  5.5552537679E-004  2.1783153258E+000  2.3704425643E+000  1.6147799333E-003  2.3467042981E+000  2.4603473060E+000  1.8783437932E-003  2.4663332792E+000  2.5224719246E+000  2.1248976409E-003  2.2953986255E+000  2.4573408599E+000  1.5166652895E-003  3.3682010820E-004
   1    -6   0    0 -9.4021309972E-001  8.0260601588E+000  1.2080287168E-004  1.9198605965E+000  2.3526099073E+000  9.2360377049E-005  2.0203800930E+000  2.3334750172E+000  5.5604618647E-004  2.1784421767E+000  2.3703515401E+000  1.6153724290E-003  2.3463200898E+000  2.4601925818E+000  1.8785036226E-003  2.4660658688E+000  2.5222132952E+000  2.1246695829E-003  2.2950440668E+000  2.4571810115E+000  1.5170480392E-003  3.3680783773E-004
   1    -7   0    0 -9.3025264380E-001  8.0257528242E+000  1.2096874929E-004  1.9203041599E+000  2.3525979834E+000  9.3181013453E-005  2.0206798359E+000  2.3334334390E+000  5.5657578883E-004  2.1785707038E+000  2.3702590624E+000  1.6159749241E-003  2.3459298041E+000  2.4600354472E+000  1.8786659094E-003  2.4657942842E+000  2.5219506274E+000  2.1244377762E-003  2.2946839541E+000  2.4570186796E+000  1.5174368303E-003  3.3679537471E-004
   1    -8   0    0 -9.2029340683E-001  8.0254407044E+000  1.2113751289E-004  1.9207535961E+000  2.3525857608E+000  9.4015284080E-005  2.0209851543E+000  2.3333913273E+000  5.5711426360E-004  2.1787009063E+000  2.3701651210E+000  1.6165875097E-003  2.3455333989E+000  2.4598758868E+000  1.8788306660E-003  2.4655184988E+000  2.5216838957E+000  2.1242021911E-003  2.2943182554E+000  2.4568538489E+000  1.5178317002E-003  3.3678271786E-004
   1    -9   0    0 -9.1033541435E-001  8.0251237716E+000  1.2130919206E-004  1.9212088992E+000  2.3525732330E+000  9.4863303520E-005  2.0212961235E+000  2.3333486840E+000  5.5766168869E-004  2.1788327826E+000  2.3700697059E+000  1.6172102750E-003  2.3451308339E+000  2.4597138863E+000  1.8789979034E-003  2.4652384878E+000  2.5214130757E+000  2.1239627985E-003  2.2939469410E+000  2.4566865051E+000  1.5182326841E-003  3.3676986597E-004
   1   -10   0    0 -9.0037869185E-001  8.0248019999E+000  1.2148381593E-004  1.9216700600E+000  2.3525603935E+000  9.5725183244E-005  2.0216128184E+000  2.3333055114E+000  5.5821814013E-004  2.1789663302E+000  2.3699728076E+000  1.6178433071E-003  2.3447220705E+000  2.4595494318E+000  1.8791676321E-003  2.4649542271E+000  2.5211381444E+000  2.1237195703E-003  2.2935699832E+000  2.4565166345E+000  1.5186398155E-003  3.3675681790E-004
   1   -11   0    0 -8.9042326467E-001  8.0244753648E+000  1.2166141317E-004  1.9221370663E+000  2.3525472357E+000  9.6601031489E-005  2.0219353136E+000  2.3332618124E+000  5.5878369200E-004  2.1791015460E+000  2.3698744171E+000  1.6184866910E-003  2.3443070721E+000  2.4593825104E+000  1.8793398615E-003  2.4646656943E+000  2.5208590799E+000  2.1234724796E-003  2.2931873565E+000  2.4563442244E+000  1.5190531258E-003  3.3674357253E-004
   1   -12   0    0 -8.8046915800E-001  8.0241438440E+000  1.2184201192E-004  1.9226099023E+000  2.3525337528E+000  9.7490953140E-005  2.0222636836E+000  2.3332175901E+000  5.5935841635E-004  2.1792384258E+000  2.3697745257E+000  1.6191405094E-003  2.3438858039E+000  2.4592131098E+000  1.8795146000E-003  2.4643728682E+000  2.5205758617E+000  2.1232215001E-003  2.2927990380E+000  2.4561692627E+000  1.5194726440E-003  3.3673012884E-004
   1   -13   0    0 -8.7051639685E-001  8.0238074169E+000  1.2202563980E-004  1.9230885493E+000  2.3525199383E+000  9.8395049619E-005  2.0225980022E+000  2.3331728480E+000  5.5994238313E-004  2.1793769651E+000  2.3696731254E+000  1.6198048427E-003  2.3434582332E+000  2.4590412186E+000  1.8796918549E-003  2.4640757290E+000  2.5202884704E+000  2.1229666070E-003  2.2924050071E+000  2.4559917385E+000  1.5198983974E-003  3.3671648585E-004
   1   -14   0    0 -8.6056500601E-001  8.0234660648E+000  1.2221232388E-004  1.9235729851E+000  2.3525057856E+000  9.9313418790E-005  2.0229383430E+000  2.3331275901E+000  5.6053566014E-004  2.1795171583E+000  2.3695702086E+000  1.6204797689E-003  2.3430243292E+000  2.4588668263E+000  1.8798716326E-003  2.4637742582E+000  2.5199968883E+000  2.1227077762E-003  2.2920052459E+000  2.4558116416E+000  1.5203304108E-003  3.3670264265E-004
   1   -15   0    0 -8.5061501000E-001  8.0231197712E+000  1.2240209068E-004  1.9240631840E+000  2.3524912878E+000  1.0024615486E-004  2.0232847788E+000  2.3330818207E+000  5.6113831294E-004  2.1796589992E+000  2.3694657682E+000  1.6211653636E-003  2.3425840636E+000  2.4586899230E+000  1.8800539384E-003  2.4634684390E+000  2.5197010989E+000  2.1224449850E-003  2.2915997391E+000  2.4556289626E+000  1.5207687068E-003  3.3668859839E-004
   1   -16   0    0 -8.4066643301E-001  8.0227685215E+000  1.2259496610E-004  1.9245591173E+000  2.3524764383E+000  1.0119334829E-004  2.0236373820E+000  2.3330355444E+000  5.6175040483E-004  2.1798024807E+000  2.3693597975E+000  1.6218617000E-003  2.3421374100E+000  2.4585105001E+000  1.8802387767E-003  2.4631582557E+000  2.5194010871E+000  2.1221782116E-003  2.2911884741E+000  2.4554436934E+000  1.5212133057E-003  3.3667435229E-004
   1   -17   0    0 -8.3071929893E-001  8.0224123034E+000  1.2279097546E-004  1.9250607526E+000  2.3524612306E+000  1.0215508573E-004  2.0239962241E+000  2.3329887666E+000  5.6237199681E-004  2.1799475954E+000  2.3692522907E+000  1.6225688485E-003  2.3416843444E+000  2.4583285494E+000  1.8804261505E-003  2.4628436944E+000  2.5190968393E+000  2.1219074355E-003  2.2907714413E+000  2.4552558266E+000  1.5216642256E-003  3.3665990364E-004
   1   -18   0    0 -8.2077363124E-001  8.0220511067E+000  1.2299014346E-004  1.9255680545E+000  2.3524456579E+000  1.0313144992E-004  2.0243613759E+000  2.3329414928E+000  5.6300314746E-004  2.1800943347E+000  2.3691432423E+000  1.6232868772E-003  2.3412248451E+000  2.4581440640E+000  1.8806160619E-003  2.4625247427E+000  2.5187883433E+000  2.1216326372E-003  2.2903486338E+000  2.4550653558E+000  1.5221214820E-003  3.3664525180E-004
   1   -19   0    0 -8.1082945301E-001  8.0216849237E+000  1.2319249415E-004  1.9260809840E+000  2.3524297136E+000  1.0412251968E-004  2.0247329073E+000  2.3328937289E+000  5.6364391302E-004  2.1802426896E+000  2.3690326473E+000  1.6240158514E-003  2.3407588928E+000  2.4579570378E+000  1.8808085120E-003  2.4622013896E+000  2.5184755886E+000  2.1213537986E-003  2.2899200481E+000  2.4548722758E+000  1.5225850884E-003  3.3663039620E-004
   1   -20   0    0 -8.0088678684E-001  8.0213137488E+000  1.2339805095E-004  1.9265994989E+000  2.3524133913E+000  1.0512836981E-004  2.0251108872E+000  2.3328454815E+000  5.6429434725E-004  2.1803926506E+000  2.3689205016E+000  1.6247558338E-003  2.3402864708E+000  2.4577674655E+000  1.8810035006E-003  2.4618736257E+000  2.5181585660E+000  2.1210709024E-003  2.2894856834E+000  2.4546765821E+000  1.5230550555E-003  3.3661533632E-004
   1   -21   0    0 -7.9094565483E-001  8.0209375788E+000  1.2360683661E-004  1.9271235535E+000  2.3523966845E+000  1.0614907109E-004  2.0254953834E+000  2.3327967572E+000  5.6495450148E-004  2.1805442073E+000  2.3688068015E+000  1.6255068843E-003  2.3398075648E+000  2.4575753430E+000  1.8812010264E-003  2.4615414432E+000  2.5178372678E+000  2.1207839330E-003  2.2890455423E+000  2.4544782717E+000  1.5235313919E-003  3.3660007174E-004
   1   -22   0    0 -7.8100607853E-001  8.0205564132E+000  1.2381887324E-004  1.9276530992E+000  2.3523795869E+000  1.0718469025E-004  2.0258864626E+000  2.3327475634E+000  5.6562442457E-004  2.1806973490E+000  2.3686915439E+000  1.6262690603E-003  2.3393221632E+000  2.4573806670E+000  1.8814010872E-003  2.4612048358E+000  2.5175116880E+000  2.1204928755E-003  2.2885996309E+000  2.4542773421E+000  1.5240141037E-003  3.3658460211E-004
   1   -23   0    0 -7.7106807893E-001  8.0201702538E+000  1.2403418225E-004  1.9281880839E+000  2.3523620921E+000  1.0823528994E-004  2.0262841901E+000  2.3326979077E+000  5.6630416289E-004  2.1808520643E+000  2.3685747265E+000  1.6270424163E-003  2.3388302568E+000  2.4571834352E+000  1.8816036795E-003  2.4608637990E+000  2.5171818219E+000  2.1201977165E-003  2.2881479584E+000  2.4540737923E+000  1.5245031944E-003  3.3656892715E-004
   1   -24   0    0 -7.6113167636E-001  8.0197791050E+000  1.2425278443E-004  1.9287284524E+000  2.3523441941E+000  1.0930092874E-004  2.0266886299E+000  2.3326477982E+000  5.6699376037E-004  2.1810083415E+000  2.3684563475E+000  1.6278270044E-003  2.3383318394E+000  2.4569836462E+000  1.8818087986E-003  2.4605183297E+000  2.5168476666E+000  2.1198984437E-003  2.2876905375E+000  2.4538676223E+000  1.5249986654E-003  3.3655304663E-004
   1   -25   0    0 -7.5119689053E-001  8.0193829738E+000  1.2447469984E-004  1.9292741465E+000  2.3523258868E+000  1.1038166118E-004  2.0270998446E+000  2.3325972434E+000  5.6769325843E-004  2.1811661684E+000  2.3683364059E+000  1.6286228738E-003  2.3378269074E+000  2.4567813000E+000  1.8820164390E-003  2.4601684265E+000  2.5165092206E+000  2.1195950460E-003  2.2872273847E+000  2.4536588330E+000  1.5255005156E-003  3.3653696042E-004
   1   -26   0    0 -7.4126374041E-001  8.0189818699E+000  1.2469994792E-004  1.9298251049E+000  2.3523071645E+000  1.1147753777E-004  2.0275178951E+000  2.3325462522E+000  5.6840269608E-004  2.1813255323E+000  2.3682149012E+000  1.6294300711E-003  2.3373154600E+000  2.4565763970E+000  1.8822265937E-003  2.4598140894E+000  2.5161664840E+000  2.1192875135E-003  2.2867585197E+000  2.4534474267E+000  1.5260087413E-003  3.3652066847E-004
   1   -27   0    0 -7.3133224426E-001  8.0185758058E+000  1.2492854742E-004  1.9303812632E+000  2.3522880214E+000  1.1258860503E-004  2.0279428406E+000  2.3324948338E+000  5.6912210991E-004  2.1814864205E+000  2.3680918338E+000  1.6302486402E-003  2.3367974993E+000  2.4563689391E+000  1.8824392550E-003  2.4594553203E+000  2.5158194583E+000  2.1189758374E-003  2.2862839664E+000  2.4532334064E+000  1.5265233369E-003  3.3650417078E-004
   1   -28   0    0 -7.2140241955E-001  8.0181647965E+000  1.2516051646E-004  1.9309425545E+000  2.3522684521E+000  1.1371490557E-004  2.0283747385E+000  2.3324429980E+000  5.6985153413E-004  2.1816488196E+000  2.3679672046E+000  1.6310786228E-003  2.3362730302E+000  2.4561589289E+000  1.8826544139E-003  2.4590921225E+000  2.5154681468E+000  2.1186600100E-003  2.2858037521E+000  2.4530167767E+000  1.5270442940E-003  3.3648746744E-004
   1   -29   0    0 -7.1147428294E-001  8.0177488601E+000  1.2539587249E-004  1.9315089088E+000  2.3522484515E+000  1.1485647811E-004  2.0288136442E+000  2.3323907548E+000  5.7059100061E-004  2.1818127166E+000  2.3678410153E+000  1.6319200577E-003  2.3357420606E+000  2.4559463702E+000  1.8828720605E-003  2.4587245008E+000  2.5151125540E+000  2.1183400248E-003  2.2853179082E+000  2.4527975429E+000  1.5275716024E-003  3.3647055861E-004
   1   -30   0    0 -7.0154785024E-001  8.0173280173E+000  1.2563463237E-004  1.9320802538E+000  2.3522280144E+000  1.1601335766E-004  2.0292596111E+000  2.3323381146E+000  5.7134053896E-004  2.1819780978E+000  2.3677132684E+000  1.6327729815E-003  2.3352046014E+000  2.4557312677E+000  1.8830921836E-003  2.4583524617E+000  2.5147526860E+000  2.1180158764E-003  2.2848264699E+000  2.4525757116E+000  1.5281052493E-003  3.3645344453E-004
   1   -31   0    0 -6.9162313636E-001  8.0169022918E+000  1.2587681231E-004  1.9326565142E+000  2.3522071363E+000  1.1718557552E-004  2.0297126903E+000  2.3322850883E+000  5.7210017657E-004  2.1821449499E+000  2.3675839669E+000  1.6336374283E-003  2.3346606663E+000  2.4555136271E+000  1.8833147712E-003  2.4579760132E+000  2.5143885506E+000  2.1176875604E-003  2.2843294764E+000  2.4523512906E+000  1.5286452199E-003  3.3643612550E-004
   1   -32   0    0 -6.8170015532E-001  8.0164717101E+000  1.2612242795E-004  1.9332376128E+000  2.3521858127E+000  1.1837315947E-004  2.0301729308E+000  2.3322316870E+000  5.7286993874E-004  2.1823132594E+000  2.3674531148E+000  1.6345134302E-003  2.3341102723E+000  2.4552934552E+000  1.8835398104E-003  2.4575951646E+000  2.5140201568E+000  2.1173550734E-003  2.2838269711E+000  2.4521242885E+000  1.5291914973E-003  3.3641860189E-004
   1   -33   0    0 -6.7177892018E-001  8.0160363016E+000  1.2637149437E-004  1.9338234699E+000  2.3521640396E+000  1.1957613388E-004  2.0306403790E+000  2.3321779223E+000  5.7364984867E-004  2.1824830130E+000  2.3673207168E+000  1.6354010169E-003  2.3335534393E+000  2.4550707596E+000  1.8837672871E-003  2.4572099270E+000  2.5136475150E+000  2.1170184130E-003  2.2833190014E+000  2.4518947154E+000  1.5297440625E-003  3.3640087417E-004
   1   -34   0    0 -6.6185944301E-001  8.0155960989E+000  1.2662402611E-004  1.9344140037E+000  2.3521418131E+000  1.2079451983E-004  2.0311150787E+000  2.3321238060E+000  5.7443992768E-004  2.1826541977E+000  2.3671867781E+000  1.6363002161E-003  2.3329901903E+000  2.4548455491E+000  1.8839971865E-003  2.4568203126E+000  2.5132706372E+000  2.1166775778E-003  2.2828056188E+000  2.4516625822E+000  1.5303028947E-003  3.3638294284E-004
   1   -35   0    0 -6.5194173487E-001  8.0151511373E+000  1.2688003718E-004  1.9350091304E+000  2.3521191300E+000  1.2202833533E-004  2.0315970710E+000  2.3320693502E+000  5.7524019519E-004  2.1828268006E+000  2.3670513049E+000  1.6372110538E-003  2.3324205516E+000  2.4546178333E+000  1.8842294927E-003  2.4564263354E+000  2.5128895366E+000  2.1163325672E-003  2.2822868793E+000  2.4514279010E+000  1.5308679711E-003  3.3636480849E-004
   1   -36   0    0 -6.4202580579E-001  8.0147014551E+000  1.2713954115E-004  1.9356087646E+000  2.3520959872E+000  1.2327759544E-004  2.0320863943E+000  2.3320145674E+000  5.7605066895E-004  2.1830008093E+000  2.3669143041E+000  1.6381335540E-003  2.3318445524E+000  2.4543876227E+000  1.8844641892E-003  2.4560280103E+000  2.5125042277E+000  2.1159833815E-003  2.2817628429E+000  2.4511906849E+000  1.5314392670E-003  3.3634647179E-004
   1   -37   0    0 -6.3211166473E-001  8.0142470940E+000  1.2740255111E-004  1.9362128192E+000  2.3520723822E+000  1.2454231249E-004  2.0325830838E+000  2.3319594704E+000  5.7687136508E-004  2.1831762121E+000  2.3667757834E+000  1.6390677393E-003  2.3312622251E+000  2.4541549291E+000  1.8847012584E-003  2.4556253538E+000  2.5121147263E+000  2.1156300216E-003  2.2812335742E+000  2.4509509483E+000  1.5320167563E-003  3.3632793344E-004
   1   -38   0    0 -6.2219931956E-001  8.0137880981E+000  1.2766907977E-004  1.9368212054E+000  2.3520483130E+000  1.2582249630E-004  2.0330871717E+000  2.3319040722E+000  5.7770229824E-004  2.1833529974E+000  2.3666357512E+000  1.6400136305E-003  2.3306736053E+000  2.4539197647E+000  1.8849406822E-003  2.4552183838E+000  2.5117210497E+000  2.1152724894E-003  2.2806991419E+000  2.4507087062E+000  1.5326004110E-003  3.3630919423E-004
   1   -39   0    0 -6.1228877702E-001  8.0133245152E+000  1.2793913948E-004  1.9374338335E+000  2.3520237780E+000  1.2711815433E-004  2.0335986870E+000  2.3318483862E+000  5.7854348176E-004  2.1835311547E+000  2.3664942168E+000  1.6409712474E-003  2.3300787318E+000  2.4536821431E+000  1.8851824415E-003  2.4548071190E+000  2.5113232158E+000  2.1149107872E-003  2.2801596194E+000  2.4504639751E+000  1.5331902019E-003  3.3629025501E-004
   1   -40   0    0 -6.0238004274E-001  8.0128563955E+000  1.2821274226E-004  1.9380506125E+000  2.3519987762E+000  1.2842929197E-004  2.0341176551E+000  2.3317924258E+000  5.7939492781E-004  2.1837106741E+000  2.3663511902E+000  1.6419406086E-003  2.3294776467E+000  2.4534420783E+000  1.8854265168E-003  2.4543915797E+000  2.5109212443E+000  2.1145449179E-003  2.2796150844E+000  2.4502167723E+000  1.5337860981E-003  3.3627111668E-004
   1   -41   0    0 -5.9247312116E-001  8.0123837928E+000  1.2848989988E-004  1.9386714506E+000  2.3519733069E+000  1.2975591275E-004  2.0346440980E+000  2.3317362049E+000  5.8025664751E-004  2.1838915467E+000  2.3662066821E+000  1.6429217318E-003  2.3288703950E+000  2.4531995857E+000  1.8856728878E-003  2.4539717870E+000  2.5105151555E+000  2.1141748851E-003  2.2790656190E+000  2.4499671161E+000  1.5343880677E-003  3.3625178021E-004
   1   -42   0    0 -5.8256801558E-001  8.0119067637E+000  1.2877062386E-004  1.9392962553E+000  2.3519473704E+000  1.3109801857E-004  2.0351780340E+000  2.3316797373E+000  5.8112865114E-004  2.1840737646E+000  2.3660607041E+000  1.6439146337E-003  2.3282570252E+000  2.4529546810E+000  1.8859215337E-003  2.4535477633E+000  2.5101049709E+000  2.1138006928E-003  2.2785113100E+000  2.4497150257E+000  1.5349960777E-003  3.3623224662E-004
   1   -43   0    0 -5.7266472807E-001  8.0114253677E+000  1.2905492555E-004  1.9399249336E+000  2.3519209672E+000  1.3245561000E-004  2.0357194775E+000  2.3316230373E+000  5.8201094825E-004  2.1842573208E+000  2.3659132687E+000  1.6449193308E-003  2.3276375888E+000  2.4527073811E+000  1.8861724329E-003  2.4531195318E+000  2.5096907129E+000  2.1134223451E-003  2.2779522486E+000  2.4494605213E+000  1.5356100937E-003  3.3621251698E-004
   1   -44   0    0 -5.6276325951E-001  8.0109396676E+000  1.2934281621E-004  1.9405573922E+000  2.3518940988E+000  1.3382868647E-004  2.0362684390E+000  2.3315661192E+000  5.8290354791E-004  2.1844422098E+000  2.3657643890E+000  1.6459358389E-003  2.3270121406E+000  2.4524577035E+000  1.8864255637E-003  2.4526871168E+000  2.5092724050E+000  2.1130398468E-003  2.2773885307E+000  2.4492036242E+000  1.5362300807E-003  3.3619259242E-004
   1   -45   0    0 -5.5286360955E-001  8.0104497292E+000  1.2963430699E-004  1.9411935377E+000  2.3518667671E+000  1.3521724657E-004  2.0368249249E+000  2.3315089975E+000  5.8380645878E-004  2.1846284274E+000  2.3656140789E+000  1.6469641739E-003  2.3263807385E+000  2.4522056665E+000  1.8866809037E-003  2.4522505434E+000  2.5088500713E+000  2.1126532026E-003  2.2768202567E+000  2.4489443563E+000  1.5368560028E-003  3.3617247410E-004
   1   -46   0    0 -5.4296577660E-001  8.0099556211E+000  1.2992940904E-004  1.9418332770E+000  2.3518389749E+000  1.3662128834E-004  2.0373889372E+000  2.3314516867E+000  5.8471968938E-004  2.1848159705E+000  2.3654623532E+000  1.6480043515E-003  2.3257434437E+000  2.4519512892E+000  1.8869384301E-003  2.4518098375E+000  2.5084237368E+000  2.1122624175E-003  2.2762475316E+000  2.4486827405E+000  1.5374878235E-003  3.3615216326E-004
   1   -47   0    0 -5.3306975784E-001  8.0094574152E+000  1.3022813354E-004  1.9424765171E+000  2.3518107255E+000  1.3804080946E-004  2.0379604738E+000  2.3313942017E+000  5.8564324819E-004  2.1850048380E+000  2.3653092276E+000  1.6490563880E-003  2.3251003206E+000  2.4516945913E+000  1.8871981199E-003  2.4513650257E+000  2.5079934274E+000  2.1118674965E-003  2.2756704649E+000  2.4484188006E+000  1.5381255056E-003  3.3613166115E-004
   1   -48   0    0 -5.2317554915E-001  8.0089551862E+000  1.3053049177E-004  1.9431231657E+000  2.3517820233E+000  1.3947580761E-004  2.0385395276E+000  2.3313365572E+000  5.8657714388E-004  2.1851950301E+000  2.3651547184E+000  1.6501202998E-003  2.3244514367E+000  2.4514355932E+000  1.8874599497E-003  2.4509161355E+000  2.5075591693E+000  2.1114684447E-003  2.2750891708E+000  2.4481525612E+000  1.5387690117E-003  3.3611096908E-004
   1   -49   0    0 -5.1328314519E-001  8.0084490119E+000  1.3083649516E-004  1.9437731310E+000  2.3517528733E+000  1.4092628064E-004  2.0391260874E+000  2.3312787681E+000  5.8752138545E-004  2.1853865490E+000  2.3649988427E+000  1.6511961041E-003  2.3237968626E+000  2.4511743160E+000  1.8877238958E-003  2.4504631948E+000  2.5071209896E+000  2.1110652669E-003  2.2745037681E+000  2.4478840476E+000  1.5394183039E-003  3.3609008839E-004
   1   -50   0    0 -5.0339253930E-001  8.0079389729E+000  1.3114615532E-004  1.9444263225E+000  2.3517232813E+000  1.4239222689E-004  2.0397201366E+000  2.3312208494E+000  5.8847598243E-004  2.1855793987E+000  2.3648416186E+000  1.6522838191E-003  2.3231366722E+000  2.4509107814E+000  1.8879899344E-003  2.4500062322E+000  2.5066789158E+000  2.1106579681E-003  2.2739143802E+000  2.4476132859E+000  1.5400733440E-003  3.3606902048E-004
   1   -51   0    0 -4.9350372358E-001  8.0074251529E+000  1.3145948411E-004  1.9450826504E+000  2.3516932540E+000  1.4387364541E-004  2.0403216543E+000  2.3311628160E+000  5.8944094502E-004  2.1857735850E+000  2.3646830649E+000  1.6533834638E-003  2.3224709424E+000  2.4506450117E+000  1.8882580415E-003  2.4495452767E+000  2.5062329761E+000  2.1102465526E-003  2.2733211350E+000  2.4473403029E+000  1.5407340941E-003  3.3604776674E-004
   1   -52   0    0 -4.8361668880E-001  8.0069076383E+000  1.3177649371E-004  1.9457420267E+000  2.3516627991E+000  1.4537053619E-004  2.0409306140E+000  2.3311046831E+000  5.9041628423E-004  2.1859691159E+000  2.3645232011E+000  1.6544950586E-003  2.3217997533E+000  2.4503770296E+000  1.8885281929E-003  2.4490803579E+000  2.5057831988E+000  2.1098310248E-003  2.2727241652E+000  2.4470651262E+000  1.5414005158E-003  3.3602632864E-004
   1   -53   0    0 -4.7373142448E-001  8.0063865187E+000  1.3209719664E-004  1.9464043643E+000  2.3516319250E+000  1.4688290043E-004  2.0415469842E+000  2.3310464655E+000  5.9140201211E-004  2.1861660016E+000  2.3643620477E+000  1.6556186253E-003  2.3211231881E+000  2.4501068586E+000  1.8888003643E-003  2.4486115057E+000  2.5053296129E+000  2.1094113885E-003  2.2721236077E+000  2.4467877838E+000  1.5420725711E-003  3.3600470764E-004
   1   -54   0    0 -4.6384791881E-001  8.0058618862E+000  1.3242160580E-004  1.9470695783E+000  2.3516006413E+000  1.4841074071E-004  2.0421707283E+000  2.3309881783E+000  5.9239814180E-004  2.1863642544E+000  2.3641996260E+000  1.6567541874E-003  2.3204413330E+000  2.4498345224E+000  1.8890745315E-003  2.4481387502E+000  2.5048722475E+000  2.1089876473E-003  2.2715196042E+000  2.4465083047E+000  1.5427502222E-003  3.3598290525E-004
   1   -55   0    0 -4.5396615871E-001  8.0053338360E+000  1.3274973454E-004  1.9477375854E+000  2.3515689583E+000  1.4995406119E-004  2.0428018040E+000  2.3309298365E+000  5.9340468775E-004  2.1865638890E+000  2.3640359580E+000  1.6579017701E-003  2.3197542775E+000  2.4495600454E+000  1.8893506701E-003  2.4476621221E+000  2.5044111322E+000  2.1085598041E-003  2.2709123009E+000  2.4462267182E+000  1.5434334315E-003  3.3596092301E-004
   1   -56   0    0 -4.4408612978E-001  8.0048024659E+000  1.3308159667E-004  1.9484083042E+000  2.3515368876E+000  1.5151286782E-004  2.0434401636E+000  2.3308714549E+000  5.9442166576E-004  2.1867649225E+000  2.3638710665E+000  1.6590614003E-003  2.3190621137E+000  2.4492834524E+000  1.8896287558E-003  2.4471816520E+000  2.5039462965E+000  2.1081278614E-003  2.2703018484E+000  2.4459430543E+000  1.5441221617E-003  3.3593876247E-004
   1   -57   0    0 -4.3420781632E-001  8.0042678766E+000  1.3341720653E-004  1.9490816555E+000  2.3515044415E+000  1.5308716846E-004  2.0440857537E+000  2.3308130486E+000  5.9544909315E-004  2.1869673742E+000  2.3637049753E+000  1.6602331073E-003  2.3183649373E+000  2.4490047685E+000  1.8899087641E-003  2.4466973710E+000  2.5034777704E+000  2.1076918210E-003  2.2696884017E+000  2.4456573436E+000  1.5448163758E-003  3.3591642519E-004
   1   -58   0    0 -4.2433120136E-001  8.0037301715E+000  1.3375657898E-004  1.9497575624E+000  2.3514716336E+000  1.5467697303E-004  2.0447385153E+000  2.3307546322E+000  5.9648698882E-004  2.1871712664E+000  2.3635377090E+000  1.6614169223E-003  2.3176628465E+000  2.4487240194E+000  1.8901906709E-003  2.4462093101E+000  2.5030055840E+000  2.1072516843E-003  2.2690721204E+000  2.4453696171E+000  1.5455160375E-003  3.3589391279E-004
   1   -59   0    0 -4.1445626659E-001  8.0031894566E+000  1.3409972945E-004  1.9504359504E+000  2.3514384784E+000  1.5628229361E-004  2.0453983835E+000  2.3306962204E+000  5.9753537336E-004  2.1873766235E+000  2.3633692928E+000  1.6626128789E-003  2.3169559428E+000  2.4484412309E+000  1.8904744517E-003  2.4457175006E+000  2.5025297675E+000  2.1068074519E-003  2.2684531683E+000  2.4450799064E+000  1.5462211108E-003  3.3587122687E-004
   1   -60   0    0 -4.0458299242E-001  8.0026458406E+000  1.3444667394E-004  1.9511167473E+000  2.3514049916E+000  1.5790314452E-004  2.0460652875E+000  2.3306378280E+000  5.9859426905E-004  2.1875834728E+000  2.3631997530E+000  1.6638210129E-003  2.3162443304E+000  2.4481564294E+000  1.8907600824E-003  2.4452219738E+000  2.5020503510E+000  2.1063591237E-003  2.2678317136E+000  2.4447882434E+000  1.5469315602E-003  3.3584836906E-004
   1   -61   0    0 -3.9471135796E-001  8.0020994349E+000  1.3479742905E-004  1.9517998837E+000  2.3513711898E+000  1.5953954237E-004  2.0467391505E+000  2.3305794694E+000  5.9966369996E-004  2.1877918442E+000  2.3630291166E+000  1.6650413627E-003  2.3155281168E+000  2.4478696415E+000  1.8910475388E-003  2.4447227612E+000  2.5015673650E+000  2.1059066990E-003  2.2672079286E+000  2.4444946608E+000  1.5476473506E-003  3.3582534102E-004
   1   -62   0    0 -3.8484134102E-001  8.0015503533E+000  1.3515201199E-004  1.9524852926E+000  2.3513370908E+000  1.6119150609E-004  2.0474198897E+000  2.3305211591E+000  6.0074369192E-004  2.1880017702E+000  2.3628574116E+000  1.6662739689E-003  2.3148074120E+000  2.4475808940E+000  1.8913367966E-003  2.4442198943E+000  2.5010808399E+000  2.1054501765E-003  2.2665819901E+000  2.4441991913E+000  1.5483684478E-003  3.3580214441E-004
   1   -63   0    0 -3.7497291811E-001  8.0009987124E+000  1.3551044054E-004  1.9531729100E+000  2.3513027137E+000  1.6285905686E-004  2.0481074161E+000  2.3304629113E+000  6.0183427256E-004  2.1882132861E+000  2.3626846665E+000  1.6675188746E-003  2.3140823292E+000  2.4472902144E+000  1.8916278318E-003  2.4437134045E+000  2.5005908061E+000  2.1049895540E-003  2.2659540788E+000  2.4439018682E+000  1.5490948175E-003  3.3577878092E-004
   1   -64   0    0 -3.6510606447E-001  8.0004446311E+000  1.3587273309E-004  1.9538626744E+000  2.3512680784E+000  1.6454221813E-004  2.0488016347E+000  2.3304047403E+000  6.0293547125E-004  2.1884264297E+000  2.3625109112E+000  1.6687761252E-003  2.3133529844E+000  2.4469976299E+000  1.8919206201E-003  2.4432033235E+000  2.5000972942E+000  2.1045248287E-003  2.2653243796E+000  2.4436027254E+000  1.5498264263E-003  3.3575525222E-004
   1   -65   0    0 -3.5524075403E-001  7.9998882308E+000  1.3623890858E-004  1.9545545270E+000  2.3512332062E+000  1.6624101546E-004  2.0495024443E+000  2.3303466600E+000  6.0404731904E-004  2.1886412416E+000  2.3623361759E+000  1.6700457687E-003  2.3126194963E+000  2.4467031685E+000  1.8922151374E-003  2.4426896830E+000  2.4996003348E+000  2.1040559974E-003  2.2646930814E+000  2.4433017968E+000  1.5505632409E-003  3.3573156005E-004
   1   -66   0    0 -3.4537695944E-001  7.9993296352E+000  1.3660898650E-004  1.9552484122E+000  2.3511981195E+000  1.6795547643E-004  2.0502097371E+000  2.3302886845E+000  6.0516984863E-004  2.1888577652E+000  2.3621604920E+000  1.6713278552E-003  2.3118819865E+000  2.4464068582E+000  1.8925113593E-003  2.4421725146E+000  2.4990999585E+000  2.1035830559E-003  2.2640603770E+000  2.4429991169E+000  1.5513052284E-003  3.3570770612E-004
   1   -67   0    0 -3.3551465207E-001  7.9987689706E+000  1.3698298684E-004  1.9559442767E+000  2.3511628415E+000  1.6968563046E-004  2.0509233997E+000  2.3302308276E+000  6.0630309421E-004  2.1890760463E+000  2.3619838917E+000  1.6726224371E-003  2.3111405795E+000  2.4461087272E+000  1.8928092617E-003  2.4416518502E+000  2.4985961961E+000  2.1031059997E-003  2.2634264629E+000  2.4426947204E+000  1.5520523562E-003  3.3568369218E-004
   1   -68   0    0 -3.2565380202E-001  7.9982063656E+000  1.3736093006E-004  1.9566420702E+000  2.3511273971E+000  1.7143150859E-004  2.0516433118E+000  2.3301731029E+000  6.0744709138E-004  2.1892961333E+000  2.3618064081E+000  1.6739295685E-003  2.3103954024E+000  2.4458088042E+000  1.8931088198E-003  2.4411277218E+000  2.4980890784E+000  2.1026248237E-003  2.2627915396E+000  2.4423886426E+000  1.5528045916E-003  3.3565952000E-004
   1   -69   0    0 -3.1579437812E-001  7.9976419508E+000  1.3774283702E-004  1.9573417450E+000  2.3510918118E+000  1.7319314322E-004  2.0523693472E+000  2.3301155240E+000  6.0860187695E-004  2.1895180774E+000  2.3616280752E+000  1.6752493058E-003  2.3096465851E+000  2.4455071179E+000  1.8934100091E-003  2.4406001615E+000  2.4975786366E+000  2.1021395223E-003  2.2621558111E+000  2.4420809188E+000  1.5535619021E-003  3.3563519134E-004
   1   -70   0    0 -3.0593634793E-001  7.9970758593E+000  1.3812872891E-004  1.9580432562E+000  2.3510561125E+000  1.7497056783E-004  2.0531013734E+000  2.3300581043E+000  6.0976748878E-004  2.1897419319E+000  2.3614489277E+000  1.6765817068E-003  2.3088942603E+000  2.4452036974E+000  1.8937128044E-003  2.4400692015E+000  2.4970649017E+000  2.1016500898E-003  2.2615194850E+000  2.4417715849E+000  1.5543242549E-003  3.3561070802E-004
   1   -71   0    0 -2.9607967775E-001  7.9965082262E+000  1.3851862721E-004  1.9587465611E+000  2.3510203272E+000  1.7676381664E-004  2.0538392516E+000  2.3300008573E+000  6.1094396554E-004  2.1899677527E+000  2.3612690016E+000  1.6779268309E-003  2.3081385633E+000  2.4448985721E+000  1.8940171806E-003  2.4395348745E+000  2.4965479054E+000  2.1011565198E-003  2.2608827722E+000  2.4414606769E+000  1.5550916170E-003  3.3558607186E-004
   1   -72   0    0 -2.8622433263E-001  7.9959391890E+000  1.3891255357E-004  1.9594516197E+000  2.3509844848E+000  1.7857292420E-004  2.0545828370E+000  2.3299437960E+000  6.1213134649E-004  2.1901955978E+000  2.3610883333E+000  1.6792847385E-003  2.3073796318E+000  2.4445917715E+000  1.8943231118E-003  2.4389972133E+000  2.4960276793E+000  2.1006588062E-003  2.2602458870E+000  2.4411482314E+000  1.5558639548E-003  3.3556128470E-004
   1   -73   0    0 -2.7637027641E-001  7.9953688868E+000  1.3931052973E-004  1.9601583943E+000  2.3509486156E+000  1.8039792500E-004  2.0553319785E+000  2.3298869338E+000  6.1332967122E-004  2.1904255275E+000  2.3609069605E+000  1.6806554909E-003  2.3066176066E+000  2.4442833255E+000  1.8946305718E-003  2.4384562513E+000  2.4955042558E+000  2.1001569424E-003  2.2596090469E+000  2.4408342851E+000  1.5566412341E-003  3.3553634842E-004
   1   -74   0    0 -2.6651747166E-001  7.9947974612E+000  1.3971257743E-004  1.9608668495E+000  2.3509127505E+000  1.8223885297E-004  2.0560865188E+000  2.3298302836E+000  6.1453897930E-004  2.1906576042E+000  2.3607249216E+000  1.6820391501E-003  2.3058526306E+000  2.4439732644E+000  1.8949395339E-003  2.4379120221E+000  2.4949776673E+000  2.0996509222E-003  2.2589724723E+000  2.4405188751E+000  1.5574234198E-003  3.3551126492E-004
   1   -75   0    0 -2.5666587976E-001  7.9942250555E+000  1.4011871825E-004  1.9615769516E+000  2.3508769219E+000  1.8409574101E-004  2.0568462951E+000  2.3297738584E+000  6.1575931001E-004  2.1908918918E+000  2.3605422561E+000  1.6834357780E-003  2.3050848496E+000  2.4436616185E+000  1.8952499706E-003  2.4373645601E+000  2.4944479470E+000  2.0991407395E-003  2.2583363867E+000  2.4402020390E+000  1.5582104757E-003  3.3548603614E-004
   1   -76   0    0 -2.4681546088E-001  7.9936518147E+000  1.4052897356E-004  1.9622886691E+000  2.3508411628E+000  1.8596862039E-004  2.0576111381E+000  2.3297176712E+000  6.1699070194E-004  2.1911284564E+000  2.3603590042E+000  1.6848454367E-003  2.3043144116E+000  2.4433484188E+000  1.8955618537E-003  2.4368139002E+000  2.4939151287E+000  2.0986263885E-003  2.2577010160E+000  2.4398838145E+000  1.5590023642E-003  3.3546066406E-004
   1   -77   0    0 -2.3696617398E-001  7.9930778860E+000  1.4094336430E-004  1.9630019721E+000  2.3508055073E+000  1.8785752023E-004  2.0583808732E+000  2.3296617348E+000  6.1823319263E-004  2.1913673654E+000  2.3601752072E+000  1.6862681871E-003  2.3035414672E+000  2.4430336964E+000  1.8958751541E-003  2.4362600781E+000  2.4933792468E+000  2.0981078639E-003  2.2570665890E+000  2.4395642399E+000  1.5597990462E-003  3.3543515069E-004
   1   -78   0    0 -2.2711797689E-001  7.9925034181E+000  1.4136191090E-004  1.9637168321E+000  2.3507699905E+000  1.8976246681E-004  2.0591553198E+000  2.3296060621E+000  6.1948681817E-004  2.1916086875E+000  2.3599909072E+000  1.6877040895E-003  2.3027661693E+000  2.4427174829E+000  1.8961898418E-003  2.4357031302E+000  2.4928403367E+000  2.0975851612E-003  2.2564333365E+000  2.4392433536E+000  1.5606004808E-003  3.3540949808E-004
   1   -79   0    0 -2.1727082624E-001  7.9919285614E+000  1.4178463311E-004  1.9644332220E+000  2.3507346482E+000  1.9168348296E-004  2.0599342918E+000  2.3295506658E+000  6.2075161276E-004  2.1918524929E+000  2.3598061473E+000  1.6891532023E-003  2.3019886733E+000  2.4423998102E+000  1.8965058857E-003  2.4351430941E+000  2.4922984345E+000  2.0970582766E-003  2.2558014918E+000  2.4389211948E+000  1.5614066250E-003  3.3538370835E-004
   1   -80   0    0 -2.0742467756E-001  7.9913534679E+000  1.4221154984E-004  1.9651511156E+000  2.3506995172E+000  1.9362058733E-004  2.0607175980E+000  2.3294955589E+000  6.2202760825E-004  2.1920988525E+000  2.3596209714E+000  1.6906155821E-003  2.3012091366E+000  2.4420807108E+000  1.8968232536E-003  2.4345800082E+000  2.4917535775E+000  2.0965272075E-003  2.2551712901E+000  2.4385978027E+000  1.5622174331E-003  3.3535778365E-004
   1   -81   0    0 -1.9757948525E-001  7.9907782910E+000  1.4264267898E-004  1.9658704876E+000  2.3506646350E+000  1.9557379372E-004  2.0615050416E+000  2.3294407541E+000  6.2331483370E-004  2.1923478380E+000  2.3594354245E+000  1.6920912827E-003  2.3004277191E+000  2.4417602175E+000  1.8971419120E-003  2.4340139121E+000  2.4912058040E+000  2.0959919523E-003  2.2545429681E+000  2.4382732171E+000  1.5630328572E-003  3.3533172620E-004
   1   -82   0    0 -1.8773520262E-001  7.9902031857E+000  1.4307803722E-004  1.9665913134E+000  2.3506300399E+000  1.9754311030E-004  2.0622964208E+000  2.3293862644E+000  6.2461331485E-004  2.1925995217E+000  2.3592495524E+000  1.6935803546E-003  2.2996445826E+000  2.4414383636E+000  1.8974618259E-003  2.4334448470E+000  2.4906551536E+000  2.0954525109E-003  2.2539167643E+000  2.4379474784E+000  1.5638528462E-003  3.3530553827E-004
   1   -83   0    0 -1.7789178194E-001  7.9896283082E+000  1.4351763989E-004  1.9673135685E+000  2.3505957707E+000  1.9952853884E-004  2.0630915292E+000  2.3293321025E+000  6.2592307362E-004  2.1928539761E+000  2.3590634016E+000  1.6950828448E-003  2.2988598912E+000  2.4411151831E+000  1.8977829590E-003  2.4328728551E+000  2.4901016673E+000  2.0949088850E-003  2.2532929185E+000  2.4376206273E+000  1.5646773457E-003  3.3527922221E-004
   1   -84   0    0 -1.6804917444E-001  7.9890538158E+000  1.4396150078E-004  1.9680372287E+000  2.3505618669E+000  2.0153007396E-004  2.0638901554E+000  2.3292782815E+000  6.2724412762E-004  2.1931112737E+000  2.3588770199E+000  1.6965987959E-003  2.2980738108E+000  2.4407907103E+000  1.8981052732E-003  2.4322979805E+000  2.4895453876E+000  2.0943610778E-003  2.2526716712E+000  2.4372927049E+000  1.5655062979E-003  3.3525278042E-004
   1   -85   0    0 -1.5820733035E-001  7.9884798670E+000  1.4440963188E-004  1.9687622692E+000  2.3505283687E+000  2.0354770227E-004  2.0646920837E+000  2.3292248145E+000  6.2857648957E-004  2.1933714870E+000  2.3586904556E+000  1.6981282455E-003  2.2972865093E+000  2.4404649803E+000  1.8984287288E-003  2.4317202689E+000  2.4889863587E+000  2.0938090949E-003  2.2520532641E+000  2.4369637530E+000  1.5663396410E-003  3.3522621540E-004
   1   -86   0    0 -1.4836619894E-001  7.9879066214E+000  1.4486204327E-004  1.9694886653E+000  2.3504953167E+000  2.0558140162E-004  2.0654970943E+000  2.3291717145E+000  6.2992016679E-004  2.1936346877E+000  2.3585037581E+000  1.6996712255E-003  2.2964981565E+000  2.4401380289E+000  1.8987532841E-003  2.4311397676E+000  2.4884246264E+000  2.0932529438E-003  2.2514379391E+000  2.4366338138E+000  1.5671773093E-003  3.3519952971E-004
   1   -87   0    0 -1.3852572856E-001  7.9873342392E+000  1.4531874283E-004  1.9702163909E+000  2.3504627517E+000  2.0763114022E-004  2.0663049631E+000  2.3291189948E+000  6.3127516062E-004  2.1939009469E+000  2.3583169774E+000  1.7012277618E-003  2.2957089237E+000  2.4398098923E+000  1.8990788959E-003  2.4305565262E+000  2.4878602385E+000  2.0926926348E-003  2.2508259383E+000  2.4363029302E+000  1.5680192323E-003  3.3517272602E-004
   1   -88   0    0 -1.2868586667E-001  7.9867628816E+000  1.4577973611E-004  1.9709454195E+000  2.3504307152E+000  2.0969687588E-004  2.0671154627E+000  2.3290666689E+000  6.3264146590E-004  2.1941703344E+000  2.3581301646E+000  1.7027978734E-003  2.2949189840E+000  2.4394806075E+000  1.8994055184E-003  2.4299705960E+000  2.4872932447E+000  2.0921281807E-003  2.2502175037E+000  2.4359711454E+000  1.5688653351E-003  3.3514580706E-004
   1   -89   0    0 -1.1884655991E-001  7.9861927101E+000  1.4624502607E-004  1.9716757228E+000  2.3503992487E+000  2.1177855513E-004  2.0679283619E+000  2.3290147502E+000  6.3401907036E-004  2.1944429189E+000  2.3579433714E+000  1.7043815717E-003  2.2941285118E+000  2.4391502124E+000  1.8997331042E-003  2.4293820309E+000  2.4867236971E+000  2.0915595971E-003  2.2496128771E+000  2.4356385036E+000  1.5697155378E-003  3.3511877567E-004
   1   -90   0    0 -1.0900775412E-001  7.9856238869E+000  1.4671461290E-004  1.9724072712E+000  2.3503683940E+000  2.1387611243E-004  2.0687434266E+000  2.3289632524E+000  6.3540795414E-004  2.1947187674E+000  2.3577566501E+000  1.7059788601E-003  2.2933376831E+000  2.4388187455E+000  1.9000616033E-003  2.4287908868E+000  2.4861516496E+000  2.0909869029E-003  2.2490122992E+000  2.4353050492E+000  1.5705697551E-003  3.3509163479E-004
   1   -91   0    0 -9.9169394382E-002  7.9850565744E+000  1.4718849381E-004  1.9731400332E+000  2.3503381931E+000  2.1598946939E-004  2.0695604196E+000  2.3289121893E+000  6.3680808917E-004  2.1949979448E+000  2.3575700542E+000  1.7075897331E-003  2.2925466751E+000  2.4384862462E+000  1.9003909637E-003  2.4281972223E+000  2.4855771589E+000  2.0904101202E-003  2.2484160098E+000  2.4349708274E+000  1.5714278961E-003  3.3506438748E-004
   1   -92   0    0 -8.9331425120E-002  7.9844909352E+000  1.4766666280E-004  1.9738739752E+000  2.3503086879E+000  2.1811853395E-004  2.0703791015E+000  2.3288615749E+000  6.3821943866E-004  2.1952805138E+000  2.3573836375E+000  1.7092141759E-003  2.2917556659E+000  2.4381527547E+000  1.9007211309E-003  2.4276010983E+000  2.4850002840E+000  2.0898292748E-003  2.2478242470E+000  2.4346358842E+000  1.5722898646E-003  3.3503703687E-004
   1   -93   0    0 -7.9493790107E-002  7.9839271318E+000  1.4814911051E-004  1.9746090612E+000  2.3502799202E+000  2.2026319964E-004  2.0711992302E+000  2.3288114235E+000  6.3964195660E-004  2.1955665346E+000  2.3571974545E+000  1.7108521634E-003  2.2909648350E+000  2.4378183120E+000  1.9010520480E-003  2.4270025787E+000  2.4844210865E+000  2.0892443959E-003  2.2472372474E+000  2.4343002659E+000  1.5731555578E-003  3.3500958624E-004
   1   -94   0    0 -6.9656432546E-002  7.9833653266E+000  1.4863582395E-004  1.9753452528E+000  2.3502519319E+000  2.2242334484E-004  2.0720205621E+000  2.3287617494E+000  6.4107558718E-004  2.1958560646E+000  2.3570115604E+000  1.7125036603E-003  2.2901743622E+000  2.4374829602E+000  1.9013836556E-003  2.4264017299E+000  2.4838396307E+000  2.0886555169E-003  2.2466552452E+000  2.4339640199E+000  1.5740248673E-003  3.3498203896E-004
   1   -95   0    0 -5.9819295129E-002  7.9828056817E+000  1.4912678638E-004  1.9760825086E+000  2.3502247645E+000  2.2459883206E-004  2.0728428517E+000  2.3287125672E+000  6.4252026435E-004  2.1961491579E+000  2.3568260109E+000  1.7141686197E-003  2.2893844284E+000  2.4371467421E+000  1.9017158919E-003  2.4257986215E+000  2.4832559836E+000  2.0880626752E-003  2.2460784720E+000  2.4336271939E+000  1.5748976780E-003  3.3495439854E-004
   1   -96   0    0 -4.9982320099E-002  7.9822483586E+000  1.4962197707E-004  1.9768207843E+000  2.3501984593E+000  2.2678950732E-004  2.0736658525E+000  2.3286638918E+000  6.4397591132E-004  2.1964458653E+000  2.3566408624E+000  1.7158469831E-003  2.2885952148E+000  2.4368097016E+000  1.9020486924E-003  2.4251933257E+000  2.4826702154E+000  2.0874659124E-003  2.2455071564E+000  2.4332898366E+000  1.5757738683E-003  3.3492666859E-004
   1   -97   0    0 -4.0145449314E-002  7.9816935180E+000  1.5012137114E-004  1.9775600321E+000  2.3501730570E+000  2.2899519946E-004  2.0744893169E+000  2.3286157380E+000  6.4544244011E-004  2.1967462338E+000  2.3564561715E+000  1.7175386794E-003  2.2878069031E+000  2.4364718835E+000  1.9023819901E-003  2.4245859180E+000  2.4820823988E+000  2.0868652746E-003  2.2449415236E+000  2.4329519971E+000  1.5766533101E-003  3.3489885288E-004
   1   -98   0    0 -3.0308624321E-002  7.9811413198E+000  1.5062493939E-004  1.9783002010E+000  2.3501485982E+000  2.3121571961E-004  2.0753129970E+000  2.3285681212E+000  6.4691975114E-004  2.1970503066E+000  2.3562719954E+000  1.7192436248E-003  2.2870196749E+000  2.4361333336E+000  1.9027157153E-003  2.4239764771E+000  2.4814926099E+000  2.0862608125E-003  2.2443817952E+000  2.4326137255E+000  1.5775358684E-003  3.3487095528E-004
   1   -99   0    0 -2.0471786421E-002  7.9805919228E+000  1.5113264816E-004  1.9790412364E+000  2.3501251225E+000  2.3345086062E-004  2.0761366446E+000  2.3285210567E+000  6.4840773283E-004  2.1973581223E+000  2.3560883915E+000  1.7209617222E-003  2.2862337122E+000  2.4357940988E+000  1.9030497959E-003  2.4233650847E+000  2.4809009277E+000  2.0856525812E-003  2.2438281885E+000  2.4322750725E+000  1.5784214013E-003  3.3484297980E-004
   1  -100   0    0 -1.0634876743E-002  7.9800454844E+000  1.5164445914E-004  1.9797830798E+000  2.3501026692E+000  2.3570039663E-004  2.0769600115E+000  2.3284745601E+000  6.4990626123E-004  2.1976697153E+000  2.3559054175E+000  1.7226928605E-003  2.2854491963E+000  2.4354542268E+000  1.9033841571E-003  2.4227518258E+000  2.4803074344E+000  2.0850406411E-003  2.2432809159E+000  2.4319360893E+000  1.5793097601E-003  3.3481493057E-004
   1  -101   0    0 -7.9783631931E-004  7.9795021605E+000  1.5216032925E-004  1.9805256688E+000  2.3500812767E+000  2.3796408262E-004  2.0777828504E+000  2.3284286472E+000  6.5141519971E-004  2.1979851151E+000  2.3557231315E+000  1.7244369145E-003  2.2846663086E+000  2.4351137667E+000  1.9037187215E-003  2.4221367888E+000  2.4797122153E+000  2.0844250572E-003  2.2427401852E+000  2.4315968280E+000  1.5802007890E-003  3.3478681187E-004
   1  -102   0    0  9.0393938433E-003  7.9789621054E+000  1.5268021053E-004  1.9812689372E+000  2.3500609826E+000  2.4024165408E-004  2.0786049147E+000  2.3283833340E+000  6.5293439867E-004  2.1983043461E+000  2.3555415915E+000  1.7261937443E-003  2.2838852296E+000  2.4347727682E+000  1.9040534092E-003  2.4215200651E+000  2.4791153591E+000  2.0838058996E-003  2.2422061986E+000  2.4312573414E+000  1.5810943255E-003  3.3475862812E-004
   1  -103   0    0  1.8876872685E-002  7.9784254715E+000  1.5320405001E-004  1.9820128145E+000  2.3500418235E+000  2.4253282666E-004  2.0794259590E+000  2.3283386366E+000  6.5446369528E-004  2.1986274277E+000  2.3553608558E+000  1.7279631951E-003  2.2831061392E+000  2.4344312823E+000  1.9043881381E-003  2.4209017498E+000  2.4785169574E+000  2.0831832435E-003  2.2416791523E+000  2.4309176829E+000  1.5819901998E-003  3.3473038384E-004
   1  -104   0    0  2.8714659016E-002  7.9778924088E+000  1.5373178963E-004  1.9827572260E+000  2.3500238352E+000  2.4483729605E-004  2.0802457397E+000  2.3282945714E+000  6.5600291331E-004  2.1989543737E+000  2.3551809825E+000  1.7297450967E-003  2.2823292162E+000  2.4340893611E+000  1.9047228233E-003  2.4202819412E+000  2.4779171053E+000  2.0825571692E-003  2.2411592364E+000  2.4305779066E+000  1.5828882357E-003  3.3470208371E-004
   1  -105   0    0  3.8552811443E-002  7.9773630652E+000  1.5426336614E-004  1.9835020928E+000  2.3500070524E+000  2.4715473771E-004  2.0810640152E+000  2.3282511548E+000  6.5755186293E-004  2.1992851924E+000  2.3550020298E+000  1.7315392638E-003  2.2815546383E+000  2.4337470574E+000  1.9050573779E-003  2.4196607406E+000  2.4773159009E+000  2.0819277621E-003  2.2406466344E+000  2.4302380672E+000  1.5837882498E-003  3.3467373255E-004
   1  -106   0    0  4.8391388288E-002  7.9768375859E+000  1.5479871106E-004  1.9842473318E+000  2.3499915085E+000  2.4948480687E-004  2.0818805460E+000  2.3282084034E+000  6.5911034061E-004  2.1996198863E+000  2.3548240555E+000  1.7333454949E-003  2.2807825819E+000  2.4334044252E+000  1.9053917126E-003  2.4190382531E+000  2.4767134455E+000  2.0812951131E-003  2.2401415225E+000  2.4298982199E+000  1.5846900524E-003  3.3464533528E-004
   1  -107   0    0  5.8230447515E-002  7.9763161136E+000  1.5533775063E-004  1.9849928554E+000  2.3499772358E+000  2.5182713848E-004  2.0826950955E+000  2.3281663339E+000  6.6067812907E-004  2.1999584519E+000  2.3546471175E+000  1.7351635732E-003  2.2800132217E+000  2.4330615196E+000  1.9057257361E-003  2.4184145867E+000  2.4761098437E+000  2.0806593180E-003  2.2396440698E+000  2.4295584208E+000  1.5855934471E-003  3.3461689696E-004
   1  -108   0    0  6.8070046650E-002  7.9757987878E+000  1.5588040574E-004  1.9857385720E+000  2.3499642654E+000  2.5418134730E-004  2.0835074301E+000  2.3281249630E+000  6.6225499723E-004  2.2003008798E+000  2.3544712731E+000  1.7369932654E-003  2.2792467308E+000  2.4327183966E+000  1.9060593551E-003  2.4177898525E+000  2.4755052031E+000  2.0800204778E-003  2.2391544374E+000  2.4292187263E+000  1.5864982313E-003  3.3458842280E-004
   1  -109   0    0  7.7910242710E-002  7.9752857448E+000  1.5642659197E-004  1.9864843857E+000  2.3499526267E+000  2.5654702800E-004  2.0843173194E+000  2.3280843075E+000  6.6384070024E-004  2.2006471544E+000  2.3542965793E+000  1.7388343228E-003  2.2784832800E+000  2.4323751129E+000  1.9063924744E-003  2.4171641651E+000  2.4748996341E+000  2.0793786988E-003  2.2386727783E+000  2.4288791934E+000  1.5874041964E-003  3.3455991811E-004
   1  -110   0    0  8.7751092127E-002  7.9747771177E+000  1.5697621959E-004  1.9872301962E+000  2.3499423482E+000  2.5892375539E-004  2.0851245369E+000  2.3280443843E+000  6.6543497957E-004  2.2009972536E+000  2.3541230927E+000  1.7406864804E-003  2.2777230382E+000  2.4320317265E+000  1.9067249970E-003  2.4165376418E+000  2.4742932505E+000  2.0787340921E-003  2.2381992371E+000  2.4285398796E+000  1.5883111277E-003  3.3453138831E-004
   1  -111   0    0  9.7592650672E-002  7.9742730359E+000  1.5752919354E-004  1.9879758993E+000  2.3499334564E+000  2.6131108472E-004  2.0859288598E+000  2.3280052102E+000  6.6703756311E-004  2.2013511493E+000  2.3539508691E+000  1.7425494574E-003  2.2769661719E+000  2.4316882961E+000  1.9070568245E-003  2.4159104030E+000  2.4736861684E+000  2.0780867740E-003  2.2377339495E+000  2.4282008428E+000  1.5892188053E-003  3.3450283896E-004
   1  -112   0    0  1.0743497339E-001  7.9737736253E+000  1.5808541352E-004  1.9887213869E+000  2.3499259766E+000  2.6370855200E-004  2.0867300698E+000  2.3279668020E+000  6.6864816535E-004  2.2017088069E+000  2.3537799639E+000  1.7444229571E-003  2.2762128450E+000  2.4313448812E+000  1.9073878570E-003  2.4152825719E+000  2.4730785071E+000  2.0774368657E-003  2.2372770422E+000  2.4278621415E+000  1.5901270038E-003  3.3447427571E-004
   1  -113   0    0  1.1727811452E-001  7.9732790075E+000  1.5864477401E-004  1.9894665467E+000  2.3499199323E+000  2.6611567446E-004  2.0875279530E+000  2.3279291765E+000  6.7026648759E-004  2.2020701855E+000  2.3536104316E+000  1.7463066673E-003  2.2754632188E+000  2.4310015422E+000  1.9077179934E-003  2.4146542745E+000  2.4724703883E+000  2.0767844931E-003  2.2368286325E+000  2.4275238344E+000  1.5910354929E-003  3.3444570432E-004
   1  -114   0    0  1.2712212745E-001  7.9727893004E+000  1.5920716439E-004  1.9902112629E+000  2.3499153456E+000  2.6853195102E-004  2.0883223003E+000  2.3278923503E+000  6.7189221819E-004  2.2024352377E+000  2.3534423258E+000  1.7482002603E-003  2.2747174513E+000  2.4306583402E+000  1.9080471314E-003  2.4140256391E+000  2.4718619364E+000  2.0761297868E-003  2.2363888280E+000  2.4271859805E+000  1.5919440378E-003  3.3441713066E-004
   1  -115   0    0  1.3696706463E-001  7.9723046174E+000  1.5977246899E-004  1.9909554160E+000  2.3499122367E+000  2.7095686285E-004  2.0891129076E+000  2.3278563398E+000  6.7352503289E-004  2.2028039098E+000  2.3532756994E+000  1.7501033934E-003  2.2739756979E+000  2.4303153370E+000  1.9083751682E-003  2.4133967969E+000  2.4712532779E+000  2.0754728819E-003  2.2359577268E+000  2.4268486392E+000  1.5928523995E-003  3.3438856068E-004
   1  -116   0    0  1.4681297751E-001  7.9718250676E+000  1.6034056725E-004  1.9916988830E+000  2.3499106241E+000  2.7338987403E-004  2.0898995763E+000  2.3278211615E+000  6.7516459515E-004  2.2031761418E+000  2.3531106042E+000  1.7520157088E-003  2.2732381104E+000  2.4299725953E+000  1.9087020000E-003  2.4127678810E+000  2.4706445417E+000  2.0748139178E-003  2.2355354167E+000  2.4265118701E+000  1.5937603352E-003  3.3436000042E-004
   1  -117   0    0  1.5665991650E-001  7.9713507554E+000  1.6091133380E-004  1.9924415380E+000  2.3499105246E+000  2.7583043217E-004  2.0906821130E+000  2.3277868314E+000  6.7681055652E-004  2.2035518675E+000  2.3529470908E+000  1.7539368344E-003  2.2725048372E+000  2.4296301780E+000  1.9090275226E-003  2.4121390268E+000  2.4700358587E+000  2.0741530381E-003  2.2351219754E+000  2.4261757330E+000  1.5946675985E-003  3.3433145600E-004
   1  -118   0    0  1.6650793090E-001  7.9708817808E+000  1.6148463863E-004  1.9931832517E+000  2.3499119532E+000  2.7827796922E-004  2.0914603301E+000  2.3277533654E+000  6.7846255707E-004  2.2039310144E+000  2.3527852089E+000  1.7558663839E-003  2.2717760235E+000  2.4292881489E+000  1.9093516316E-003  2.4115103718E+000  2.4694273619E+000  2.0734903906E-003  2.2347174702E+000  2.4258402876E+000  1.5955739402E-003  3.3430293362E-004
   1  -119   0    0  1.7635706885E-001  7.9704182387E+000  1.6206034726E-004  1.9939238921E+000  2.3499149232E+000  2.8073190218E-004  2.0922340459E+000  2.3277207791E+000  6.8012022589E-004  2.2043135041E+000  2.3526250068E+000  1.7578039575E-003  2.2710518102E+000  2.4289465721E+000  1.9096742227E-003  2.4108820549E+000  2.4688191858E+000  2.0728261264E-003  2.2343219583E+000  2.4255055940E+000  1.5964791087E-003  3.3427443952E-004
   1  -120   0    0  1.8620737728E-001  7.9699602192E+000  1.6263832087E-004  1.9946633246E+000  2.3499194458E+000  2.8319163404E-004  2.0930030846E+000  2.3276890876E+000  6.8178318152E-004  2.2046992522E+000  2.3524665315E+000  1.7597491422E-003  2.2703323350E+000  2.4286055122E+000  1.9099951914E-003  2.4102542170E+000  2.4682114664E+000  2.0721604006E-003  2.2339354860E+000  2.4251717122E+000  1.5973828501E-003  3.3424598002E-004
   1  -121   0    0  1.9605890185E-001  7.9695078076E+000  1.6321841655E-004  1.9954014123E+000  2.3499255306E+000  2.8565655459E-004  2.0937672766E+000  2.3276583059E+000  6.8345103253E-004  2.2050881687E+000  2.3523098285E+000  1.7617015121E-003  2.2696177311E+000  2.4282650341E+000  1.9103144339E-003  2.4096270001E+000  2.4676043413E+000  2.0714933713E-003  2.2335580893E+000  2.4248387021E+000  1.5982849088E-003  3.3421756149E-004
   1  -122   0    0  2.0591168695E-001  7.9690610838E+000  1.6380048745E-004  1.9961380162E+000  2.3499331852E+000  2.8812604136E-004  2.0945264585E+000  2.3276284484E+000  6.8512337804E-004  2.2054801579E+000  2.3521549421E+000  1.7636606295E-003  2.2689081280E+000  2.4279252031E+000  1.9106318470E-003  2.4090005476E+000  2.4669979491E+000  2.0708252001E-003  2.2331897939E+000  2.4245066235E+000  1.5991850284E-003  3.3418919032E-004
   1  -123   0    0  2.1576577559E-001  7.9686201226E+000  1.6438438302E-004  1.9968729953E+000  2.3499424153E+000  2.9059946060E-004  2.0952804733E+000  2.3275995290E+000  6.8679980833E-004  2.2058751185E+000  2.3520019150E+000  1.7656260451E-003  2.2682036509E+000  2.4275860846E+000  1.9109473280E-003  2.4083750038E+000  2.4663924295E+000  2.0701560509E-003  2.2328306145E+000  2.4241755361E+000  1.6000829515E-003  3.3416087294E-004
   1  -124   0    0  2.2562120944E-001  7.9681849937E+000  1.6496994920E-004  1.9976062071E+000  2.3499532249E+000  2.9307616826E-004  2.0960291704E+000  2.3275715614E+000  6.8847990543E-004  2.2062729444E+000  2.3518507882E+000  1.7675972986E-003  2.2675044207E+000  2.4272477442E+000  1.9112607755E-003  2.4077505138E+000  2.4657879228E+000  2.0694860908E-003  2.2324805557E+000  2.4238454994E+000  1.6009784206E-003  3.3413261581E-004
   1  -125   0    0  2.3547802873E-001  7.9677557616E+000  1.6555702869E-004  1.9983375077E+000  2.3499656161E+000  2.9555551102E-004  2.0967724056E+000  2.3275445583E+000  6.9016324373E-004  2.2066735241E+000  2.3517016011E+000  1.7695739197E-003  2.2668105540E+000  2.4269102478E+000  1.9115720892E-003  2.4071272234E+000  2.4651845700E+000  2.0688154887E-003  2.2321396117E+000  2.4235165726E+000  1.6018711785E-003  3.3410442541E-004
   1  -126   0    0  2.4533627227E-001  7.9673324852E+000  1.6614546119E-004  1.9990667523E+000  2.3499795889E+000  2.9803682730E-004  2.0975100412E+000  2.3275185323E+000  6.9184939068E-004  2.2070767417E+000  2.3515543916E+000  1.7715554283E-003  2.2661221630E+000  2.4265736609E+000  1.9118811704E-003  2.4065052785E+000  2.4645825124E+000  2.0681444160E-003  2.2318077665E+000  2.4231888146E+000  1.6027609687E-003  3.3407630819E-004
   1  -127   0    0  2.5519597737E-001  7.9669152184E+000  1.6673508362E-004  1.9997937951E+000  2.3499951419E+000  3.0051944835E-004  2.0982419462E+000  2.3274934949E+000  6.9353790736E-004  2.2074824766E+000  2.3514091955E+000  1.7735413353E-003  2.2654393555E+000  2.4262380492E+000  1.9121879217E-003  2.4058848255E+000  2.4639818915E+000  2.0674730456E-003  2.2314849940E+000  2.4228622840E+000  1.6036475359E-003  3.3404827063E-004
   1  -128   0    0  2.6505717989E-001  7.9665040097E+000  1.6732573038E-004  2.0005184898E+000  2.3500122713E+000  3.0300269929E-004  2.0989679959E+000  2.3274694575E+000  6.9522834925E-004  2.2078906040E+000  2.3512660471E+000  1.7755311436E-003  2.2647622347E+000  2.4259034784E+000  1.9124922478E-003  2.4052660104E+000  2.4633828488E+000  2.0668015522E-003  2.2311712583E+000  2.4225370387E+000  1.6045306265E-003  3.3402031919E-004
   1  -129   0    0  2.7491991413E-001  7.9660989022E+000  1.6791723364E-004  2.0012406899E+000  2.3500309721E+000  3.0548590020E-004  2.0996880723E+000  2.3274464303E+000  6.9692026682E-004  2.2083009952E+000  2.3511249788E+000  1.7775243487E-003  2.2640908993E+000  2.4255700138E+000  1.9127940554E-003  2.4046489792E+000  2.4627855254E+000  2.0661301116E-003  2.2308665135E+000  2.4222131365E+000  1.6054099889E-003  3.3399246029E-004
   1  -130   0    0  2.8478421288E-001  7.9656999337E+000  1.6850942359E-004  2.0019602487E+000  2.3500512370E+000  3.0796836722E-004  2.1004020637E+000  2.3274244230E+000  6.9861320628E-004  2.2087135175E+000  2.3509860210E+000  1.7795204389E-003  2.2634254434E+000  2.4252377203E+000  1.9130932533E-003  2.4040338772E+000  2.4621900621E+000  2.0654589006E-003  2.2305707048E+000  2.4218906344E+000  1.6062853743E-003  3.3396470033E-004
   1  -131   0    0  2.9465010737E-001  7.9653071370E+000  1.6910212869E-004  2.0026770201E+000  2.3500730573E+000  3.1044941358E-004  2.1011098649E+000  2.3274034446E+000  7.0030671023E-004  2.2091280351E+000  2.3508492023E+000  1.7815188969E-003  2.2627659565E+000  2.4249066629E+000  1.9133897527E-003  2.4034208492E+000  2.4615965989E+000  2.0647880968E-003  2.2302837680E+000  2.4215695888E+000  1.6071565367E-003  3.3393704569E-004
   1  -132   0    0  3.0451762729E-001  7.9649205393E+000  1.6969517597E-004  2.0033908580E+000  2.3500964223E+000  3.1292835073E-004  2.1018113771E+000  2.3273835031E+000  7.0200031839E-004  2.2095444090E+000  2.3507145494E+000  1.7835192000E-003  2.2621125236E+000  2.4245769056E+000  1.9136834672E-003  2.4028100390E+000  2.4610052750E+000  2.0641178783E-003  2.2300056298E+000  2.4212500556E+000  1.6080232334E-003  3.3390950267E-004
   1  -133   0    0  3.1438680072E-001  7.9645401630E+000  1.7028839130E-004  2.0041016176E+000  2.3501213199E+000  3.1540448936E-004  2.1025065078E+000  2.3273646060E+000  7.0369356824E-004  2.2099624972E+000  2.3505820869E+000  1.7855208208E-003  2.2614652249E+000  2.4242485125E+000  1.9139743134E-003  2.4022015892E+000  2.4604162286E+000  2.0634484234E-003  2.2297362088E+000  2.4209320900E+000  1.6088852259E-003  3.3388207752E-004
   1  -134   0    0  3.2425765419E-001  7.9641660251E+000  1.7088159962E-004  2.0048091547E+000  2.3501477360E+000  3.1787714049E-004  2.1031951704E+000  2.3273467596E+000  7.0538599577E-004  2.2103821553E+000  2.3504518375E+000  1.7875232284E-003  2.2608241362E+000  2.4239215467E+000  1.9142622105E-003  2.4015956414E+000  2.4598295965E+000  2.0627799101E-003  2.2294754151E+000  2.4206157463E+000  1.6097422794E-003  3.3385477644E-004
   1  -135   0    0  3.3413021263E-001  7.9637981379E+000  1.7147462530E-004  2.0055133266E+000  2.3501756552E+000  3.2034561651E-004  2.1038772848E+000  2.3273299695E+000  7.0707713611E-004  2.2108032366E+000  2.3503238219E+000  1.7895258885E-003  2.2601893286E+000  2.4235960709E+000  1.9145470807E-003  2.4009923354E+000  2.4592455143E+000  2.0621125164E-003  2.2292231510E+000  2.4203010782E+000  1.6105941641E-003  3.3382760553E-004
   1  -136   0    0  3.4400449936E-001  7.9634365086E+000  1.7206729232E-004  2.0062139917E+000  2.3502050603E+000  3.2280923217E-004  2.1045527767E+000  2.3273142403E+000  7.0876652423E-004  2.2112255925E+000  2.3501980587E+000  1.7915282649E-003  2.2595608689E+000  2.4232721470E+000  1.9148288493E-003  2.4003918094E+000  2.4586641156E+000  2.0614464195E-003  2.2289793115E+000  2.4199881384E+000  1.6114406549E-003  3.3380057084E-004
   1  -137   0    0  3.5388053613E-001  7.9630811395E+000  1.7265942460E-004  2.0069110106E+000  2.3502359328E+000  3.2526730560E-004  2.1052215775E+000  2.3272995758E+000  7.1045369562E-004  2.2116490726E+000  2.3500745646E+000  1.7935298195E-003  2.2589388190E+000  2.4229498363E+000  1.9151074449E-003  2.3997941998E+000  2.4580855327E+000  2.0607817960E-003  2.2287437841E+000  2.4196769788E+000  1.6122815318E-003  3.3377367831E-004
   1  -138   0    0  3.6375834309E-001  7.9627320282E+000  1.7325084622E-004  2.0076042454E+000  2.3502682523E+000  3.2771915933E-004  2.1058836245E+000  2.3272859789E+000  7.1213818690E-004  2.2120735253E+000  2.3499533542E+000  1.7955300137E-003  2.2583232368E+000  2.4226291991E+000  1.9153827992E-003  2.3991996410E+000  2.4575098954E+000  2.0601188211E-003  2.2285164501E+000  2.4193676506E+000  1.6131165808E-003  3.3374693379E-004
   1  -139   0    0  3.7363793879E-001  7.9623891678E+000  1.7384138175E-004  2.0082935604E+000  2.3503019975E+000  3.3016412116E-004  2.1065388607E+000  2.3272734513E+000  7.1381953653E-004  2.2124987981E+000  2.3498344400E+000  1.7975283085E-003  2.2577141753E+000  2.4223102949E+000  1.9156548476E-003  2.3986082650E+000  2.4569373319E+000  2.0594576689E-003  2.2282971841E+000  2.4190602035E+000  1.6139455933E-003  3.3372034301E-004
   1  -140   0    0  3.8351934022E-001  7.9620525467E+000  1.7443085644E-004  2.0089788223E+000  2.3503371452E+000  3.3260152518E-004  2.1071872342E+000  2.3272619938E+000  7.1549728539E-004  2.2129247372E+000  2.3497178327E+000  1.7995241659E-003  2.2571116834E+000  2.4219931823E+000  1.9159235288E-003  2.3980202015E+000  2.4563679676E+000  2.0587985120E-003  2.2280858552E+000  2.4187546868E+000  1.6147683671E-003  3.3369391161E-004
   1  -141   0    0  3.9340256274E-001  7.9617221492E+000  1.7501909650E-004  2.0096599003E+000  2.3503736714E+000  3.3503071257E-004  2.1078286986E+000  2.3272516065E+000  7.1717097739E-004  2.2133511890E+000  2.3496035408E+000  1.8015170488E-003  2.2565158058E+000  2.4216779188E+000  1.9161887851E-003  2.3974355778E+000  2.4558019259E+000  2.0581415211E-003  2.2278823267E+000  2.4184511484E+000  1.6155847062E-003  3.3366764511E-004
   1  -142   0    0  4.0328762018E-001  7.9613979549E+000  1.7560592937E-004  2.0103366659E+000  2.3504115503E+000  3.3745103255E-004  2.1084632128E+000  2.3272422880E+000  7.1884016013E-004  2.2137779991E+000  2.3494915707E+000  1.8035064226E-003  2.2559265826E+000  2.4213645609E+000  1.9164505625E-003  2.3968545184E+000  2.4552393273E+000  2.0574868651E-003  2.2276864572E+000  2.4181496352E+000  1.6163944213E-003  3.3364154889E-004
   1  -143   0    0  4.1317452479E-001  7.9610799397E+000  1.7619118392E-004  2.0110089940E+000  2.3504507552E+000  3.3986184317E-004  2.1090907403E+000  2.3272340364E+000  7.2050438540E-004  2.2142050136E+000  2.3493819272E+000  1.8054917550E-003  2.2553440501E+000  2.4210531639E+000  1.9167088105E-003  2.3962771450E+000  2.4546802897E+000  2.0568347105E-003  2.2274981005E+000  2.4178501930E+000  1.6171973300E-003  3.3361562822E-004
   1  -144   0    0  4.2306328727E-001  7.9607680752E+000  1.7677469073E-004  2.0116767620E+000  2.3504912581E+000  3.4226251211E-004  2.1097112498E+000  2.3272268484E+000  7.2216320983E-004  2.2146320788E+000  2.3492746127E+000  1.8074725174E-003  2.2547682402E+000  2.4207437821E+000  1.9169634826E-003  2.3957035762E+000  2.4541249282E+000  2.0561852217E-003  2.2273171064E+000  2.4175528665E+000  1.6179932567E-003  3.3358988822E-004
   1  -145   0    0  4.3295391675E-001  7.9604623294E+000  1.7735628227E-004  2.0123398506E+000  2.3505330300E+000  3.4465241744E-004  2.1103247144E+000  2.3272207199E+000  7.2381619535E-004  2.2150590416E+000  2.3491696279E+000  1.8094481850E-003  2.2541991809E+000  2.4204364684E+000  1.9172145357E-003  2.3951339279E+000  2.4535733548E+000  2.0555385603E-003  2.2271433209E+000  2.4172576992E+000  1.6187820331E-003  3.3356433388E-004
   1  -146   0    0  4.4284642088E-001  7.9601626665E+000  1.7793579315E-004  2.0129981438E+000  2.3505760408E+000  3.4703094837E-004  2.1109311119E+000  2.3272156458E+000  7.2546290977E-004  2.2154857497E+000  2.3490669715E+000  1.8114182378E-003  2.2536368963E+000  2.4201312746E+000  1.9174619308E-003  2.3945683124E+000  2.4530256785E+000  2.0548948852E-003  2.2269765868E+000  2.4169647333E+000  1.6195634981E-003  3.3353897003E-004
   1  -147   0    0  4.5274080576E-001  7.9598690470E+000  1.7851306035E-004  2.0136515289E+000  2.3506202594E+000  3.4939750592E-004  2.1115304243E+000  2.3272116198E+000  7.2710292728E-004  2.2159120520E+000  2.3489666404E+000  1.8133821610E-003  2.2530814063E+000  2.4198282510E+000  1.9177056325E-003  2.3940068388E+000  2.4524820051E+000  2.0542543524E-003  2.2268167440E+000  2.4166740100E+000  1.6203374983E-003  3.3351380136E-004
   1  -148   0    0  4.6263707600E-001  7.9595814281E+000  1.7908792338E-004  2.0142998966E+000  2.3506656538E+000  3.5175150359E-004  2.1121226379E+000  2.3272086350E+000  7.2873582890E-004  2.2163377988E+000  2.3488686295E+000  1.8153394458E-003  2.2525327275E+000  2.4195274467E+000  1.9179456090E-003  2.3934496131E+000  2.4519424371E+000  2.0536171149E-003  2.2266636298E+000  2.4163855691E+000  1.6211038876E-003  3.3348883241E-004
   1  -149   0    0  4.7253523477E-001  7.9592997638E+000  1.7966022450E-004  2.0149431415E+000  2.3507121910E+000  3.5409236796E-004  2.1127077431E+000  2.3272066830E+000  7.3036120299E-004  2.2167628419E+000  2.3487729321E+000  1.8172895896E-003  2.2519908725E+000  2.4192289093E+000  1.9181818327E-003  2.3928967374E+000  2.4514070737E+000  2.0529833223E-003  2.2265170797E+000  2.4160994490E+000  1.6218625274E-003  3.3346406755E-004
   1  -150   0    0  4.8243528373E-001  7.9590240049E+000  1.8022980890E-004  2.0155811615E+000  2.3507598373E+000  3.5641953926E-004  2.1132857339E+000  2.3272057548E+000  7.3197864564E-004  2.2171870348E+000  2.3486795395E+000  1.8192320971E-003  2.2514558501E+000  2.4189326851E+000  1.9184142793E-003  2.3923483103E+000  2.4508760104E+000  2.0523531210E-003  2.2263769275E+000  2.4158156870E+000  1.6226132872E-003  3.3343951100E-004
   1  -151   0    0  4.9233722315E-001  7.9587540993E+000  1.8079652488E-004  2.0162138584E+000  2.3508085583E+000  3.5873247196E-004  2.1138566084E+000  2.3272058404E+000  7.3358776111E-004  2.2176102330E+000  2.3485884414E+000  1.8211664805E-003  2.2509276660E+000  2.4186388187E+000  1.9186429285E-003  2.3918044271E+000  2.4503493395E+000  2.0517266538E-003  2.2262430055E+000  2.4155343189E+000  1.6233560439E-003  3.3341516680E-004
   1  -152   0    0  5.0224105186E-001  7.9584899920E+000  1.8136022403E-004  2.0168411381E+000  2.3508583189E+000  3.6103063518E-004  2.1144203680E+000  2.3272069287E+000  7.3518816225E-004  2.2180322944E+000  2.3484996258E+000  1.8230922598E-003  2.2504063221E+000  2.4183473534E+000  1.9188677635E-003  2.3912651788E+000  2.4498271495E+000  2.0511040598E-003  2.2261151455E+000  2.4152553793E+000  1.6240906823E-003  3.3339103884E-004
   1  -153   0    0  5.1214676733E-001  7.9582316254E+000  1.8192076136E-004  2.0174629101E+000  2.3509090833E+000  3.6331351327E-004  2.1149770175E+000  2.3272090078E+000  7.3677947083E-004  2.2184530791E+000  2.3484130789E+000  1.8250089638E-003  2.2498918172E+000  2.4180583308E+000  1.9190887713E-003  2.3907306532E+000  2.4493095253E+000  2.0504854743E-003  2.2259931785E+000  2.4149789013E+000  1.6248170950E-003  3.3336713083E-004
   1  -154   0    0  5.2205436564E-001  7.9579789394E+000  1.8247799547E-004  2.0180790879E+000  2.3509608151E+000  3.6558060611E-004  2.1155265653E+000  2.3272120649E+000  7.3836131789E-004  2.2188724496E+000  2.3483287855E+000  1.8269161303E-003  2.2493841465E+000  2.4177717910E+000  1.9193059422E-003  2.3902009338E+000  2.4487965480E+000  2.0498710289E-003  2.2258769353E+000  2.4147049168E+000  1.6255351823E-003  3.3334344630E-004
   1  -155   0    0  5.3196384157E-001  7.9577318715E+000  1.8303178867E-004  2.0186895890E+000  2.3510134776E+000  3.6783142961E-004  2.1160690226E+000  2.3272160863E+000  7.3993334411E-004  2.2192902713E+000  2.3482467288E+000  1.8288133065E-003  2.2488833023E+000  2.4174877726E+000  1.9195192702E-003  2.3896761006E+000  2.4482882952E+000  2.0492608511E-003  2.2257662472E+000  2.4144334560E+000  1.6262448522E-003  3.3331998863E-004
   1  -156   0    0  5.4187518858E-001  7.9574903570E+000  1.8358200712E-004  2.0192943351E+000  2.3510670335E+000  3.7006551597E-004  2.1166044038E+000  2.3272210574E+000  7.4149520005E-004  2.2197064125E+000  2.3481668904E+000  1.8307000496E-003  2.2483892738E+000  2.4172063125E+000  1.9197287528E-003  2.3891562294E+000  2.4477848404E+000  2.0486550644E-003  2.2256609455E+000  2.4141645480E+000  1.6269460205E-003  3.3329676099E-004
   1  -157   0    0  5.5178839886E-001  7.9572543291E+000  1.8412852098E-004  2.0198932519E+000  2.3511214451E+000  3.7228241403E-004  2.1171327262E+000  2.3272269629E+000  7.4304654650E-004  2.2201207443E+000  2.3480892506E+000  1.8325759269E-003  2.2479020470E+000  2.4169274458E+000  1.9199343908E-003  2.3886413922E+000  2.4472862536E+000  2.0480537881E-003  2.2255608627E+000  2.4138982202E+000  1.6276386107E-003  3.3327376641E-004
   1  -158   0    0  5.6170346338E-001  7.9570237192E+000  1.8467120443E-004  2.0204862692E+000  2.3511766745E+000  3.7448168956E-004  2.1176540098E+000  2.3272337866E+000  7.4458705466E-004  2.2205331410E+000  2.3480137883E+000  1.8344405167E-003  2.2474216052E+000  2.4166512063E+000  1.9201361882E-003  2.3881316571E+000  2.4467926008E+000  2.0474571374E-003  2.2254658321E+000  2.4136344988E+000  1.6283225537E-003  3.3325100771E-004
   1  -159   0    0  5.7162037187E-001  7.9567984568E+000  1.8520993587E-004  2.0210733207E+000  2.3512326835E+000  3.7666292546E-004  2.1181682772E+000  2.3272415117E+000  7.4611640642E-004  2.2209434801E+000  2.3479404810E+000  1.8362934080E-003  2.2469479288E+000  2.4163776257E+000  1.9203341523E-003  2.3876270881E+000  2.4463039442E+000  2.0468652230E-003  2.2253756885E+000  2.4133734084E+000  1.6289977881E-003  3.3322848755E-004
   1  -160   0    0  5.8153911293E-001  7.9565784696E+000  1.8574459794E-004  2.0216543445E+000  2.3512894335E+000  3.7882572197E-004  2.1186755535E+000  2.3272501204E+000  7.4763429457E-004  2.2213516426E+000  2.3478693049E+000  1.8381342014E-003  2.2464809955E+000  2.4161067343E+000  1.9205282936E-003  2.3871277453E+000  2.4458203422E+000  2.0462781514E-003  2.2252902682E+000  2.4131149721E+000  1.6296642597E-003  3.3320620842E-004
   1  -161   0    0  5.9145967401E-001  7.9563636842E+000  1.8627507762E-004  2.0222292828E+000  2.3513468861E+000  3.8096969687E-004  2.1191758663E+000  2.3272595946E+000  7.4914042295E-004  2.2217575128E+000  2.3478002351E+000  1.8399625091E-003  2.2460207803E+000  2.4158385606E+000  1.9207186253E-003  2.3866336848E+000  2.4453418492E+000  2.0456960248E-003  2.2252094092E+000  2.4128592118E+000  1.6303219217E-003  3.3318417262E-004
   1  -162   0    0  6.0138204145E-001  7.9561540255E+000  1.8680126630E-004  2.0227980817E+000  2.3514050026E+000  3.8309448556E-004  2.1196692454E+000  2.3272699152E+000  7.5063450667E-004  2.2221609786E+000  2.3477332456E+000  1.8417779552E-003  2.2455672557E+000  2.4155731315E+000  1.9209051639E-003  2.3861449589E+000  2.4448685160E+000  2.0451189407E-003  2.2251329518E+000  2.4126061477E+000  1.6309707346E-003  3.3316238226E-004
   1  -163   0    0  6.1130620057E-001  7.9559494172E+000  1.8732305983E-004  2.0233606916E+000  2.3514637442E+000  3.8519974119E-004  2.1201557229E+000  2.3272810626E+000  7.5211627218E-004  2.2225619315E+000  2.3476683091E+000  1.8435801760E-003  2.2451203917E+000  2.4153104721E+000  1.9210879286E-003  2.3856616156E+000  2.4444003894E+000  2.0445469926E-003  2.2250607383E+000  2.4123557985E+000  1.6316106656E-003  3.3314083930E-004
   1  -164   0    0  6.2123213564E-001  7.9557497820E+000  1.8784035857E-004  2.0239170667E+000  2.3515230724E+000  3.8728513471E-004  2.1206353328E+000  2.3272930168E+000  7.5358545745E-004  2.2229602665E+000  2.3476053975E+000  1.8453688204E-003  2.2446801561E+000  2.4150506057E+000  1.9212669411E-003  2.3851836994E+000  2.4439375126E+000  2.0439802690E-003  2.2249926137E+000  2.4121081817E+000  1.6322416892E-003  3.3311954552E-004
   1  -165   0    0  6.3115982997E-001  7.9555550415E+000  1.8835306745E-004  2.0244671657E+000  2.3515829485E+000  3.8935035490E-004  2.1211081112E+000  2.3273057570E+000  7.5504181203E-004  2.2233558826E+000  2.3475444816E+000  1.8471435498E-003  2.2442465142E+000  2.4147935541E+000  1.9214422259E-003  2.3847112506E+000  2.4434799247E+000  2.0434188542E-003  2.2249284254E+000  2.4118633130E+000  1.6328637864E-003  3.3309850250E-004
   1  -166   0    0  6.4108926594E-001  7.9553651165E+000  1.8886109597E-004  2.0250109509E+000  2.3516433341E+000  3.9139510838E-004  2.1215740960E+000  2.3273192622E+000  7.5648509715E-004  2.2237486825E+000  2.3474855314E+000  1.8489040385E-003  2.2438194292E+000  2.4145393371E+000  1.9216138101E-003  2.3842443057E+000  2.4430276615E+000  2.0428628280E-003  2.2248680234E+000  2.4116212070E+000  1.6334769449E-003  3.3307771169E-004
   1  -167   0    0  6.5102042503E-001  7.9551799269E+000  1.8936435821E-004  2.0255483887E+000  2.3517041908E+000  3.9341911958E-004  2.1220333271E+000  2.3273335105E+000  7.5791508576E-004  2.2241385726E+000  2.3474285160E+000  1.8506499737E-003  2.2433988623E+000  2.4142879731E+000  1.9217817229E-003  2.3837828975E+000  2.4425807547E+000  2.0423122656E-003  2.2248112610E+000  2.4113818766E+000  1.6340811587E-003  3.3305717433E-004
   1  -168   0    0  6.6095328790E-001  7.9549993923E+000  1.8986277291E-004  2.0260794495E+000  2.3517654806E+000  3.9542213066E-004  2.1224858459E+000  2.3273484802E+000  7.5933156253E-004  2.2245254632E+000  2.3473734037E+000  1.8523810558E-003  2.2429847724E+000  2.4140394786E+000  1.9219459959E-003  2.3833270549E+000  2.4421392326E+000  2.0417672378E-003  2.2247579942E+000  2.4111453332E+000  1.6346764283E-003  3.3303689152E-004
   1  -169   0    0  6.7088783436E-001  7.9548234314E+000  1.9035626337E-004  2.0266041075E+000  2.3518271658E+000  3.9740390144E-004  2.1229316955E+000  2.3273641486E+000  7.6073432396E-004  2.2249092687E+000  2.3473201622E+000  1.8540969984E-003  2.2425771167E+000  2.4137938685E+000  1.9221066630E-003  2.3828768031E+000  2.4417031197E+000  2.0412278107E-003  2.2247080823E+000  2.4109115870E+000  1.6352627600E-003  3.3301686417E-004
   1  -170   0    0  6.8082404351E-001  7.9546519626E+000  1.9084475754E-004  2.0271223407E+000  2.3518892088E+000  3.9936420927E-004  2.1233709206E+000  2.3273804933E+000  7.6212317824E-004  2.2252899070E+000  2.3472687584E+000  1.8557975284E-003  2.2421758506E+000  2.4135511559E+000  1.9222637598E-003  2.3824321637E+000  2.4412724371E+000  2.0406940463E-003  2.2246613875E+000  2.4106806467E+000  1.6358401663E-003  3.3299709305E-004
   1  -171   0    0  6.9076189371E-001  7.9544849042E+000  1.9132818795E-004  2.0276341310E+000  2.3519515726E+000  4.0130284890E-004  2.1238035674E+000  2.3273974910E+000  7.6349794536E-004  2.2256673001E+000  2.3472191588E+000  1.8574823862E-003  2.2417809275E+000  2.4133113524E+000  1.9224173242E-003  2.3819931545E+000  2.4408472024E+000  2.0401660019E-003  2.2246177756E+000  2.4104525194E+000  1.6364086650E-003  3.3297757876E-004
   1  -172   0    0  7.0070136266E-001  7.9543221739E+000  1.9180649170E-004  2.0281394640E+000  2.3520142204E+000  4.0321963231E-004  2.1242296832E+000  2.3274151187E+000  7.6485845694E-004  2.2260413739E+000  2.3471713292E+000  1.8591513255E-003  2.2413922993E+000  2.4130744679E+000  1.9225673955E-003  2.3815597899E+000  2.4404274297E+000  2.0396437303E-003  2.2245771157E+000  2.4102272110E+000  1.6369682799E-003  3.3295832174E-004
   1  -173   0    0  7.1064242744E-001  7.9541636896E+000  1.9227961043E-004  2.0286383288E+000  2.3520771161E+000  4.0511438849E-004  2.1246493171E+000  2.3274333528E+000  7.6620455626E-004  2.2264120581E+000  2.3471252350E+000  1.8608041134E-003  2.2410099161E+000  2.4128405107E+000  1.9227140150E-003  2.3811320809E+000  2.4400131296E+000  2.0391272804E-003  2.2245392801E+000  2.4100047259E+000  1.6375190398E-003  3.3293932228E-004
   1  -174   0    0  7.2058506456E-001  7.9540093691E+000  1.9274749029E-004  2.0291307180E+000  2.3521402238E+000  4.0698696329E-004  2.1250625190E+000  2.3274521697E+000  7.6753609814E-004  2.2267792863E+000  2.3470808413E+000  1.8624405306E-003  2.2406337267E+000  2.4126094873E+000  1.9228572255E-003  2.3807100348E+000  2.4396043096E+000  2.0386166962E-003  2.2245041449E+000  2.4097850673E+000  1.6380609786E-003  3.3292058051E-004
   1  -175   0    0  7.3052924998E-001  7.9538591301E+000  1.9321008188E-004  2.0296166281E+000  2.3522035083E+000  4.0883721910E-004  2.1254693404E+000  2.3274715458E+000  7.6885294884E-004  2.2271429960E+000  2.3470381127E+000  1.8640603710E-003  2.2402636784E+000  2.4123814028E+000  1.9229970712E-003  2.3802936558E+000  2.4392009739E+000  2.0381120179E-003  2.2244715893E+000  2.4095682369E+000  1.6385941353E-003  3.3290209642E-004
   1  -176   0    0  7.4047495919E-001  7.9537128906E+000  1.9366734024E-004  2.0300960587E+000  2.3522669351E+000  4.1066503466E-004  2.1258698336E+000  2.3274914573E+000  7.7015498596E-004  2.2275031283E+000  2.3469970136E+000  1.8656634421E-003  2.2398997171E+000  2.4121562608E+000  1.9231335976E-003  2.3798829449E+000  2.4388031235E+000  2.0376132812E-003  2.2244414963E+000  2.4093542350E+000  1.6391185535E-003  3.3288386985E-004
   1  -177   0    0  7.5042216724E-001  7.9535705689E+000  1.9411922473E-004  2.0305690127E+000  2.3523304699E+000  4.1247030475E-004  2.1262640521E+000  2.3275118803E+000  7.7144209831E-004  2.2278596283E+000  2.3469575081E+000  1.8672495645E-003  2.2395417872E+000  2.4119340632E+000  1.9232668515E-003  2.3794778996E+000  2.4384107564E+000  2.0371205179E-003  2.2244137522E+000  2.4091430609E+000  1.6396342815E-003  3.3286590052E-004
   1  -178   0    0  7.6037084878E-001  7.9534320835E+000  1.9456569900E-004  2.0310354965E+000  2.3523940793E+000  4.1425293990E-004  2.1266520505E+000  2.3275327909E+000  7.7271418577E-004  2.2282124447E+000  2.3469195602E+000  1.8688185720E-003  2.2391898323E+000  2.4117148105E+000  1.9233968808E-003  2.3790785146E+000  2.4380238675E+000  2.0366337555E-003  2.2243882468E+000  2.4089347123E+000  1.6401413715E-003  3.3284818799E-004
   1  -179   0    0  7.7032097809E-001  7.9532973533E+000  1.9500673094E-004  2.0314955195E+000  2.3524577306E+000  4.1601286610E-004  2.1270338841E+000  2.3275541654E+000  7.7397115912E-004  2.2285615299E+000  2.3468831337E+000  1.8703703117E-003  2.2388437946E+000  2.4114985016E+000  1.9235237345E-003  2.3786847815E+000  2.4376424489E+000  2.0361530175E-003  2.2243648736E+000  2.4087291857E+000  1.6406398802E-003  3.3283073169E-004
   1  -180   0    0  7.8027252918E-001  7.9531662975E+000  1.9544229258E-004  2.0319490942E+000  2.3525213916E+000  4.1775002446E-004  2.1274096094E+000  2.3275759801E+000  7.7521293987E-004  2.2289068400E+000  2.3468481925E+000  1.8719046434E-003  2.2385036152E+000  2.4112851342E+000  1.9236474624E-003  2.3782966889E+000  2.4372664898E+000  2.0356783237E-003  2.2243435293E+000  2.4085264766E+000  1.6411298681E-003  3.3281353094E-004
   1  -181   0    0  7.9022547575E-001  7.9530388362E+000  1.9587236000E-004  2.0323962362E+000  2.3525850309E+000  4.1946437084E-004  2.1277792835E+000  2.3275982114E+000  7.7643946011E-004  2.2292483346E+000  2.3468147001E+000  1.8734214400E-003  2.2381692343E+000  2.4110747044E+000  1.9237681151E-003  2.3779142227E+000  2.4368959766E+000  2.0352096897E-003  2.2243241143E+000  2.4083265790E+000  1.6416113992E-003  3.3279658491E-004
   1  -182   0    0  8.0017979131E-001  7.9529148898E+000  1.9629691330E-004  2.0328369640E+000  2.3526486179E+000  4.2115587557E-004  2.1281429643E+000  2.3276208357E+000  7.7765066227E-004  2.2295859768E+000  2.3467826204E+000  1.8749205869E-003  2.2378405913E+000  2.4108672069E+000  1.9238857440E-003  2.3775373660E+000  2.4365308931E+000  2.0347471275E-003  2.2243065323E+000  2.4081294859E+000  1.6420845413E-003  3.3277989268E-004
   1  -183   0    0  8.1013544917E-001  7.9527943793E+000  1.9671593643E-004  2.0332712989E+000  2.3527121225E+000  4.2282452302E-004  2.1285007107E+000  2.3276438298E+000  7.7884649897E-004  2.2299197332E+000  2.3467519173E+000  1.8764019821E-003  2.2375176244E+000  2.4106626351E+000  1.9240004010E-003  2.3771660992E+000  2.4361712206E+000  2.0342906456E-003  2.2242906903E+000  2.4079351890E+000  1.6425493654E-003  3.3276345317E-004
   1  -184   0    0  8.2009242249E-001  7.9526772266E+000  1.9712941720E-004  2.0336992648E+000  2.3527755156E+000  4.2447031125E-004  2.1288525818E+000  2.3276671706E+000  7.8002693277E-004  2.2302495739E+000  2.3467225546E+000  1.8778655357E-003  2.2372002714E+000  2.4104609812E+000  1.9241121386E-003  2.3768004001E+000  2.4358169377E+000  2.0338402485E-003  2.2242764988E+000  2.4077436791E+000  1.6430059454E-003  3.3274726524E-004
   1  -185   0    0  8.3005068434E-001  7.9525633543E+000  1.9753734708E-004  2.0341208884E+000  2.3528387689E+000  4.2609325163E-004  2.1291986378E+000  2.3276908352E+000  7.8119193593E-004  2.2305754720E+000  2.3466944966E+000  1.8793111703E-003  2.2368884690E+000  2.4102622361E+000  1.9242210097E-003  2.3764402443E+000  2.4354680209E+000  2.0333959375E-003  2.2242638714E+000  2.4075549457E+000  1.6434543584E-003  3.3273132761E-004
   1  -186   0    0  8.4001020770E-001  7.9524526857E+000  1.9793972119E-004  2.0345361990E+000  2.3529018547E+000  4.2769336845E-004  2.1295389393E+000  2.3277148011E+000  7.8234149024E-004  2.2308974043E+000  2.3466677074E+000  1.8807388200E-003  2.2365821536E+000  2.4100663893E+000  1.9243270675E-003  2.3760856047E+000  2.4351244442E+000  2.0329577103E-003  2.2242527251E+000  2.4073689774E+000  1.6438946841E-003  3.3271563890E-004
   1  -187   0    0  8.4997096554E-001  7.9523451451E+000  1.9833653814E-004  2.0349452281E+000  2.3529647464E+000  4.2927069851E-004  2.1298735473E+000  2.3277390459E+000  7.8347558674E-004  2.2312153504E+000  2.3466421517E+000  1.8821484308E-003  2.2362812609E+000  2.4098734292E+000  1.9244303655E-003  2.3757364522E+000  2.4347861795E+000  2.0325255613E-003  2.2242429800E+000  2.4071857616E+000  1.6443270046E-003  3.3270019765E-004
   1  -188   0    0  8.5993293083E-001  7.9522406575E+000  1.9872779998E-004  2.0353480099E+000  2.3530274178E+000  4.3082529074E-004  2.1302025236E+000  2.3277635476E+000  7.8459422547E-004  2.2315292930E+000  2.3466177942E+000  1.8835399600E-003  2.2359857259E+000  2.4096833431E+000  1.9245309573E-003  2.3753927553E+000  2.4344531965E+000  2.0320994818E-003  2.2242345594E+000  2.4070052849E+000  1.6447514046E-003  3.3268500228E-004
   1  -189   0    0  8.6989607656E-001  7.9521391491E+000  1.9911351203E-004  2.0357445805E+000  2.3530898440E+000  4.3235720575E-004  2.1305259302E+000  2.3277882846E+000  7.8569741526E-004  2.2318392181E+000  2.3465946001E+000  1.8849133763E-003  2.2356954832E+000  2.4094961173E+000  1.9246288967E-003  2.3750544805E+000  2.4341254630E+000  2.0316794599E-003  2.2242273893E+000  2.4068275328E+000  1.6451679708E-003  3.3267005113E-004
   1  -190   0    0  8.7986037581E-001  7.9520405469E+000  1.9949368284E-004  2.0361349783E+000  2.3531520007E+000  4.3386651548E-004  2.1308438296E+000  2.3278132357E+000  7.8678517342E-004  2.2321451143E+000  2.3465725350E+000  1.8862686590E-003  2.2354104673E+000  2.4093117367E+000  1.9247242374E-003  2.3747215923E+000  2.4338029446E+000  2.0312654805E-003  2.2242213992E+000  2.4066524900E+000  1.6455767921E-003  3.3265534246E-004
   1  -191   0    0  8.8982580175E-001  7.9519447788E+000  1.9986832404E-004  2.0365192440E+000  2.3532138645E+000  4.3535330272E-004  2.1311562846E+000  2.3278383798E+000  7.8785752553E-004  2.2324469734E+000  2.3465515645E+000  1.8876057982E-003  2.2351306118E+000  2.4091301855E+000  1.9248170332E-003  2.3743940535E+000  2.4334856054E+000  2.0308575258E-003  2.2242165211E+000  2.4064801401E+000  1.6459779588E-003  3.3264087445E-004
   1  -192   0    0  8.9979232767E-001  7.9518517740E+000  2.0023745024E-004  2.0368974199E+000  2.3532754127E+000  4.3681766077E-004  2.1314633585E+000  2.3278636966E+000  7.8891450517E-004  2.2327447895E+000  2.3465316551E+000  1.8889247944E-003  2.2348558505E+000  2.4089514466E+000  1.9249073375E-003  2.3740718248E+000  2.4331734076E+000  2.0304555752E-003  2.2242126900E+000  2.4063104661E+000  1.6463715634E-003  3.3262664520E-004
   1  -193   0    0  9.0975992704E-001  7.9517614625E+000  2.0060107894E-004  2.0372695505E+000  2.3533366237E+000  4.3825969293E-004  2.1317651148E+000  2.3278891659E+000  7.8995615360E-004  2.2330385598E+000  2.3465127734E+000  1.8902256583E-003  2.2345861167E+000  2.4087755022E+000  1.9249952039E-003  2.3737548652E+000  2.4328663117E+000  2.0300596051E-003  2.2242098435E+000  2.4061434500E+000  1.6467576995E-003  3.3261265272E-004
   1  -194   0    0  9.1972857351E-001  7.9516737757E+000  2.0095923040E-004  2.0376356819E+000  2.3533974767E+000  4.3967951218E-004  2.1320616170E+000  2.3279147680E+000  7.9098251959E-004  2.2333282839E+000  2.3464948865E+000  1.8915084101E-003  2.2343213435E+000  2.4086023335E+000  1.9250806853E-003  2.3734431324E+000  2.4325642766E+000  2.0296695895E-003  2.2242079222E+000  2.4059790731E+000  1.6471364622E-003  3.3259889498E-004
   1  -195   0    0  9.2969824092E-001  7.9515886458E+000  2.0131192753E-004  2.0379958619E+000  2.3534579516E+000  4.4107724072E-004  2.1323529291E+000  2.3279404839E+000  7.9199365904E-004  2.2336139640E+000  2.3464779621E+000  1.8927730798E-003  2.2340614640E+000  2.4084319208E+000  1.9251638347E-003  2.3731365822E+000  2.4322672599E+000  2.0292854998E-003  2.2242068691E+000  2.4058173158E+000  1.6475079478E-003  3.3258536986E-004
   1  -196   0    0  9.3966890336E-001  7.9515060062E+000  2.0165919579E-004  2.0383501401E+000  2.3535180292E+000  4.4245300953E-004  2.1326391153E+000  2.3279662946E+000  7.9298963481E-004  2.2338956045E+000  2.3464619682E+000  1.8940197065E-003  2.2338064112E+000  2.4082642436E+000  1.9252447046E-003  2.3728351692E+000  2.4319752175E+000  2.0289073051E-003  2.2242066296E+000  2.4056581580E+000  1.6478722536E-003  3.3257207519E-004
   1  -197   0    0  9.4964053517E-001  7.9514257917E+000  2.0200106309E-004  2.0386985674E+000  2.3535776913E+000  4.4380695805E-004  2.1329202397E+000  2.3279921821E+000  7.9397051637E-004  2.2341732124E+000  2.3464468737E+000  1.8952483382E-003  2.2335561178E+000  2.4080992806E+000  1.9253233470E-003  2.3725388465E+000  2.4316881044E+000  2.0285349720E-003  2.2242071518E+000  2.4055015788E+000  1.6482294779E-003  3.3255900876E-004
   1  -198   0    0  9.5961311099E-001  7.9513479380E+000  2.0233755964E-004  2.0390411962E+000  2.3536369205E+000  4.4513923367E-004  2.1331963667E+000  2.3280181285E+000  7.9493637958E-004  2.2344467968E+000  2.3464326475E+000  1.8964590314E-003  2.2333105168E+000  2.4079370098E+000  1.9253998135E-003  2.3722475661E+000  2.4314058739E+000  2.0281684651E-003  2.2242083860E+000  2.4053475566E+000  1.6485797196E-003  3.3254616828E-004
   1  -199   0    0  9.6958660572E-001  7.9512723820E+000  2.0266871789E-004  2.0393780803E+000  2.3536957000E+000  4.4644999140E-004  2.1334675606E+000  2.3280441165E+000  7.9588730641E-004  2.2347163690E+000  2.3464192596E+000  1.8976518513E-003  2.2330695412E+000  2.4077774085E+000  1.9254741552E-003  2.3719612786E+000  2.4311284786E+000  2.0278077466E-003  2.2242102849E+000  2.4051960692E+000  1.6489230784E-003  3.3253355141E-004
   1  -200   0    0  9.7956099460E-001  7.9511990618E+000  2.0299457240E-004  2.0397092748E+000  2.3537540141E+000  4.4773939347E-004  2.1337338858E+000  2.3280701293E+000  7.9682338465E-004  2.2349819423E+000  2.3464066801E+000  1.8988268706E-003  2.2328331240E+000  2.4076204531E+000  1.9255464228E-003  2.3716799337E+000  2.4308558696E+000  2.0274527769E-003  2.2242128035E+000  2.4050470940E+000  1.6492596544E-003  3.3252115579E-004
   1  -201   0    0  9.8953625319E-001  7.9511279168E+000  2.0331515974E-004  2.0400348358E+000  2.3538118479E+000  4.4900760891E-004  2.1339954068E+000  2.3280961507E+000  7.9774470768E-004  2.2352435321E+000  2.3463948801E+000  1.8999841699E-003  2.2326011984E+000  2.4074661196E+000  1.9256166662E-003  2.3714034799E+000  2.4305879973E+000  2.0271035145E-003  2.2242158986E+000  2.4049006076E+000  1.6495895483E-003  3.3250897900E-004
   1  -202   0    0  9.9951235740E-001  7.9510588876E+000  2.0363051837E-004  2.0403548206E+000  2.3538691871E+000  4.5025481317E-004  2.1342521878E+000  2.3281221649E+000  7.9865137416E-004  2.2355011556E+000  2.3463838309E+000  1.9011238373E-003  2.2323736976E+000  2.4073143835E+000  1.9256849348E-003  2.3711318649E+000  2.4303248111E+000  2.0267599161E-003  2.2242195296E+000  2.4047565863E+000  1.6499128607E-003  3.3249701858E-004
   1  -203  -4    2  9.9999998019E-001  7.9510555668E+000  2.0364579881E-004  2.0403703186E+000  2.3538719768E+000  4.5031523728E-004  2.1342646181E+000  2.3281234359E+000  7.9869531535E-004  2.2355136461E+000  2.3463833096E+000  1.9011790905E-003  2.2323626903E+000  2.4073070333E+000  1.9256882218E-003  2.3711187123E+000  2.4303120666E+000  2.0267432664E-003  2.2242197201E+000  2.4047496097E+000  1.6499284963E-003  3.3249643950E-004
