       
   1    -1   0    0   9.9999997004E-01   7.9948849894E+00   2.2080799376E-04   2.0762960587E+00   2.3822753685E+00   4.9950091570E-04   2.1632831404E+00   2.3495640381E+00   8.1276293297E-04   2.2564228959E+00   2.3878881585E+00   1.8819951636E-03   2.2327422077E+00   2.4029115864E+00   1.9335194414E-03   2.3671509705E+00   2.4265312668E+00   2.0399077936E-03   2.2251956631E+00   2.3950271141E+00   1.6703891854E-03   3.3298134207E-04
   1    -2   0    0   9.8001200721E-01   7.9950774571E+00   2.2043805454E-04   2.0759867142E+00   2.3822739140E+00   4.9823331814E-04   2.1630551960E+00   2.3496092944E+00   8.1197091986E-04   2.2562341962E+00   2.3879343195E+00   1.8812225862E-03   2.2330258531E+00   2.4031023592E+00   1.9333956011E-03   2.3674205121E+00   2.4267929914E+00   2.0401324999E-03   2.2252294031E+00   2.3952136276E+00   1.6699998280E-03   3.3299505171E-04
   1    -3   0    0   9.7001840425E-01   7.9951768858E+00   2.2024761815E-04   2.0758272752E+00   2.3822733287E+00   4.9758028877E-04   2.1629376012E+00   2.3496327590E+00   8.1156291394E-04   2.2561370175E+00   2.3879582486E+00   1.8808245511E-03   2.2331721367E+00   2.4032006825E+00   1.9333317191E-03   2.3675594132E+00   2.4269278640E+00   2.0402482729E-03   2.2252470622E+00   2.3953097534E+00   1.6697990686E-03   3.3300211899E-04
   1    -4   0    0   9.6002506662E-01   7.9952785029E+00   2.2005346228E-04   2.0756645846E+00   2.3822728466E+00   4.9691415528E-04   2.1628175307E+00   2.3496567996E+00   8.1114673203E-04   2.2560379126E+00   2.3879827619E+00   1.8804185107E-03   2.2333214670E+00   2.4033010088E+00   1.9332664970E-03   2.3677011304E+00   2.4270654709E+00   2.0403663767E-03   2.2252652714E+00   2.3954078361E+00   1.6695941587E-03   3.3300933123E-04
   1    -5   0    0   9.5003200450E-01   7.9953823534E+00   2.1985553051E-04   2.0754985867E+00   2.3822724747E+00   4.9623470310E-04   2.1626949382E+00   2.3496814303E+00   8.1072224072E-04   2.2559368511E+00   2.3880078737E+00   1.8800043330E-03   2.2334738991E+00   2.4034033725E+00   1.9331999102E-03   2.3678457115E+00   2.4272058585E+00   2.0404868498E-03   2.2252840495E+00   2.3955079090E+00   1.6693850250E-03   3.3301669096E-04
   1    -6   0    0   9.4003922840E-01   7.9954884829E+00   2.1965376629E-04   2.0753292250E+00   2.3822722201E+00   4.9554171630E-04   2.1625697766E+00   2.3497066657E+00   8.1028930581E-04   2.2558338025E+00   2.3880335986E+00   1.8795818852E-03   2.2336294891E+00   2.4035078081E+00   1.9331319339E-03   2.3679932043E+00   2.4273490732E+00   2.0406097311E-03   2.2253034157E+00   2.3956100059E+00   1.6691715933E-03   3.3302420071E-04
   1    -7   0    0   9.3004674919E-01   7.9955969378E+00   2.1944811297E-04   2.0751564429E+00   2.3822720903E+00   4.9483497777E-04   2.1624419985E+00   2.3497325207E+00   8.0984779238E-04   2.2557287361E+00   2.3880599515E+00   1.8791510338E-03   2.2337882935E+00   2.4036143506E+00   1.9330625431E-03   2.3681436571E+00   2.4274951619E+00   2.0407350594E-03   2.2253233904E+00   2.3957141607E+00   1.6689537888E-03   3.3303186307E-04
   1    -8   0    0   9.2005457807E-01   7.9957077652E+00   2.1923851386E-04   2.0749801830E+00   2.3822720931E+00   4.9411426926E-04   2.1623115557E+00   2.3497590103E+00   8.0939756483E-04   2.2556216213E+00   2.3880869476E+00   1.8787116442E-03   2.2339503696E+00   2.4037230351E+00   1.9329917123E-03   2.3682971185E+00   2.4276441719E+00   2.0408628740E-03   2.2253439943E+00   2.3958204078E+00   1.6687315362E-03   3.3303968062E-04
   1    -9   0    0   9.1006272661E-01   7.9958210132E+00   2.1902491225E-04   2.0748003876E+00   2.3822722367E+00   4.9337937155E-04   2.1621783994E+00   2.3497861502E+00   8.0893848697E-04   2.2555124272E+00   2.3881146026E+00   1.8782635816E-03   2.2341157750E+00   2.4038338969E+00   1.9329194161E-03   2.3684536375E+00   2.4277961506E+00   2.0409932144E-03   2.2253652491E+00   2.3959287815E+00   1.6685047591E-03   3.3304765598E-04
   1   -10   0    0   9.0007120675E-01   7.9959367304E+00   2.1880725148E-04   2.0746169986E+00   2.3822725296E+00   4.9263006453E-04   2.1620424804E+00   2.3498139561E+00   8.0847042211E-04   2.2554011230E+00   2.3881429324E+00   1.8778067103E-03   2.2342845683E+00   2.4039469717E+00   1.9328456284E-03   2.3686132634E+00   2.4279511458E+00   2.0411261202E-03   2.2253871771E+00   2.3960393167E+00   1.6682733808E-03   3.3305579177E-04
   1   -11   0    0   8.9008003081E-01   7.9960549664E+00   2.1858547494E-04   2.0744299575E+00   2.3822729806E+00   4.9186612737E-04   2.1619037485E+00   2.3498424444E+00   8.0799323309E-04   2.2552876779E+00   2.3881719533E+00   1.8773408942E-03   2.2344568084E+00   2.4040622953E+00   1.9327703233E-03   2.3687760456E+00   2.4281092057E+00   2.0412616312E-03   2.2254098015E+00   2.3961520483E+00   1.6680373240E-03   3.3306409066E-04
   1   -12   0    0   8.8008921148E-01   7.9961757714E+00   2.1835952619E-04   2.0742392054E+00   2.3822735989E+00   4.9108733860E-04   2.1617621533E+00   2.3498716316E+00   8.0750678245E-04   2.2551720610E+00   2.3882016820E+00   1.8768659968E-03   2.2346325548E+00   2.4041799040E+00   1.9326934743E-03   2.3689420340E+00   2.4282703785E+00   2.0413997871E-03   2.2254331463E+00   2.3962670114E+00   1.6677965107E-03   3.3307255530E-04
   1   -13   0    0   8.7009876183E-01   7.9962991964E+00   2.1812934892E-04   2.0740446832E+00   2.3822743942E+00   4.9029347630E-04   2.1616176437E+00   2.3499015347E+00   8.0701093244E-04   2.2550542414E+00   2.3882321354E+00   1.8763818811E-03   2.2348118678E+00   2.4042998338E+00   1.9326150549E-03   2.3691112784E+00   2.4284347128E+00   2.0415406282E-03   2.2254572363E+00   2.3963842415E+00   1.6675508625E-03   3.3308118840E-04
   1   -14   0    0   8.6010869535E-01   7.9964252934E+00   2.1789488707E-04   2.0738463312E+00   2.3822753764E+00   4.8948431824E-04   2.1614701680E+00   2.3499321709E+00   8.0650554514E-04   2.2549341885E+00   2.3882633310E+00   1.8758884099E-03   2.2349948080E+00   2.4044221213E+00   1.9325350383E-03   2.3692838292E+00   2.4286022573E+00   2.0416841943E-03   2.2254820972E+00   2.3965037739E+00   1.6673003005E-03   3.3308999264E-04
   1   -15   0    0   8.5011902591E-01   7.9965541149E+00   2.1765608485E-04   2.0736440897E+00   2.3822765559E+00   4.8865964200E-04   2.1613196738E+00   2.3499635581E+00   8.0599048258E-04   2.2548118714E+00   2.3882952866E+00   1.8753854459E-03   2.2351814365E+00   2.4045468031E+00   1.9324533975E-03   2.3694597367E+00   2.4287730609E+00   2.0418305258E-03   2.2255077558E+00   2.3966256444E+00   1.6670447452E-03   3.3309897075E-04
   1   -16   0    0   8.4012976779E-01   7.9966857143E+00   2.1741288683E-04   2.0734378987E+00   2.3822779435E+00   4.8781922520E-04   2.1611661084E+00   2.3499957143E+00   8.0546560681E-04   2.2546872596E+00   2.3883280202E+00   1.8748728516E-03   2.2353718150E+00   2.4046739160E+00   1.9323701053E-03   2.3696390513E+00   2.4289471726E+00   2.0419796627E-03   2.2255342395E+00   2.3967498889E+00   1.6667841167E-03   3.3310812546E-04
   1   -17   0    0   8.3014093571E-01   7.9968201458E+00   2.1716523793E-04   2.0732276978E+00   2.3822795504E+00   4.8696284561E-04   2.1610094184E+00   2.3500286579E+00   8.0493078004E-04   2.2545603227E+00   2.3883615504E+00   1.8743504897E-03   2.2355660058E+00   2.4048034968E+00   1.9322851343E-03   2.3698218237E+00   2.4291246416E+00   2.0421316453E-03   2.2255615768E+00   2.3968765431E+00   1.6665183350E-03   3.3311745952E-04
   1   -18   0    0   8.2015254478E-01   7.9969574644E+00   2.1691308355E-04   2.0730134266E+00   2.3822813884E+00   4.8609028134E-04   2.1608495499E+00   2.3500624078E+00   8.0438586473E-04   2.2544310302E+00   2.3883958960E+00   1.8738182229E-03   2.2357640713E+00   2.4049355826E+00   1.9321984570E-03   2.3700081046E+00   2.4293055170E+00   2.0422865137E-03   2.2255897974E+00   2.3970056431E+00   1.6662473194E-03   3.3312697567E-04
   1   -19   0    0   8.1016461053E-01   7.9970977257E+00   2.1665636961E-04   2.0727950245E+00   2.3822834694E+00   4.8520131106E-04   2.1606864484E+00   2.3500969832E+00   8.0383072370E-04   2.2542993522E+00   2.3884310764E+00   1.8732759141E-03   2.2359660748E+00   2.4050702103E+00   1.9321100456E-03   2.3701979447E+00   2.4294898481E+00   2.0424443079E-03   2.2256189317E+00   2.3971372251E+00   1.6659709892E-03   3.3313667667E-04
   1   -20   0    0   8.0017714896E-01   7.9972409863E+00   2.1639504258E-04   2.0725724307E+00   2.3822858061E+00   4.8429571417E-04   2.1605200590E+00   2.3501324038E+00   8.0326522028E-04   2.2541652586E+00   2.3884671112E+00   1.8727234267E-03   2.2361720797E+00   2.4052074172E+00   1.9320198724E-03   2.3703913948E+00   2.4296776842E+00   2.0426050680E-03   2.2256490115E+00   2.3972713251E+00   1.6656892633E-03   3.3314656531E-04
   1   -21   0    0   7.9019017647E-01   7.9973873035E+00   2.1612904959E-04   2.0723455846E+00   2.3822884114E+00   4.8337327100E-04   2.1603503264E+00   2.3501686897E+00   8.0268921841E-04   2.2540287199E+00   2.3885040204E+00   1.8721606245E-03   2.2363821498E+00   2.4053472403E+00   1.9319279092E-03   2.3705885055E+00   2.4298690745E+00   2.0427688338E-03   2.2256800694E+00   2.3974079793E+00   1.6654020606E-03   3.3315664434E-04
   1   -22   0    0   7.8020370990E-01   7.9975367353E+00   2.1585833847E-04   2.0721144252E+00   2.3822912989E+00   4.8243376301E-04   2.1601771944E+00   2.3502058611E+00   8.0210258279E-04   2.2538897067E+00   2.3885418246E+00   1.8715873719E-03   2.2365963494E+00   2.4054897168E+00   1.9318341281E-03   2.3707893274E+00   2.4300640681E+00   2.0429356450E-03   2.2257121392E+00   2.3975472239E+00   1.6651092995E-03   3.3316691656E-04
   1   -23   0    0   7.7021776654E-01   7.9976893404E+00   2.1558285786E-04   2.0718788917E+00   2.3822944826E+00   4.8147697305E-04   2.1600006068E+00   2.3502439390E+00   8.0150517901E-04   2.2537481901E+00   2.3885805445E+00   1.8710035342E-03   2.2368147430E+00   2.4056348838E+00   1.9317385008E-03   2.3709939112E+00   2.4302627141E+00   2.0431055411E-03   2.2257452560E+00   2.3976890949E+00   1.6648108989E-03   3.3317738473E-04
   1   -24   0    0   7.6023236414E-01   7.9978451784E+00   2.1530255721E-04   2.0716389235E+00   2.3822979769E+00   4.8050268554E-04   2.1598205067E+00   2.3502829447E+00   8.0089687368E-04   2.2536041414E+00   2.3886202015E+00   1.8704089772E-03   2.2370373955E+00   2.4057827784E+00   1.9316409991E-03   2.3712023072E+00   2.4304650613E+00   2.0432785612E-03   2.2257794560E+00   2.3978336285E+00   1.6645067771E-03   3.3318805165E-04
   1   -25   0    0   7.5024752088E-01   7.9980043095E+00   2.1501738693E-04   2.0713944597E+00   2.3823017968E+00   4.7951068672E-04   2.1596368368E+00   2.3503228996E+00   8.0027753459E-04   2.2534575323E+00   2.3886608171E+00   1.8698035680E-03   2.2372643721E+00   2.4059334377E+00   1.9315415947E-03   2.3714145655E+00   2.4306711586E+00   2.0434547444E-03   2.2258147765E+00   2.3979808607E+00   1.6641968529E-03   3.3319892008E-04
   1   -26   0    0   7.4026325540E-01   7.9981667947E+00   2.1472729841E-04   2.0711454400E+00   2.3823059579E+00   4.7850076490E-04   2.1594495394E+00   2.3503638260E+00   7.9964703088E-04   2.2533083351E+00   2.3887024134E+00   1.8691871749E-03   2.2374957381E+00   2.4060868984E+00   1.9314402591E-03   2.3716307362E+00   2.4308810544E+00   2.0436341292E-03   2.2258512563E+00   2.3981308272E+00   1.6638810451E-03   3.3320999280E-04
   1   -27   0    0   7.3027958677E-01   7.9983326958E+00   2.1443224413E-04   2.0708918039E+00   2.3823104762E+00   4.7747271070E-04   2.1592585564E+00   2.3504057462E+00   7.9900523315E-04   2.2531565226E+00   2.3887450129E+00   1.8685596673E-03   2.2377315591E+00   2.4062431974E+00   1.9313369641E-03   2.3718508689E+00   2.4310947968E+00   2.0438167540E-03   2.2258889354E+00   2.3982835640E+00   1.6635592725E-03   3.3322127258E-04
   1   -28   0    0   7.2029653454E-01   7.9985020751E+00   2.1413217773E-04   2.0706334915E+00   2.3823153683E+00   4.7642631733E-04   2.1590638293E+00   2.3504486832E+00   7.9835201366E-04   2.2530020679E+00   2.3887886384E+00   1.8679209163E-03   2.2379719009E+00   2.4064023711E+00   1.9312316812E-03   2.3720750129E+00   2.4313124339E+00   2.0440026564E-03   2.2259278551E+00   2.3984391064E+00   1.6632314544E-03   3.3323276217E-04
   1   -29   0    0   7.1031411870E-01   7.9986749957E+00   2.1382705410E-04   2.0703704429E+00   2.3823206514E+00   4.7536138081E-04   2.1588652992E+00   2.3504926601E+00   7.9768724648E-04   2.2528449448E+00   2.3888333131E+00   1.8672707943E-03   2.2382168293E+00   2.4065644561E+00   1.9311243821E-03   2.3723032172E+00   2.4315340131E+00   2.0441918739E-03   2.2259680581E+00   2.3985974900E+00   1.6628975104E-03   3.3324446433E-04
   1   -30   0    0   7.0033235969E-01   7.9988515213E+00   2.1351682943E-04   2.0701025988E+00   2.3823263431E+00   4.7427770029E-04   2.1586629070E+00   2.3505377007E+00   7.9701080766E-04   2.2526851278E+00   2.3888790607E+00   1.8666091758E-03   2.2384664104E+00   2.4067294883E+00   1.9310150385E-03   2.3725355303E+00   2.4317595815E+00   2.0443844433E-03   2.2260095884E+00   2.3987587497E+00   1.6625573605E-03   3.3325638179E-04
   1   -31   0    0   6.9035127841E-01   7.9990317165E+00   2.1320146135E-04   2.0698299000E+00   2.3823324617E+00   4.7317507831E-04   2.1584565932E+00   2.3505838290E+00   7.9632257543E-04   2.2525225919E+00   2.3889259053E+00   1.8659359370E-03   2.2387207101E+00   2.4068975038E+00   1.9309036223E-03   2.3727720003E+00   2.4319891857E+00   2.0445804010E-03   2.2260524916E+00   2.3989229205E+00   1.6622109251E-03   3.3326851725E-04
   1   -32   0    0   6.8037089618E-01   7.9992156463E+00   2.1288090897E-04   2.0695522882E+00   2.3823390261E+00   4.7205332109E-04   2.1582462981E+00   2.3506310695E+00   7.9562243033E-04   2.2523573131E+00   2.3889738711E+00   1.8652509565E-03   2.2389797945E+00   2.4070685380E+00   1.9307901052E-03   2.3730126746E+00   2.4322228719E+00   2.0447797825E-03   2.2260968147E+00   2.3990900370E+00   1.6618581253E-03   3.3328087344E-04
   1   -33   0    0   6.7039123480E-01   7.9994033763E+00   2.1255513298E-04   2.0692697053E+00   2.3823460558E+00   4.7091223884E-04   2.1580319615E+00   2.3506794471E+00   7.9491025545E-04   2.2521892678E+00   2.3890229832E+00   1.8645541149E-03   2.2392437297E+00   2.4072426261E+00   1.9306744594E-03   2.3732576002E+00   2.4324606856E+00   2.0449826229E-03   2.2261426062E+00   2.3992601332E+00   1.6614988828E-03   3.3329345301E-04
   1   -34   0    0   6.6041231649E-01   7.9995949729E+00   2.1222409576E-04   2.0689820939E+00   2.3823535706E+00   4.6975164604E-04   2.1578135232E+00   2.3507289871E+00   7.9418593659E-04   2.2520184334E+00   2.3890732666E+00   1.8638452955E-03   2.2395125815E+00   2.4074198029E+00   1.9305566570E-03   2.3735068233E+00   2.4327026716E+00   2.0451889565E-03   2.2261899162E+00   2.3994332430E+00   1.6611331202E-03   3.3330625862E-04
   1   -35   0    0   6.5043416390E-01   7.9997905028E+00   2.1188776144E-04   2.0686893973E+00   2.3823615913E+00   4.6857136178E-04   2.1575909227E+00   2.3507797152E+00   7.9344936247E-04   2.2518447881E+00   2.3891247471E+00   1.8631243843E-03   2.2397864157E+00   2.4076001029E+00   1.9304366704E-03   2.3737603894E+00   2.4329488742E+00   2.0453988167E-03   2.2262387964E+00   2.3996093998E+00   1.6607607607E-03   3.3331929291E-04
   1   -36   0    0   6.4045680013E-01   7.9999900337E+00   2.1154609603E-04   2.0683915594E+00   2.3823701391E+00   4.6737121004E-04   2.1573640994E+00   2.3508316573E+00   7.9270042490E-04   2.2516683111E+00   2.3891774504E+00   1.8623912700E-03   2.2400652981E+00   2.4077835600E+00   1.9303144723E-03   2.3740183434E+00   2.4331993368E+00   2.0456122364E-03   2.2262892999E+00   2.3997886366E+00   1.6603817286E-03   3.3333255846E-04
   1   -37   0    0   6.3048024866E-01   8.0001936332E+00   2.1119906746E-04   2.0680885249E+00   2.3823792359E+00   4.6615102006E-04   2.1571329924E+00   2.3508848399E+00   7.9193901900E-04   2.2514889825E+00   2.3892314030E+00   1.8616458445E-03   2.2403492941E+00   2.4079702075E+00   1.9301900353E-03   2.3742807291E+00   2.4334541021E+00   2.0458292473E-03   2.2263414817E+00   2.3999709858E+00   1.6599959494E-03   3.3334605785E-04
   1   -38   0    0   6.2050453343E-01   8.0004013701E+00   2.1084664574E-04   2.0677802395E+00   2.3823889041E+00   4.6491062664E-04   2.1568975409E+00   2.3509392898E+00   7.9116504344E-04   2.2513067834E+00   2.3892866316E+00   1.8608880028E-03   2.2406384687E+00   2.4081600785E+00   1.9300633328E-03   2.3745475897E+00   2.4337132120E+00   2.0460498803E-03   2.2263953984E+00   2.4001564792E+00   1.6596033494E-03   3.3335979359E-04
   1   -39   0    0   6.1052967875E-01   8.0006133131E+00   2.1048880299E-04   2.0674666497E+00   2.3823991667E+00   4.6364987049E-04   2.1566576838E+00   2.3509950342E+00   7.9037840058E-04   2.2511216959E+00   2.3893431632E+00   1.8601176437E-03   2.2409328869E+00   2.4083532050E+00   1.9299343380E-03   2.3748189673E+00   2.4339767071E+00   2.0462741652E-03   2.2264511082E+00   2.4003451483E+00   1.6592038564E-03   3.3337376819E-04
   1   -40   0    0   6.0055570934E-01   8.0008295315E+00   2.1012551357E-04   2.0671477031E+00   2.3824100476E+00   4.6236859855E-04   2.1564133601E+00   2.3510521006E+00   7.8957899673E-04   2.2509337033E+00   2.3894010252E+00   1.8593346692E-03   2.2412326131E+00   2.4085496189E+00   1.9298030250E-03   2.3750949029E+00   2.4342446275E+00   2.0465021308E-03   2.2265086713E+00   2.4005370236E+00   1.6587973996E-03   3.3338798407E-04
   1   -41   0    0   5.9058265028E-01   8.0010500953E+00   2.0975675420E-04   2.0668233481E+00   2.3824215711E+00   4.6106666437E-04   2.1561645087E+00   2.3511105169E+00   7.8876674236E-04   2.2507427902E+00   2.3894602454E+00   1.8585389856E-03   2.2415377113E+00   2.4087493510E+00   1.9296693677E-03   2.3753754365E+00   2.4345170120E+00   2.0467338049E-03   2.2265681494E+00   2.4007321352E+00   1.6583839095E-03   3.3340244366E-04
   1   -42   0    0   5.8061052704E-01   8.0012750745E+00   2.0938250400E-04   2.0664935347E+00   2.3824337621E+00   4.5974392844E-04   2.1559110686E+00   2.3511703113E+00   7.8794155231E-04   2.2505489421E+00   2.3895208517E+00   1.8577305031E-03   2.2418482451E+00   2.4089524317E+00   1.9295333409E-03   2.3756606070E+00   2.4347938982E+00   2.0469692139E-03   2.2266296062E+00   2.4009305125E+00   1.6579633182E-03   3.3341714929E-04
   1   -43   0    0   5.7063936543E-01   8.0015045396E+00   2.0900274463E-04   2.0661582137E+00   2.3824466463E+00   4.5840025856E-04   2.1556529788E+00   2.3512315123E+00   7.8710334603E-04   2.2503521461E+00   2.3895828726E+00   1.8569091363E-03   2.2421642774E+00   2.4091588903E+00   1.9293949197E-03   2.3759504521E+00   2.4350753227E+00   2.0472083830E-03   2.2266931071E+00   2.4011321839E+00   1.6575355597E-03   3.3343210327E-04
   1   -44   0    0   5.6066919160E-01   8.0017385614E+00   2.0861746035E-04   2.0658173373E+00   2.3824602498E+00   4.5703553019E-04   2.1553901784E+00   2.3512941488E+00   7.8625204777E-04   2.2501523905E+00   2.3896463368E+00   1.8560748042E-03   2.2424858706E+00   2.4093687557E+00   1.9292540796E-03   2.3762450080E+00   2.4353613208E+00   2.0474513362E-03   2.2267587193E+00   2.4013371773E+00   1.6571005696E-03   3.3344730784E-04
   1   -45   0    0   5.5070003202E-01   8.0019772110E+00   2.0822663815E-04   2.0654708593E+00   2.3824745996E+00   4.5564962680E-04   2.1551226068E+00   2.3513582498E+00   7.8538758684E-04   2.2499496650E+00   2.3897112732E+00   1.8552274306E-03   2.2428130865E+00   2.4095820554E+00   1.9291107968E-03   2.3765443098E+00   2.4356519263E+00   2.0476980961E-03   2.2268265122E+00   2.4015455195E+00   1.6566582855E-03   3.3346276519E-04
   1   -46   0    0   5.4073191345E-01   8.0022205595E+00   2.0783026786E-04   2.0651187346E+00   2.3824897231E+00   4.5424244029E-04   2.1548502033E+00   2.3514238449E+00   7.8450989780E-04   2.2497439607E+00   2.3897777110E+00   1.8543669443E-03   2.2431459860E+00   2.4097988166E+00   1.9289650480E-03   2.3768483911E+00   2.4359471720E+00   2.0479486837E-03   2.2268965568E+00   2.4017572366E+00   1.6562086471E-03   3.3347847744E-04
   1   -47   0    0   5.3076486296E-01   8.0024686785E+00   2.0742834216E-04   2.0647609198E+00   2.3825056485E+00   4.5281387127E-04   2.1545729077E+00   2.3514909637E+00   7.8361892074E-04   2.2495352703E+00   2.3898456798E+00   1.8534932795E-03   2.2434846293E+00   2.4100190650E+00   1.9288168105E-03   2.3771572838E+00   2.4362470888E+00   2.0482031186E-03   2.2269689260E+00   2.4019723536E+00   1.6557515963E-03   3.3349444665E-04
   1   -48   0    0   5.2079890785E-01   8.0027216394E+00   2.0702085679E-04   2.0643973732E+00   2.3825224046E+00   4.5136382953E-04   2.1542906598E+00   2.3515596362E+00   7.8271460145E-04   2.2493235881E+00   2.3899152092E+00   1.8526063754E-03   2.2438290758E+00   2.4102428256E+00   1.9286660624E-03   2.3774710186E+00   2.4365517065E+00   2.0484614189E-03   2.2270436948E+00   2.4021908947E+00   1.6552870772E-03   3.3351067481E-04
   1   -49   0    0   5.1083407567E-01   8.0029795139E+00   2.0660781055E-04   2.0640280547E+00   2.3825400206E+00   4.4989223432E-04   2.1540034001E+00   2.3516298926E+00   7.8179689171E-04   2.2491089097E+00   2.3899863292E+00   1.8517061772E-03   2.2441793839E+00   2.4104701223E+00   1.9285127824E-03   2.3777896242E+00   2.4368610530E+00   2.0487236009E-03   2.2271209401E+00   2.4024128829E+00   1.6548150365E-03   3.3352716382E-04
   1   -50   0    0   5.0087039420E-01   8.0032423738E+00   2.0618920542E-04   2.0636529259E+00   2.3825585265E+00   4.4839901478E-04   2.1537110691E+00   2.3517017632E+00   7.8086574947E-04   2.2488912329E+00   2.3900590700E+00   1.8507926358E-03   2.2445356111E+00   2.4107009779E+00   1.9283569501E-03   2.3781131280E+00   2.4371751546E+00   2.0489896793E-03   2.2272007408E+00   2.4026383402E+00   1.6543354234E-03   3.3354391552E-04
   1   -51   0    0   4.9090789139E-01   8.0035102905E+00   2.0576504669E-04   2.0632719502E+00   2.3825779529E+00   4.4688411029E-04   2.1534136079E+00   2.3517752787E+00   7.7992113908E-04   2.2486705567E+00   2.3901334619E+00   1.8498657082E-03   2.2448978136E+00   2.4109354139E+00   1.9281985456E-03   2.3784415551E+00   2.4374940361E+00   2.0492596671E-03   2.2272831776E+00   2.4028672874E+00   1.6538481899E-03   3.3356093167E-04
   1   -52   0    0   4.8094659534E-01   8.0037833356E+00   2.0533534298E-04   2.0628850933E+00   2.3825983309E+00   4.4534747082E-04   2.1531109580E+00   2.3518504698E+00   7.7896303155E-04   2.2484468822E+00   2.3902095353E+00   1.8489253580E-03   2.2452660469E+00   2.4111734508E+00   1.9280375501E-03   2.3787749293E+00   2.4378177203E+00   2.0495335753E-03   2.2273683333E+00   2.4030997443E+00   1.6533532905E-03   3.3357821394E-04
   1   -53   0    0   4.7098653432E-01   8.0040615807E+00   2.0490010637E-04   2.0624923224E+00   2.3826196924E+00   4.4378905734E-04   2.1528030615E+00   2.3519273675E+00   7.7799140477E-04   2.2482202122E+00   2.3902873210E+00   1.8479715548E-03   2.2456403648E+00   2.4114151079E+00   1.9278739458E-03   2.3791132720E+00   2.4381462280E+00   2.0498114129E-03   2.2274562927E+00   2.4033357293E+00   1.6528506832E-03   3.3359576391E-04
   1   -54   0    0   4.6102773668E-01   8.0043450967E+00   2.0445935247E-04   2.0620936072E+00   2.3826420694E+00   4.4220884213E-04   2.1524898611E+00   2.3520060027E+00   7.7700624371E-04   2.2479905514E+00   2.3903668496E+00   1.8470042756E-03   2.2460208203E+00   2.4116604028E+00   1.9277077156E-03   2.3794566031E+00   2.4384795785E+00   2.0500931874E-03   2.2275471425E+00   2.4035752596E+00   1.6523403286E-03   3.3361358307E-04
   1   -55   0    0   4.5107023085E-01   8.0046339548E+00   2.0401310051E-04   2.0616889194E+00   2.3826654950E+00   4.4060680917E-04   2.1521713000E+00   2.3520864067E+00   7.7600754064E-04   2.2477579065E+00   2.3904481520E+00   1.8460235039E-03   2.2464074648E+00   2.4119093523E+00   1.9275388435E-03   2.3798049399E+00   2.4388177887E+00   2.0503789037E-03   2.2276409713E+00   2.4038183511E+00   1.6518221909E-03   3.3363167282E-04
   1   -56   0    0   4.4111404530E-01   8.0049282256E+00   2.0356137340E-04   2.0612782330E+00   2.3826900024E+00   4.3898295449E-04   2.1518473220E+00   2.3521686106E+00   7.7499529537E-04   2.2475222860E+00   2.3905312591E+00   1.8450292307E-03   2.2468003484E+00   2.4121619714E+00   1.9273673145E-03   2.3801582980E+00   2.4391608736E+00   2.0506685649E-03   2.2277378697E+00   2.4040650183E+00   1.6512962376E-03   3.3365003444E-04
   1   -57   0    0   4.3115920851E-01   8.0052279791E+00   2.0310419781E-04   2.0608615243E+00   2.3827156256E+00   4.3733728650E-04   2.1515178720E+00   2.3522526456E+00   7.7396951547E-04   2.2472837007E+00   2.3906162018E+00   1.8440214543E-03   2.2471995196E+00   2.4124182738E+00   1.9271931147E-03   2.3805166907E+00   2.4395088460E+00   2.0509621719E-03   2.2278379304E+00   2.4043152745E+00   1.6507624397E-03   3.3366866914E-04
   1   -58   0    0   4.2120574893E-01   8.0055332854E+00   2.0264160425E-04   2.0604387721E+00   2.3827423990E+00   4.3566982636E-04   2.1511828955E+00   2.3523385432E+00   7.7293021643E-04   2.2470421631E+00   2.3907030110E+00   1.8430001807E-03   2.2476050255E+00   2.4126782718E+00   1.9270162315E-03   2.3808801288E+00   2.4398617167E+00   2.0512597235E-03   2.2279412477E+00   2.4045691311E+00   1.6502207718E-03   3.3368757799E-04
   1   -59   0    0   4.1125369494E-01   8.0058442134E+00   2.0217362711E-04   2.0600099575E+00   2.3827703573E+00   4.3398060829E-04   2.1508423387E+00   2.3524263345E+00   7.7187742194E-04   2.2467976883E+00   2.3907917176E+00   1.8419654237E-03   2.2480169115E+00   2.4129419761E+00   1.9268366532E-03   2.3812486212E+00   2.4402194940E+00   2.0515612159E-03   2.2280479179E+00   2.4048265985E+00   1.6496712123E-03   3.3370676197E-04
   1   -60   0    0   4.0130307484E-01   8.0061608320E+00   2.0170030478E-04   2.0595750646E+00   2.3827995360E+00   4.3226967989E-04   2.1504961491E+00   2.3525160508E+00   7.7081116400E-04   2.2465502930E+00   2.3908823524E+00   1.8409172052E-03   2.2484352214E+00   2.4132093956E+00   1.9266543696E-03   2.3816221741E+00   2.4405821839E+00   2.0518666431E-03   2.2281580392E+00   2.4050876853E+00   1.6491137437E-03   3.3372622195E-04
   1   -61   0    0   3.9135391677E-01   8.0064832090E+00   2.0122167963E-04   2.0591340796E+00   2.3828299707E+00   4.3053710248E-04   2.1501442749E+00   2.3526077232E+00   7.6973148319E-04   2.2462999965E+00   2.3909749463E+00   1.8398555552E-03   2.2488599970E+00   2.4134805381E+00   1.9264693716E-03   2.3820007912E+00   2.4409497903E+00   2.0521759969E-03   2.2282717115E+00   2.4053523985E+00   1.6485483524E-03   3.3374595865E-04
   1   -62   0    0   3.8140624870E-01   8.0068114116E+00   2.0073779811E-04   2.0586869919E+00   2.3828616976E+00   4.2878295137E-04   2.1497866654E+00   2.3527013827E+00   7.6863842882E-04   2.2460468202E+00   2.3910695298E+00   1.8387805122E-03   2.2492912786E+00   2.4137554092E+00   1.9262816516E-03   2.3823844740E+00   2.4413223143E+00   2.0524892664E-03   2.2283890366E+00   2.4056207436E+00   1.6479750291E-03   3.3376597272E-04
   1   -63   0    0   3.7146009836E-01   8.0071455062E+00   2.0024871081E-04   2.0582337935E+00   2.3828947532E+00   4.2700731619E-04   2.1494232712E+00   2.3527970602E+00   7.6753205909E-04   2.2457907876E+00   2.3911661334E+00   1.8376921236E-03   2.2497291042E+00   2.4140340132E+00   1.9260912032E-03   2.3827732211E+00   2.4416997548E+00   2.0528064383E-03   2.2285101178E+00   2.4058927245E+00   1.6473937688E-03   3.3378626464E-04
   1   -64   0    0   3.6151549325E-01   8.0074855582E+00   1.9975447246E-04   2.0577744792E+00   2.3829291744E+00   4.2521030112E-04   2.1490540440E+00   2.3528947865E+00   7.6641244131E-04   2.2455319248E+00   2.3912647873E+00   1.8365904451E-03   2.2501735101E+00   2.4143163523E+00   1.9258980217E-03   2.3831670287E+00   2.4420821078E+00   2.0531274965E-03   2.2286350601E+00   2.4061683432E+00   1.6468045708E-03   3.3380683479E-04
   1   -65   0    0   3.5157246052E-01   8.0078316320E+00   1.9925514200E-04   2.0573090470E+00   2.3829649983E+00   4.2339202520E-04   2.1486789367E+00   2.3529945919E+00   7.6527965202E-04   2.2452702600E+00   2.3913655216E+00   1.8354755416E-03   2.2506245304E+00   2.4146024272E+00   1.9257021036E-03   2.3835658902E+00   2.4424693671E+00   2.0534524227E-03   2.2287639703E+00   2.4064476000E+00   1.6462074394E-03   3.3382768341E-04
   1   -66   0    0   3.4163102701E-01   8.0081837910E+00   1.9875078259E-04   2.0568374976E+00   2.3830022624E+00   4.2155262256E-04   2.1482979037E+00   2.3530965068E+00   7.6413377713E-04   2.2450058238E+00   2.3914683661E+00   1.8343474873E-03   2.2510821971E+00   2.4148922368E+00   1.9255034472E-03   2.3839697963E+00   2.4428615236E+00   2.0537811956E-03   2.2288969563E+00   2.4067304937E+00   1.6456023832E-03   3.3384881059E-04
   1   -67   0    0   3.3169121913E-01   8.0085420973E+00   1.9824146166E-04   2.0563598351E+00   2.3830410043E+00   4.1969224264E-04   2.1479109007E+00   2.3532005610E+00   7.6297491213E-04   2.2447386491E+00   2.3915733502E+00   1.8332063654E-03   2.2515465400E+00   2.4151857778E+00   1.9253020521E-03   2.3843787348E+00   2.4432585654E+00   2.0541137913E-03   2.2290341276E+00   2.4070170209E+00   1.6449894159E-03   3.3387021633E-04
   1   -68   0    0   3.2175306286E-01   8.0089066117E+00   1.9772725092E-04   2.0558760665E+00   2.3830812621E+00   4.1781105043E-04   2.1475178851E+00   2.3533067841E+00   7.6180316214E-04   2.2444687712E+00   2.3916805030E+00   1.8320522685E-03   2.2520175866E+00   2.4154830453E+00   1.9250979197E-03   2.3847926909E+00   2.4436604781E+00   2.0544501831E-03   2.2291755952E+00   2.4073071766E+00   1.6443685560E-03   3.3389190043E-04
   1   -69   0    0   3.1181658369E-01   8.0092773938E+00   1.9720822633E-04   2.0553862021E+00   2.3831230736E+00   4.1590922667E-04   2.1471188155E+00   2.3534152053E+00   7.6061864207E-04   2.2441962278E+00   2.3917898531E+00   1.8308852990E-03   2.2524953620E+00   2.4157840325E+00   1.9248910531E-03   2.3852116466E+00   2.4440672444E+00   2.0547903417E-03   2.2293214711E+00   2.4076009540E+00   1.6437398273E-03   3.3391386259E-04
   1   -70   0    0   3.0188180658E-01   8.0096545017E+00   1.9668446819E-04   2.0548902556E+00   2.3831664772E+00   4.1398696798E-04   2.1467136527E+00   2.3535258534E+00   7.5942147673E-04   2.2439210591E+00   2.3919014289E+00   1.8297055687E-03   2.2529798889E+00   2.4160887305E+00   1.9246814570E-03   2.3856355814E+00   2.4444788442E+00   2.0551342348E-03   2.2294718684E+00   2.4078983441E+00   1.6431032586E-03   3.3393610236E-04
   1   -71   0    0   2.9194875588E-01   8.0100379919E+00   1.9615606106E-04   2.0543882437E+00   2.3832115110E+00   4.1204448709E-04   2.1463023588E+00   2.3536387567E+00   7.5821180091E-04   2.2436433075E+00   2.3920152582E+00   1.8285131993E-03   2.2534711876E+00   2.4163971285E+00   1.9244691379E-03   2.3860644715E+00   2.4448952544E+00   2.0554818273E-03   2.2296269014E+00   2.4081993363E+00   1.6424588841E-03   3.3395861912E-04
   1   -72   0    0   2.8201745531E-01   8.0104279192E+00   1.9562309379E-04   2.0538801868E+00   2.3832582134E+00   4.1008201292E-04   2.1458848979E+00   2.3537539429E+00   7.5698975945E-04   2.2433630180E+00   2.3921313682E+00   1.8273083223E-03   2.2539692756E+00   2.4167092135E+00   1.9242541043E-03   2.3864982903E+00   2.4453164491E+00   2.0558330810E-03   2.2297866851E+00   2.4085039179E+00   1.6418067433E-03   3.3398141212E-04
   1   -73   0    0   2.7208792792E-01   8.0108243366E+00   1.9508565951E-04   2.0533661086E+00   2.3833066227E+00   4.0809979073E-04   2.1454612361E+00   2.3538714393E+00   7.5575550735E-04   2.2430802377E+00   2.3922497856E+00   1.8260910792E-03   2.2544741679E+00   2.4170249709E+00   1.9240363661E-03   2.3869370080E+00   2.4457423995E+00   2.0561879553E-03   2.2299513354E+00   2.4088120743E+00   1.6411468814E-03   3.3400448046E-04
   1   -74   0    0   2.6216019600E-01   8.0112272956E+00   1.9454385557E-04   2.0528460361E+00   2.3833567772E+00   4.0609808220E-04   2.1450313414E+00   2.3539912726E+00   7.5450920976E-04   2.2427950164E+00   2.3923705365E+00   1.8248616214E-03   2.2549858768E+00   2.4173443836E+00   1.9238159356E-03   2.3873805919E+00   2.4461730738E+00   2.0565464061E-03   2.2301209686E+00   2.4091237887E+00   1.6404793488E-03   3.3402782306E-04
   1   -75   0    0   2.5223428108E-01   8.0116368453E+00   1.9399778355E-04   2.0523200000E+00   2.3834087149E+00   4.0407716547E-04   2.1445951840E+00   2.3541134686E+00   7.5325104208E-04   2.2425074061E+00   2.3924936463E+00   1.8236201105E-03   2.2555044118E+00   2.4176674326E+00   1.9235928265E-03   2.3878290061E+00   2.4466084372E+00   2.0569083868E-03   2.2302957017E+00   2.4094390425E+00   1.6398042020E-03   3.3405143873E-04
   1   -76   0    0   2.4231020383E-01   8.0120530330E+00   1.9344754919E-04   2.0517880345E+00   2.3834624739E+00   4.0203733523E-04   2.1441527362E+00   2.3542380527E+00   7.5198118994E-04   2.2422174612E+00   2.3926191397E+00   1.8223667181E-03   2.2560297794E+00   2.4179940968E+00   1.9233670549E-03   2.3882822119E+00   2.4470484520E+00   2.0572738475E-03   2.2304756520E+00   2.4097578151E+00   1.6391215031E-03   3.3407532606E-04
   1   -77   0    0   2.3238798404E-01   8.0124759038E+00   1.9289326237E-04   2.0512501773E+00   2.3835180920E+00   3.9997890270E-04   2.1437039727E+00   2.3543650493E+00   7.5069984920E-04   2.2419252382E+00   2.3927470407E+00   1.8211016259E-03   2.2565619834E+00   2.4183243531E+00   1.9231386387E-03   2.3887401671E+00   2.4474930773E+00   2.0576427356E-03   2.2306609367E+00   2.4100800837E+00   1.6384313199E-03   3.3409948355E-04
   1   -78   0    0   2.2246764055E-01   8.0129055005E+00   1.9233503703E-04   2.0507064698E+00   2.3835756066E+00   3.9790219564E-04   2.1432488706E+00   2.3544944823E+00   7.4940722598E-04   2.2416307963E+00   2.3928773725E+00   1.8198250260E-03   2.2571010246E+00   2.4186581761E+00   1.9229075977E-03   2.3892028267E+00   2.4479422694E+00   2.0580149954E-03   2.2308516731E+00   2.4104058236E+00   1.6377337263E-03   3.3412390948E-04
   1   -79   0    0   2.1254919123E-01   8.0133418636E+00   1.9177299111E-04   2.0501569569E+00   2.3836350550E+00   3.9580755828E-04   2.1427874093E+00   2.3546263745E+00   7.4810353658E-04   2.2413341967E+00   2.3930101573E+00   1.8185371202E-03   2.2576469004E+00   2.4189955385E+00   1.9226739539E-03   2.3896701425E+00   2.4483959813E+00   2.0583905683E-03   2.2310479785E+00   2.4107350080E+00   1.6370288019E-03   3.3414860200E-04
   1   -80   0    0   2.0263265289E-01   8.0137850309E+00   1.9120724650E-04   2.0496016872E+00   2.3836964741E+00   3.9369535129E-04   2.1423195710E+00   2.3547607478E+00   7.4678900748E-04   2.2410355027E+00   2.3931454167E+00   1.8172381207E-03   2.2581996055E+00   2.4193364106E+00   1.9224377313E-03   2.3901420629E+00   2.4488541634E+00   2.0587693926E-03   2.2312499695E+00   2.4110676079E+00   1.6363166325E-03   3.3417355909E-04
   1   -81   0    0   1.9271804125E-01   8.0142350380E+00   1.9063792894E-04   2.0490407128E+00   2.3837599002E+00   3.9156595165E-04   2.1418453406E+00   2.3548976235E+00   7.4546387523E-04   2.2407347799E+00   2.3932831709E+00   1.8159282497E-03   2.2587591313E+00   2.4196807607E+00   1.9221989560E-03   2.3906185337E+00   2.4493167626E+00   2.0591514037E-03   2.2314577623E+00   2.4114035925E+00   1.6355973098E-03   3.3419877858E-04
   1   -82   0    0   1.8280537089E-01   8.0146919174E+00   1.9006516792E-04   2.0484740896E+00   2.3838253693E+00   3.8941975256E-04   2.1413647056E+00   2.3550370215E+00   7.4412838639E-04   2.2404320960E+00   2.3934234397E+00   1.8146077392E-03   2.2593254659E+00   2.4200285550E+00   1.9219576562E-03   2.3910994972E+00   2.4497837230E+00   2.0595365343E-03   2.2316714721E+00   2.4117429287E+00   1.6348709317E-03   3.3422425810E-04
   1   -83   0    0   1.7289465521E-01   8.0151556992E+00   1.8948909663E-04   2.0479018771E+00   2.3838929168E+00   3.8725716322E-04   2.1408776566E+00   2.3551789609E+00   7.4278279744E-04   2.2401275209E+00   2.3935662413E+00   1.8132768314E-03   2.2598985941E+00   2.4203797576E+00   1.9217138624E-03   2.3915848926E+00   2.4502549857E+00   2.0599247139E-03   2.2318912134E+00   2.4120855815E+00   1.6341376020E-03   3.3424999516E-04
   1   -84   0    0   1.6298590634E-01   8.0156264102E+00   1.8890985180E-04   2.0473241385E+00   2.3839625775E+00   3.8507860872E-04   2.1403841872E+00   2.3553234596E+00   7.4142737461E-04   2.2398211261E+00   2.3937115932E+00   1.8119357780E-03   2.2604784974E+00   2.4207343303E+00   1.9214676069E-03   2.3920746564E+00   2.4507304889E+00   2.0603158692E-03   2.2321170991E+00   2.4124315137E+00   1.6333974307E-03   3.3427598708E-04
   1   -85   0    0   1.5307913514E-01   8.0161040744E+00   1.8832757362E-04   2.0467409403E+00   2.3840343854E+00   3.8288452973E-04   2.1398842940E+00   2.3554705345E+00   7.4006239380E-04   2.2395129853E+00   2.3938595116E+00   1.8105848408E-03   2.2610651538E+00   2.4210922330E+00   1.9212189243E-03   2.3925687215E+00   2.4512101677E+00   2.0607099241E-03   2.2323492409E+00   2.4127806863E+00   1.6326505338E-03   3.3430223102E-04
   1   -86   0    0   1.4317435112E-01   8.0165887127E+00   1.8774240560E-04   2.0461523531E+00   2.3841083741E+00   3.8067538233E-04   2.1393779769E+00   2.3556202012E+00   7.3868814035E-04   2.2392031740E+00   2.3940100116E+00   1.8092242907E-03   2.2616585380E+00   2.4214534233E+00   1.9209678514E-03   2.3930670182E+00   2.4516939543E+00   2.0611067997E-03   2.2325877488E+00   2.4131330580E+00   1.6318970335E-03   3.3432872398E-04
   1   -87   0    0   1.3327156242E-01   8.0170803427E+00   1.8715449447E-04   2.0455584506E+00   2.3841845760E+00   3.7845163766E-04   2.1388652390E+00   2.3557724741E+00   7.3730490892E-04   2.2388917693E+00   2.3941631069E+00   1.8078544083E-03   2.2622586211E+00   2.4218178568E+00   1.9207144272E-03   2.3935694737E+00   2.4521817779E+00   2.0615064142E-03   2.2328327308E+00   2.4134885857E+00   1.6311370578E-03   3.3435546281E-04
   1   -88   0    0   1.2337077573E-01   8.0175789788E+00   1.8656398999E-04   2.0449593104E+00   2.3842630230E+00   3.7621378163E-04   2.1383460872E+00   2.3559273664E+00   7.3591300324E-04   2.2385788502E+00   2.3943188102E+00   1.8064754833E-03   2.2628653706E+00   2.4221854872E+00   1.9204586928E-03   2.3940760122E+00   2.4526735650E+00   2.0619086834E-03   2.2330842928E+00   2.4138472242E+00   1.6303707411E-03   3.3438244417E-04
   1   -89   0    0   1.1347199627E-01   8.0180846318E+00   1.8597104486E-04   2.0443550133E+00   2.3843437459E+00   3.7396231455E-04   2.1378205315E+00   2.3560848899E+00   7.3451273591E-04   2.2382644970E+00   2.3944771327E+00   1.8050878144E-03   2.2634787505E+00   2.4225562658E+00   1.9202006912E-03   2.3945865548E+00   2.4531692392E+00   2.0623135202E-03   2.2333425382E+00   2.4142089264E+00   1.6295982234E-03   3.3440966459E-04
   1   -90   0    0   1.0357522775E-01   8.0185973091E+00   1.8537581454E-04   2.0437456437E+00   2.3844267747E+00   3.7169775077E-04   2.1372885858E+00   2.3562450551E+00   7.3310442813E-04   2.2379487916E+00   2.3946380844E+00   1.8036917092E-03   2.2640987210E+00   2.4229301422E+00   1.9199404679E-03   2.3951010202E+00   2.4536687213E+00   2.0627208348E-03   2.2336075679E+00   2.4145736431E+00   1.6288196507E-03   3.3443712042E-04
   1   -91   0    0   9.3680472281E-02   8.0191170144E+00   1.8477845708E-04   2.0431312895E+00   2.3845121381E+00   3.6942061822E-04   2.1367502678E+00   2.3564078711E+00   7.3168840948E-04   2.2376318173E+00   2.3948016736E+00   1.8022874838E-03   2.2647252387E+00   2.4233070639E+00   1.9196780703E-03   2.3956193239E+00   2.4541719294E+00   2.0631305352E-03   2.2338794798E+00   2.4149413234E+00   1.6280351751E-03   3.3446480786E-04
   1   -92   0    0   8.3787730414E-02   8.0196437478E+00   1.8417913296E-04   2.0425120416E+00   2.3845998639E+00   3.6713145800E-04   2.1362055990E+00   2.3565733455E+00   7.3026501759E-04   2.2373136587E+00   2.3949679076E+00   1.8008754626E-03   2.2653582567E+00   2.4236869763E+00   1.9194135480E-03   2.3961413787E+00   2.4546787790E+00   2.0635425268E-03   2.2341583686E+00   2.4153119144E+00   1.6272449540E-03   3.3449272297E-04
   1   -93   0    0   7.3897001035E-02   8.0201775056E+00   1.8357800494E-04   2.0418879945E+00   2.3846899788E+00   3.6483082384E-04   2.1356546047E+00   2.3567414845E+00   7.2883459786E-04   2.2369944012E+00   2.3951367918E+00   1.7994559781E-03   2.2659977238E+00   2.4240698231E+00   1.9191469526E-03   2.3966670949E+00   2.4551891828E+00   2.0639567125E-03   2.2344443258E+00   2.4156853613E+00   1.6264491509E-03   3.3452086163E-04
   1   -94   0    0   6.4008281353E-02   8.0207182799E+00   1.8297523782E-04   2.0412592458E+00   2.3847825082E+00   3.6251928165E-04   2.1350973146E+00   2.3569122928E+00   7.2739750311E-04   2.2366741317E+00   2.3953083304E+00   1.7980293703E-03   2.2666435856E+00   2.4244555461E+00   1.9188783377E-03   2.3971963801E+00   2.4557030513E+00   2.0643729931E-03   2.2347374390E+00   2.4160616076E+00   1.6256479345E-03   3.3454921959E-04
   1   -95   0    0   5.4121566864E-02   8.0212660593E+00   1.8237099832E-04   2.0406258961E+00   2.3848774761E+00   3.6019740889E-04   2.1345337623E+00   2.3570857733E+00   7.2595409326E-04   2.2363529375E+00   2.3954825260E+00   1.7965959869E-03   2.2672957836E+00   2.4248440850E+00   1.9186077591E-03   2.3977291392E+00   2.4562202921E+00   2.0647912673E-03   2.2350377921E+00   2.4164405950E+00   1.6248414790E-03   3.3457779246E-04
   1   -96   0    0   4.4236851315E-02   8.0218208280E+00   1.8176545482E-04   2.0399880490E+00   2.3849749055E+00   3.5786579404E-04   2.1339639859E+00   2.3572619276E+00   7.2450473495E-04   2.2360309071E+00   2.3956593795E+00   1.7951561825E-03   2.2679542554E+00   2.4252353781E+00   1.9183352743E-03   2.3982652750E+00   2.4567408108E+00   2.0652114314E-03   2.2353454648E+00   2.4168222635E+00   1.6240299641E-03   3.3460657569E-04
   1   -97   0    0   3.4354126677E-02   8.0223825662E+00   1.8115877721E-04   2.0393458111E+00   2.3850748176E+00   3.5552503598E-04   2.1333880277E+00   2.3574407556E+00   7.2304980115E-04   2.2357081293E+00   2.3958388902E+00   1.7937103184E-03   2.2686189350E+00   2.4256293616E+00   1.9180609430E-03   2.3988046876E+00   2.4572645106E+00   2.0656333801E-03   2.2356605322E+00   2.4172065514E+00   1.6232135743E-03   3.3463556460E-04
   1   -98   0    0   2.4473383112E-02   8.0229512499E+00   1.8055113667E-04   2.0386992918E+00   2.3851772325E+00   3.5317574330E-04   2.1328059344E+00   2.3576222555E+00   7.2158967077E-04   2.2353846936E+00   2.3960210560E+00   1.7922587622E-03   2.2692897522E+00   2.4260259701E+00   1.9177848265E-03   2.3993472749E+00   2.4577912923E+00   2.0660570058E-03   2.2359830650E+00   2.4175933954E+00   1.6223924993E-03   3.3466475436E-04
   1   -99   0    0   1.4594608951E-02   8.0235268508E+00   1.7994270544E-04   2.0380486032E+00   2.3852821686E+00   3.5081853370E-04   2.1322177575E+00   2.3578064238E+00   7.2012472824E-04   2.2350606896E+00   2.3962058728E+00   1.7908018877E-03   2.2699666333E+00   2.4264251368E+00   1.9175069882E-03   2.3998929327E+00   2.4583210548E+00   2.0664821996E-03   2.2363131290E+00   2.4179827305E+00   1.6215669335E-03   3.3469414002E-04
   1  -100   0    0   4.7177906719E-03   8.0241093363E+00   1.7933365662E-04   2.0373938600E+00   2.3853896430E+00   3.4845403322E-04   2.1316235529E+00   2.3579932554E+00   7.1865536304E-04   2.2347362075E+00   2.3963933350E+00   1.7893400738E-03   2.2706495006E+00   2.4268267930E+00   1.9172274932E-03   2.4004415546E+00   2.4588536948E+00   2.0669088506E-03   2.2366507848E+00   2.4183744904E+00   1.6207370759E-03   3.3472371650E-04
   1  -101   0    0  -5.1570871235E-03   8.0246986695E+00   1.7872416395E-04   2.0367351791E+00   2.3854996708E+00   3.4608287554E-04   2.1310233812E+00   2.3581827435E+00   7.1718196929E-04   2.2344113371E+00   2.3965834353E+00   1.7878737048E-03   2.2713382722E+00   2.4272308687E+00   1.9169464080E-03   2.4009930325E+00   2.4593891074E+00   2.0673368467E-03   2.2369960876E+00   2.4187686071E+00   1.6199031300E-03   3.3475347861E-04
   1  -102   0    0  -1.5030041723E-02   8.0252948090E+00   1.7811440160E-04   2.0360726801E+00   2.3856122659E+00   3.4370570123E-04   2.1304173079E+00   2.3583748794E+00   7.1570494526E-04   2.2340861684E+00   2.3967761647E+00   1.7864031695E-03   2.2720328629E+00   2.4276372923E+00   1.9166638011E-03   2.4015472560E+00   2.4599271854E+00   2.0677660741E-03   2.2373490871E+00   2.4191650115E+00   1.6190653033E-03   3.3478342101E-04
   1  -103   0    0  -2.4901092321E-02   8.0258977089E+00   1.7750454392E-04   2.0354064845E+00   2.3857274402E+00   3.4132315695E-04   2.1298054032E+00   2.3585696527E+00   7.1422469288E-04   2.2337607912E+00   2.3969715123E+00   1.7849288609E-03   2.2727331833E+00   2.4280459908E+00   1.9163797425E-03   2.4021041132E+00   2.4604678204E+00   2.0681964180E-03   2.2377098274E+00   2.4195636329E+00   1.6182238073E-03   3.3481353826E-04
   1  -104   0    0  -3.4770260023E-02   8.0265073190E+00   1.7689476523E-04   2.0347367158E+00   2.3858452041E+00   3.3893589468E-04   2.1291877422E+00   2.3587670514E+00   7.1274161724E-04   2.2334352947E+00   2.3971694657E+00   1.7834511758E-03   2.2734391402E+00   2.4284568902E+00   1.9160943035E-03   2.4026634906E+00   2.4610109020E+00   2.0686277624E-03   2.2380783465E+00   2.4199643996E+00   1.6173788574E-03   3.3484382483E-04
   1  -105   0    0  -4.4637567857E-02   8.0271235843E+00   1.7628523959E-04   2.0340634996E+00   2.3859655660E+00   3.3654457088E-04   2.1285644050E+00   2.3589670613E+00   7.1125612610E-04   2.2331097677E+00   2.3973700104E+00   1.7819705140E-03   2.2741506366E+00   2.4288699147E+00   1.9158075569E-03   2.4032252731E+00   2.4615563186E+00   2.0690599905E-03   2.2384546760E+00   2.4203672384E+00   1.6165306722E-03   3.3487427507E-04
   1  -106   0    0  -5.4503040775E-02   8.0277464455E+00   1.7567614056E-04   2.0333869630E+00   2.3860885326E+00   3.3414984565E-04   2.1279354767E+00   2.3591696669E+00   7.0976862936E-04   2.2327842982E+00   2.3975731304E+00   1.7804872781E-03   2.2748675717E+00   2.4292849879E+00   1.9155195770E-03   2.4037893441E+00   2.4621039572E+00   2.0694929843E-03   2.2388388417E+00   2.4207720753E+00   1.6156794736E-03   3.3490488322E-04
   1  -107   0    0  -6.4366705651E-02   8.0283758387E+00   1.7506764100E-04   2.0327072348E+00   2.3862141089E+00   3.3175238189E-04   2.1273010471E+00   2.3593748506E+00   7.0827953853E-04   2.2324589734E+00   2.3977788078E+00   1.7790018731E-03   2.2755898412E+00   2.4297020319E+00   1.9152304390E-03   2.4043555859E+00   2.4626537033E+00   2.0699266257E-03   2.2392308625E+00   2.4211788351E+00   1.6148254865E-03   3.3493564346E-04
   1  -108   0    0  -7.4228591275E-02   8.0290116955E+00   1.7445991279E-04   2.0320244451E+00   2.3863422978E+00   3.2935284442E-04   2.1266612115E+00   2.3595825932E+00   7.0678926619E-04   2.2321338797E+00   2.3979870231E+00   1.7775147053E-03   2.2763173367E+00   2.4301209679E+00   1.9149402194E-03   2.4049238797E+00   2.4632054417E+00   2.0703607956E-03   2.2396307509E+00   2.4215874415E+00   1.6139689384E-03   3.3496654984E-04
   1  -109   0    0  -8.4088728350E-02   8.0296539428E+00   1.7385312664E-04   2.0313387253E+00   2.3864731005E+00   3.2695189915E-04   2.1260160698E+00   2.3597928734E+00   7.0529822544E-04   2.2318091020E+00   2.3981977547E+00   1.7760261825E-03   2.2770499464E+00   2.4305417164E+00   1.9146489958E-03   2.4054941055E+00   2.4637590559E+00   2.0707953747E-03   2.2400385123E+00   2.4219978175E+00   1.6131100591E-03   3.3499759638E-04
   1  -110   0    0  -9.3947149469E-02   8.0303025032E+00   1.7324745187E-04   2.0306502077E+00   2.3866065162E+00   3.2455021210E-04   2.1253657271E+00   2.3600056684E+00   7.0380682939E-04   2.2314847241E+00   2.3984109796E+00   1.7745367128E-03   2.2777875549E+00   2.4309641966E+00   1.9143568466E-03   2.4060661425E+00   2.4643144288E+00   2.0712302437E-03   2.2404541456E+00   2.4224098853E+00   1.6122490804E-03   3.3502877699E-04
   1  -111   0    0  -1.0380388911E-01   8.0309572946E+00   1.7264305617E-04   2.0299590257E+00   2.3867425420E+00   3.2214844863E-04   2.1247102936E+00   2.3602209536E+00   7.0231549055E-04   2.2311608285E+00   2.3986266729E+00   1.7730467046E-03   2.2785300432E+00   2.4313883272E+00   1.9140638512E-03   2.4066398692E+00   2.4648714424E+00   2.0716652831E-03   2.2408776424E+00   2.4228235662E+00   1.6113862361E-03   3.3506008554E-04
   1  -112   0    0  -1.1365898360E-01   8.0316182306E+00   1.7204010535E-04   2.0292653132E+00   2.3868811735E+00   3.1974727247E-04   2.1240498844E+00   2.3604387026E+00   7.0082462035E-04   2.2308374958E+00   2.3988448078E+00   1.7715565657E-03   2.2792772889E+00   2.4318140263E+00   1.9137700895E-03   2.4072151636E+00   2.4654299783E+00   2.0721003734E-03   2.2413089874E+00   2.4232387810E+00   1.6105217612E-03   3.3509151580E-04
   1  -113   0    0  -1.2351247111E-01   8.0322852204E+00   1.7143876321E-04   2.0285692048E+00   2.3870224038E+00   3.1734734484E-04   2.1233846196E+00   2.3606588871E+00   6.9933462854E-04   2.2305148051E+00   2.3990653560E+00   1.7700667029E-03   2.2800291661E+00   2.4322412112E+00   1.9134756421E-03   2.4077919029E+00   2.4659899174E+00   2.0725353955E-03   2.2417481581E+00   2.4236554498E+00   1.6096558918E-03   3.3512306153E-04
   1  -114   0    0  -1.3336439159E-01   8.0329581686E+00   1.7083919123E-04   2.0278708352E+00   2.3871662243E+00   3.1494932360E-04   2.1227146242E+00   2.3608814773E+00   6.9784592264E-04   2.2301928338E+00   2.3992882875E+00   1.7685775216E-03   2.2807855456E+00   2.4326697988E+00   1.9131805902E-03   2.4083699645E+00   2.4665511405E+00   2.0729702309E-03   2.2421951245E+00   2.4240734924E+00   1.6087888650E-03   3.3515471642E-04
   1  -115   0    0  -1.4321478679E-01   8.0336369758E+00   1.7024154843E-04   2.0271703394E+00   2.3873126245E+00   3.1255386236E-04   2.1220400281E+00   2.3611064416E+00   6.9635890744E-04   2.2298716569E+00   2.3995135704E+00   1.7670894249E-03   2.2815462952E+00   2.4330997055E+00   1.9128850153E-03   2.4089492250E+00   2.4671135282E+00   2.0734047614E-03   2.2426498499E+00   2.4244928280E+00   1.6079209181E-03   3.3518647412E-04
   1  -116   0    0  -1.5306370016E-01   8.0343215381E+00   1.6964599117E-04   2.0264678526E+00   2.3874615919E+00   3.1016160959E-04   2.1213609660E+00   2.3613337467E+00   6.9487398444E-04   2.2295513478E+00   2.3997411715E+00   1.7656028133E-03   2.2823112793E+00   2.4335308473E+00   1.9125889993E-03   2.4095295615E+00   2.4676769609E+00   2.0738388698E-03   2.2431122898E+00   2.4249133755E+00   1.6070522890E-03   3.3521832826E-04
   1  -117   0    0  -1.6291117686E-01   8.0350117476E+00   1.6905267291E-04   2.0257635094E+00   2.3876131118E+00   3.0777320781E-04   2.1206775774E+00   2.3615633577E+00   6.9339155132E-04   2.2292319774E+00   2.3999710556E+00   1.7641180843E-03   2.2830803594E+00   2.4339631402E+00   1.9122926239E-03   2.4101108508E+00   2.4682413192E+00   2.0742724397E-03   2.2435823926E+00   2.4253350536E+00   1.6061832149E-03   3.3525027242E-04
   1  -118   0    0  -1.7275726368E-01   8.0357074922E+00   1.6846174410E-04   2.0250574443E+00   2.3877671677E+00   3.0538929273E-04   2.1199900062E+00   2.3617952380E+00   6.9191200146E-04   2.2289136143E+00   2.4002031862E+00   1.7626356316E-03   2.2838533941E+00   2.4343964996E+00   1.9119959714E-03   2.4106929701E+00   2.4688064840E+00   2.0747053557E-03   2.2440600996E+00   2.4257577809E+00   1.6053139328E-03   3.3528230018E-04
   1  -119   0    0  -1.8260200899E-01   8.0364086560E+00   1.6787335192E-04   2.0243497913E+00   2.3879237412E+00   3.0301049242E-04   2.1192984010E+00   2.3620293496E+00   6.9043572337E-04   2.2285963248E+00   2.4004375251E+00   1.7611558448E-03   2.2846302391E+00   2.4348308413E+00   1.9116991236E-03   2.4112757970E+00   2.4693723363E+00   2.0751375037E-03   2.2445453446E+00   2.4261814758E+00   1.6044446788E-03   3.3531440510E-04
   1  -120   0    0  -1.9244546272E-01   8.0371151190E+00   1.6728764019E-04   2.0236406836E+00   2.3880828120E+00   3.0063742657E-04   2.1186029149E+00   2.3622656529E+00   6.8896310028E-04   2.2282801727E+00   2.4006740327E+00   1.7596791087E-03   2.2854107475E+00   2.4352660807E+00   1.9114021622E-03   2.4118592095E+00   2.4699387578E+00   2.0755687710E-03   2.2450380544E+00   2.4266060567E+00   1.6035756879E-03   3.3534658073E-04
   1  -121   0    0  -2.0228767626E-01   8.0378267574E+00   1.6670474918E-04   2.0229302537E+00   2.3882443577E+00   2.9827070569E-04   2.1179037050E+00   2.3625041067E+00   6.8749450964E-04   2.2279652192E+00   2.4009126678E+00   1.7582058033E-03   2.2861947698E+00   2.4357021335E+00   1.9111051689E-03   2.4124430861E+00   2.4705056306E+00   2.0759990462E-03   2.2455381486E+00   2.4270314421E+00   1.6027071937E-03   3.3537882063E-04
   1  -122   0    0  -2.1212870243E-01   8.0385434439E+00   1.6612481546E-04   2.0222186329E+00   2.3884083540E+00   2.9591093038E-04   2.1172009329E+00   2.3627446683E+00   6.8603032266E-04   2.2276515228E+00   2.4011533877E+00   1.7567363026E-03   2.2869821540E+00   2.4361389154E+00   1.9108082246E-03   2.4130273062E+00   2.4710728377E+00   2.0764282197E-03   2.2460455399E+00   2.4274575508E+00   1.6018394280E-03   3.3541111836E-04
   1  -123   0    0  -2.2196859538E-01   8.0392650476E+00   1.6554797178E-04   2.0215059516E+00   2.3885747751E+00   2.9355869065E-04   2.1164947639E+00   2.3629872939E+00   6.8457090387E-04   2.2273391394E+00   2.4013961487E+00   1.7552709747E-03   2.2877727459E+00   2.4365763425E+00   1.9105114099E-03   2.4136117499E+00   2.4716402628E+00   2.0768561837E-03   2.2465601338E+00   2.4278843015E+00   1.6009726203E-03   3.3544346748E-04
   1  -124   0    0  -2.3180741058E-01   8.0399914341E+00   1.6497434694E-04   2.0207923388E+00   2.3887435928E+00   2.9121456524E-04   2.1157853672E+00   2.3632319380E+00   6.8311661076E-04   2.2270281221E+00   2.4016409054E+00   1.7538101814E-03   2.2885663890E+00   2.4370143309E+00   1.9102148048E-03   2.4141962985E+00   2.4722077905E+00   2.0772828321E-03   2.2470818292E+00   2.4283116134E+00   1.6001069982E-03   3.3547586159E-04
   1  -125   0    0  -2.4164520468E-01   8.0407224657E+00   1.6440406569E-04   2.0200779221E+00   2.3889147777E+00   2.8887912097E-04   2.1150729157E+00   2.3634785540E+00   6.8166779335E-04   2.2267185210E+00   2.4018876111E+00   1.7523542775E-03   2.2893629249E+00   2.4374527975E+00   1.9099184884E-03   2.4147808342E+00   2.4727753066E+00   2.0777080609E-03   2.2476105184E+00   2.4287394061E+00   1.5992427864E-03   3.3550829431E-04
   1  -126   0    0  -2.5148203549E-01   8.0414580016E+00   1.6383724860E-04   2.0193628277E+00   2.3890882981E+00   2.8655291221E-04   2.1143575858E+00   2.3637270939E+00   6.8022479384E-04   2.2264103837E+00   2.4021362182E+00   1.7509036106E-03   2.2901621932E+00   2.4378916593E+00   1.9096225393E-03   2.4153652403E+00   2.4733426978E+00   2.0781317681E-03   2.2481460870E+00   2.4291675995E+00   1.5983802066E-03   3.3554075927E-04
   1  -127   0    0  -2.6131796189E-01   8.0421978980E+00   1.6327401201E-04   2.0186471799E+00   2.3892641210E+00   2.8423648027E-04   2.1136395570E+00   2.3639775087E+00   6.7878794629E-04   2.2261037547E+00   2.4023866777E+00   1.7494585206E-03   2.2909640318E+00   2.4383308340E+00   1.9093270350E-03   2.4159494015E+00   2.4739098523E+00   2.0785538542E-03   2.2486884142E+00   2.4295961140E+00   1.5975194776E-03   3.3557325017E-04
   1  -128   0    0  -2.7115304372E-01   8.0429420081E+00   1.6271446794E-04   2.0179311016E+00   2.3894422114E+00   2.8193035293E-04   2.1129190121E+00   2.3642297481E+00   6.7735757630E-04   2.2257986756E+00   2.4026389393E+00   1.7480193397E-03   2.2917682769E+00   2.4387702398E+00   1.9090320518E-03   2.4165332039E+00   2.4744766594E+00   2.0789742217E-03   2.2492373732E+00   2.4300248707E+00   1.5966608147E-03   3.3560576071E-04
   1  -129   0    0  -2.8098734176E-01   8.0436901824E+00   1.6215872401E-04   2.0172147137E+00   2.3896225328E+00   2.7963504401E-04   2.1121961365E+00   2.3644837606E+00   6.7593400073E-04   2.2254951852E+00   2.4028929520E+00   1.7465863918E-03   2.2925747635E+00   2.4392097954E+00   1.9087376653E-03   2.4171165349E+00   2.4750430099E+00   2.0793927756E-03   2.2497928310E+00   2.4304537910E+00   1.5958044296E-03   3.3563828468E-04
   1  -130   0    0  -2.9082091759E-01   8.0444422689E+00   1.6160688342E-04   2.0164981354E+00   2.3898050473E+00   2.7735105289E-04   2.1114711185E+00   2.3647394939E+00   6.7451752747E-04   2.2251933196E+00   2.4031486634E+00   1.7451599923E-03   2.2933833249E+00   2.4396494205E+00   1.9084439497E-03   2.4176992836E+00   2.4756087962E+00   2.0798094235E-03   2.2503546490E+00   2.4308827973E+00   1.5949505299E-03   3.3567081589E-04
   1  -131   0    0  -3.0065383356E-01   8.0451981131E+00   1.6105904490E-04   2.0157814836E+00   2.3899897150E+00   2.7507886421E-04   2.1107441487E+00   2.3649968946E+00   6.7310845517E-04   2.2248931118E+00   2.4034060205E+00   1.7437404479E-03   2.2941937936E+00   2.4400890354E+00   1.9081509778E-03   2.4182813406E+00   2.4761739122E+00   2.0802240754E-03   2.2509226829E+00   2.4313118124E+00   1.5940993196E-03   3.3570334820E-04
   1  -132   0    0  -3.1048615266E-01   8.0459575582E+00   1.6051530269E-04   2.0150648736E+00   2.3901764950E+00   2.7281894751E-04   2.1100154197E+00   2.3652559083E+00   6.7170707314E-04   2.2245945920E+00   2.4036649692E+00   1.7423280563E-03   2.2950060010E+00   2.4405285610E+00   1.9078588215E-03   2.4188625982E+00   2.4767382531E+00   2.0806366438E-03   2.2514967829E+00   2.4317407601E+00   1.5932509980E-03   3.3573587557E-04
   1  -133   0    0  -3.2031793846E-01   8.0467204454E+00   1.5997574650E-04   2.0143484183E+00   2.3903653446E+00   2.7057175701E-04   2.1092851264E+00   2.3655164800E+00   6.7031366107E-04   2.2242977878E+00   2.4039254545E+00   1.7409231064E-03   2.2958197775E+00   2.4409679193E+00   1.9075675509E-03   2.4194429504E+00   2.4773017163E+00   2.0810470442E-03   2.2520767942E+00   2.4321695648E+00   1.5924057602E-03   3.3576839197E-04
   1  -134   0    0  -3.3014925504E-01   8.0474866137E+00   1.5944046157E-04   2.0136322288E+00   2.3905562200E+00   2.6833773134E-04   2.1085534650E+00   2.3657785535E+00   6.6892848901E-04   2.2240027238E+00   2.4041874208E+00   1.7395258774E-03   2.2966349530E+00   2.4414070330E+00   1.9072772349E-03   2.4200222930E+00   2.4778642006E+00   2.0814551945E-03   2.2526625572E+00   2.4325981519E+00   1.5915637969E-03   3.3580089147E-04
   1  -135   0    0  -3.3998016686E-01   8.0482559005E+00   1.5890952861E-04   2.0129164138E+00   2.3907490758E+00   2.6611729340E-04   2.1078206335E+00   2.3660420721E+00   6.6755181720E-04   2.2237094223E+00   2.4044508115E+00   1.7381366394E-03   2.2974513567E+00   2.4418458258E+00   1.9069879408E-03   2.4206005238E+00   2.4784256066E+00   2.0818610156E-03   2.2532539073E+00   2.4330264474E+00   1.5907252939E-03   3.3583336821E-04
   1  -136   0    0  -3.4981073873E-01   8.0490281414E+00   1.5838302390E-04   2.0122010803E+00   2.3909438656E+00   2.6391085023E-04   2.1070868307E+00   2.3663069783E+00   6.6618389601E-04   2.2234179026E+00   2.4047155695E+00   1.7367556530E-03   2.2982688174E+00   2.4422842223E+00   1.9066997342E-03   2.4211775421E+00   2.4789858369E+00   2.0822644309E-03   2.2538506759E+00   2.4334543786E+00   1.5898904322E-03   3.3586581638E-04
   1  -137   0    0  -3.5964103568E-01   8.0498031706E+00   1.5786101924E-04   2.0114863327E+00   2.3911405417E+00   2.6171879296E-04   2.1063522567E+00   2.3665732141E+00   6.6482496593E-04   2.2231281817E+00   2.4049816370E+00   1.7353831690E-03   2.2990871639E+00   2.4427221481E+00   1.9064126795E-03   2.4217532495E+00   2.4795447956E+00   2.0826653667E-03   2.2544526898E+00   2.4338818732E+00   1.5890593878E-03   3.3589823026E-04
   1  -138   0    0  -3.6947112290E-01   8.0505808207E+00   1.5734358208E-04   2.0107722738E+00   2.3913390550E+00   2.5954149671E-04   2.1056171121E+00   2.3668407208E+00   6.6347525752E-04   2.2228402742E+00   2.4052489557E+00   1.7340194291E-03   2.2999062244E+00   2.4431595297E+00   1.9061268389E-03   2.4223275491E+00   2.4801023891E+00   2.0830637524E-03   2.2550597722E+00   2.4343088602E+00   1.5882323320E-03   3.3593060420E-04
   1  -139   0    0  -3.7930106568E-01   8.0513609233E+00   1.5683077550E-04   2.0100590039E+00   2.3915393557E+00   2.5737932067E-04   2.1048815980E+00   2.3671094390E+00   6.6213499141E-04   2.2225541921E+00   2.4055174666E+00   1.7326646648E-03   2.3007258276E+00   2.4435962946E+00   1.9058422735E-03   2.4229003464E+00   2.4806585253E+00   2.0834595197E-03   2.2556717425E+00   2.4347352695E+00   1.5874094307E-03   3.3596293264E-04
   1  -140   0    0  -3.8913092926E-01   8.0521433090E+00   1.5632265832E-04   2.0093466217E+00   2.3917413927E+00   2.5523260816E-04   2.1041459155E+00   2.3673793091E+00   6.6080437841E-04   2.2222699455E+00   2.4057871105E+00   1.7313190986E-03   2.3015458021E+00   2.4440323715E+00   1.9055590424E-03   2.4234715485E+00   2.4812131141E+00   2.0838526035E-03   2.2562884168E+00   2.4351610319E+00   1.5865908449E-03   3.3599521008E-04
   1  -141   0    0  -3.9896077883E-01   8.0529278072E+00   1.5581928519E-04   2.0086352234E+00   2.3919451140E+00   2.5310168665E-04   2.1034102659E+00   2.3676502709E+00   6.5948361950E-04   2.2219875422E+00   2.4060578275E+00   1.7299829430E-03   2.3023659768E+00   2.4444676900E+00   1.9052772029E-03   2.4240410646E+00   2.4817660675E+00   2.0842429412E-03   2.2569096080E+00   2.4355860791E+00   1.5857767303E-03   3.3602743112E-04
   1  -142   0    0  -4.0879067939E-01   8.0537142466E+00   1.5532070659E-04   2.0079249038E+00   2.3921504667E+00   2.5098686798E-04   2.1026748498E+00   2.3679222638E+00   6.5817290593E-04   2.2217069877E+00   2.4063295574E+00   1.7286564013E-03   2.3031861812E+00   2.4449021807E+00   1.9049968109E-03   2.4246088058E+00   2.4823172991E+00   2.0846304733E-03   2.2575351261E+00   2.4360103439E+00   1.5849672376E-03   3.3605959044E-04
   1  -143   0    0  -4.1862069571E-01   8.0545024554E+00   1.5482696902E-04   2.0072157554E+00   2.3923573971E+00   2.4888844848E-04   2.1019398675E+00   2.3681952269E+00   6.5687241938E-04   2.2214282861E+00   2.4066022398E+00   1.7273396673E-03   2.3040062451E+00   2.4453357752E+00   1.9047179202E-03   2.4251746851E+00   2.4828667246E+00   2.0850151429E-03   2.2581647786E+00   2.4364337601E+00   1.5841625121E-03   3.3609168277E-04
   1  -144   0    0  -4.2845089225E-01   8.0552922612E+00   1.5433811502E-04   2.0065078692E+00   2.3925658504E+00   2.4680670922E-04   2.1012055184E+00   2.3684690991E+00   6.5558233201E-04   2.2211514394E+00   2.4068758138E+00   1.7260329256E-03   2.3048259992E+00   2.4457684063E+00   1.9044405832E-03   2.4257386178E+00   2.4834142615E+00   2.0853968956E-03   2.2587983706E+00   2.4368562623E+00   1.5833626942E-03   3.3612370297E-04
   1  -145   0    0  -4.3828133306E-01   8.0560834910E+00   1.5385418330E-04   2.0058013342E+00   2.3927757714E+00   2.4474191618E-04   2.1004720007E+00   2.3687438188E+00   6.5430280671E-04   2.2208764478E+00   2.4071502185E+00   1.7247363514E-03   2.3056452749E+00   2.4462000078E+00   1.9041648502E-03   2.4263005205E+00   2.4839598290E+00   2.0857756801E-03   2.2594357051E+00   2.4372777864E+00   1.5825679188E-03   3.3615564596E-04
   1  -146   0    0  -4.4811208174E-01   8.0568759719E+00   1.5337520887E-04   2.0050962380E+00   2.3929871041E+00   2.4269432059E-04   2.0997395115E+00   2.3690193244E+00   6.5303399715E-04   2.2206033103E+00   2.4074253925E+00   1.7234501114E-03   2.3064639046E+00   2.4466305144E+00   1.9038907701E-03   2.4268603123E+00   2.4845033486E+00   2.0861514474E-03   2.2600765832E+00   2.4376982689E+00   1.5817783160E-03   3.3618750672E-04
   1  -147   0    0  -4.5794320137E-01   8.0576695306E+00   1.5290122309E-04   2.0043926665E+00   2.3931997917E+00   2.4066415915E-04   2.0990082461E+00   2.3692955541E+00   6.5177604808E-04   2.2203320244E+00   2.4077012745E+00   1.7221743628E-03   2.3072817215E+00   2.4470598620E+00   1.9036183899E-03   2.4274179137E+00   2.4850447430E+00   2.0865241512E-03   2.2607208045E+00   2.4381176475E+00   1.5809940108E-03   3.3621928036E-04
   1  -148   0    0  -4.6777475443E-01   8.0584639938E+00   1.5243225385E-04   2.0036907042E+00   2.3934137769E+00   2.3865165440E-04   2.0982783982E+00   2.3695724459E+00   6.5052909542E-04   2.2200625860E+00   2.4079778030E+00   1.7209092547E-03   2.3080985602E+00   2.4474879873E+00   1.9033477548E-03   2.4279732474E+00   2.4855839373E+00   2.0868937478E-03   2.2613681672E+00   2.4385358609E+00   1.5802151229E-03   3.3625096204E-04
   1  -149   0    0  -4.7760680272E-01   8.0592591884E+00   1.5196832564E-04   2.0029904342E+00   2.3936290020E+00   2.3665701502E-04   2.0975501595E+00   2.3698499377E+00   6.4929326657E-04   2.2197949903E+00   2.4082549163E+00   1.7196549274E-03   2.3089142563E+00   2.4479148283E+00   1.9030789086E-03   2.4285262377E+00   2.4861208578E+00   2.0872601960E-03   2.2620184683E+00   2.4389528485E+00   1.5794417675E-03   3.3628254699E-04
   1  -150   0    0  -4.8743940736E-01   8.0600549414E+00   1.5150945971E-04   2.0022919382E+00   2.3938454085E+00   2.3468043619E-04   2.0968237193E+00   2.3701279674E+00   6.4806868053E-04   2.2195292312E+00   2.4085325527E+00   1.7184115131E-03   2.3097286468E+00   2.4483403237E+00   1.9028118932E-03   2.4290768107E+00   2.4866554330E+00   2.0876234569E-03   2.2626715043E+00   2.4393685509E+00   1.5786740545E-03   3.3631403055E-04
   1  -151   0    0  -4.9727262864E-01   8.0608510802E+00   1.5105567415E-04   2.0015952969E+00   2.3940629379E+00   2.3272209995E-04   2.0960992649E+00   2.3704064728E+00   6.4685544821E-04   2.2192653018E+00   2.4088106506E+00   1.7171791358E-03   2.3105415703E+00   2.4487644133E+00   1.9025467489E-03   2.4296248944E+00   2.4871875929E+00   2.0879834941E-03   2.2633270705E+00   2.4397829094E+00   1.5779120894E-03   3.3634540812E-04
   1  -152   0    0  -5.0710652605E-01   8.0616474325E+00   1.5060698404E-04   2.0009005899E+00   2.3942815309E+00   2.3078217556E-04   2.0953769805E+00   2.3706853918E+00   6.4565367261E-04   2.2190031945E+00   2.4090891482E+00   1.7159579117E-03   2.3113528667E+00   2.4491870379E+00   1.9022835143E-03   2.4301704184E+00   2.4877172690E+00   2.0883402735E-03   2.2639849623E+00   2.4401958664E+00   1.5771559727E-03   3.3637667518E-04
   1  -153   0    0  -5.1694115817E-01   8.0624438266E+00   1.5016340156E-04   2.0002078957E+00   2.3945011280E+00   2.2886081993E-04   2.0946570479E+00   2.3709646624E+00   6.4446344909E-04   2.2187429010E+00   2.4093679840E+00   1.7147479493E-03   2.3121623776E+00   2.4496081392E+00   1.9020222265E-03   2.4307133139E+00   2.4882443946E+00   2.0886937630E-03   2.2646449745E+00   2.4406073650E+00   1.5764058005E-03   3.3640782728E-04
   1  -154   0    0  -5.2677658263E-01   8.0632400913E+00   1.4972493613E-04   1.9995172919E+00   2.3947216695E+00   2.2695817796E-04   2.0939396457E+00   2.3712442224E+00   6.4328486560E-04   2.2184844125E+00   2.4096470964E+00   1.7135493499E-03   2.3129699461E+00   2.4500276598E+00   1.9017629211E-03   2.4312535137E+00   2.4887689046E+00   2.0890439329E-03   2.2653069022E+00   2.4410173493E+00   1.5756616644E-03   3.3643886007E-04
   1  -155   0    0  -5.3661285608E-01   8.0640360561E+00   1.4929159451E-04   1.9988288555E+00   2.3949430953E+00   2.2507438293E-04   2.0932249495E+00   2.3715240099E+00   6.4211800290E-04   2.2182277197E+00   2.4099264238E+00   1.7123622074E-03   2.3137754173E+00   2.4504455431E+00   1.9015056320E-03   2.4317909525E+00   2.4892907353E+00   2.0893907557E-03   2.2659705406E+00   2.4414257641E+00   1.5749236514E-03   3.3646976925E-04
   1  -156   0    0  -5.4645003409E-01   8.0648315515E+00   1.4886338093E-04   1.9981426625E+00   2.3951653451E+00   2.2320955693E-04   2.0925131315E+00   2.3718039633E+00   6.4096293487E-04   2.2179728133E+00   2.4102059050E+00   1.7111866089E-03   2.3145786381E+00   2.4508617337E+00   1.9012503918E-03   2.4323255661E+00   2.4898098246E+00   2.0897342057E-03   2.2666356853E+00   2.4418325553E+00   1.5741918444E-03   3.3650055059E-04
   1  -157   0    0  -5.5628817119E-01   8.0656264087E+00   1.4844029719E-04   1.9974587886E+00   2.3953883586E+00   2.2136381121E-04   2.0918043605E+00   2.3720840207E+00   6.3981972867E-04   2.2177196836E+00   2.4104854788E+00   1.7100226348E-03   2.3153794570E+00   2.4512761767E+00   1.9009972313E-03   2.4328572921E+00   2.4903261118E+00   2.0900742592E-03   2.2673021326E+00   2.4422376693E+00   1.5734663221E-03   3.3653119994E-04
   1  -158   0    0  -5.6612732073E-01   8.0664204598E+00   1.4802234280E-04   1.9967773087E+00   2.3956120751E+00   2.1953724661E-04   2.0910988018E+00   2.3723641208E+00   6.3868844505E-04   2.2174683210E+00   2.4107650843E+00   1.7088703588E-03   2.3161777248E+00   2.4516888184E+00   1.9007461802E-03   2.4333860695E+00   2.4908395377E+00   2.0904108946E-03   2.2679696794E+00   2.4426410536E+00   1.5727471592E-03   3.3656171323E-04
   1  -159   0    0  -5.7596753490E-01   8.0672135380E+00   1.4760951509E-04   1.9960982972E+00   2.3958364341E+00   2.1772995388E-04   2.0903966168E+00   2.3726442023E+00   6.3756913855E-04   2.2172187158E+00   2.4110446605E+00   1.7077298487E-03   2.3169732943E+00   2.4520996056E+00   1.9004972667E-03   2.4339118388E+00   2.4913500444E+00   2.0907440919E-03   2.2686381238E+00   2.4430426563E+00   1.5720344261E-03   3.3659208644E-04
   1  -160   0    0  -5.8580886468E-01   8.0680054778E+00   1.4720180929E-04   1.9954218285E+00   2.3960613749E+00   2.1594201409E-04   2.0896979633E+00   2.3729242042E+00   6.3646185772E-04   2.2169708587E+00   2.4113241470E+00   1.7066011659E-03   2.3177660201E+00   2.4525084862E+00   1.9002505174E-03   2.4344345416E+00   2.4918575754E+00   2.0910738331E-03   2.2693072650E+00   2.4434424262E+00   1.5713281898E-03   3.3662231563E-04
   1  -161   0    0  -5.9565135979E-01   8.0687961147E+00   1.4679921867E-04   1.9947479763E+00   2.3962868366E+00   2.1417349900E-04   2.0890029948E+00   2.3732040657E+00   6.3536664538E-04   2.2167247403E+00   2.4116034835E+00   1.7054843663E-03   2.3185557594E+00   2.4529154087E+00   1.9000059580E-03   2.4349541213E+00   2.4923620755E+00   2.0914001018E-03   2.2699769034E+00   2.4438403132E+00   1.5706285131E-03   3.3665239692E-04
   1  -162   0    0  -6.0549506865E-01   8.0695852854E+00   1.4640173460E-04   1.9940768140E+00   2.3965127588E+00   2.1242447138E-04   2.0883118610E+00   2.3734837264E+00   6.3428353882E-04   2.2164803518E+00   2.4118826099E+00   1.7043794998E-03   2.3193423711E+00   2.4533203226E+00   1.8997636126E-03   2.4354705222E+00   2.4928634908E+00   2.0917228831E-03   2.2706468410E+00   2.4442362676E+00   1.5699354555E-03   3.3668232649E-04
   1  -163   0    0  -6.1534003836E-01   8.0703728283E+00   1.4600934669E-04   1.9934084151E+00   2.3967390807E+00   2.1069498537E-04   2.0876247076E+00   2.3737631261E+00   6.3321257000E-04   2.2162376847E+00   2.4121614666E+00   1.7032866113E-03   2.3201257168E+00   2.4537231781E+00   1.8995235040E-03   2.4359836902E+00   2.4933617686E+00   2.0920421639E-03   2.2713168814E+00   2.4446302406E+00   1.5692490728E-03   3.3671210059E-04
   1  -164   0    0  -6.2518631468E-01   8.0711585828E+00   1.4562204285E-04   1.9927428528E+00   2.3969657418E+00   2.0898508679E-04   2.0869416756E+00   2.3740422050E+00   6.3215376578E-04   2.2159967309E+00   2.4124399943E+00   1.7022057401E-03   2.3209056602E+00   2.4541239261E+00   1.8992856539E-03   2.4364935723E+00   2.4938568575E+00   2.0923579326E-03   2.2719868299E+00   2.4450221841E+00   1.5685694173E-03   3.3674171555E-04
   1  -165   0    0  -6.3503394196E-01   8.0719423903E+00   1.4523980939E-04   1.9920801999E+00   2.3971926818E+00   2.0729481347E-04   2.0862629021E+00   2.3743209037E+00   6.3110714807E-04   2.2157574830E+00   2.4127181338E+00   1.7011369208E-03   2.3216820672E+00   2.4545225183E+00   1.8990500828E-03   2.4370001169E+00   2.4943487074E+00   2.0926701791E-03   2.2726564937E+00   2.4454120508E+00   1.5678965380E-03   3.3677116775E-04
   1  -166   0    0  -6.4488296313E-01   8.0727240932E+00   1.4486263112E-04   1.9914205295E+00   2.3974198405E+00   2.0562419552E-04   2.0855885198E+00   2.3745991630E+00   6.3007273406E-04   2.2155199339E+00   2.4129958266E+00   1.7000801828E-03   2.3224548065E+00   2.4549189073E+00   1.8988168099E-03   2.4375032734E+00   2.4948372690E+00   2.0929788946E-03   2.2733256823E+00   2.4457997940E+00   1.5672304807E-03   3.3680045361E-04
   1  -167   0    0  -6.5473341971E-01   8.0735035361E+00   1.4449049137E-04   1.9907639142E+00   2.3976471579E+00   2.0397325565E-04   2.0849186568E+00   2.3748769243E+00   6.2905053637E-04   2.2152840775E+00   2.4132730144E+00   1.6990355510E-03   2.3232237490E+00   2.4553130464E+00   1.8985858533E-03   2.4380029925E+00   2.4953224947E+00   2.0932840718E-03   2.2739942071E+00   2.4461853679E+00   1.5665712878E-03   3.3682956965E-04
   1  -168   0    0  -6.6458535171E-01   8.0742805649E+00   1.4412337214E-04   1.9901104270E+00   2.3978745741E+00   2.0234200938E-04   2.0842534368E+00   2.3751541293E+00   6.2804056321E-04   2.2150499081E+00   2.4135496395E+00   1.6980030457E-03   2.3239887680E+00   2.4557048894E+00   1.8983572301E-03   2.4384992263E+00   2.4958043377E+00   2.0935857047E-03   2.2746618819E+00   2.4465687272E+00   1.5659189988E-03   3.3685851243E-04
   1  -169   0    0  -6.7443879767E-01   8.0750550276E+00   1.4376125411E-04   1.9894601403E+00   2.3981020297E+00   2.0073046534E-04   2.0835929792E+00   2.3754307204E+00   6.2704281856E-04   2.2148174209E+00   2.4138256445E+00   1.6969826829E-03   2.3247497396E+00   2.4560943914E+00   1.8981309560E-03   2.4389919277E+00   2.4962827523E+00   2.0938837886E-03   2.2753285229E+00   2.4469498275E+00   1.5652736500E-03   3.3688727859E-04
   1  -170   0    0  -6.8429379461E-01   8.0758267739E+00   1.4340411674E-04   1.9888131268E+00   2.3983294656E+00   1.9913862548E-04   2.0829373985E+00   2.3757066401E+00   6.2605730226E-04   2.2145866116E+00   2.4141009726E+00   1.6959744742E-03   2.3255065422E+00   2.4564815078E+00   1.8979070459E-03   2.4394810510E+00   2.4967576942E+00   2.0941783201E-03   2.2759939491E+00   2.4473286250E+00   1.5646352749E-03   3.3691586480E-04
   1  -171   0    0  -6.9415037803E-01   8.0765956554E+00   1.4305193830E-04   1.9881694590E+00   2.3985568229E+00   1.9756648528E-04   2.0822868050E+00   2.3759818318E+00   6.2508401022E-04   2.2143574769E+00   2.4143755673E+00   1.6949784272E-03   2.3262590571E+00   2.4568661950E+00   1.8976855135E-03   2.4399665517E+00   2.4972291201E+00   2.0944692968E-03   2.2766579816E+00   2.4477050768E+00   1.5640039040E-03   3.3694426783E-04
   1  -172   0    0  -7.0400858185E-01   8.0773615258E+00   1.4270469596E-04   1.9875292091E+00   2.3987840432E+00   1.9601403398E-04   2.0816413042E+00   2.3762562391E+00   6.2412293449E-04   2.2141300142E+00   2.4146493730E+00   1.6939945453E-03   2.3270071680E+00   2.4572484100E+00   1.8974663716E-03   2.4404483862E+00   2.4976969877E+00   2.0947567178E-03   2.2773204449E+00   2.4480791406E+00   1.5633795649E-03   3.3697248449E-04
   1  -173   0    0  -7.1386843844E-01   8.0781242409E+00   1.4236236581E-04   1.9868924495E+00   2.3990110684E+00   1.9448125471E-04   2.0810009972E+00   2.3765298065E+00   6.2317406340E-04   2.2139042217E+00   2.4149223343E+00   1.6930228282E-03   2.3277507614E+00   2.4576281109E+00   1.8972496318E-03   2.4409265124E+00   2.4981612560E+00   2.0950405831E-03   2.2779811657E+00   2.4484507748E+00   1.5627622825E-03   3.3700051166E-04
   1  -174   0    0  -7.2372997857E-01   8.0788836584E+00   1.4202492291E-04   1.9862592520E+00   2.3992378408E+00   1.9296812476E-04   2.0803659804E+00   2.3768024788E+00   6.2223738163E-04   2.2136800983E+00   2.4151943966E+00   1.6920632717E-03   2.3284897265E+00   2.4580052563E+00   1.8970353048E-03   2.4414008890E+00   2.4986218850E+00   2.0953208939E-03   2.2786399742E+00   2.4488199388E+00   1.5621520790E-03   3.3702834628E-04
   1  -175   0    0  -7.3359323144E-01   8.0796396387E+00   1.4169234138E-04   1.9856296886E+00   2.3994643035E+00   1.9147461564E-04   2.0797363458E+00   2.3770742017E+00   6.2131287039E-04   2.2134576437E+00   2.4154655059E+00   1.6911158679E-03   2.3292239554E+00   2.4583798057E+00   1.8968234003E-03   2.4418714762E+00   2.4990788358E+00   2.0955976525E-03   2.2792967032E+00   2.4491865926E+00   1.5615489739E-03   3.3705598537E-04
   1  -176   0    0  -7.4345822460E-01   8.0803920440E+00   1.4136459436E-04   1.9850038308E+00   2.3996903997E+00   1.9000069328E-04   2.0791121806E+00   2.3773449212E+00   6.2040050742E-04   2.2132368586E+00   2.4157356087E+00   1.6901806052E-03   2.3299533428E+00   2.4587517195E+00   1.8966139270E-03   2.4423382350E+00   2.4995320708E+00   2.0958708623E-03   2.2799511890E+00   2.4495506970E+00   1.5609529838E-03   3.3708342600E-04
   1  -177   0    0  -7.5332498400E-01   8.0811407390E+00   1.4104165413E-04   1.9843817497E+00   2.3999160734E+00   1.8854631815E-04   2.0784935678E+00   2.3776145844E+00   6.1950026712E-04   2.2130177442E+00   2.4160046523E+00   1.6892574688E-03   2.3306777863E+00   2.4591209589E+00   1.8964068927E-03   2.4428011279E+00   2.4999815534E+00   2.0961405277E-03   2.2806032707E+00   2.4499122136E+00   1.5603641232E-03   3.3711066531E-04
   1  -178   0    0  -7.6319353399E-01   8.0818855909E+00   1.4072349207E-04   1.9837635163E+00   2.4001412691E+00   1.8711144539E-04   2.0778805858E+00   2.3778831387E+00   6.1861212062E-04   2.2128003025E+00   2.4162725846E+00   1.6883464399E-03   2.3313971864E+00   2.4594874860E+00   1.8962023041E-03   2.4432601185E+00   2.5004272481E+00   2.0964066540E-03   2.2812527909E+00   2.4502711050E+00   1.5597824036E-03   3.3713770051E-04
   1  -179   0    0  -7.7306389723E-01   8.0826264695E+00   1.4041007876E-04   1.9831492007E+00   2.4003659320E+00   1.8569602493E-04   2.0772733082E+00   2.3781505325E+00   6.1773603587E-04   2.2125845364E+00   2.4165393545E+00   1.6874474966E-03   2.3321114463E+00   2.4598512637E+00   1.8960001672E-03   2.4437151714E+00   2.5008691208E+00   2.0966692477E-03   2.2818995955E+00   2.4506273343E+00   1.5592078341E-03   3.3716452889E-04
   1  -180   0    0  -7.8293609478E-01   8.0833632468E+00   1.4010138394E-04   1.9825388729E+00   2.4005900077E+00   1.8430000157E-04   2.0766718048E+00   2.3784167148E+00   6.1687197764E-04   2.2123704491E+00   2.4168049113E+00   1.6865606137E-03   2.3328204725E+00   2.4602122559E+00   1.8958004868E-03   2.4441662527E+00   2.5013071384E+00   2.0969283162E-03   2.2825435339E+00   2.4509808658E+00   1.5586404212E-03   3.3719114779E-04
   1  -181   0    0  -7.9281014606E-01   8.0840957976E+00   1.3979737659E-04   1.9819326021E+00   2.4008134427E+00   1.8292331509E-04   2.0760761405E+00   2.3786816357E+00   6.1601990765E-04   2.2121580450E+00   2.4170692053E+00   1.6856857626E-03   2.3335241740E+00   2.4605704272E+00   1.8956032670E-03   2.4446133295E+00   2.5017412689E+00   2.0971838678E-03   2.2831844588E+00   2.4513316646E+00   1.5580801693E-03   3.3721755464E-04
   1  -182   0    0  -8.0268606884E-01   8.0848239996E+00   1.3949802494E-04   1.9813304569E+00   2.4010361842E+00   1.8156590034E-04   2.0754863762E+00   2.3789452457E+00   6.1517978460E-04   2.2119473286E+00   2.4173321875E+00   1.6848229115E-03   2.3342224631E+00   2.4609257435E+00   1.8954085108E-03   2.4450563704E+00   2.5021714818E+00   2.0974359119E-03   2.2838222264E+00   2.4516796966E+00   1.5575270798E-03   3.3724374693E-04
   1  -183   0    0  -8.1256387926E-01   8.0855477330E+00   1.3920329646E-04   1.9807325050E+00   2.4012581801E+00   1.8022768731E-04   2.0749025683E+00   2.3792074965E+00   6.1435156419E-04   2.2117383053E+00   2.4175938099E+00   1.6839720252E-03   2.3349152549E+00   2.4612781714E+00   1.8952162205E-03   2.4454953449E+00   2.5025977476E+00   2.0976844588E-03   2.2844566967E+00   2.4520249287E+00   1.5569811519E-03   3.3726972224E-04
   1  -184   0    0  -8.2244359181E-01   8.0862668807E+00   1.3891315793E-04   1.9801388133E+00   2.4014793789E+00   1.7890860124E-04   2.0743247690E+00   2.3794683405E+00   6.1353519922E-04   2.2115309810E+00   2.4178540253E+00   1.6831330657E-03   2.3356024677E+00   2.4616276786E+00   1.8950263974E-03   2.4459302242E+00   2.5030200380E+00   2.0979295195E-03   2.2850877332E+00   2.4523673287E+00   1.5564423826E-03   3.3729547822E-04
   1  -185   0    0  -8.3232521937E-01   8.0869813289E+00   1.3862757542E-04   1.9795494480E+00   2.4016997303E+00   1.7760856263E-04   2.0737530266E+00   2.3797277311E+00   6.1273063959E-04   2.2113253620E+00   2.4181127874E+00   1.6823059915E-03   2.3362840226E+00   2.4619742337E+00   1.8948390417E-03   2.4463609805E+00   2.5034383263E+00   2.0981711063E-03   2.2857152030E+00   2.4527068655E+00   1.5559107661E-03   3.3732101260E-04
   1  -186   0    0  -8.4220877320E-01   8.0876909662E+00   1.3834651434E-04   1.9789644739E+00   2.4019191844E+00   1.7632748740E-04   2.0731873850E+00   2.3799856226E+00   6.1193783237E-04   2.2111214551E+00   2.4183700507E+00   1.6814907585E-03   2.3369598439E+00   2.4623178065E+00   1.8946541532E-03   2.4467875875E+00   2.5038525867E+00   2.0984092321E-03   2.2863389771E+00   2.4530435090E+00   1.5553862946E-03   3.3734632318E-04
   1  -187   0    0  -8.5209426294E-01   8.0883956847E+00   1.3806993942E-04   1.9783839551E+00   2.4021376924E+00   1.7506528685E-04   2.0726278843E+00   2.3802419702E+00   6.1115672183E-04   2.2109192676E+00   2.4186257710E+00   1.6806873190E-03   2.3376298589E+00   2.4626583677E+00   1.8944717303E-03   2.4472100201E+00   2.5042627949E+00   2.0986439107E-03   2.2869589301E+00   2.4533772299E+00   1.5548689577E-03   3.3737140785E-04
   1  -188   0    0  -8.6198169664E-01   8.0890953792E+00   1.3779781476E-04   1.9778079541E+00   2.4023552065E+00   1.7382186781E-04   2.0720745604E+00   2.3804967303E+00   6.1038724948E-04   2.2107188070E+00   2.4188799048E+00   1.6798956227E-03   2.3382939982E+00   2.4629958892E+00   1.8942917708E-03   2.4476282547E+00   2.5046689279E+00   2.0988751571E-03   2.2875749404E+00   2.4537080001E+00   1.5543587427E-03   3.3739626460E-04
   1  -189   0    0  -8.7187108077E-01   8.0897899478E+00   1.3753010382E-04   1.9772365324E+00   2.4025716795E+00   1.7259713268E-04   2.0715274455E+00   2.3807498601E+00   6.0962935411E-04   2.2105200812E+00   2.4191324096E+00   1.6791156163E-03   2.3389521953E+00   2.4633303439E+00   1.8941142717E-03   2.4480422690E+00   2.5050709641E+00   2.0991029867E-03   2.2881868904E+00   2.4540357928E+00   1.5538556347E-03   3.3742089146E-04
   1  -190   0    0  -8.8176242024E-01   8.0904792915E+00   1.3726676948E-04   1.9766697500E+00   2.4027870655E+00   1.7139097948E-04   2.0709865680E+00   2.3810013180E+00   6.0888297183E-04   2.2103230984E+00   2.4193832442E+00   1.6783472433E-03   2.3396043868E+00   2.4636617060E+00   1.8939392289E-03   2.4484520421E+00   2.5054688832E+00   2.0993274162E-03   2.2887946661E+00   2.4543605818E+00   1.5533596163E-03   3.3744528660E-04
   1  -191   0    0  -8.9165571840E-01   8.0911633148E+00   1.3700777398E-04   1.9761076655E+00   2.4030013193E+00   1.7020330191E-04   2.0704519525E+00   2.3812510634E+00   6.0814803612E-04   2.2101278669E+00   2.4196323682E+00   1.6775904447E-03   2.3402505125E+00   2.4639899505E+00   1.8937666376E-03   2.4488575547E+00   2.5058626662E+00   2.0995484627E-03   2.2893981577E+00   2.4546823423E+00   1.5528706681E-03   3.3746944823E-04
   1  -192   0    0  -9.0155097708E-01   8.0918419252E+00   1.3675307901E-04   1.9755503360E+00   2.4032143969E+00   1.6903398946E-04   2.0699236199E+00   2.3814990569E+00   6.0742447785E-04   2.2099343952E+00   2.4198797425E+00   1.6768451583E-03   2.3408905153E+00   2.4643150540E+00   1.8935964922E-03   2.4492587886E+00   2.5062522958E+00   2.0997661447E-03   2.2899972588E+00   2.4550010508E+00   1.5523887682E-03   3.3749337469E-04
   1  -193   0    0  -9.1144819662E-01   8.0925150336E+00   1.3650264568E-04   1.9749978168E+00   2.4034262553E+00   1.6788292743E-04   2.0694015876E+00   2.3817452601E+00   6.0671222533E-04   2.2097426919E+00   2.4201253290E+00   1.6761113193E-03   2.3415243413E+00   2.4646369941E+00   1.8934287862E-03   2.4496557274E+00   2.5066377556E+00   2.0999804809E-03   2.2905918675E+00   2.4553166845E+00   1.5519138925E-03   3.3751706438E-04
   1  -194   0    0  -9.2134737588E-01   8.0931825542E+00   1.3625643455E-04   1.9744501617E+00   2.4036368524E+00   1.6674999703E-04   2.0688858696E+00   2.3819896359E+00   6.0601120439E-04   2.2095527656E+00   2.4203690907E+00   1.6753888600E-03   2.3421519397E+00   2.4649557494E+00   1.8932635121E-03   2.4500483560E+00   2.5070190312E+00   2.1001914913E-03   2.2911818854E+00   2.4556292223E+00   1.5514460149E-03   3.3754051580E-04
   1  -195   0    0  -9.3124851225E-01   8.0938444045E+00   1.3601440566E-04   1.9739074227E+00   2.4038461473E+00   1.6563507545E-04   2.0683764762E+00   2.3822321482E+00   6.0532133835E-04   2.2093646251E+00   2.4206109919E+00   1.6746777101E-03   2.3427732629E+00   2.4652713000E+00   1.8931006620E-03   2.4504366607E+00   2.5073961092E+00   2.1003991964E-03   2.2917672180E+00   2.4559386438E+00   1.5509851069E-03   3.3756372755E-04
   1  -196   0    0  -9.4115160173E-01   8.0945005056E+00   1.3577651851E-04   1.9733696497E+00   2.4040541004E+00   1.6453803593E-04   2.0678734148E+00   2.3824727621E+00   6.0464254815E-04   2.2091782788E+00   2.4208509980E+00   1.6739777966E-03   2.3433882661E+00   2.4655836272E+00   1.8929402268E-03   2.4508206295E+00   2.5077689779E+00   2.1006036176E-03   2.2923477751E+00   2.4562449301E+00   1.5505311380E-03   3.3758669831E-04
   1  -197   0    0  -9.5105663891E-01   8.0951507817E+00   1.3554273212E-04   1.9728368910E+00   2.4042606728E+00   1.6345874785E-04   2.0673766891E+00   2.3827114442E+00   6.0397475233E-04   2.2089937353E+00   2.4210890756E+00   1.6732890438E-03   2.3439969082E+00   2.4658927134E+00   1.8927821967E-03   2.4512002519E+00   2.5081376269E+00   2.1008047771E-03   2.2929234702E+00   2.4565480635E+00   1.5500840755E-03   3.3760942688E-04
   1  -198   0    0  -9.6096361703E-01   8.0957951606E+00   1.3531300501E-04   1.9723091927E+00   2.4044658271E+00   1.6239707680E-04   2.0668863001E+00   2.3829481619E+00   6.0331786714E-04   2.2088110030E+00   2.4213251925E+00   1.6726113735E-03   2.3445991507E+00   2.4661985424E+00   1.8926265612E-03   2.4515755187E+00   2.5085020476E+00   2.1010026978E-03   2.2934942205E+00   2.4568480274E+00   1.5496438846E-03   3.3763191213E-04
   1  -199   0    0  -9.7087252801E-01   8.0964335735E+00   1.3508729525E-04   1.9717865988E+00   2.4046695269E+00   1.6135288471E-04   2.0664022454E+00   2.3831828841E+00   6.0267180656E-04   2.2086300900E+00   2.4215593178E+00   1.6719447049E-03   2.3451949586E+00   2.4665010993E+00   1.8924733091E-03   2.4519464223E+00   2.5088622324E+00   2.1011974034E-03   2.2940599476E+00   2.4571448066E+00   1.5492105284E-03   3.3765415303E-04
   1  -200   0    0  -9.8078336249E-01   8.0970659553E+00   1.3486556047E-04   1.9712691514E+00   2.4048717370E+00   1.6032602988E-04   2.0659245197E+00   2.3834155809E+00   6.0203648237E-04   2.2084510044E+00   2.4217914219E+00   1.6712889548E-03   2.3457842997E+00   2.4668003704E+00   1.8923224282E-03   2.4523129569E+00   2.5092181755E+00   2.1013889182E-03   2.2946205766E+00   2.4574383870E+00   1.5487839683E-03   3.3767614866E-04
   1  -201   0    0  -9.9069610985E-01   8.0976922442E+00   1.3464775784E-04   1.9707568903E+00   2.4050724235E+00   1.5931636716E-04   2.0654531150E+00   2.3836462237E+00   6.0141180419E-04   2.2082737536E+00   2.4220214761E+00   1.6706440376E-03   2.3463671450E+00   2.4670963433E+00   1.8921739058E-03   2.4526751178E+00   2.5095698725E+00   2.1015772673E-03   2.2951760367E+00   2.4577287559E+00   1.5483641634E-03   3.3769789818E-04
   1  -202  -4    7  -9.9999994514E-01   8.0982743591E+00   1.3444691000E-04   1.9702809358E+00   2.4052593325E+00   1.5838440511E-04   2.0650164888E+00   2.3838607661E+00   6.0083520738E-04   2.2081090973E+00   2.4222354703E+00   1.6700486226E-03   2.3469081550E+00   2.4673710741E+00   1.8920366655E-03   2.4530109885E+00   2.5098960400E+00   2.1017511575E-03   2.2956925188E+00   2.4579983064E+00   1.5479763249E-03   3.3771808341E-04
