 
   1    -1   9    1 -1.0000000000E+000  8.0098303846E+000  1.1473813356E-004  1.8965024948E+000  2.3381907940E+000  6.2378559960E-005  2.0004582405E+000  2.3200359344E+000  5.4146785988E-004  2.1603741646E+000  2.3581321239E+000  1.6079838388E-003  2.3535177708E+000  2.4662213326E+000  1.8771173200E-003  2.4720826149E+000  2.5280694962E+000  2.1198634058E-003  2.3001384735E+000  2.4630975723E+000  1.5062032035E-003  3.3698097104E-004
   1    -2   0    0 -9.8011797914E-001  8.0094592210E+000  1.1510910004E-004  1.8976648601E+000  2.3383577574E+000  6.4276146914E-005  2.0013196645E+000  2.3201377538E+000  5.4264090034E-004  2.1608966616E+000  2.3581176851E+000  1.6092257909E-003  2.3526827081E+000  2.4658336355E+000  1.8774276143E-003  2.4714865263E+000  2.5274924198E+000  2.1195013163E-003  2.2993597074E+000  2.4627000840E+000  1.5070651901E-003  3.3695474839E-004
   1    -3   0    0 -9.7017965361E-001  8.0092698029E+000  1.1529964037E-004  1.8982582464E+000  2.3384432816E+000  6.5249347895E-005  2.0017612755E+000  2.3201901729E+000  5.4324250522E-004  2.1611633290E+000  2.3581104726E+000  1.6098625061E-003  2.3522556587E+000  2.4656353936E+000  1.8775865192E-003  2.4711815781E+000  2.5271971999E+000  2.1193156806E-003  2.2989618921E+000  2.4624969237E+000  1.5075066613E-003  3.3694133526E-004
   1    -4   0    0 -9.6024316195E-001  8.0090778434E+000  1.1549360336E-004  1.8988597837E+000  2.3385301619E+000  6.6239011117E-005  2.0022102218E+000  2.3202435938E+000  5.4385428863E-004  2.1614336408E+000  2.3581032706E+000  1.6105098116E-003  2.3518222124E+000  2.4654342385E+000  1.8777479394E-003  2.4708720330E+000  2.5268975292E+000  2.1191269524E-003  2.2985584286E+000  2.4622908009E+000  1.5079551906E-003  3.3692772237E-004
   1    -5   0    0 -9.5030853850E-001  8.0088833417E+000  1.1569102617E-004  1.8994694758E+000  2.3386184063E+000  6.7245274158E-005  2.0026665695E+000  2.3202980298E+000  5.4447633581E-004  2.1617075978E+000  2.3580960833E+000  1.6111677889E-003  2.3513823380E+000  2.4652301591E+000  1.8779118886E-003  2.4705578694E+000  2.5265933864E+000  2.1189351077E-003  2.2981493050E+000  2.4620817052E+000  1.5084108202E-003  3.3691390885E-004
   1    -6   0    0 -9.4037581719E-001  8.0086862984E+000  1.1589194531E-004  1.9000873222E+000  2.3387080221E+000  6.8268269950E-005  2.0031303832E+000  2.3203534941E+000  5.4510872912E-004  2.1619851992E+000  2.3580889149E+000  1.6118365162E-003  2.3509360066E+000  2.4650231451E+000  1.8780783799E-003  2.4702390671E+000  2.5262847522E+000  2.1187401235E-003  2.2977345121E+000  2.4618696273E+000  1.5088735897E-003  3.3689989389E-004
   1    -7   0    0 -9.3044503150E-001  8.0084867152E+000  1.1609639663E-004  1.9007133184E+000  2.3387990162E+000  6.9308126553E-005  2.0036017259E+000  2.3204099996E+000  5.4575154792E-004  2.1622664422E+000  2.3580817698E+000  1.6125160681E-003  2.3504831914E+000  2.4648131875E+000  1.8782474251E-003  2.4699156080E+000  2.5259716088E+000  2.1185419779E-003  2.2973140435E+000  2.4616545591E+000  1.5093435359E-003  3.3688567679E-004
   1    -8   0    0 -9.2051621435E-001  8.0082845951E+000  1.1630441529E-004  1.9013474552E+000  2.3388913949E+000  7.0364966931E-005  2.0040806590E+000  2.3204675593E+000  5.4640486845E-004  2.1625513222E+000  2.3580746524E+000  1.6132065159E-003  2.3500238681E+000  2.4646002785E+000  1.8784190350E-003  2.4695874753E+000  2.5256539401E+000  2.1183406499E-003  2.2968878956E+000  2.4614364939E+000  1.5098206928E-003  3.3687125688E-004
   1    -9   0    0 -9.1058939808E-001  8.0080799426E+000  1.1651603568E-004  1.9019897194E+000  2.3389851643E+000  7.1438908732E-005  2.0045672421E+000  2.3205261861E+000  5.4706876366E-004  2.1628398324E+000  2.3580675672E+000  1.6139079273E-003  2.3495580148E+000  2.4643844115E+000  1.8785932194E-003  2.4692546544E+000  2.5253317319E+000  2.1181361194E-003  2.2964560680E+000  2.4612154259E+000  1.5103050916E-003  3.3685663362E-004
   1   -10   0    0 -9.0066461437E-001  8.0078727634E+000  1.1673129138E-004  1.9026400927E+000  2.3390803294E+000  7.2530064073E-005  2.0050615329E+000  2.3205858927E+000  5.4774330309E-004  2.1631319641E+000  2.3580605188E+000  1.6146203658E-003  2.3490856119E+000  2.4641655811E+000  1.8787699870E-003  2.4689171325E+000  2.5250049716E+000  2.1179283678E-003  2.2960185628E+000  2.4609913510E+000  1.5107967603E-003  3.3684180651E-004
   1   -11   0    0 -8.9074189415E-001  8.0076630649E+000  1.1695021516E-004  1.9032985528E+000  2.3391768950E+000  7.3638539325E-005  2.0055635871E+000  2.3206466915E+000  5.4842855275E-004  2.1634277068E+000  2.3580535119E+000  1.6153438915E-003  2.3486066426E+000  2.4639437832E+000  1.8789493451E-003  2.4685748985E+000  2.5246736485E+000  2.1177173773E-003  2.2955753857E+000  2.4607642663E+000  1.5112957240E-003  3.3682677516E-004
   1   -12   0    0 -8.8082126757E-001  8.0074508556E+000  1.1717283888E-004  1.9039650724E+000  2.3392748653E+000  7.4764434910E-005  2.0060734585E+000  2.3207085949E+000  5.4912457498E-004  2.1637270478E+000  2.3580465514E+000  1.6160785599E-003  2.3481210925E+000  2.4637190149E+000  1.8791313001E-003  2.4682279434E+000  2.5243377539E+000  2.1175031315E-003  2.2951265451E+000  2.4605341701E+000  1.5118020044E-003  3.3681153926E-004
   1   -13   0    0 -8.7090276393E-001  8.0072361456E+000  1.1739919349E-004  1.9046396196E+000  2.3393742437E+000  7.5907845099E-005  2.0065911987E+000  2.3207716150E+000  5.4983142834E-004  2.1640299723E+000  2.3580396422E+000  1.6168244228E-003  2.3476289499E+000  2.4634912747E+000  1.8793158570E-003  2.4678762603E+000  2.5239972810E+000  2.1172856151E-003  2.2946720528E+000  2.4603010623E+000  1.5123156201E-003  3.3679609857E-004
   1   -14   0    0 -8.6098641157E-001  8.0070189466E+000  1.1762930897E-004  1.9053221578E+000  2.3394750332E+000  7.7068857820E-005  2.0071168570E+000  2.3208357640E+000  5.5054916746E-004  2.1643364636E+000  2.3580327893E+000  1.6175815273E-003  2.3471302058E+000  2.4632605624E+000  1.8795030198E-003  2.4675198440E+000  2.5236522247E+000  2.1170648142E-003  2.2942119241E+000  2.4600649441E+000  1.5128365863E-003  3.3678045296E-004
   1   -15   0    0 -8.5107223785E-001  8.0067992716E+000  1.1786321427E-004  1.9060126456E+000  2.3395772361E+000  7.8247554473E-005  2.0076504804E+000  2.3209010534E+000  5.5127784298E-004  2.1646465029E+000  2.3580259977E+000  1.6183499161E-003  2.3466248541E+000  2.4630268791E+000  1.8796927909E-003  2.4671586916E+000  2.5233025823E+000  2.1168407159E-003  2.2937461773E+000  2.4598258180E+000  1.5133649149E-003  3.3676460239E-004
   1   -16   0    0 -8.4116026906E-001  8.0065771352E+000  1.1810093733E-004  1.9067110369E+000  2.3396808541E+000  7.9444009754E-005  2.0081921137E+000  2.3209674949E+000  5.5201750139E-004  2.1649600694E+000  2.3580192727E+000  1.6191296278E-003  2.3461128913E+000  2.4627902275E+000  1.8798851717E-003  2.4667928023E+000  2.5229483528E+000  2.1166133089E-003  2.2932748343E+000  2.4595836882E+000  1.5139006142E-003  3.3674854689E-004
   1   -17   0    0 -8.3125053038E-001  8.0063525536E+000  1.1834250497E-004  1.9074172807E+000  2.3397858882E+000  8.0658291487E-005  2.0087417989E+000  2.3210350998E+000  5.5276818494E-004  2.1652771401E+000  2.3580126194E+000  1.6199206957E-003  2.3455943169E+000  2.4625506114E+000  1.8800801622E-003  2.4664221773E+000  2.5225895373E+000  2.1163825832E-003  2.2927979204E+000  2.4593385601E+000  1.5144436889E-003  3.3673228660E-004
   1   -18   0    0 -8.2134304576E-001  8.0061255447E+000  1.1858794292E-004  1.9081313213E+000  2.3398923389E+000  8.1890460471E-005  2.0092995755E+000  2.3211038791E+000  5.5352993158E-004  2.1655976902E+000  2.3580060434E+000  1.6207231489E-003  2.3450691333E+000  2.4623080361E+000  1.8802777611E-003  2.4660468200E+000  2.5222261392E+000  2.1161485302E-003  2.2923154646E+000  2.4590904408E+000  1.5149941404E-003  3.3671582176E-004
   1   -19   0    0 -8.1143783792E-001  8.0058961276E+000  1.1883727572E-004  1.9088530980E+000  2.3400002060E+000  8.3140570333E-005  2.0098654805E+000  2.3211738437E+000  5.5430277482E-004  2.1659216927E+000  2.3579995500E+000  1.6215370115E-003  2.3445373458E+000  2.4620625083E+000  1.8804779656E-003  2.4656667360E+000  2.5218581636E+000  2.1159111424E-003  2.2918274994E+000  2.4588393387E+000  1.5155519661E-003  3.3669915267E-004
   1   -20   0    0 -8.0153492824E-001  8.0056643234E+000  1.1909052675E-004  1.9095825456E+000  2.3401094886E+000  8.4408667398E-005  2.0104395478E+000  2.3212450040E+000  5.5508674367E-004  2.1662491188E+000  2.3579931448E+000  1.6223623027E-003  2.3439989629E+000  2.4618140363E+000  1.8806807717E-003  2.4652819328E+000  2.5214856180E+000  2.1156704143E-003  2.2913340607E+000  2.4585852639E+000  1.5161171599E-003  3.3668227978E-004
   1   -21   0    0 -7.9163433670E-001  8.0054301546E+000  1.1934771815E-004  1.9103195939E+000  2.3402201853E+000  8.5694790568E-005  2.0110218088E+000  2.3213173703E+000  5.5588186259E-004  2.1665799375E+000  2.3579868334E+000  1.6231990367E-003  2.3434539958E+000  2.4615626296E+000  1.8808861741E-003  2.4648924205E+000  2.5211085120E+000  2.1154263412E-003  2.2908351886E+000  2.4583282278E+000  1.5166897122E-003  3.3666520357E-004
   1   -22   0    0 -7.8173608187E-001  8.0051936454E+000  1.1960887083E-004  1.9110641682E+000  2.3403322940E+000  8.6998971217E-005  2.0116122915E+000  2.3213909526E+000  5.5668815138E-004  2.1669141160E+000  2.3579806216E+000  1.6240472228E-003  2.3429024590E+000  2.4613082992E+000  1.8810941659E-003  2.4644982112E+000  2.5207268571E+000  2.1151789205E-003  2.2903309264E+000  2.4580682433E+000  1.5172696092E-003  3.3664792468E-004
   1   -23   0    0 -7.7184018077E-001  8.0049548218E+000  1.1987400439E-004  1.9118161888E+000  2.3404458119E+000  8.8321233097E-005  2.0122110213E+000  2.3214657604E+000  5.5750562515E-004  2.1672516196E+000  2.3579745151E+000  1.6249068650E-003  2.3423443701E+000  2.4610510577E+000  1.8813047391E-003  2.4640993191E+000  2.5203406672E+000  2.1149281505E-003  2.2898213215E+000  2.4578053251E+000  1.5178568337E-003  3.3663044380E-004
   1   -24   0    0 -7.6194664891E-001  8.0047137112E+000  1.2014313716E-004  1.9125755716E+000  2.3405607356E+000  8.9661592269E-005  2.0128180201E+000  2.3215418032E+000  5.5833429428E-004  2.1675924118E+000  2.3579685200E+000  1.6257779625E-003  2.3417797497E+000  2.4607909189E+000  1.8815178840E-003  2.4636957607E+000  2.5199499582E+000  2.1146740314E-003  2.2893064252E+000  2.4575394892E+000  1.5184513646E-003  3.3661276173E-004
   1   -25   0    0 -7.5205550013E-001  8.0044703429E+000  1.2041628615E-004  1.9133422281E+000  2.3406770612E+000  9.1020057033E-005  2.0134333068E+000  2.3216190898E+000  5.5917416436E-004  2.1679364542E+000  2.3579626422E+000  1.6266605092E-003  2.3412086216E+000  2.4605278982E+000  1.8817335897E-003  2.4632875548E+000  2.5195547482E+000  2.1144165647E-003  2.2887862922E+000  2.4572707530E+000  1.5190531771E-003  3.3659487938E-004
   1   -26   0    0 -7.4216674664E-001  8.0042247478E+000  1.2069346700E-004  1.9141160649E+000  2.3407947842E+000  9.2396627889E-005  2.0140568968E+000  2.3216976290E+000  5.6002523620E-004  2.1682837066E+000  2.3579568879E+000  1.6275544938E-003  2.3406310128E+000  2.4602620123E+000  1.8819518439E-003  2.4628747223E+000  2.5191550573E+000  2.1141557535E-003  2.2882609816E+000  2.4569991357E+000  1.5196622425E-003  3.3657679774E-004
   1   -27   0    0 -7.3228039891E-001  8.0039769585E+000  1.2097469402E-004  1.9148969846E+000  2.3409138993E+000  9.3791297511E-005  2.0146888023E+000  2.3217774290E+000  5.6088750575E-004  2.1686341274E+000  2.3579512633E+000  1.6284599000E-003  2.3400469534E+000  2.4599932796E+000  1.8821726330E-003  2.4624572862E+000  2.5187509078E+000  2.1138916023E-003  2.2877305561E+000  2.4567246578E+000  1.5202785283E-003  3.3655851790E-004
   1   -28   0    0 -7.2239646569E-001  8.0037270094E+000  1.2125998014E-004  1.9156848853E+000  2.3410344008E+000  9.5204050730E-005  2.0153290319E+000  2.3218584978E+000  5.6176096416E-004  2.1689876730E+000  2.3579457748E+000  1.6293767062E-003  2.3394564767E+000  2.4597217195E+000  1.8823959418E-003  2.4620352718E+000  2.5183423241E+000  2.1136241173E-003  2.2871950823E+000  2.4564473414E+000  1.5209019985E-003  3.3654004105E-004
   1   -29   0    0 -7.1251495387E-001  8.0034749364E+000  1.2154933690E-004  1.9164796610E+000  2.3411562824E+000  9.6634864547E-005  2.0159775907E+000  2.3219408429E+000  5.6264559776E-004  2.1693442986E+000  2.3579404288E+000  1.6303048857E-003  2.3388596193E+000  2.4594473532E+000  1.8826217540E-003  2.4616087065E+000  2.5179293327E+000  2.1133533061E-003  2.2866546309E+000  2.4561672101E+000  1.5215326132E-003  3.3652136845E-004
   1   -30   0    0 -7.0263586855E-001  8.0032207774E+000  1.2184277448E-004  1.9172812017E+000  2.3412795373E+000  9.8083708152E-005  2.0166344799E+000  2.3220244716E+000  5.6354138804E-004  2.1697039577E+000  2.3579352320E+000  1.6312444068E-003  2.3382564208E+000  2.4591702031E+000  1.8828500518E-003  2.4611776198E+000  2.5175119620E+000  2.1130791776E-003  2.2861092765E+000  2.4558842887E+000  1.5221703289E-003  3.3650250149E-004
   1   -31   0    0 -6.9275921291E-001  8.0029645718E+000  1.2214030165E-004  1.9180893935E+000  2.3414041581E+000  9.9550542970E-005  2.0172996973E+000  2.3221093906E+000  5.6444831174E-004  2.1700666024E+000  2.3579301911E+000  1.6321952325E-003  2.3376469242E+000  2.4588902929E+000  1.8830808161E-003  2.4607420433E+000  2.5170902427E+000  2.1128017424E-003  2.2855590975E+000  2.4555986039E+000  1.5228150984E-003  3.3648344163E-004
   1   -32   0    0 -6.8288498826E-001  8.0027063610E+000  1.2244192578E-004  1.9189041187E+000  2.3415301369E+000  1.0103532272E-004  2.0179732367E+000  2.3221956063E+000  5.6536634084E-004  2.1704321838E+000  2.3579253128E+000  1.6331573211E-003  2.3370311755E+000  2.4586076479E+000  1.8833140265E-003  2.4603020108E+000  2.5166642073E+000  2.1125210126E-003  2.2850041765E+000  2.4553101835E+000  1.5234668711E-003  3.3646419043E-004
   1   -33   0    0 -6.7301319395E-001  8.0024461877E+000  1.2274765287E-004  1.9197252558E+000  2.3416574655E+000  1.0253799348E-004  2.0186550881E+000  2.3222831249E+000  5.6629544261E-004  2.1708006515E+000  2.3579206043E+000  1.6341306256E-003  2.3364092241E+000  2.4583222945E+000  1.8835496613E-003  2.4598575579E+000  2.5162338902E+000  2.1122370017E-003  2.2844445999E+000  2.4550190567E+000  1.5241255925E-003  3.3644474951E-004
   1   -34   0    0 -6.6314382738E-001  8.0021840968E+000  1.2305748753E-004  1.9205526802E+000  2.3417861351E+000  1.0405849382E-004  2.0193452375E+000  2.3223719519E+000  5.6723557972E-004  2.1711719541E+000  2.3579160726E+000  1.6351150944E-003  2.3357811223E+000  2.4580342606E+000  1.8837876977E-003  2.4594087224E+000  2.5157993279E+000  2.1119497246E-003  2.2838804581E+000  2.4547252544E+000  1.5247912052E-003  3.3642512063E-004
   1   -35   0    0 -6.5327688396E-001  8.0019201347E+000  1.2337143300E-004  1.9213862638E+000  2.3419161364E+000  1.0559675485E-004  2.0200436669E+000  2.3224620926E+000  5.6818671022E-004  2.1715460393E+000  2.3579117250E+000  1.6361106709E-003  2.3351469257E+000  2.4577435751E+000  1.8840281115E-003  2.4589555438E+000  2.5153605588E+000  2.1116591975E-003  2.2833118454E+000  2.4544288085E+000  1.5254636480E-003  3.3640530560E-004
   1   -36   0    0 -6.4341235711E-001  8.0016543496E+000  1.2368949114E-004  1.9222258756E+000  2.3420474599E+000  1.0715270042E-004  2.0207503540E+000  2.3225535518E+000  5.6914878771E-004  2.1719228537E+000  2.3579075692E+000  1.6371172940E-003  2.3345066931E+000  2.4574502685E+000  1.8842708774E-003  2.4584980636E+000  2.5149176229E+000  2.1113654381E-003  2.2827388601E+000  2.4541297524E+000  1.5261428566E-003  3.3638530630E-004
   1   -37   0    0 -6.3355023827E-001  8.0013867913E+000  1.2401166249E-004  1.9230713813E+000  2.3421800957E+000  1.0872624721E-004  2.0214652727E+000  2.3226463339E+000  5.7012176136E-004  2.1723023434E+000  2.3579036125E+000  1.6381348980E-003  2.3338604862E+000  2.4571543723E+000  1.8845159688E-003  2.4580363254E+000  2.5144705623E+000  2.1110684656E-003  2.2821616044E+000  2.4538281208E+000  1.5268287635E-003  3.3636512474E-004
   1   -38   0    0 -6.2369051682E-001  8.0011175114E+000  1.2433794625E-004  1.9239226444E+000  2.3423140337E+000  1.1031730490E-004  2.0221883923E+000  2.3227404429E+000  5.7110557605E-004  2.1726844535E+000  2.3578998631E+000  1.6391634124E-003  2.3332083701E+000  2.4568559191E+000  1.8847633582E-003  2.4575703741E+000  2.5140194204E+000  2.1107683002E-003  2.2815801842E+000  2.4535239497E+000  1.5275212981E-003  3.3634476297E-004
   1   -39   0    0 -6.1383318015E-001  8.0008465634E+000  1.2466834032E-004  1.9247795257E+000  2.3424492632E+000  1.1192577639E-004  2.0229196781E+000  2.3228358824E+000  5.7210017247E-004  2.1730691289E+000  2.3578963287E+000  1.6402027628E-003  2.3325504126E+000  2.4565549431E+000  1.8850130169E-003  2.4571002568E+000  2.5135642428E+000  2.1104649636E-003  2.2809947097E+000  2.4532172762E+000  1.5282203868E-003  3.3632422312E-004
   1   -40   0    0 -6.0397821364E-001  8.0005740023E+000  1.2500284131E-004  1.9256418835E+000  2.3425857736E+000  1.1355155793E-004  2.0236590907E+000  2.3229326556E+000  5.7310548723E-004  2.1734563139E+000  2.3578930178E+000  1.6412528703E-003  2.3318866847E+000  2.4562514790E+000  1.8852649152E-003  2.4566260219E+000  2.5131050763E+000  2.1101584785E-003  2.2804052943E+000  2.4529081387E+000  1.5289259533E-003  3.3630350742E-004
   1   -41   0    0 -5.9412560065E-001  8.0002998848E+000  1.2534144458E-004  1.9265095743E+000  2.3427235539E+000  1.1519453934E-004  2.0244065867E+000  2.3230307653E+000  5.7412145298E-004  2.1738459525E+000  2.3578899387E+000  1.6423136520E-003  2.3312172604E+000  2.4559455631E+000  1.8855190224E-003  2.4561477197E+000  2.5126419694E+000  2.1098488692E-003  2.2798120557E+000  2.4525965766E+000  1.5296379182E-003  3.3628261815E-004
   1   -42   0    0 -5.8427532253E-001  8.0000242694E+000  1.2568414426E-004  1.9273824527E+000  2.3428625930E+000  1.1685460424E-004  2.0251621178E+000  2.3231302138E+000  5.7514799856E-004  2.1742379886E+000  2.3578871002E+000  1.6433850212E-003  2.3305422167E+000  2.4556372324E+000  1.8857753068E-003  2.4556654018E+000  2.5121749721E+000  2.1095361607E-003  2.2792151152E+000  2.4522826307E+000  1.5303561999E-003  3.3626155766E-004
   1   -43   0    0 -5.7442735865E-001  7.9997472164E+000  1.2603093331E-004  1.9282603716E+000  2.3430028797E+000  1.1853163026E-004  2.0259256315E+000  2.3232310031E+000  5.7618504911E-004  2.1746323659E+000  2.3578845112E+000  1.6444668872E-003  2.3298616332E+000  2.4553265250E+000  1.8860337358E-003  2.4551791213E+000  2.5117041359E+000  2.1092203794E-003  2.2786145976E+000  2.4519663426E+000  1.5310807139E-003  3.3624032838E-004
   1   -44   0    0 -5.6458168642E-001  7.9994687874E+000  1.2638180349E-004  1.9291431826E+000  2.3431444028E+000  1.2022548927E-004  2.0266970706E+000  2.3233331347E+000  5.7723252624E-004  2.1750290284E+000  2.3578821808E+000  1.6455591560E-003  2.3291755928E+000  2.4550134801E+000  1.8862942761E-003  2.4546889330E+000  2.5112295136E+000  2.1089015526E-003  2.2780106315E+000  2.4516477551E+000  1.5318113735E-003  3.3621893279E-004
   1   -45   0    0 -5.5473828127E-001  7.9991890461E+000  1.2673674546E-004  1.9300307359E+000  2.3432871509E+000  1.2193604763E-004  2.0274763733E+000  2.3234366098E+000  5.7829034816E-004  2.1754279201E+000  2.3578801186E+000  1.6466617299E-003  2.3284841808E+000  2.4546981377E+000  1.8865568934E-003  2.4541948927E+000  2.5107511591E+000  2.1085797088E-003  2.2774033492E+000  2.4513269118E+000  1.5325480899E-003  3.3619737345E-004
   1   -46   0    0 -5.4489711671E-001  7.9989080575E+000  1.2709574880E-004  1.9309228810E+000  2.3434311126E+000  1.2366316644E-004  2.0282634731E+000  2.3235414290E+000  5.7935842987E-004  2.1758289856E+000  2.3578783342E+000  1.6477745080E-003  2.3277874856E+000  2.4543805385E+000  1.8868215527E-003  2.4536970576E+000  2.5102691279E+000  2.1082548773E-003  2.2767928864E+000  2.4510038573E+000  1.5332907720E-003  3.3617565295E-004
   1   -47   0    0 -5.3505816437E-001  7.9986258885E+000  1.2745880202E-004  1.9318194666E+000  2.3435762768E+000  1.2540670175E-004  2.0290582989E+000  2.3236475928E+000  5.8043668324E-004  2.1762321696E+000  2.3578768377E+000  1.6488973865E-003  2.3270855981E+000  2.4540607243E+000  1.8870882185E-003  2.4531954861E+000  2.5097834764E+000  2.1079270883E-003  2.2761793823E+000  2.4506786374E+000  1.5340393267E-003  3.3615377396E-004
   1   -48   0    0 -5.2522139399E-001  7.9983426074E+000  1.2782589263E-004  1.9327203408E+000  2.3437226323E+000  1.2716650486E-004  2.0298607747E+000  2.3237551010E+000  5.8152501723E-004  2.1766374177E+000  2.3578756395E+000  1.6500302585E-003  2.3263786120E+000  2.4537387376E+000  1.8873568543E-003  2.4526902377E+000  2.5092942621E+000  2.1075963729E-003  2.2755629794E+000  2.4503512983E+000  1.5347936592E-003  3.3613173920E-004
   1   -49   0    0 -5.1538677345E-001  7.9980582842E+000  1.2819700717E-004  1.9336253515E+000  2.3438701680E+000  1.2894242257E-004  2.0306708199E+000  2.3238639533E+000  5.8262333803E-004  2.1770446759E+000  2.3578747501E+000  1.6511730144E-003  2.3256666236E+000  2.4534146215E+000  1.8876274233E-003  2.4521813729E+000  2.5088015436E+000  2.1072627631E-003  2.2749438238E+000  2.4500218871E+000  1.5355536729E-003  3.3610955142E-004
   1   -50   0    0 -5.0555426886E-001  7.9977729904E+000  1.2857213124E-004  1.9345343466E+000  2.3440188731E+000  1.3073429740E-004  2.0314883491E+000  2.3239741487E+000  5.8373154922E-004  2.1774538913E+000  2.3578741805E+000  1.6523255419E-003  2.3249497317E+000  2.4530884200E+000  1.8878998878E-003  2.4516689532E+000  2.5083053805E+000  2.1069262916E-003  2.2743220646E+000  2.4496904520E+000  1.5363192697E-003  3.3608721345E-004
   1   -51   0    0 -4.9572384455E-001  7.9974867992E+000  1.2895124955E-004  1.9354471740E+000  2.3441687370E+000  1.3254196786E-004  2.0323132719E+000  2.3240856861E+000  5.8484955189E-004  2.1778650118E+000  2.3578739421E+000  1.6534877266E-003  2.3242280377E+000  2.4527601776E+000  1.8881742101E-003  2.4511530411E+000  2.5078058331E+000  2.1065869917E-003  2.2736978542E+000  2.4493570414E+000  1.5370903500E-003  3.3606472813E-004
   1   -52   0    0 -4.8589546311E-001  7.9971997852E+000  1.2933434595E-004  1.9363636822E+000  2.3443197492E+000  1.3436526870E-004  2.0331454934E+000  2.3241985639E+000  5.8597724483E-004  2.1782779863E+000  2.3578740465E+000  1.6546594516E-003  2.3235016453E+000  2.4524299395E+000  1.8884503515E-003  2.4506336999E+000  2.5073029626E+000  2.1062448975E-003  2.2730713482E+000  2.4490217048E+000  1.5378668128E-003  3.3604209836E-004
   1   -53   0    0 -4.7606908545E-001  7.9969120245E+000  1.2972140349E-004  1.9372837200E+000  2.3444718996E+000  1.3620403114E-004  2.0339849135E+000  2.3243127800E+000  5.8711452468E-004  2.1786927649E+000  2.3578745057E+000  1.6558405981E-003  2.3227706608E+000  2.4520977513E+000  1.8887282733E-003  2.4501109937E+000  2.5067968310E+000  2.1059000437E-003  2.2724427050E+000  2.4486844920E+000  1.5386485562E-003  3.3601932707E-004
   1   -54   0    0 -4.6624467085E-001  7.9966235946E+000  1.3011240441E-004  1.9382071371E+000  2.3446251785E+000  1.3805808311E-004  2.0348314275E+000  2.3244283321E+000  5.8826128603E-004  2.1791092988E+000  2.3578753321E+000  1.6570310452E-003  2.3220351928E+000  2.4517636593E+000  1.8890079362E-003  2.4495849872E+000  2.5062875011E+000  2.1055524656E-003  2.2718120862E+000  2.4483454536E+000  1.5394354769E-003  3.3599641725E-004
   1   -55   0    0 -4.5642217698E-001  7.9963345746E+000  1.3050733024E-004  1.9391337840E+000  2.3447795765E+000  1.3992724944E-004  2.0356849257E+000  2.3245452176E+000  5.8941742160E-004  2.1795275407E+000  2.3578765384E+000  1.6582306705E-003  2.3212953521E+000  2.4514277103E+000  1.8892893006E-003  2.4490557458E+000  2.5057750360E+000  2.1052021988E-003  2.2711796559E+000  2.4480046406E+000  1.5402274708E-003  3.3597337188E-004
   1   -56   0    0 -4.4660155995E-001  7.9960450449E+000  1.3090616175E-004  1.9400635126E+000  2.3449350845E+000  1.4181135211E-004  2.0365452936E+000  2.3246634332E+000  5.9058282235E-004  2.1799474447E+000  2.3578781377E+000  1.6594393497E-003  2.3205512518E+000  2.4510899514E+000  1.8895723267E-003  2.4485233356E+000  2.5052594998E+000  2.1048492796E-003  2.2705455814E+000  2.4476621046E+000  1.5410244330E-003  3.3595019401E-004
   1   -57   0    0 -4.3678277438E-001  7.9957550872E+000  1.3130887908E-004  1.9409961758E+000  2.3450916939E+000  1.4371021042E-004  2.0374124119E+000  2.3247829756E+000  5.9175737758E-004  2.1803689662E+000  2.3578801436E+000  1.6606569572E-003  2.3198030072E+000  2.4507504302E+000  1.8898569743E-003  2.4479878232E+000  2.5047409566E+000  2.1044937448E-003  2.2699100322E+000  2.4473178974E+000  1.5418262577E-003  3.3592688671E-004
   1   -58   0    0 -4.2696577342E-001  7.9954647846E+000  1.3171546166E-004  1.9419316280E+000  2.3452493965E+000  1.4562364115E-004  2.0382861562E+000  2.3249038409E+000  5.9294097507E-004  2.1807920623E+000  2.3578825698E+000  1.6618833659E-003  2.3190507356E+000  2.4504091946E+000  1.8901432033E-003  2.4474492755E+000  2.5042194716E+000  2.1041356315E-003  2.2692731807E+000  2.4469720715E+000  1.5426328386E-003  3.3590345305E-004
   1   -59   0    0 -4.1715050881E-001  7.9951742213E+000  1.3212588831E-004  1.9428697251E+000  2.3454081846E+000  1.4755145878E-004  2.0391663975E+000  2.3250260250E+000  5.9413350118E-004  2.1812166917E+000  2.3578854307E+000  1.6631184475E-003  2.3182945565E+000  2.4500662929E+000  1.8904309729E-003  2.4469077601E+000  2.5036951099E+000  2.1037749771E-003  2.2686352015E+000  2.4466246797E+000  1.5434440688E-003  3.3587989616E-004
   1   -60   0    0 -4.0733693094E-001  7.9948834831E+000  1.3254013724E-004  1.9438103250E+000  2.3455680509E+000  1.4949347556E-004  2.0400530019E+000  2.3251495232E+000  5.9533484090E-004  2.1816428148E+000  2.3578887409E+000  1.6643620726E-003  2.3175345915E+000  2.4497217736E+000  1.8907202427E-003  2.4463633449E+000  2.5031679372E+000  2.1034118194E-003  2.2679962718E+000  2.4462757750E+000  1.5442598409E-003  3.3585621917E-004
   1   -61   0    0 -3.9752498887E-001  7.9945926565E+000  1.3295818604E-004  1.9447532870E+000  2.3457289887E+000  1.5144950169E-004  2.0409458309E+000  2.3252743308E+000  5.9654487797E-004  2.1820703934E+000  2.3578925155E+000  1.6656141106E-003  2.3167709638E+000  2.4493756857E+000  1.8910109718E-003  2.4458160981E+000  2.5026380196E+000  2.1030461967E-003  2.2673565706E+000  2.4459254108E+000  1.5450800469E-003  3.3583242524E-004
   1   -62   0    0 -3.8771463041E-001  7.9943018296E+000  1.3338001174E-004  1.9456984725E+000  2.3458909917E+000  1.5341934537E-004  2.0418447409E+000  2.3254004423E+000  5.9776349491E-004  2.1824993914E+000  2.3578967697E+000  1.6668744300E-003  2.3160037988E+000  2.4490280782E+000  1.8913031193E-003  2.4452660882E+000  2.5021054234E+000  2.1026781475E-003  2.2667162794E+000  2.4455736408E+000  1.5459045788E-003  3.3580851755E-004
   1   -63   0    0 -3.7790580215E-001  7.9940110911E+000  1.3380559076E-004  1.9466457449E+000  2.3460540541E+000  1.5540281294E-004  2.0427495838E+000  2.3255278523E+000  5.9899057308E-004  2.1829297743E+000  2.3579015194E+000  1.6681428982E-003  2.3152332237E+000  2.4486790004E+000  1.8915966442E-003  2.4447133842E+000  2.5015702153E+000  2.1023077104E-003  2.2660755815E+000  2.4452205189E+000  1.5467333279E-003  3.3578449928E-004
   1   -64   0    0 -3.6809844950E-001  7.9937205309E+000  1.3423489896E-004  1.9475949695E+000  2.3462181708E+000  1.5739970889E-004  2.0436602068E+000  2.3256565546E+000  6.0022599273E-004  2.1833615093E+000  2.3579067807E+000  1.6694193818E-003  2.3144593674E+000  2.4483285019E+000  1.8918915055E-003  2.4441580551E+000  2.5010324622E+000  2.1019349246E-003  2.2654346622E+000  2.4448660991E+000  1.5475661856E-003  3.3576037367E-004
   1   -65   0    0 -3.5829251676E-001  7.9934302400E+000  1.3466791162E-004  1.9485460141E+000  2.3463833368E+000  1.5940983590E-004  2.0445764525E+000  2.3257865429E+000  6.0146963300E-004  2.1837945655E+000  2.3579125701E+000  1.6707037465E-003  2.3136823606E+000  2.4479766323E+000  1.8921876621E-003  2.4436001704E+000  2.5004922311E+000  2.1015598293E-003  2.2647937083E+000  2.4445104358E+000  1.5484030427E-003  3.3573614392E-004
   1   -66   0    0 -3.4848794716E-001  7.9931403101E+000  1.3510460341E-004  1.9494987481E+000  2.3465495480E+000  1.6143299487E-004  2.0454981588E+000  2.3259178104E+000  6.0272137192E-004  2.1842289134E+000  2.3579189043E+000  1.6719958571E-003  2.3129023357E+000  2.4476234415E+000  1.8924850729E-003  2.4430397996E+000  2.4999495895E+000  2.1011824641E-003  2.2641529085E+000  2.4441535833E+000  1.5492437900E-003  3.3571181328E-004
   1   -67   0    0 -3.3868468291E-001  7.9928508336E+000  1.3554494843E-004  1.9504530435E+000  2.3467168005E+000  1.6346898489E-004  2.0464251593E+000  2.3260503500E+000  6.0398108641E-004  2.1846645257E+000  2.3579258006E+000  1.6732955774E-003  2.3121194266E+000  2.4472689794E+000  1.8927836965E-003  2.4424770125E+000  2.4994046049E+000  2.1008028689E-003  2.2635124526E+000  2.4437955963E+000  1.5500883180E-003  3.3568738501E-004
   1   -68   0    0 -3.2888266522E-001  7.9925619038E+000  1.3598892012E-004  1.9514087744E+000  2.3468850911E+000  1.6551760318E-004  2.0473572831E+000  2.3261841540E+000  6.0524865226E-004  2.1851013765E+000  2.3579332762E+000  1.6746027707E-003  2.3113337689E+000  2.4469132962E+000  1.8930834918E-003  2.4419118792E+000  2.4988573451E+000  2.1004210838E-003  2.2628725320E+000  2.4434365294E+000  1.5509365170E-003  3.3566286237E-004
   1   -69   0    0 -3.1908183439E-001  7.9922736145E+000  1.3643649131E-004  1.9523658168E+000  2.3470544168E+000  1.6757864507E-004  2.0482943547E+000  2.3263192146E+000  6.0652394409E-004  2.1855394415E+000  2.3579413489E+000  1.6759172988E-003  2.3105454997E+000  2.4465564421E+000  1.8933844174E-003  2.4413444699E+000  2.4983078781E+000  2.1000371491E-003  2.2622333392E+000  2.4430764374E+000  1.5517882771E-003  3.3563824865E-004
   1   -70   0    0 -3.0928212984E-001  7.9919860603E+000  1.3688763413E-004  1.9533240493E+000  2.3472247752E+000  1.6965190387E-004  2.0492361948E+000  2.3264555234E+000  6.0780683527E-004  2.1859786980E+000  2.3579500367E+000  1.6772390229E-003  2.3097547575E+000  2.4461984673E+000  1.8936864319E-003  2.4407748552E+000  2.4977562722E+000  2.0996511057E-003  2.2615950678E+000  2.4427153752E+000  1.5526434880E-003  3.3561354714E-004
   1   -71   0    0 -2.9948349011E-001  7.9916993359E+000  1.3734232002E-004  1.9542833522E+000  2.3473961641E+000  1.7173717077E-004  2.0501826195E+000  2.3265930715E+000  6.0909719788E-004  2.1864191251E+000  2.3579593577E+000  1.6785678030E-003  2.3089616821E+000  2.4458394224E+000  1.8939894939E-003  2.4402031056E+000  2.4972025957E+000  2.0992629944E-003  2.2609579120E+000  2.4423533977E+000  1.5535020393E-003  3.3558876114E-004
   1   -72   0    0 -2.8968585298E-001  7.9914135367E+000  1.3780051966E-004  1.9552436082E+000  2.3475685819E+000  1.7383423473E-004  2.0511334411E+000  2.3267318497E+000  6.1039490259E-004  2.1868607028E+000  2.3579693304E+000  1.6799034979E-003  2.3081664148E+000  2.4454793578E+000  1.8942935619E-003  2.4396292923E+000  2.4966469174E+000  2.0988728568E-003  2.2603220671E+000  2.4419905599E+000  1.5543638201E-003  3.3556389397E-004
   1   -73   0    0 -2.7988915547E-001  7.9911287581E+000  1.3826220292E-004  1.9562047019E+000  2.3477420271E+000  1.7594288227E-004  2.0520884678E+000  2.3268718483E+000  6.1169981861E-004  2.1873034130E+000  2.3579799731E+000  1.6812459654E-003  2.3073690983E+000  2.4451183241E+000  1.8945985943E-003  2.4390534863E+000  2.4960893061E+000  2.0984807345E-003  2.2596877287E+000  2.4416269168E+000  1.5552287193E-003  3.3553894897E-004
   1   -74   0    0 -2.7009333389E-001  7.9908450960E+000  1.3872733886E-004  1.9571665197E+000  2.3479164985E+000  1.7806289734E-004  2.0530475039E+000  2.3270130571E+000  6.1301181354E-004  2.1877472386E+000  2.3579913047E+000  1.6825950616E-003  2.3065698762E+000  2.4447563721E+000  1.8949045493E-003  2.4384757592E+000  2.4955298311E+000  2.0980866698E-003  2.2590550929E+000  2.4412625235E+000  1.5560966252E-003  3.3551392948E-004
   1   -75   0    0 -2.6029832388E-001  7.9905626462E+000  1.3919589559E-004  1.9581289500E+000  2.3480919953E+000  1.8019406111E-004  2.0540103503E+000  2.3271554655E+000  6.1433075325E-004  2.1881921635E+000  2.3580033438E+000  1.6839506414E-003  2.3057688936E+000  2.4443935525E+000  1.8952113850E-003  2.4378961827E+000  2.4949685618E+000  2.0976907050E-003  2.2584243558E+000  2.4408974352E+000  1.5569674256E-003  3.3548883887E-004
   1   -76   0    0 -2.5050406047E-001  7.9902815043E+000  1.3966784031E-004  1.9590918829E+000  2.3482685165E+000  1.8233615171E-004  2.0549768038E+000  2.3272990623E+000  6.1565650176E-004  2.1886381730E+000  2.3580161093E+000  1.6853125579E-003  2.3049662964E+000  2.4440299162E+000  1.8955190595E-003  2.4373148290E+000  2.4944055681E+000  2.0972928835E-003  2.2577957139E+000  2.4405317068E+000  1.5578410079E-003  3.3546368050E-004
   1   -77   0    0 -2.4071047812E-001  7.9900017661E+000  1.4014313915E-004  1.9600552101E+000  2.3484460616E+000  1.8448894409E-004  2.0559466582E+000  2.3274438358E+000  6.1698892110E-004  2.1890852529E+000  2.3580296200E+000  1.6866806626E-003  2.3041622318E+000  2.4436655142E+000  1.8958275305E-003  2.4367317707E+000  2.4938409202E+000  2.0968932487E-003  2.2571693631E+000  2.4401653936E+000  1.5587172586E-003  3.3543845776E-004
   1   -78   0    0 -2.3091751075E-001  7.9897235269E+000  1.4062175718E-004  1.9610188250E+000  2.3486246298E+000  1.8665220967E-004  2.0569197038E+000  2.3275897737E+000  6.1832787113E-004  2.1895333902E+000  2.3580438947E+000  1.6880548050E-003  2.3033568478E+000  2.4433003975E+000  1.8961367555E-003  2.4361470805E+000  2.4932746887E+000  2.0964918448E-003  2.2565454994E+000  2.4397985508E+000  1.5595960637E-003  3.3541317407E-004
   1   -79   0    0 -2.2112509180E-001  7.9894468817E+000  1.4110365829E-004  1.9619826222E+000  2.3488042207E+000  1.8882571617E-004  2.0578957276E+000  2.3277368634E+000  6.1967320939E-004  2.1899825723E+000  2.3580589522E+000  1.6894348327E-003  2.3025502935E+000  2.4429346173E+000  1.8964466920E-003  2.4355608318E+000  2.4927069445E+000  2.0960887165E-003  2.2559243180E+000  2.4394312335E+000  1.5604773083E-003  3.3538783284E-004
   1   -80   0    0 -2.1133315425E-001  7.9891719251E+000  1.4158880512E-004  1.9629464976E+000  2.3489848333E+000  1.9100922728E-004  2.0588745140E+000  2.3278850914E+000  6.2102479097E-004  2.1904327871E+000  2.3580748110E+000  1.6908205909E-003  2.3017427187E+000  2.4425682250E+000  1.8967572969E-003  2.4349730986E+000  2.4921377592E+000  2.0956839094E-003  2.2553060135E+000  2.4390634969E+000  1.5613608764E-003  3.3536243752E-004
   1   -81   0    0 -2.0154163071E-001  7.9888987508E+000  1.4207715902E-004  1.9639103483E+000  2.3491664670E+000  1.9320250241E-004  2.0598558442E+000  2.3280344438E+000  6.2238246826E-004  2.1908840229E+000  2.3580914896E+000  1.6922119224E-003  2.3009342741E+000  2.4422012720E+000  1.8970685270E-003  2.4343839550E+000  2.4915672047E+000  2.0952774694E-003  2.2546907795E+000  2.4386953962E+000  1.5622466514E-003  3.3533699156E-004
   1   -82   0    0 -1.9175045343E-001  7.9886274522E+000  1.4256867993E-004  1.9648740724E+000  2.3493491206E+000  1.9540529640E-004  2.0608394970E+000  2.3281849060E+000  6.2374609085E-004  2.1913362683E+000  2.3581090062E+000  1.6936086676E-003  2.3001251109E+000  2.4418338098E+000  1.8973803388E-003  2.4337934761E+000  2.4909953534E+000  2.0948694435E-003  2.2540788084E+000  2.4383269868E+000  1.5631345153E-003  3.3531149845E-004
   1   -83   0    0 -1.8195955436E-001  7.9883581214E+000  1.4306332631E-004  1.9658375686E+000  2.3495327928E+000  1.9761735926E-004  2.0618252485E+000  2.3283364628E+000  6.2511550532E-004  2.1917895118E+000  2.3581273788E+000  1.6950106639E-003  2.2993153812E+000  2.4414658901E+000  1.8976926884E-003  2.4332017372E+000  2.4904222786E+000  2.0944598795E-003  2.2534702915E+000  2.4379583238E+000  1.5640243490E-003  3.3528596168E-004
   1   -84   0    0 -1.7216886519E-001  7.9880908498E+000  1.4356105508E-004  1.9668007367E+000  2.3497174818E+000  1.9983843585E-004  2.0628128729E+000  2.3284890982E+000  6.2649055504E-004  2.1922437420E+000  2.3581466249E+000  1.6964177461E-003  2.2985052375E+000  2.4410975648E+000  1.8980055314E-003  2.4326088147E+000  2.4898480540E+000  2.0940488258E-003  2.2528654183E+000  2.4375894624E+000  1.5649160321E-003  3.3526038479E-004
   1   -85   0    0 -1.6237831740E-001  7.9878257275E+000  1.4406182150E-004  1.9677634766E+000  2.3499031855E+000  2.0206826562E-004  2.0638021420E+000  2.3286427959E+000  6.2787108004E-004  2.1926989470E+000  2.3581667618E+000  1.6978297456E-003  2.2976948328E+000  2.4407288859E+000  1.8983188231E-003  2.4320147852E+000  2.4892727539E+000  2.0936363319E-003  2.2522643768E+000  2.4372204581E+000  1.5658094430E-003  3.3523477131E-004
   1   -86   0    0 -1.5258784232E-001  7.9875628435E+000  1.4456557912E-004  1.9687256890E+000  2.3500899014E+000  2.0430658231E-004  2.0647928260E+000  2.3287975384E+000  6.2925691680E-004  2.1931551146E+000  2.3581878062E+000  1.6992464908E-003  2.2968843206E+000  2.4403599057E+000  1.8986325183E-003  2.4314197264E+000  2.4886964534E+000  2.0932224483E-003  2.2516673526E+000  2.4368513661E+000  1.5667044583E-003  3.3520912483E-004
   1   -87   0    0 -1.4279737119E-001  7.9873022852E+000  1.4507227970E-004  1.9696872744E+000  2.3502776261E+000  2.0655311371E-004  2.0657846931E+000  2.3289533080E+000  6.3064789811E-004  2.1936122320E+000  2.3582097746E+000  1.7006678064E-003  2.2960738545E+000  2.4399906764E+000  1.8989465715E-003  2.4308237165E+000  2.4881192283E+000  2.0928072264E-003  2.2510745296E+000  2.4364822417E+000  1.5676009536E-003  3.3518344893E-004
   1   -88   0    0 -1.3300683516E-001  7.9870441388E+000  1.4558187310E-004  1.9706481338E+000  2.3504663558E+000  2.0880758138E-004  2.0667775104E+000  2.3291100858E+000  6.3204385288E-004  2.1940702858E+000  2.3582326827E+000  1.7020935138E-003  2.2952635886E+000  2.4396212507E+000  1.8992609364E-003  2.4302268347E+000  2.4875411553E+000  2.0923907187E-003  2.2504860889E+000  2.4361131404E+000  1.5684988023E-003  3.3515774724E-004
   1   -89   0    0 -1.2321616541E-001  7.9867884884E+000  1.4609430724E-004  1.9716081679E+000  2.3506560859E+000  2.1106970040E-004  2.0677710436E+000  2.3292678525E+000  6.3344460599E-004  2.1945292614E+000  2.3582565456E+000  1.7035234305E-003  2.2944536770E+000  2.4392516812E+000  1.8995755664E-003  2.4296291609E+000  2.4869623118E+000  2.0919729787E-003  2.2499022091E+000  2.4357441173E+000  1.5693978766E-003  3.3513202341E-004
   1   -90   0    0 -1.1342529316E-001  7.9865354168E+000  1.4660952799E-004  1.9725672772E+000  2.3508468110E+000  2.1333917914E-004  2.0687650576E+000  2.3294265879E+000  6.3484997815E-004  2.1949891434E+000  2.3582813779E+000  1.7049573701E-003  2.2936442739E+000  2.4388820211E+000  1.8998904143E-003  2.4290307760E+000  2.4863827760E+000  2.0915540612E-003  2.2493230658E+000  2.4353752281E+000  1.5702980468E-003  3.3510628112E-004
   1   -91   0    0 -1.0363414975E-001  7.9862850045E+000  1.4712747912E-004  1.9735253620E+000  2.3510385250E+000  2.1561571907E-004  2.0697593163E+000  2.3295862709E+000  6.3625978578E-004  2.1954499151E+000  2.3583071933E+000  1.7063951424E-003  2.2928355333E+000  2.4385123233E+000  1.9002054325E-003  2.4284317617E+000  2.4858026270E+000  2.0911340222E-003  2.2487488317E+000  2.4350065279E+000  1.5711991813E-003  3.3508052406E-004
   1   -92   0    0 -9.3842666662E-002  7.9860373302E+000  1.4764810225E-004  1.9744823220E+000  2.3512312206E+000  2.1789901450E-004  2.0707535832E+000  2.3297468799E+000  6.3767384085E-004  2.1959115583E+000  2.3583340050E+000  1.7078365527E-003  2.2920276094E+000  2.4381426413E+000  1.9005205725E-003  2.4278322006E+000  2.4852219449E+000  2.0907129187E-003  2.2481796759E+000  2.4346380724E+000  1.5721011467E-003  3.3505475597E-004
   1   -93   0    0 -8.4050775632E-002  7.9857924705E+000  1.4817133674E-004  1.9754380565E+000  2.3514248897E+000  2.2018875246E-004  2.0717476215E+000  2.3299083923E+000  6.3909195079E-004  2.1963740537E+000  2.3583618253E+000  1.7092814025E-003  2.2912206557E+000  2.4377730287E+000  1.9008357856E-003  2.4272321762E+000  2.4846408106E+000  2.0902908090E-003  2.2476157642E+000  2.4342699168E+000  1.5730038078E-003  3.3502898062E-004
   1   -94   0    0 -7.4258408659E-002  7.9855504994E+000  1.4869711965E-004  1.9763924640E+000  2.3516195231E+000  2.2248461255E-004  2.0727411943E+000  2.3300707847E+000  6.4051391840E-004  2.1968373798E+000  2.3583906654E+000  1.7107294887E-003  2.2904148259E+000  2.4374035392E+000  1.9011510223E-003  2.4266317732E+000  2.4840593060E+000  2.0898677528E-003  2.2470572584E+000  2.4339021166E+000  1.5739070275E-003  3.3500320179E-004
   1   -95   0    0 -6.4465498093E-002  7.9853114888E+000  1.4922538572E-004  1.9773454422E+000  2.3518151104E+000  2.2478626676E-004  2.0737340650E+000  2.3302340329E+000  6.4193954174E-004  2.1973015139E+000  2.3584205359E+000  1.7121806038E-003  2.2896102728E+000  2.4370342269E+000  1.9014662326E-003  2.4260310770E+000  2.4834775138E+000  2.0894438110E-003  2.2465043164E+000  2.4335347272E+000  1.5748106668E-003  3.3497742330E-004
   1   -96   0    0 -5.4671976682E-002  7.9850755080E+000  1.4975606727E-004  1.9782968879E+000  2.3520116401E+000  2.2709337944E-004  2.0747259973E+000  2.3303981119E+000  6.4336861412E-004  2.1977664311E+000  2.3584514464E+000  1.7136345361E-003  2.2888071490E+000  2.4366651460E+000  1.9017813658E-003  2.4254301741E+000  2.4828955178E+000  2.0890190458E-003  2.2459570919E+000  2.4331678040E+000  1.5757145844E-003  3.3495164900E-004
   1   -97   0    0 -4.4877777643E-002  7.9848426237E+000  1.5028909420E-004  1.9792466971E+000  2.3522090996E+000  2.2940560715E-004  2.0757167557E+000  2.3305629960E+000  6.4480092400E-004  2.1982321045E+000  2.3584834053E+000  1.7150910693E-003  2.2880056063E+000  2.4362963508E+000  1.9020963709E-003  2.4248291521E+000  2.4823134027E+000  2.0885935207E-003  2.2454157341E+000  2.4328014023E+000  1.5766186376E-003  3.3492588277E-004
   1   -98   0    0 -3.5082834718E-002  7.9846128997E+000  1.5082439391E-004  1.9801947645E+000  2.3524074748E+000  2.3172259870E-004  2.0767061056E+000  2.3307286584E+000  6.4623625497E-004  2.1986985053E+000  2.3585164203E+000  1.7165499823E-003  2.2872057957E+000  2.4359278961E+000  1.9024111959E-003  2.4242280993E+000  2.4817312543E+000  2.0881673006E-003  2.2448803875E+000  2.4324355774E+000  1.5775226814E-003  3.3490012851E-004
   1   -99   0    0 -2.5287082240E-002  7.9843863973E+000  1.5136189134E-004  1.9811409839E+000  2.3526067504E+000  2.3404399507E-004  2.0776938133E+000  2.3308950717E+000  6.4767438576E-004  2.1991656021E+000  2.3585504977E+000  1.7180110500E-003  2.2864078676E+000  2.4355598365E+000  1.9027257886E-003  2.4236271052E+000  2.4811491590E+000  2.0877404516E-003  2.2443511919E+000  2.4320703847E+000  1.5784265691E-003  3.3487439015E-004
   1  -100   0    0 -1.5490455196E-002  7.9841631745E+000  1.5190150889E-004  1.9820852480E+000  2.3528069098E+000  2.3636942946E-004  2.0786796468E+000  2.3310622076E+000  6.4911509026E-004  2.1996333617E+000  2.3585856428E+000  1.7194740425E-003  2.2856119710E+000  2.4351922270E+000  1.9030400962E-003  2.4230262603E+000  2.4805672045E+000  2.0873130411E-003  2.2438282819E+000  2.4317058793E+000  1.5793301521E-003  3.3484867165E-004
   1  -101   0    0 -5.6928892883E-003  7.9839432866E+000  1.5244316642E-004  1.9830274481E+000  2.3530079349E+000  2.3869852736E-004  2.0796633757E+000  2.3312300369E+000  6.5055813749E-004  2.2001017483E+000  2.3586218599E+000  1.7209387254E-003  2.2848182544E+000  2.4348251228E+000  1.9033540653E-003  2.4224256559E+000  2.4799854792E+000  2.0868851381E-003  2.2433117868E+000  2.4313421163E+000  1.5802332799E-003  3.3482297698E-004
   1  -102   0    0  4.1056790018E-003  7.9837267857E+000  1.5298678126E-004  1.9839674745E+000  2.3532098064E+000  2.4103090658E-004  2.0806447712E+000  2.3313985298E+000  6.5200329171E-004  2.2005707235E+000  2.3586591519E+000  1.7224048601E-003  2.2840268646E+000  2.4344585791E+000  1.9036676420E-003  2.4218253842E+000  2.4794040725E+000  2.0864568124E-003  2.2428018307E+000  2.4309791507E+000  1.5811358003E-003  3.3479731016E-004
   1  -103   0    0  1.3905312349E-002  7.9835137207E+000  1.5353226822E-004  1.9849052162E+000  2.3534125032E+000  2.4336617741E-004  2.0816236070E+000  2.3315676556E+000  6.5345031247E-004  2.2010402467E+000  2.3586975207E+000  1.7238722036E-003  2.2832379475E+000  2.4340926513E+000  1.9039807720E-003  2.4212255384E+000  2.4788230746E+000  2.0860281355E-003  2.2422985319E+000  2.4306170373E+000  1.5820375595E-003  3.3477167521E-004
   1  -104   0    0  2.3706072521E-002  7.9833041372E+000  1.5407953956E-004  1.9858405609E+000  2.3536160032E+000  2.4570394276E-004  2.0825996588E+000  2.3317373826E+000  6.5489895470E-004  2.2015102746E+000  2.3587369668E+000  1.7253405086E-003  2.2824516475E+000  2.4337273950E+000  1.9042934005E-003  2.4206262127E+000  2.4782425767E+000  2.0855991798E-003  2.2418020030E+000  2.4302558309E+000  1.5829384021E-003  3.3474607618E-004
   1  -105   0    0  3.3508020321E-002  7.9830980776E+000  1.5462850505E-004  1.9867733954E+000  2.3538202824E+000  2.4804379832E-004  2.0835727049E+000  2.3319076788E+000  6.5634896878E-004  2.2019807615E+000  2.3587774896E+000  1.7268095238E-003  2.2816681074E+000  2.4333628657E+000  1.9046054725E-003  2.4200275018E+000  2.4776626705E+000  2.0851700192E-003  2.2413123505E+000  2.4298955860E+000  1.5838381710E-003  3.3472051713E-004
   1  -106   0    0  4.3311215519E-002  7.9828955811E+000  1.5517907199E-004  1.9877036051E+000  2.3540253156E+000  2.5038533280E-004  2.0845425264E+000  2.3320785110E+000  6.5780010075E-004  2.2024516588E+000  2.3588190872E+000  1.7282789939E-003  2.2808874684E+000  2.4329991190E+000  1.9049169324E-003  2.4194295014E+000  2.4770834487E+000  2.0847407286E-003  2.2408296752E+000  2.4295363570E+000  1.5847367081E-003  3.3469500216E-004
   1  -107   0    0  5.3115716798E-002  7.9826966832E+000  1.5573114523E-004  1.9886310741E+000  2.3542310762E+000  2.5272812813E-004  2.0855089074E+000  2.3322498456E+000  6.5925209237E-004  2.2029229156E+000  2.3588617564E+000  1.7297486597E-003  2.2801098704E+000  2.4326362107E+000  1.9052277244E-003  2.4188323078E+000  2.4765050047E+000  2.0843113839E-003  2.2403540712E+000  2.4291781981E+000  1.5856338537E-003  3.3466953536E-004
   1  -108   0    0  6.2921581690E-002  7.9825014161E+000  1.5628462722E-004  1.9895556858E+000  2.3544375358E+000  2.5507175979E-004  2.0864716351E+000  2.3324216481E+000  6.6070468136E-004  2.2033944783E+000  2.3589054927E+000  1.7312182586E-003  2.2793354509E+000  2.4322741965E+000  1.9055377924E-003  2.4182360182E+000  2.4759274324E+000  2.0838820623E-003  2.2398856266E+000  2.4288211630E+000  1.5865294471E-003  3.3464412083E-004
   1  -109   0    0  7.2728866522E-002  7.9823098087E+000  1.5683941808E-004  1.9904773223E+000  2.3546446648E+000  2.5741579705E-004  2.0874305001E+000  2.3325938833E+000  6.6215760152E-004  2.2038662907E+000  2.3589502905E+000  1.7326875242E-003  2.2785643459E+000  2.4319131320E+000  1.9058470801E-003  2.4176407302E+000  2.4753508265E+000  2.0834528418E-003  2.2394244230E+000  2.4284653053E+000  1.5874233264E-003  3.3461876272E-004
   1  -110   0    0  8.2537626355E-002  7.9821218861E+000  1.5739541563E-004  1.9913958647E+000  2.3548524320E+000  2.5975980335E-004  2.0883852966E+000  2.3327665155E+000  6.6361058299E-004  2.2043382939E+000  2.3589961426E+000  1.7341561870E-003  2.2777966894E+000  2.4315530728E+000  1.9061555311E-003  2.4170465420E+000  2.4747752820E+000  2.0830238015E-003  2.2389705355E+000  2.4281106786E+000  1.5883153292E-003  3.3459346513E-004
   1  -111   0    0  9.2347914934E-002  7.9819376701E+000  1.5795251547E-004  1.9923111936E+000  2.3550608050E+000  2.6210333663E-004  2.0893358223E+000  2.3329395084E+000  6.6506335241E-004  2.2048104267E+000  2.3590430407E+000  1.7356239746E-003  2.2770326131E+000  2.4311940746E+000  1.9064630888E-003  2.4164535524E+000  2.4742008946E+000  2.0825950213E-003  2.2385240323E+000  2.4277573355E+000  1.5892052920E-003  3.3456823221E-004
   1  -112   0    0  1.0215978463E-001  7.9817571790E+000  1.5851061109E-004  1.9932231882E+000  2.3552697498E+000  2.6444594970E-004  2.0902818790E+000  2.3331128248E+000  6.6651563321E-004  2.2052826253E+000  2.3590909754E+000  1.7370906118E-003  2.2762722467E+000  2.4308361928E+000  1.9067696966E-003  2.4158618604E+000  2.4736277603E+000  2.0821665819E-003  2.2380849753E+000  2.4274053289E+000  1.5900930509E-003  3.3454306809E-004
   1  -113   0    0  1.1197328640E-001  7.9815804276E+000  1.5906959387E-004  1.9941317276E+000  2.3554792311E+000  2.6678719067E-004  2.0912232726E+000  2.3332864273E+000  6.6796714581E-004  2.2057548233E+000  2.3591399357E+000  1.7385558205E-003  2.2755157176E+000  2.4304794826E+000  1.9070752979E-003  2.4152715655E+000  2.4730559755E+000  2.0817385648E-003  2.2376534194E+000  2.4270547109E+000  1.5909784416E-003  3.3451797690E-004
   1  -114   0    0  1.2178846972E-001  7.9814074272E+000  1.5962935327E-004  1.9950366900E+000  2.3556892121E+000  2.6912660335E-004  2.0921598131E+000  2.3334602778E+000  6.6941760793E-004  2.2062269522E+000  2.3591899096E+000  1.7400193208E-003  2.2747631509E+000  2.4301239991E+000  1.9073798361E-003  2.4146827674E+000  2.4724856366E+000  2.0813110522E-003  2.2372294128E+000  2.4267055333E+000  1.5918612997E-003  3.3449296278E-004
   1  -115   0    0  1.3160538257E-001  7.9812381855E+000  1.6018977683E-004  1.9959379531E+000  2.3558996551E+000  2.7146372773E-004  2.0930913148E+000  2.3336343377E+000  6.7086673481E-004  2.2066989409E+000  2.3592408836E+000  1.7414808304E-003  2.2740146692E+000  2.4297697973E+000  1.9076832549E-003  2.4140955661E+000  2.4719168406E+000  2.0808841266E-003  2.2368129969E+000  2.4263578474E+000  1.5927414604E-003  3.3446802985E-004
   1  -116   0    0  1.4142407133E-001  7.9810727069E+000  1.6075075035E-004  1.9968353943E+000  2.3561105207E+000  2.7379810039E-004  2.0940175965E+000  2.3338085680E+000  6.7231423953E-004  2.2071707164E+000  2.3592928434E+000  1.7429400657E-003  2.2732703925E+000  2.4294169317E+000  1.9079854979E-003  2.4135100615E+000  2.4713496842E+000  2.0804578713E-003  2.2364042062E+000  2.4260117041E+000  1.5936187593E-003  3.3444318222E-004
   1  -117   0    0  1.5124458083E-001  7.9809109925E+000  1.6131215794E-004  1.9977288908E+000  2.3563217685E+000  2.7612925505E-004  2.0949384818E+000  2.3339829294E+000  6.7375983331E-004  2.2076422032E+000  2.3593457732E+000  1.7443967412E-003  2.2725304384E+000  2.4290654567E+000  1.9082865094E-003  2.4129263536E+000  2.4707842643E+000  2.0800323700E-003  2.2360030686E+000  2.4256671538E+000  1.5944930323E-003  3.3441842399E-004
   1  -118   0    0  1.6106695422E-001  7.9807530399E+000  1.6187388220E-004  1.9986183198E+000  2.3565333570E+000  2.7845672301E-004  2.0958537988E+000  2.3341573820E+000  6.7520322580E-004  2.2081133241E+000  2.3593996560E+000  1.7458505708E-003  2.2717949218E+000  2.4287154263E+000  1.9085862335E-003  2.4123445424E+000  2.4702206778E+000  2.0796077064E-003  2.2356096051E+000  2.4253242461E+000  1.5953641157E-003  3.3439375925E-004
   1  -119   0    0  1.7089123300E-001  7.9805988433E+000  1.6243580424E-004  1.9995035583E+000  2.3567452435E+000  2.8078003365E-004  2.0967633805E+000  2.3343318857E+000  6.7664412539E-004  2.2085839996E+000  2.3594544738E+000  1.7473012671E-003  2.2710639549E+000  2.4283668941E+000  1.9088846151E-003  2.4117647275E+000  2.4696590211E+000  2.0791839648E-003  2.2352238299E+000  2.4249830304E+000  1.5962318465E-003  3.3436919204E-004
   1  -120   0    0  1.8071745696E-001  7.9804483938E+000  1.6299780391E-004  2.0003844836E+000  2.3569573844E+000  2.8309871501E-004  2.0976670647E+000  2.3345064003E+000  6.7808223955E-004  2.2090541487E+000  2.3595102076E+000  1.7487485425E-003  2.2703376471E+000  2.4280199132E+000  1.9091815993E-003  2.4111870085E+000  2.4690993908E+000  2.0787612294E-003  2.2348457505E+000  2.4246435551E+000  1.5970960625E-003  3.3434472641E-004
   1  -121   0    0  1.9054566413E-001  7.9803016793E+000  1.6355975984E-004  2.0012609734E+000  2.3571697348E+000  2.8541229427E-004  2.0985646945E+000  2.3346808850E+000  6.7951727513E-004  2.2095236886E+000  2.3595668371E+000  1.7501921091E-003  2.2696161048E+000  2.4276745364E+000  1.9094771319E-003  2.4106114844E+000  2.4685418827E+000  2.0783395846E-003  2.2344753679E+000  2.4243058682E+000  1.5979566027E-003  3.3432036638E-004
   1  -122   0    0  2.0037589081E-001  7.9801586846E+000  1.6412154965E-004  2.0021329058E+000  2.3573822492E+000  2.8772029826E-004  2.0994561177E+000  2.3348552990E+000  6.8094893871E-004  2.2099925347E+000  2.3596243412E+000  1.7516316794E-003  2.2688994319E+000  2.4273308160E+000  1.9097711591E-003  2.4100382538E+000  2.4679865924E+000  2.0779191146E-003  2.2341126765E+000  2.4239700170E+000  1.5988133072E-003  3.3429611590E-004
   1  -123   0    0  2.1020817148E-001  7.9800193913E+000  1.6468305001E-004  2.0030001594E+000  2.3575948812E+000  2.9002225406E-004  2.1003411874E+000  2.3350296014E+000  6.8237693692E-004  2.2104606011E+000  2.3596826976E+000  1.7530669660E-003  2.2681877291E+000  2.4269888037E+000  1.9100636279E-003  2.4094674149E+000  2.4674336151E+000  2.0774999035E-003  2.2337576643E+000  2.4236360480E+000  1.5996660176E-003  3.3427197894E-004
   1  -124   0    0  2.2004253883E-001  7.9798837782E+000  1.6524413682E-004  2.0038626137E+000  2.3578075835E+000  2.9231768951E-004  2.1012197620E+000  2.3352037511E+000  6.8380097678E-004  2.2109278008E+000  2.3597418832E+000  1.7544976826E-003  2.2674810941E+000  2.4266485505E+000  1.9103544858E-003  2.4088990651E+000  2.4668830450E+000  2.0770820352E-003  2.2334103128E+000  2.4233040070E+000  1.6005145769E-003  3.3424795939E-004
   1  -125   0    0  2.2987902373E-001  7.9797518211E+000  1.6580468536E-004  2.0047201492E+000  2.3580203081E+000  2.9460613373E-004  2.1020917048E+000  2.3353777071E+000  6.8522076604E-004  2.2113940452E+000  2.3598018739E+000  1.7559235438E-003  2.2667796216E+000  2.4263101070E+000  1.9106436813E-003  2.4083333011E+000  2.4663349759E+000  2.0766655931E-003  2.2330705975E+000  2.4229739389E+000  1.6013588302E-003  3.3422406112E-004
   1  -126   0    0  2.3971765520E-001  7.9796234933E+000  1.6636457039E-004  2.0055726472E+000  2.3582330065E+000  2.9688711771E-004  2.1029568847E+000  2.3355514282E+000  6.8663601352E-004  2.2118592450E+000  2.3598626449E+000  1.7573442660E-003  2.2660834035E+000  2.4259735230E+000  1.9109311636E-003  2.4077702186E+000  2.4657895006E+000  2.0762506605E-003  2.2327384876E+000  2.4226458882E+000  1.6021986244E-003  3.3420028794E-004
   1  -127   0    0  2.4955846038E-001  7.9794987650E+000  1.6692366633E-004  2.0064199904E+000  2.3584456295E+000  2.9916017480E-004  2.1038151756E+000  2.3357248733E+000  6.8804642941E-004  2.2123233097E+000  2.3599241704E+000  1.7587595669E-003  2.2653925283E+000  2.4256388477E+000  1.9112168828E-003  2.4072099126E+000  2.4652467111E+000  2.0758373198E-003  2.2324139466E+000  2.4223198980E+000  1.6030338085E-003  3.3417664363E-004
   1  -128   0    0  2.5940146460E-001  7.9793776041E+000  1.6748184740E-004  2.0072620628E+000  2.3586581274E+000  3.0142484128E-004  2.1046664569E+000  2.3358980015E+000  6.8945172564E-004  2.2127861483E+000  2.3599864240E+000  1.7601691668E-003  2.2647070815E+000  2.4253061295E+000  1.9115007899E-003  2.4066524770E+000  2.4647066982E+000  2.0754256529E-003  2.2320969322E+000  2.4219960111E+000  1.6038642338E-003  3.3415313191E-004
   1  -129   0    0  2.6924669127E-001  7.9792599760E+000  1.6803898773E-004  2.0080987500E+000  2.3588704503E+000  3.0368065686E-004  2.1055106133E+000  2.3360707718E+000  6.9085161621E-004  2.2132476691E+000  2.3600493786E+000  1.7615727881E-003  2.2640271454E+000  2.4249754161E+000  1.9117828368E-003  2.4060980045E+000  2.4641695520E+000  2.0750157410E-003  2.2317873962E+000  2.4216742689E+000  1.6046897542E-003  3.3412975644E-004
   1  -130   0    0  2.7909416197E-001  7.9791458437E+000  1.6859496158E-004  2.0089299391E+000  2.3590825476E+000  3.0592716525E-004  2.1063475346E+000  2.3362431436E+000  6.9224581749E-004  2.2137077799E+000  2.3601130062E+000  1.7629701560E-003  2.2633527994E+000  2.4246467541E+000  1.9120629767E-003  2.4055465865E+000  2.4636353611E+000  2.0746076646E-003  2.2314852854E+000  2.4213547124E+000  1.6055102261E-003  3.3410652082E-004
   1  -131   0    0  2.8894389639E-001  7.9790351678E+000  1.6914964340E-004  2.0097555190E+000  2.3592943688E+000  3.0816391461E-004  2.1071771161E+000  2.3364150765E+000  6.9363404854E-004  2.2141663882E+000  2.3601772784E+000  1.7643609989E-003  2.2626841193E+000  2.4243201897E+000  1.9123411637E-003  2.4049983134E+000  2.4631042128E+000  2.0742015031E-003  2.2311905410E+000  2.4210373812E+000  1.6063255086E-003  3.3408342859E-004
   1  -132   0    0  2.9879591234E-001  7.9789279070E+000  1.6970290802E-004  2.0105753807E+000  2.3595058630E+000  3.1039045812E-004  2.1079992582E+000  2.3365865301E+000  6.9501603145E-004  2.2146234013E+000  2.3602421662E+000  1.7657450482E-003  2.2620211781E+000  2.4239957679E+000  1.9126173531E-003  2.4044532738E+000  2.4625761932E+000  2.0737973350E-003  2.2309030995E+000  2.4207223141E+000  1.6071354640E-003  3.3406048324E-004
   1  -133   0    0  3.0865022579E-001  7.9788240177E+000  1.7025463083E-004  2.0113894170E+000  2.3597169793E+000  3.1260635441E-004  2.1088138668E+000  2.3367574647E+000  6.9639149162E-004  2.2150787268E+000  2.3603076402E+000  1.7671220392E-003  2.2613640454E+000  2.4236735328E+000  1.9128915013E-003  2.4039115551E+000  2.4620513871E+000  2.0733952378E-003  2.2306228923E+000  2.4204095492E+000  1.6079399575E-003  3.3403768817E-004
   1  -134   0    0  3.1850685083E-001  7.9787234546E+000  1.7080468783E-004  2.0121975231E+000  2.3599276666E+000  3.1481116811E-004  2.1096208529E+000  2.3369278407E+000  6.9776015810E-004  2.2155322720E+000  2.3603736704E+000  1.7684917111E-003  2.2607127877E+000  2.4233535277E+000  1.9131635661E-003  2.4033732431E+000  2.4615298774E+000  2.0729952876E-003  2.2303498463E+000  2.4200991231E+000  1.6087388574E-003  3.3401504672E-004
   1  -135   0    0  3.2836579972E-001  7.9786261705E+000  1.7135295586E-004  2.0129995965E+000  2.3601378740E+000  3.1700447026E-004  2.1104201326E+000  2.3370976190E+000  6.9912176381E-004  2.2159839447E+000  2.3604402264E+000  1.7698538073E-003  2.2600674681E+000  2.4230357947E+000  1.9134335063E-003  2.4028384218E+000  2.4610117456E+000  2.0725975595E-003  2.2300838839E+000  2.4197910716E+000  1.6095320355E-003  3.3399256216E-004
   1  -136   0    0  3.3822708289E-001  7.9785321165E+000  1.7189931270E-004  2.0137955369E+000  2.3603475506E+000  3.1918583879E-004  2.1112116273E+000  2.3372667608E+000  7.0047604591E-004  2.2164336532E+000  2.3605072776E+000  1.7712080754E-003  2.2594281467E+000  2.4227203751E+000  1.9137012823E-003  2.4023071735E+000  2.4604970717E+000  2.0722021273E-003  2.2298249235E+000  2.4194854297E+000  1.6103193670E-003  3.3397023768E-004
   1  -137   0    0  3.4809070895E-001  7.9784412421E+000  1.7244363720E-004  2.0145852469E+000  2.3605566459E+000  3.2135485896E-004  2.1119952633E+000  2.3374352278E+000  7.0182274601E-004  2.2168813063E+000  2.3605747930E+000  1.7725542681E-003  2.2587948804E+000  2.4224073089E+000  1.9139668556E-003  2.4017795789E+000  2.4599859336E+000  2.0718090631E-003  2.2295728795E+000  2.4191822308E+000  1.6111007308E-003  3.3394807638E-004
   1  -138   0    0  3.5795668469E-001  7.9783534955E+000  1.7298580946E-004  2.0153686314E+000  2.3607651094E+000  3.2351112378E-004  2.1127709723E+000  2.3376029825E+000  7.0316161045E-004  2.2173268135E+000  2.3606427413E+000  1.7738921428E-003  2.2581677228E+000  2.4220966353E+000  1.9142301892E-003  2.4012557165E+000  2.4594784076E+000  2.0714184380E-003  2.2293276623E+000  2.4188815076E+000  1.6118760092E-003  3.3392608130E-004
   1  -139   0    0  3.6782501516E-001  7.9782688235E+000  1.7352571088E-004  2.0161455984E+000  2.3609728911E+000  3.2565423442E-004  2.1135386907E+000  2.3377699876E+000  7.0449239060E-004  2.2177700851E+000  2.3607110911E+000  1.7752214622E-003  2.2575467242E+000  2.4217883921E+000  1.9144912475E-003  2.4007356630E+000  2.4589745681E+000  2.0710303211E-003  2.2290891791E+000  2.4185832915E+000  1.6126450886E-003  3.3390425537E-004
   1  -140   0    0  3.7769570362E-001  7.9781871716E+000  1.7406322439E-004  2.0169160586E+000  2.3611799413E+000  3.2778380060E-004  2.1142983599E+000  2.3379362066E+000  7.0581484301E-004  2.2182110326E+000  2.3607798109E+000  1.7765419944E-003  2.2569319320E+000  2.4214826161E+000  1.9147499962E-003  2.4002194931E+000  2.4584744874E+000  2.0706447802E-003  2.2288573338E+000  2.4182876130E+000  1.6134078589E-003  3.3388260146E-004
   1  -141   0    0  3.8756875162E-001  7.9781084842E+000  1.7459823451E-004  2.0176799255E+000  2.3613862108E+000  3.2989944094E-004  2.1150499262E+000  2.3381016034E+000  7.0712872975E-004  2.2186495685E+000  2.3608488691E+000  1.7778535132E-003  2.2563233904E+000  2.4211793430E+000  1.9150064025E-003  2.3997072794E+000  2.4579782360E+000  2.0702618814E-003  2.2286320272E+000  2.4179945011E+000  1.6141642143E-003  3.3386112232E-004
   1  -142   0    0  3.9744415901E-001  7.9780327048E+000  1.7513062748E-004  2.0184371159E+000  2.3615916509E+000  3.3200078337E-004  2.1157933408E+000  2.3382661428E+000  7.0843381856E-004  2.2190856064E+000  2.3609182339E+000  1.7791557982E-003  2.2557211401E+000  2.4208786071E+000  1.9152604352E-003  2.3991990923E+000  2.4574858821E+000  2.0698816890E-003  2.2284131574E+000  2.4177039839E+000  1.6149140528E-003  3.3383982064E-004
   1  -143   0    0  4.0732192394E-001  7.9779597760E+000  1.7566029139E-004  2.0191875497E+000  2.3617962136E+000  3.3408746538E-004  2.1165285594E+000  2.3384297902E+000  7.0972988306E-004  2.2195190614E+000  2.3609878738E+000  1.7804486350E-003  2.2551252192E+000  2.4205804416E+000  1.9155120643E-003  2.3986950000E+000  2.4569974918E+000  2.0695042654E-003  2.2282006197E+000  2.4174160884E+000  1.6156572766E-003  3.3381869900E-004
   1  -144   0    0  4.1720204294E-001  7.9778896397E+000  1.7618711629E-004  2.0199311499E+000  2.3619998514E+000  3.3615913443E-004  2.1172555425E+000  2.3385925116E+000  7.1101670300E-004  2.2199498503E+000  2.3610577570E+000  1.7817318156E-003  2.2545356623E+000  2.4202848786E+000  1.9157612617E-003  2.3981950684E+000  2.4565131291E+000  2.0691296716E-003  2.2279943074E+000  2.4171308400E+000  1.6163937921E-003  3.3379775989E-004
   1  -145   0    0  4.2708451091E-001  7.9778222370E+000  1.7671099433E-004  2.0206678428E+000  2.3622025177E+000  3.3821544815E-004  2.1179742552E+000  2.3387542741E+000  7.1229406441E-004  2.2203778910E+000  2.3611278521E+000  1.7830051381E-003  2.2539525011E+000  2.4199919487E+000  1.9160080005E-003  2.3976993613E+000  2.4560328558E+000  2.0687579662E-003  2.2277941115E+000  2.4168482634E+000  1.6171235099E-003  3.3377700570E-004
   1  -146   0    0  4.3696932120E-001  7.9777575085E+000  1.7723181979E-004  2.0213975580E+000  2.3624041664E+000  3.4025607470E-004  2.1186846671E+000  2.3389150451E+000  7.1356175975E-004  2.2208031037E+000  2.3611981278E+000  1.7842684073E-003  2.2533757642E+000  2.4197016814E+000  1.9162522554E-003  2.3972079398E+000  2.4555567313E+000  2.0683892062E-003  2.2275999212E+000  2.4165683818E+000  1.6178463447E-003  3.3375643872E-004
   1  -147   0    0  4.4685646559E-001  7.9776953944E+000  1.7774948928E-004  2.0221202287E+000  2.3626047525E+000  3.4228069296E-004  2.1193867520E+000  2.3390747932E+000  7.1481958814E-004  2.2212254099E+000  2.3612685528E+000  1.7855214348E-003  2.2528054772E+000  2.4194141047E+000  1.9164940026E-003  2.3967208628E+000  2.4550848126E+000  2.0680234466E-003  2.2274116240E+000  2.4162912173E+000  1.6185622156E-003  3.3373606115E-004
   1  -148   0    0  4.5674593438E-001  7.9776358345E+000  1.7826390173E-004  2.0228357912E+000  2.3628042317E+000  3.4428899282E-004  2.1200804884E+000  2.3392334875E+000  7.1606735544E-004  2.2216447333E+000  2.3613390962E+000  1.7867640390E-003  2.2522416626E+000  2.4191292455E+000  1.9167332199E-003  2.3962381868E+000  2.4546171545E+000  2.0676607402E-003  2.2272291059E+000  2.4160167906E+000  1.6192710462E-003  3.3371587509E-004
   1  -149   0    0  4.6663771640E-001  7.9775787683E+000  1.7877495859E-004  2.0235441857E+000  2.3630025607E+000  3.4628067535E-004  2.1207658587E+000  2.3393910984E+000  7.1730487443E-004  2.2220609995E+000  2.3614097273E+000  1.7879960449E-003  2.2516843401E+000  2.4188471292E+000  1.9169698867E-003  2.3957599657E+000  2.4541538094E+000  2.0673011381E-003  2.2270522520E+000  2.4157451214E+000  1.6199727643E-003  3.3369588251E-004
   1  -150   0    0  4.7653179905E-001  7.9775241354E+000  1.7928256384E-004  2.0242453555E+000  2.3631996971E+000  3.4825545301E-004  2.1214428497E+000  2.3395475967E+000  7.1853196490E-004  2.2224741362E+000  2.3614804159E+000  1.7892172850E-003  2.2511335264E+000  2.4185677801E+000  1.9172039837E-003  2.3952862509E+000  2.4536948271E+000  2.0669446890E-003  2.2268809461E+000  2.4154762280E+000  1.6206673019E-003  3.3367608532E-004
   1  -151   0    0  4.8642816836E-001  7.9774718750E+000  1.7978662408E-004  2.0249392477E+000  2.3633955995E+000  3.5021304982E-004  2.1221114521E+000  2.3397029543E+000  7.1974845381E-004  2.2228840732E+000  2.3615511318E+000  1.7904275986E-003  2.2505892352E+000  2.4182912209E+000  1.9174354934E-003  2.3948170913E+000  2.4532402551E+000  2.0665914396E-003  2.2267150712E+000  2.4152101276E+000  1.6213545957E-003  3.3365648530E-004
   1  -152   0    0  4.9632680903E-001  7.9774219265E+000  1.8028704864E-004  2.0256258132E+000  2.3635902278E+000  3.5215320154E-004  2.1227716606E+000  2.3398571441E+000  7.2095417532E-004  2.2232907427E+000  2.3616218455E+000  1.7916268325E-003  2.2500514776E+000  2.4180174729E+000  1.9176643996E-003  2.3943525332E+000  2.4527901383E+000  2.0662414347E-003  2.2265545099E+000  2.4149468359E+000  1.6220345867E-003  3.3363708412E-004
   1  -153   0    0  5.0622770446E-001  7.9773742294E+000  1.8078374963E-004  2.0263050060E+000  2.3637835426E+000  3.5407565575E-004  2.1234234738E+000  2.3400101397E+000  7.2214897093E-004  2.2236940791E+000  2.3616925278E+000  1.7928148406E-003  2.2495202616E+000  2.4177465564E+000  1.9178906878E-003  2.3938926204E+000  2.4523445192E+000  2.0658947166E-003  2.2263991442E+000  2.4146863677E+000  1.6227072202E-003  3.3361788336E-004
   1  -154   0    0  5.1613083680E-001  7.9773287233E+000  1.8127664201E-004  2.0269767841E+000  2.3639755060E+000  3.5598017201E-004  2.1240668942E+000  2.3401619160E+000  7.2333268955E-004  2.2240940192E+000  2.3617631498E+000  1.7939914843E-003  2.2489955927E+000  2.4174784899E+000  1.9181143450E-003  2.3934373940E+000  2.4519034378E+000  2.0655513258E-003  2.2262488561E+000  2.4144287363E+000  1.6233724459E-003  3.3359888449E-004
   1  -155   0    0  5.2603618702E-001  7.9772853482E+000  1.8176564362E-004  2.0276411090E+000  2.3641660808E+000  3.5786652192E-004  2.1247019278E+000  2.3403124485E+000  7.2450518751E-004  2.2244905021E+000  2.3618336834E+000  1.7951566321E-003  2.2484774733E+000  2.4172132908E+000  1.9183353595E-003  2.3929868926E+000  2.4514669315E+000  2.0652113002E-003  2.2261035272E+000  2.4141739539E+000  1.6240302178E-003  3.3358008888E-004
   1  -156   0    0  5.3594373492E-001  7.9772440443E+000  1.8225067530E-004  2.0282979460E+000  2.3643552316E+000  3.5973448922E-004  2.1253285844E+000  2.3404617137E+000  7.2566632867E-004  2.2248834695E+000  2.3619041008E+000  1.7963101602E-003  2.2479659035E+000  2.4169509751E+000  1.9185537214E-003  2.3925411520E+000  2.4510350351E+000  2.0648746760E-003  2.2259630397E+000  2.4139220312E+000  1.6246804944E-003  3.3356149778E-004
   1  -157   0    0  5.4585345922E-001  7.9772047523E+000  1.8273166087E-004  2.0289472637E+000  2.3645429236E+000  3.6158386981E-004  2.1259468771E+000  2.3406096894E+000  7.2681598443E-004  2.2252728657E+000  2.3619743747E+000  1.7974519522E-003  2.2474608805E+000  2.4166915572E+000  1.9187694219E-003  2.3921002056E+000  2.4506077809E+000  2.0645414870E-003  2.2258272756E+000  2.4136729780E+000  1.6253232383E-003  3.3354311234E-004
   1  -158   0    0  5.5576533757E-001  7.9771674132E+000  1.8320852721E-004  2.0295890347E+000  2.3647291237E+000  3.6341447181E-004  2.1265568226E+000  2.3407563541E+000  7.2795403373E-004  2.2256586374E+000  2.3620444785E+000  1.7985818992E-003  2.2469623990E+000  2.4164350503E+000  1.9189824540E-003  2.3916640839E+000  2.4501851988E+000  2.0642117646E-003  2.2256961177E+000  2.4134268027E+000  1.6259584166E-003  3.3352493362E-004
   1  -159   0    0  5.6567934664E-001  7.9771319689E+000  1.8368120429E-004  2.0302232350E+000  2.3649137997E+000  3.6522611557E-004  2.1271584408E+000  2.3409016873E+000  7.2908036310E-004  2.2260407340E+000  2.3621143861E+000  1.7996998996E-003  2.2464704511E+000  2.4161814662E+000  1.9191928120E-003  2.3912328151E+000  2.4497673161E+000  2.0638855384E-003  2.2255694493E+000  2.4131835125E+000  1.6265860005E-003  3.3350696254E-004
   1  -160   0    0  5.7559546212E-001  7.9770983614E+000  1.8414962522E-004  2.0308498441E+000  2.3650969210E+000  3.6701863363E-004  2.1277517549E+000  2.3410456696E+000  7.3019486665E-004  2.2264191074E+000  2.3621840720E+000  1.8008058594E-003  2.2459850265E+000  2.4159308153E+000  1.9194004915E-003  2.3908064246E+000  2.4493541573E+000  2.0635628356E-003  2.2254471544E+000  2.4129431133E+000  1.6272059654E-003  3.3348919994E-004
   1  -161   0    0  5.8551365882E-001  7.9770665337E+000  1.8461372623E-004  2.0314688453E+000  2.3652784582E+000  3.6879187076E-004  2.1283367912E+000  2.3411882826E+000  7.3129744604E-004  2.2267937123E+000  2.3622535113E+000  1.8018996920E-003  2.2455061124E+000  2.4156831068E+000  1.9196054897E-003  2.3903849351E+000  2.4489457447E+000  2.0632436813E-003  2.2253291179E+000  2.4127056098E+000  1.6278182909E-003  3.3347164656E-004
   1  -162   0    0  5.9543391071E-001  7.9770364294E+000  1.8507344675E-004  2.0320802254E+000  2.3654583830E+000  3.7054568387E-004  2.1289135789E+000  2.3413295089E+000  7.3238801047E-004  2.2271645060E+000  2.3623226799E+000  1.8029813180E-003  2.2450336935E+000  2.4154383482E+000  1.9198078050E-003  2.3899683669E+000  2.4485420981E+000  2.0629280983E-003  2.2252152256E+000  2.4124710056E+000  1.6284229605E-003  3.3345430302E-004
   1  -163   0    0  6.0535619093E-001  7.9770079929E+000  1.8552872937E-004  2.0326839746E+000  2.3656366687E+000  3.7227994197E-004  2.1294821505E+000  2.3414693320E+000  7.3346647666E-004  2.2275314483E+000  2.3623915543E+000  1.8040506656E-003  2.2445677523E+000  2.4151965458E+000  1.9200074372E-003  2.3895567377E+000  2.4481432345E+000  2.0626161075E-003  2.2251053646E+000  2.4122393030E+000  1.6290199619E-003  3.3343716985E-004
   1  -164   0    0  6.1528047190E-001  7.9769811692E+000  1.8597951989E-004  2.0332800866E+000  2.3658132897E+000  3.7399452608E-004  2.1300425409E+000  2.3416077366E+000  7.3453276878E-004  2.2278945020E+000  2.3624601114E+000  1.8051076702E-003  2.2441082689E+000  2.4149577048E+000  1.9202043875E-003  2.3891500625E+000  2.4477491687E+000  2.0623077273E-003  2.2249994232E+000  2.4120105031E+000  1.6296092867E-003  3.3342024746E-004
   1  -165   0    0  6.2520672534E-001  7.9769559043E+000  1.8642576732E-004  2.0338685585E+000  2.3659882219E+000  3.7568932917E-004  2.1305947881E+000  2.3417447081E+000  7.3558681844E-004  2.2282536323E+000  2.3625283293E+000  1.8061522745E-003  2.2436552212E+000  2.4147218288E+000  1.9203986582E-003  2.3887483540E+000  2.4473599130E+000  2.0620029745E-003  2.2248972908E+000  2.4117846061E+000  1.6301909305E-003  3.3340353618E-004
   1  -166   0    0  6.3513492232E-001  7.9769321449E+000  1.8686742387E-004  2.0344493910E+000  2.3661614425E+000  3.7736425603E-004  2.1311389326E+000  2.3418802333E+000  7.3662856455E-004  2.2286088072E+000  2.3625961863E+000  1.8071844281E-003  2.2432085851E+000  2.4144889201E+000  1.9205902531E-003  2.3883516221E+000  2.4469754773E+000  2.0617018632E-003  2.2247988584E+000  2.4115616106E+000  1.6307648925E-003  3.3338703623E-004
   1  -167   0    0  6.4506503333E-001  7.9769098389E+000  1.8730444493E-004  2.0350225878E+000  2.3663329301E+000  3.7901922313E-004  2.1316750173E+000  2.3420142996E+000  7.3765795333E-004  2.2289599974E+000  2.3626636617E+000  1.8082040880E-003  2.2427683340E+000  2.4142589797E+000  1.9207791770E-003  2.3879598746E+000  2.4465958688E+000  2.0614044060E-003  2.2247040186E+000  2.4113415144E+000  1.6313311759E-003  3.3337074774E-004
   1  -168   0    0  6.5499702831E-001  7.9768889348E+000  1.8773678910E-004  2.0355881561E+000  2.3665026643E+000  3.8065415853E-004  2.1322030879E+000  2.3421468957E+000  7.3867493819E-004  2.2293071760E+000  2.3627307354E+000  1.8092112180E-003  2.2423344396E+000  2.4140320076E+000  1.9209654360E-003  2.3875731165E+000  2.4462210928E+000  2.0611106131E-003  2.2246126654E+000  2.4111243141E+000  1.6318897873E-003  3.3335467072E-004
   1  -169   0    0  6.6493087670E-001  7.9768693822E+000  1.8816441816E-004  2.0361461062E+000  2.3666706265E+000  3.8226900171E-004  2.1327231923E+000  2.3422780111E+000  7.3967947962E-004  2.2296503191E+000  2.3627973882E+000  1.8102057888E-003  2.2419068713E+000  2.4138080021E+000  1.9211490375E-003  2.3871913506E+000  2.4458511520E+000  2.0608204927E-003  2.2245246945E+000  2.4109100051E+000  1.6324407371E-003  3.3333880511E-004
   1  -170   0    0  6.7486654752E-001  7.9768511317E+000  1.8858729703E-004  2.0366964517E+000  2.3668367992E+000  3.8386370339E-004  2.1332353806E+000  2.3424076363E+000  7.4067154514E-004  2.2299894052E+000  2.3628636014E+000  1.8111877779E-003  2.2414855969E+000  2.4135869606E+000  1.9213299898E-003  2.3868145773E+000  2.4454860469E+000  2.0605340513E-003  2.2244400034E+000  2.4106985818E+000  1.6329840392E-003  3.3332315074E-004
   1  -171   0    0  6.8480400937E-001  7.9768341348E+000  1.8900539377E-004  2.0372392092E+000  2.3670011661E+000  3.8543822535E-004  2.1337397053E+000  2.3425357628E+000  7.4165110913E-004  2.2303244153E+000  2.3629293572E+000  1.8121571696E-003  2.2410705820E+000  2.4133688791E+000  1.9215083024E-003  2.3864427946E+000  2.4451257756E+000  2.0602512930E-003  2.2243584913E+000  2.4104900375E+000  1.6335197106E-003  3.3330770737E-004
   1  -172   0    0  6.9474323052E-001  7.9768183441E+000  1.8941867954E-004  2.0377743983E+000  2.3671637125E+000  3.8699254030E-004  2.1342362207E+000  2.3426623830E+000  7.4261815280E-004  2.2306553331E+000  2.3629946383E+000  1.8131139546E-003  2.2406617906E+000  2.4131537525E+000  1.9216839859E-003  2.3860759985E+000  2.4447703342E+000  2.0599722205E-003  2.2242800594E+000  2.4102843645E+000  1.6340477721E-003  3.3329247464E-004
   1  -173   0    0  7.0468417895E-001  7.9768037133E+000  1.8982712859E-004  2.0383020416E+000  2.3673244248E+000  3.8852663161E-004  2.1347249835E+000  2.3427874903E+000  7.4357266397E-004  2.2309821447E+000  2.3630594285E+000  1.8140581300E-003  2.2402591847E+000  2.4129415744E+000  1.9218570519E-003  2.3857141824E+000  2.4444197166E+000  2.0596968342E-003  2.2242046105E+000  2.4100815539E+000  1.6345682473E-003  3.3327745212E-004
   1  -174   0    0  7.1462682237E-001  7.9767901969E+000  1.9023071819E-004  2.0388221645E+000  2.3674832907E+000  3.9004049313E-004  2.1352060520E+000  2.3429110790E+000  7.4451463702E-004  2.2313048389E+000  2.3631237121E+000  1.8149896993E-003  2.2398627248E+000  2.4127323375E+000  1.9220275131E-003  2.3853573377E+000  2.4440739144E+000  2.0594251329E-003  2.2241320495E+000  2.4098815962E+000  1.6350811632E-003  3.3326263929E-004
   1  -175   0    0  7.2457112830E-001  7.9767777507E+000  1.9062942861E-004  2.0393347954E+000  2.3676402991E+000  3.9153412898E-004  2.1356794864E+000  2.3430331443E+000  7.4544407273E-004  2.2316234068E+000  2.3631874740E+000  1.8159086721E-003  2.2394723698E+000  2.4125260331E+000  1.9221953829E-003  2.3850054536E+000  2.4437329173E+000  2.0591571135E-003  2.2240622833E+000  2.4096844804E+000  1.6355865497E-003  3.3324803555E-004
   1  -176   0    0  7.3451706409E-001  7.9767663314E+000  1.9102324310E-004  2.0398399652E+000  2.3677954405E+000  3.9300755333E-004  2.1361453487E+000  2.3431536822E+000  7.4636097812E-004  2.2319378417E+000  2.3632507002E+000  1.8168150641E-003  2.2390880769E+000  2.4123226514E+000  1.9223606759E-003  2.3846585174E+000  2.4433967129E+000  2.0588927711E-003  2.2239952207E+000  2.4094901950E+000  1.6360844398E-003  3.3323364020E-004
   1  -177   0    0  7.4446459698E-001  7.9767558970E+000  1.9141214779E-004  2.0403377076E+000  2.3679487063E+000  3.9446079012E-004  2.1366037026E+000  2.3432726898E+000  7.4726536634E-004  2.2322481395E+000  2.3633133772E+000  1.8177088967E-003  2.2387098017E+000  2.4121221818E+000  1.9225234074E-003  2.3843165141E+000  2.4430652869E+000  2.0586320994E-003  2.2239307725E+000  2.4092987272E+000  1.6365748691E-003  3.3321945249E-004
   1  -178   0    0  7.5441369413E-001  7.9767464062E+000  1.9179613169E-004  2.0408280589E+000  2.3681000891E+000  3.9589387286E-004  2.1370546131E+000  2.3433901648E+000  7.4815725650E-004  2.2325542984E+000  2.3633754921E+000  1.8185901972E-003  2.2383374986E+000  2.4119246125E+000  1.9226835938E-003  2.3839794268E+000  2.4427386231E+000  2.0583750899E-003  2.2238688516E+000  2.4091100636E+000  1.6370578761E-003  3.3320547156E-004
   1  -179   0    0  7.6436432266E-001  7.9767378191E+000  1.9217518662E-004  2.0413110577E+000  2.3682495828E+000  3.9730684437E-004  2.1374981471E+000  2.3435061060E+000  7.4903667351E-004  2.2328563187E+000  2.3634370331E+000  1.8194589983E-003  2.2379711204E+000  2.4117299306E+000  1.9228412521E-003  2.3836472369E+000  2.4424167033E+000  2.0581217330E-003  2.2238093728E+000  2.4089241898E+000  1.6375335019E-003  3.3319169650E-004
   1  -180   0    0  7.7431644970E-001  7.9767300967E+000  1.9254930713E-004  2.0417867452E+000  2.3683971827E+000  3.9869975649E-004  2.1379343725E+000  2.3436205129E+000  7.4990364794E-004  2.2331542030E+000  2.3634979887E+000  1.8203153382E-003  2.2376106188E+000  2.4115381222E+000  1.9229964001E-003  2.3833199236E+000  2.4420995076E+000  2.0578720173E-003  2.2237522530E+000  2.4087410905E+000  1.6380017903E-003  3.3317812632E-004
   1  -181   0    0  7.8427004242E-001  7.9767232013E+000  1.9291849050E-004  2.0422551649E+000  2.3685428848E+000  4.0007266986E-004  2.1383633588E+000  2.3437333856E+000  7.5075821585E-004  2.2334479560E+000  2.3635583483E+000  1.8211592603E-003  2.2372559440E+000  2.4113491728E+000  1.9231490565E-003  2.3829974646E+000  2.4417870143E+000  2.0576259297E-003  2.2236974113E+000  2.4085607496E+000  1.6384627872E-003  3.3316475994E-004
   1  -182   0    0  7.9422506808E-001  7.9767170958E+000  1.9328273661E-004  2.0427163623E+000  2.3686866866E+000  4.0142565366E-004  2.1387851766E+000  2.3438447254E+000  7.5160041862E-004  2.2337375846E+000  2.3636181020E+000  1.8219908131E-003  2.2369070451E+000  2.4111630665E+000  1.9232992405E-003  2.3826798356E+000  2.4414792001E+000  2.0573834560E-003  2.2236447686E+000  2.4083831503E+000  1.6389165412E-003  3.3315159624E-004
   1  -183   0    0  8.0418149403E-001  7.9767117446E+000  1.9364204793E-004  2.0431703854E+000  2.3688285864E+000  4.0275878529E-004  2.1391998977E+000  2.3439545341E+000  7.5243030279E-004  2.2340230975E+000  2.3636772406E+000  1.8228100500E-003  2.2365638702E+000  2.4109797868E+000  1.9234469722E-003  2.3823670108E+000  2.4411760400E+000  2.0571445802E-003  2.2235942480E+000  2.4082082749E+000  1.6393631029E-003  3.3313863403E-004
   1  -184   0    0  8.1413928780E-001  7.9767071131E+000  1.9399642946E-004  2.0436172841E+000  2.3689685838E+000  4.0407215013E-004  2.1396075948E+000  2.3440628142E+000  7.5324791990E-004  2.2343045056E+000  2.3637357554E+000  1.8236170291E-003  2.2362263661E+000  2.4107993163E+000  1.9235922722E-003  2.3820589626E+000  2.4408775074E+000  2.0569092852E-003  2.2235457746E+000  2.4080361049E+000  1.6398025251E-003  3.3312587203E-004
   1  -185   0    0  8.2409841707E-001  7.9767031674E+000  1.9434588859E-004  2.0440571101E+000  2.3691066794E+000  4.0536584126E-004  2.1400083419E+000  2.3441695692E+000  7.5405332629E-004  2.2345818214E+000  2.3637936386E+000  1.8244118132E-003  2.2358944788E+000  2.4106216367E+000  1.9237351617E-003  2.3817556622E+000  2.4405835742E+000  2.0566775525E-003  2.2234992755E+000  2.4078666214E+000  1.6402348626E-003  3.3311330893E-004
   1  -186   0    0  8.3405884976E-001  7.9766998751E+000  1.9469043514E-004  2.0444899173E+000  2.3692428748E+000  4.0663995918E-004  2.1404022138E+000  2.3442748030E+000  7.5484658295E-004  2.2348550597E+000  2.3638508828E+000  1.8251944693E-003  2.2355681532E+000  2.4104467290E+000  1.9238756625E-003  2.3814570787E+000  2.4402942109E+000  2.0564493621E-003  2.2234546798E+000  2.4076998045E+000  1.6406601723E-003  3.3310094335E-004
   1  -187   0    0  8.4402055400E-001  7.9766972045E+000  1.9503008121E-004  2.0449157613E+000  2.3693771725E+000  4.0789461151E-004  2.1407892861E+000  2.3443785203E+000  7.5562775535E-004  2.2351242366E+000  2.3639074815E+000  1.8259650688E-003  2.2352473333E+000  2.4102745732E+000  1.9240137971E-003  2.3811631804E+000  2.4400093865E+000  2.0562246931E-003  2.2234119186E+000  2.4075356338E+000  1.6410785127E-003  3.3308877385E-004
   1  -188   0    0  8.5398349821E-001  7.9766951249E+000  1.9536484112E-004  2.0453346992E+000  2.3695095761E+000  4.0912991274E-004  2.1411696351E+000  2.3444807264E+000  7.5639691325E-004  2.2353893701E+000  2.3639634286E+000  1.8267236870E-003  2.2349319623E+000  2.4101051490E+000  1.9241495883E-003  2.3808739338E+000  2.4397290687E+000  2.0560035233E-003  2.2233709249E+000  2.4073740882E+000  1.6414899443E-003  3.3307679894E-004
   1  -189   0    0  8.6394765111E-001  7.9766936068E+000  1.9569473139E-004  2.0457467900E+000  2.3696400900E+000  4.1034598394E-004  2.1415433380E+000  2.3445814275E+000  7.5715413054E-004  2.2356504800E+000  2.3640187186E+000  1.8274704033E-003  2.2346219829E+000  2.4099384349E+000  1.9242830593E-003  2.3805893041E+000  2.4394532241E+000  2.0557858292E-003  2.2233316339E+000  2.4072151460E+000  1.6418945288E-003  3.3306501708E-004
   1  -190   0    0  8.7391298170E-001  7.9766926216E+000  1.9601977061E-004  2.0461520941E+000  2.3697687196E+000  4.1154295247E-004  2.1419104725E+000  2.3446806301E+000  7.5789948505E-004  2.2359075876E+000  2.3640733469E+000  1.8282053006E-003  2.2343173365E+000  2.4097744092E+000  1.9244142341E-003  2.3803092556E+000  2.4391818178E+000  2.0555715865E-003  2.2232939824E+000  2.4070587851E+000  1.6422923300E-003  3.3305342668E-004
   1  -191   0    0  8.8387945937E-001  7.9766921416E+000  1.9633997939E-004  2.0465506735E+000  2.3698954711E+000  4.1272095167E-004  2.1422711169E+000  2.3447783414E+000  7.5863305837E-004  2.2361607155E+000  2.3641273091E+000  1.8289284655E-003  2.2340179645E+000  2.4096130492E+000  1.9245431367E-003  2.3800337509E+000  2.4389148138E+000  2.0553607696E-003  2.2232579094E+000  2.4069049826E+000  1.6426834128E-003  3.3304202610E-004
   1  -192   0    0  8.9384705385E-001  7.9766921401E+000  1.9665538029E-004  2.0469425914E+000  2.3700203517E+000  4.1388012067E-004  2.1426253500E+000  2.3448745691E+000  7.5935493574E-004  2.2364098881E+000  2.3641806015E+000  1.8296399878E-003  2.2337238072E+000  2.4094543318E+000  1.9246697918E-003  2.3797627519E+000  2.4386521752E+000  2.0551533522E-003  2.2232233554E+000  2.4067537153E+000  1.6430678435E-003  3.3303081367E-004
   1  -193   0    0  9.0381573524E-001  7.9766925912E+000  1.9696599775E-004  2.0473279123E+000  2.3701433692E+000  4.1502060401E-004  2.1429732510E+000  2.3449693217E+000  7.6006520577E-004  2.2366551310E+000  2.3642332211E+000  1.8303399606E-003  2.2334348046E+000  2.4092982333E+000  1.9247942243E-003  2.3794962192E+000  2.4383938639E+000  2.0549493068E-003  2.2231902631E+000  2.4066049594E+000  1.6434456897E-003  3.3301978767E-004
   1  -194   0    0  9.1378547407E-001  7.9766934702E+000  1.9727185799E-004  2.0477067021E+000  2.3702645323E+000  4.1614255142E-004  2.1433148996E+000  2.3450626078E+000  7.6076396036E-004  2.2368964711E+000  2.3642851653E+000  1.8310284801E-003  2.2331508961E+000  2.4091447294E+000  1.9249164593E-003  2.3792341125E+000  2.4381398409E+000  2.0547486053E-003  2.2231585767E+000  2.4064586906E+000  1.6438170202E-003  3.3300894634E-004
   1  -195   0    0  9.2375624127E-001  7.9766947530E+000  1.9757298899E-004  2.0480790276E+000  2.3703838503E+000  4.1724611754E-004  2.1436503756E+000  2.3451544370E+000  7.6145129451E-004  2.2371339366E+000  2.3643364319E+000  1.8317056453E-003  2.2328720207E+000  2.4089937953E+000  1.9250365224E-003  2.3789763903E+000  2.4378900660E+000  2.0545512184E-003  2.2231282425E+000  2.4063148844E+000  1.6441819048E-003  3.3299828788E-004
   1  -196   0    0  9.3372800821E-001  7.9766964165E+000  1.9786942034E-004  2.0484449567E+000  2.3705013335E+000  4.1833146166E-004  2.1439797592E+000  2.3452448189E+000  7.6212730610E-004  2.2373675571E+000  2.3643870195E+000  1.8323715580E-003  2.2325981171E+000  2.4088454059E+000  1.9251544395E-003  2.3787230106E+000  2.4376444986E+000  2.0543571164E-003  2.2230992083E+000  2.4061735157E+000  1.6445404144E-003  3.3298781047E-004
   1  -197   0    0  9.4370074670E-001  7.9766984386E+000  1.9816118324E-004  2.0488045583E+000  2.3706169926E+000  4.1939874743E-004  2.1443031307E+000  2.3453337639E+000  7.6279209580E-004  2.2375973630E+000  2.3644369269E+000  1.8330263223E-003  2.2323291236E+000  2.4086995354E+000  1.9252702363E-003  2.3784739303E+000  2.4374030970E+000  2.0541662686E-003  2.2230714235E+000  2.4060345591E+000  1.6448926207E-003  3.3297751224E-004
   1  -198   0    0  9.5367442903E-001  7.9767007977E+000  1.9844831039E-004  2.0491579023E+000  2.3707308391E+000  4.2044814259E-004  2.1446205706E+000  2.3454212827E+000  7.6344576686E-004  2.2378233861E+000  2.3644861536E+000  1.8336700449E-003  2.2320649781E+000  2.4085561577E+000  1.9253839393E-003  2.3782291056E+000  2.4371658186E+000  2.0539786438E-003  2.2230448396E+000  2.4058979888E+000  1.6452385964E-003  3.3296739131E-004
   1  -199   0    0  9.6364902794E-001  7.9767034734E+000  1.9873083590E-004  2.0495050592E+000  2.3708428851E+000  4.2147981877E-004  2.1449321595E+000  2.3455073864E+000  7.6408842496E-004  2.2380456589E+000  2.3645346993E+000  1.8343028348E-003  2.2318056184E+000  2.4084152464E+000  1.9254955748E-003  2.3779884919E+000  2.4369326205E+000  2.0537942099E-003  2.2230194093E+000  2.4057637788E+000  1.6455784146E-003  3.3295744575E-004
   1  -200   0    0  9.7362451667E-001  7.9767064458E+000  1.9900879528E-004  2.0498461003E+000  2.3709531433E+000  4.2249395117E-004  2.1452379780E+000  2.3455920865E+000  7.6472017806E-004  2.2382642152E+000  2.3645825644E+000  1.8349248028E-003  2.2315509821E+000  2.4082767747E+000  1.9256051693E-003  2.3777520439E+000  2.4367034588E+000  2.0536129345E-003  2.2229950870E+000  2.4056319026E+000  1.6459121495E-003  3.3294767364E-004
   1  -201   0    0  9.8360086894E-001  7.9767096959E+000  1.9928222530E-004  2.0501810977E+000  2.3710616270E+000  4.2349071834E-004  2.1455381066E+000  2.3456753949E+000  7.6534113622E-004  2.2384790894E+000  2.3646297496E+000  1.8355360618E-003  2.2313010065E+000  2.4081407153E+000  1.9257127494E-003  2.3775197160E+000  2.4364782892E+000  2.0534347844E-003  2.2229718289E+000  2.4055023337E+000  1.6462398757E-003  3.3293807300E-004
   1  -202   0    0  9.9357805898E-001  7.9767132056E+000  1.9955116396E-004  2.0505101240E+000  2.3711683499E+000  4.2447030194E-004  2.1458326258E+000  2.3457573238E+000  7.6595141148E-004  2.2386903169E+000  2.3646762560E+000  1.8361367267E-003  2.2310556291E+000  2.4080070409E+000  1.9258183421E-003  2.3772914617E+000  2.4362570668E+000  2.0532597260E-003  2.2229495923E+000  2.4053750451E+000  1.6465616682E-003  3.3292864185E-004
   1  -203  -4    2  9.9999990822E-001  7.9767155934E+000  1.9972189817E-004  2.0507187643E+000  2.3712361132E+000  4.2509176873E-004  2.1460192518E+000  2.3458093302E+000  7.6633859324E-004  2.2388243531E+000  2.3647058296E+000  1.8365177711E-003  2.2309001046E+000  2.4079222552E+000  1.9258852638E-003  2.3771466877E+000  2.4361167524E+000  2.0531486761E-003  2.2229358019E+000  2.4052943145E+000  1.6467656738E-003  3.3292266058E-004
