    
   1    -1   0    0   9.9999998937E-01   7.9380700675E+00   1.6970486235E-04   2.0203013207E+00   2.3625925468E+00   1.6521026863E-04   2.1091971428E+00   2.3249444685E+00   1.9528892551E-04   2.2064519386E+00   2.3735319787E+00   1.5473545445E-03   2.2090823563E+00   2.4064108244E+00   1.8066063087E-03   2.3965525485E+00   2.4549453195E+00   2.1238510102E-03   2.1946238426E+00   2.3949670731E+00   1.3524146793E-03   3.3395133618E-04
   1    -2   0    0   9.8002065846E-01   7.9386446090E+00   1.6943282805E-04   2.0200930713E+00   2.3627749160E+00   1.6533943459E-04   2.1090289894E+00   2.3251787804E+00   1.9607353248E-04   2.2063247129E+00   2.3737427368E+00   1.5474837105E-03   2.2095954417E+00   2.4066851081E+00   1.8066836063E-03   2.3968553398E+00   2.4552397284E+00   2.1238357066E-03   2.1947283417E+00   2.3952466223E+00   1.3526383463E-03   3.3397008869E-04
   1    -3   0    0   9.7003159556E-01   7.9389404288E+00   1.6929326897E-04   2.0199861267E+00   2.3628688841E+00   1.6540576160E-04   2.1089422205E+00   2.3252994020E+00   1.9647627548E-04   2.2062596120E+00   2.3738512690E+00   1.5475500375E-03   2.2098593629E+00   2.4068261959E+00   1.8067232897E-03   2.3970108999E+00   2.4553909836E+00   2.1238278476E-03   2.1947828090E+00   2.3953904134E+00   1.3527531775E-03   3.3397973169E-04
   1    -4   0    0   9.6004295276E-01   7.9392420675E+00   1.6915131711E-04   2.0198772722E+00   2.3629647491E+00   1.6547326920E-04   2.1088536099E+00   2.3254223814E+00   1.9688607967E-04   2.2061935132E+00   2.3739619477E+00   1.5476175451E-03   2.2101282980E+00   2.4069699643E+00   1.8067636732E-03   2.3971692826E+00   2.4555449845E+00   2.1238198481E-03   2.1948388122E+00   2.3955369330E+00   1.3528700372E-03   3.3398955581E-04
   1    -5   0    0   9.5005473487E-01   7.9395493348E+00   1.6900698406E-04   2.0197664370E+00   2.3630624272E+00   1.6554195415E-04   2.1087630537E+00   2.3255476330E+00   1.9730291974E-04   2.2061263570E+00   2.3740746881E+00   1.5476862300E-03   2.2104022410E+00   2.4071163246E+00   1.8068047544E-03   2.3973305059E+00   2.4557017474E+00   2.1238117087E-03   2.1948963194E+00   2.3956860922E+00   1.3529889189E-03   3.3399955763E-04
   1    -6   0    0   9.4006694692E-01   7.9398620522E+00   1.6886028044E-04   2.0196535526E+00   2.3631618397E+00   1.6561181371E-04   2.1086704500E+00   2.3256750762E+00   1.9772677332E-04   2.2060580866E+00   2.3741894102E+00   1.5477560896E-03   2.2106811892E+00   2.4072651932E+00   1.8068465315E-03   2.3974945883E+00   2.4558612888E+00   2.1238034295E-03   2.1949553031E+00   2.3958378071E+00   1.3531098170E-03   3.3400973398E-04
   1    -7   0    0   9.3007961360E-01   7.9401806186E+00   1.6871114625E-04   2.0195386506E+00   2.3632631438E+00   1.6568287881E-04   2.1085758369E+00   2.3258048799E+00   1.9815782233E-04   2.2059887606E+00   2.3743062777E+00   1.5478271547E-03   2.2109652987E+00   2.4074167463E+00   1.8068890225E-03   2.3976615816E+00   2.4560236608E+00   2.1237950070E-03   2.1950158941E+00   2.3959922553E+00   1.3532327844E-03   3.3402009375E-04
   1    -8   0    0   9.2009274266E-01   7.9405049220E+00   1.6855958514E-04   2.0194216746E+00   2.3633662880E+00   1.6575515017E-04   2.1084791275E+00   2.3259369922E+00   1.9859606502E-04   2.2059183364E+00   2.3744252385E+00   1.5478994261E-03   2.2112545847E+00   2.4075709298E+00   1.8069322276E-03   2.3978315072E+00   2.4561888833E+00   2.1237864409E-03   2.1950780854E+00   2.3961493826E+00   1.3533578212E-03   3.3403063513E-04
   1    -9   0    0   9.1010635151E-01   7.9408351235E+00   1.6840556776E-04   2.0193026154E+00   2.3634713325E+00   1.6582864429E-04   2.1083803007E+00   2.3260714791E+00   1.9904159530E-04   2.2058468265E+00   2.3745463560E+00   1.5479729202E-03   2.2115491375E+00   2.4077278124E+00   1.8069761562E-03   2.3980044025E+00   2.4563569930E+00   2.1237777294E-03   2.1951419452E+00   2.3963092585E+00   1.3534849552E-03   3.3404136199E-04
   1   -10   0    0   9.0012045581E-01   7.9411713228E+00   1.6824907302E-04   2.0191814538E+00   2.3635783125E+00   1.6590337380E-04   2.1082793197E+00   2.3262083799E+00   1.9949448344E-04   2.2057742314E+00   2.3746696674E+00   1.5480476497E-03   2.2118490303E+00   2.4078874350E+00   1.8070208155E-03   2.3981803004E+00   2.4565280221E+00   2.1237688708E-03   2.1952075268E+00   2.3964719242E+00   1.3536142074E-03   3.3405227691E-04
   1   -11   0    0   8.9013507065E-01   7.9415135942E+00   1.6809008372E-04   2.0190581662E+00   2.3636872527E+00   1.6597934956E-04   2.1081761411E+00   2.3263477230E+00   1.9995478878E-04   2.2057005477E+00   2.3747951993E+00   1.5481236255E-03   2.2121543292E+00   2.4080498267E+00   1.8070662117E-03   2.3983592323E+00   2.4567020010E+00   2.1237598639E-03   2.1952748774E+00   2.3966374094E+00   1.3537455955E-03   3.3406338193E-04
   1   -12   0    0   8.8015021139E-01   7.9418620114E+00   1.6792858346E-04   2.0189327297E+00   2.3637981777E+00   1.6605658213E-04   2.1080707208E+00   2.3264895365E+00   2.0042256855E-04   2.2056257721E+00   2.3749229782E+00   1.5482008580E-03   2.2124650995E+00   2.4082150161E+00   1.8071123506E-03   2.3985412287E+00   2.4568789594E+00   2.1237507074E-03   2.1953440456E+00   2.3968057431E+00   1.3538791369E-03   3.3407467905E-04
   1   -13   0    0   8.7016589368E-01   7.9422166475E+00   1.6776455673E-04   2.0188051213E+00   2.3639111120E+00   1.6613508169E-04   2.1079630138E+00   2.3266338479E+00   2.0089787771E-04   2.2055499022E+00   2.3750530299E+00   1.5482793576E-03   2.2127814063E+00   2.4083830315E+00   1.8071592380E-03   2.3987263198E+00   2.4570589267E+00   2.1237414001E-03   2.1954150814E+00   2.3969769539E+00   1.3540148482E-03   3.3408617022E-04
   1   -14   0    0   8.6018213346E-01   7.9425775751E+00   1.6759798890E-04   2.0186753187E+00   2.3640260798E+00   1.6621485810E-04   2.1078529744E+00   2.3267806846E+00   2.0138076890E-04   2.2054729361E+00   2.3751853804E+00   1.5483591340E-03   2.2131033142E+00   2.4085539005E+00   1.8072068793E-03   2.3989145350E+00   2.4572419314E+00   2.1237319406E-03   2.1954880358E+00   2.3971510698E+00   1.3541527454E-03   3.3409785738E-04
   1   -15   0    0   8.5019894695E-01   7.9429448660E+00   1.6742886630E-04   2.0185432997E+00   2.3641431053E+00   1.6629592082E-04   2.1077405564E+00   2.3269300736E+00   2.0187129229E-04   2.2053948726E+00   2.3753200551E+00   1.5484401967E-03   2.2134308870E+00   2.4087276501E+00   1.8072552797E-03   2.3991059031E+00   2.4574280017E+00   2.1237223280E-03   2.1955629610E+00   2.3973281182E+00   1.3542928439E-03   3.3410974242E-04
   1   -16   0    0   8.4021635062E-01   7.9433185914E+00   1.6725717625E-04   2.0184090428E+00   2.3642622121E+00   1.6637827890E-04   2.1076257127E+00   2.3270820414E+00   2.0236949542E-04   2.2053157113E+00   2.3754570792E+00   1.5485225548E-03   2.2137641880E+00   2.4089043069E+00   1.8073044443E-03   2.3993004523E+00   2.4576171647E+00   2.1237125611E-03   2.1956399108E+00   2.3975081260E+00   1.3544351582E-03   3.3412182720E-04
   1   -17   0    0   8.3023436120E-01   7.9436988214E+00   1.6708290708E-04   2.0182725266E+00   2.3643834240E+00   1.6646194101E-04   2.1075083953E+00   2.3272366141E+00   2.0287542315E-04   2.2052354524E+00   2.3755964774E+00   1.5486062169E-03   2.2141032797E+00   2.4090838967E+00   1.8073543777E-03   2.3994982101E+00   2.4578094472E+00   2.1237026388E-03   2.1957189401E+00   2.3976911193E+00   1.3545797023E-03   3.3413411352E-04
   1   -18   0    0   8.2025299570E-01   7.9440856256E+00   1.6690604820E-04   2.0181337305E+00   2.3645067642E+00   1.6654691533E-04   2.1073885559E+00   2.3273938172E+00   2.0338911748E-04   2.2051540968E+00   2.3757382742E+00   1.5486911912E-03   2.2144482239E+00   2.4092664447E+00   1.8074050844E-03   2.3996992029E+00   2.4580048751E+00   2.1236925602E-03   2.1958001051E+00   2.3978771237E+00   1.3547264891E-03   3.3414660316E-04
   1   -19   0    0   8.1027227135E-01   7.9444790721E+00   1.6672659013E-04   2.0179926341E+00   2.3646322557E+00   1.6663320960E-04   2.1072661452E+00   2.3275536760E+00   2.0391061742E-04   2.2050716462E+00   2.3758824936E+00   1.5487774855E-03   2.2147990815E+00   2.4094519752E+00   1.8074565686E-03   2.3999034567E+00   2.4582034734E+00   2.1236823242E-03   2.1958834633E+00   2.3980661639E+00   1.3548755311E-03   3.3415929783E-04
   1   -20   0    0   8.0029220563E-01   7.9448792284E+00   1.6654452455E-04   2.0178492177E+00   2.3647599211E+00   1.6672083109E-04   2.1071411132E+00   2.3277162149E+00   2.0443995892E-04   2.2049881033E+00   2.3760291589E+00   1.5488651070E-03   2.2151559124E+00   2.4096405122E+00   1.8075088342E-03   2.4001109963E+00   2.4584052663E+00   2.1236719300E-03   2.1959690738E+00   2.3982582638E+00   1.3550268394E-03   3.3417219919E-04
   1   -21   0    0   7.9031281625E-01   7.9452861606E+00   1.6635984434E-04   2.0177034621E+00   2.3648897827E+00   1.6680978655E-04   2.1070134091E+00   2.3278814580E+00   2.0497717469E-04   2.2049034712E+00   2.3761782934E+00   1.5489540624E-03   2.2155187758E+00   2.4098320783E+00   1.8075618846E-03   2.4003218458E+00   2.4586102773E+00   2.1236613767E-03   2.1960569968E+00   2.3984534466E+00   1.3551804247E-03   3.3418530887E-04
   1   -22   0    0   7.8033412112E-01   7.9456999337E+00   1.6617254359E-04   2.0175553488E+00   2.3650218624E+00   1.6690008219E-04   2.1068829816E+00   2.3280494284E+00   2.0552229408E-04   2.2048177543E+00   2.3763299194E+00   1.5490443581E-03   2.2158877296E+00   2.4100266957E+00   1.8076157232E-03   2.4005360282E+00   2.4588185287E+00   2.1236506636E-03   2.1961472938E+00   2.3986517346E+00   1.3553362966E-03   3.3419862841E-04
   1   -23   0    0   7.7035613837E-01   7.9461206114E+00   1.6598261771E-04   2.0174048596E+00   2.3651561818E+00   1.6699172369E-04   2.1067497785E+00   2.3282201490E+00   2.0607534300E-04   2.2047309575E+00   2.3764840590E+00   1.5491359996E-03   2.2162628306E+00   2.4102243856E+00   1.8076703527E-03   2.4007535656E+00   2.4590300420E+00   2.1236397899E-03   2.1962400280E+00   2.3988531492E+00   1.3554944634E-03   3.3421215933E-04
   1   -24   0    0   7.6037888631E-01   7.9465482558E+00   1.6579006339E-04   2.0172519773E+00   2.3652927617E+00   1.6708471615E-04   2.1066137470E+00   2.3283936417E+00   2.0663634371E-04   2.2046430870E+00   2.3766407334E+00   1.5492289920E-03   2.2166441345E+00   2.4104251683E+00   1.8077257758E-03   2.4009744791E+00   2.4592448375E+00   2.1236287551E-03   2.1963352637E+00   2.3990577108E+00   1.3556549330E-03   3.3422590305E-04
   1   -25   0    0   7.5040238345E-01   7.9469829278E+00   1.6559487872E-04   2.0170966852E+00   2.3654316228E+00   1.6717906409E-04   2.1064748334E+00   2.3285699278E+00   2.0720531479E-04   2.2045541495E+00   2.3767999636E+00   1.5493233400E-03   2.2170316958E+00   2.4106290630E+00   1.8077819947E-03   2.4011987885E+00   2.4594629348E+00   2.1236175585E-03   2.1964330667E+00   2.3992654390E+00   1.3558177118E-03   3.3423986095E-04
   1   -26   0    0   7.4042664844E-01   7.9474246867E+00   1.6539706316E-04   2.0169389674E+00   2.3655727851E+00   1.6727477141E-04   2.1063329836E+00   2.3287490277E+00   2.0778227094E-04   2.2044641529E+00   2.3769617695E+00   1.5494190473E-03   2.2174255675E+00   2.4108360880E+00   1.8078390111E-03   2.4014265127E+00   2.4596843520E+00   2.1236061996E-03   2.1965335041E+00   2.3994763520E+00   1.3559828052E-03   3.3425403433E-04
   1   -27   0    0   7.3045170010E-01   7.9478735901E+00   1.6519661761E-04   2.0167788086E+00   2.3657162681E+00   1.6737184136E-04   2.1061881425E+00   2.3289309612E+00   2.0836722290E-04   2.2043731062E+00   2.3771261706E+00   1.5495161173E-03   2.2178258015E+00   2.4110462607E+00   1.8078968265E-03   2.4016576693E+00   2.4599091063E+00   2.1235946781E-03   2.1966366446E+00   2.3996904673E+00   1.3561502177E-03   3.3426842444E-04
   1   -28   0    0   7.2047755737E-01   7.9483296939E+00   1.6499354448E-04   2.0166161945E+00   2.3658620908E+00   1.6747027656E-04   2.1060402545E+00   2.3291157472E+00   2.0896017730E-04   2.2042810190E+00   2.3772931856E+00   1.5496145525E-03   2.2182324478E+00   2.4112595971E+00   1.8079554418E-03   2.4018922747E+00   2.4601372135E+00   2.1235829935E-03   2.1967425581E+00   2.3999078012E+00   1.3563199523E-03   3.3428303242E-04
   1   -29   0    0   7.1050423931E-01   7.9487930523E+00   1.6478784767E-04   2.0164511115E+00   2.3660102716E+00   1.6757007894E-04   2.1058892632E+00   2.3293034035E+00   2.0956113655E-04   2.2041879023E+00   2.3774628324E+00   1.5497143548E-03   2.2186455552E+00   2.4114761124E+00   1.8080148578E-03   2.4021303440E+00   2.4603686885E+00   2.1235711456E-03   2.1968513158E+00   2.4001283688E+00   1.3564920111E-03   3.3429785937E-04
   1   -30   0    0   7.0053176510E-01   7.9492637174E+00   1.6457953262E-04   2.0162835467E+00   2.3661608282E+00   1.6767124971E-04   2.1057351117E+00   2.3294939472E+00   2.1017009876E-04   2.2040937680E+00   2.3776351283E+00   1.5498155256E-03   2.2190651708E+00   2.4116958205E+00   1.8080750745E-03   2.4023718910E+00   2.4606035445E+00   2.1235591342E-03   2.1969629906E+00   2.4003521839E+00   1.3566663949E-03   3.3431290629E-04
   1   -31   0    0   6.9056015399E-01   7.9497417394E+00   1.6436860640E-04   2.0161134882E+00   2.3663137776E+00   1.6777378941E-04   2.1055777423E+00   2.3296873945E+00   2.1078705753E-04   2.2039986291E+00   2.3778100895E+00   1.5499180653E-03   2.2194913400E+00   2.4119187339E+00   1.8081360918E-03   2.4026169281E+00   2.4608417938E+00   2.1235469592E-03   2.1970776565E+00   2.4005792593E+00   1.3568431032E-03   3.3432817411E-04
   1   -32   0    0   6.8058942528E-01   7.9502271666E+00   1.6415507766E-04   2.0159409252E+00   2.3664691363E+00   1.6787769779E-04   2.1054170967E+00   2.3298837604E+00   2.1141200196E-04   2.2039024997E+00   2.3779877316E+00   1.5500219737E-03   2.2199241065E+00   2.4121448643E+00   1.8081979089E-03   2.4028654665E+00   2.4610834470E+00   2.1235346206E-03   2.1971953890E+00   2.4008096063E+00   1.3570221341E-03   3.3434366368E-04
   1   -33   0    0   6.7061959834E-01   7.9507200451E+00   1.6393895674E-04   2.0157658475E+00   2.3666269200E+00   1.6798297387E-04   2.1052531160E+00   2.3300830591E+00   2.1204491641E-04   2.2038053948E+00   2.3781680692E+00   1.5501272498E-03   2.2203635120E+00   2.4123742217E+00   1.8082605247E-03   2.4031175157E+00   2.4613285134E+00   2.1235221185E-03   2.1973162648E+00   2.4010432351E+00   1.3572034848E-03   3.3435937574E-04
   1   -34   0    0   6.6065069255E-01   7.9512204185E+00   1.6372025564E-04   2.0155882460E+00   2.3667871435E+00   1.6808961587E-04   2.1050857406E+00   2.3302853035E+00   2.1268578051E-04   2.2037073310E+00   2.3783511159E+00   1.5502338918E-03   2.2208095966E+00   2.4126068149E+00   1.8083239376E-03   2.4033730837E+00   2.4615770009E+00   2.1235094529E-03   2.1974403621E+00   2.4012801544E+00   1.3573871505E-03   3.3437531097E-04
   1   -35   0    0   6.5068272730E-01   7.9517283284E+00   1.6349898808E-04   2.0154081128E+00   2.3669498211E+00   1.6819762124E-04   2.1049149104E+00   2.3304905055E+00   2.1333456897E-04   2.2036083255E+00   2.3785368845E+00   1.5503418971E-03   2.2212623981E+00   2.4128426515E+00   1.8083881454E-03   2.4036321773E+00   2.4618289160E+00   2.1234966243E-03   2.1975677603E+00   2.4015203715E+00   1.3575731256E-03   3.3439146993E-04
   1   -36   0    0   6.4071572195E-01   7.9522438138E+00   1.6327516955E-04   2.0152254407E+00   2.3671149661E+00   1.6830698660E-04   2.1047405647E+00   2.3306986760E+00   2.1399125153E-04   2.2035083971E+00   2.3787253867E+00   1.5504512625E-03   2.2217219525E+00   2.4130817376E+00   1.8084531455E-03   2.4038948014E+00   2.4620842635E+00   2.1234836329E-03   2.1976985401E+00   2.4017638924E+00   1.3577614028E-03   3.3440785310E-04
   1   -37   0    0   6.3074969585E-01   7.9527669114E+00   1.6304881728E-04   2.0150402237E+00   2.3672825910E+00   1.6841770771E-04   2.1045626423E+00   2.3309098245E+00   2.1465579284E-04   2.2034075655E+00   2.3789166332E+00   1.5505619836E-03   2.2221882935E+00   2.4133240777E+00   1.8085189350E-03   2.4041609595E+00   2.4623430466E+00   2.1234704793E-03   2.1978327835E+00   2.4020107214E+00   1.3579519733E-03   3.3442446087E-04
   1   -38   0    0   6.2078466825E-01   7.9532976551E+00   1.6281995032E-04   2.0148524570E+00   2.3674527075E+00   1.6852977952E-04   2.1043810814E+00   2.3311239594E+00   2.1532815239E-04   2.2033058518E+00   2.3791106338E+00   1.5506740554E-03   2.2226614528E+00   2.4135696751E+00   1.8085855101E-03   2.4044306533E+00   2.4626052672E+00   2.1234571638E-03   2.1979705735E+00   2.4022608616E+00   1.3581448270E-03   3.3444129351E-04
   1   -39   0    0   6.1082065834E-01   7.9538360764E+00   1.6258858953E-04   2.0146621369E+00   2.3676253263E+00   1.6864319609E-04   2.1041958197E+00   2.3313410878E+00   2.1600828439E-04   2.2032032782E+00   2.3793073969E+00   1.5507874720E-03   2.2231414599E+00   2.4138185315E+00   1.8086528668E-03   2.4047038829E+00   2.4628709253E+00   2.1234436873E-03   2.1981119947E+00   2.4025143144E+00   1.3583399522E-03   3.3445835121E-04
   1   -40   0    0   6.0085768518E-01   7.9543822038E+00   1.6235475759E-04   2.0144692606E+00   2.3678004573E+00   1.6875795060E-04   2.1040067946E+00   2.3315612158E+00   2.1669613773E-04   2.2030998681E+00   2.3795069301E+00   1.5509022265E-03   2.2236283416E+00   2.4140706470E+00   1.8087210003E-03   2.4049806468E+00   2.4631400193E+00   2.1234300505E-03   2.1982571325E+00   2.4027710796E+00   1.3585373357E-03   3.3447563405E-04
   1   -41   0    0   5.9089576771E-01   7.9549360631E+00   1.6211847908E-04   2.0142738269E+00   2.3679781094E+00   1.6887403532E-04   2.1038139427E+00   2.3317843477E+00   2.1739165588E-04   2.2029956461E+00   2.3797092396E+00   1.5510183112E-03   2.2241221228E+00   2.4143260202E+00   1.8087899056E-03   2.4052609414E+00   2.4634125459E+00   2.1234162543E-03   2.1984060734E+00   2.4030311554E+00   1.3587369627E-03   3.3449314198E-04
   1   -42   0    0   5.8093492470E-01   7.9554976772E+00   1.6187978042E-04   2.0140758354E+00   2.3681582904E+00   1.6899144162E-04   2.1036172005E+00   2.3320104869E+00   2.1809477683E-04   2.2028906381E+00   2.3799143307E+00   1.5511357175E-03   2.2246228256E+00   2.4145846480E+00   1.8088595769E-03   2.4055447617E+00   2.4636885002E+00   2.1234022996E-03   2.1985589052E+00   2.4032945384E+00   1.3589388169E-03   3.3451087487E-04
   1   -43   0    0   5.7097517473E-01   7.9560670661E+00   1.6163868992E-04   2.0138752871E+00   2.3683410072E+00   1.6911015994E-04   2.1034165041E+00   2.3322396352E+00   2.1880543300E-04   2.2027848712E+00   2.3801222073E+00   1.5512544358E-03   2.2251304697E+00   2.4148465259E+00   1.8089300078E-03   2.4058321007E+00   2.4639678752E+00   2.1233881875E-03   2.1987157165E+00   2.4035612237E+00   1.3591428804E-03   3.3452883247E-04
   1   -44   0    0   5.6101653617E-01   7.9566442466E+00   1.6139523781E-04   2.0136721845E+00   2.3685262658E+00   1.6923017979E-04   2.1032117892E+00   2.3324717930E+00   2.1952355125E-04   2.2026783737E+00   2.3803328720E+00   1.5513744557E-03   2.2256450724E+00   2.4151116476E+00   1.8090011917E-03   2.4061229497E+00   2.4642506625E+00   2.1233739193E-03   2.1988765969E+00   2.4038312044E+00   1.3593491337E-03   3.3454701441E-04
   1   -45   0    0   5.5105902717E-01   7.9572292325E+00   1.6114945620E-04   2.0134665309E+00   2.3687140709E+00   1.6935148971E-04   2.1030029910E+00   2.3327069595E+00   2.2024905274E-04   2.2025711753E+00   2.3805463263E+00   1.5514957656E-03   2.2261666481E+00   2.4153800051E+00   1.8090731210E-03   2.4064172979E+00   2.4645368517E+00   2.1233594962E-03   2.1990416367E+00   2.4041044722E+00   1.3595575555E-03   3.3456542023E-04
   1   -46   0    0   5.4110266559E-01   7.9578220343E+00   1.6090137913E-04   2.0132583313E+00   2.3689044263E+00   1.6947407731E-04   2.1027900449E+00   2.3329451320E+00   2.2098185296E-04   2.2024633067E+00   2.3807625705E+00   1.5516183532E-03   2.2266952086E+00   2.4156515888E+00   1.8091457878E-03   2.4067151328E+00   2.4648264306E+00   2.1233449196E-03   2.1992109274E+00   2.4043810167E+00   1.3597681232E-03   3.3458404932E-04
   1   -47   0    0   5.3114746900E-01   7.9584226593E+00   1.6065104256E-04   2.0130475918E+00   2.3690973345E+00   1.6959792921E-04   2.1025728856E+00   2.3331863069E+00   2.2172186168E-04   2.2023548000E+00   2.3809816032E+00   1.5517422051E-03   2.2272307631E+00   2.4159263873E+00   1.8092191836E-03   2.4070164400E+00   2.4651193850E+00   2.1233301913E-03   2.1993845608E+00   2.4046608262E+00   1.3599808121E-03   3.3460290097E-04
   1   -48   0    0   5.2119345466E-01   7.9590311115E+00   1.6039848435E-04   2.0128343200E+00   2.3692927970E+00   1.6972303105E-04   2.1023514480E+00   2.3334304786E+00   2.2246898287E-04   2.2022456884E+00   2.3812034222E+00   1.5518673069E-03   2.2277733177E+00   2.4162043875E+00   1.8092932993E-03   2.4073212030E+00   2.4654156991E+00   2.1233153126E-03   2.1995626296E+00   2.4049438868E+00   1.3601955963E-03   3.3462197435E-04
   1   -49   0    0   5.1124063948E-01   7.9596473914E+00   1.6014374428E-04   2.0126185248E+00   2.3694908142E+00   1.6984936751E-04   2.1021256667E+00   2.3336776402E+00   2.2322311477E-04   2.2021360064E+00   2.3814280235E+00   1.5519936434E-03   2.2283228759E+00   2.4164855744E+00   1.8093681252E-03   2.4076294036E+00   2.4657153550E+00   2.1233002856E-03   2.1997452270E+00   2.4052301830E+00   1.3604124478E-03   3.3464126852E-04
   1   -50   0    0   5.0128903999E-01   7.9602714962E+00   1.5988686405E-04   2.0124002165E+00   2.3696913851E+00   1.6997692228E-04   2.1018954763E+00   2.3339277832E+00   2.2398414979E-04   2.2020257896E+00   2.3816554019E+00   1.5521211982E-03   2.2288794383E+00   2.4167699316E+00   1.8094436511E-03   2.4079410213E+00   2.4660183329E+00   2.1232851120E-03   2.1999324468E+00   2.4055196976E+00   1.3606313373E-03   3.3466078240E-04
   1   -51   0    0   4.9133867233E-01   7.9609034192E+00   1.5962788723E-04   2.0121794067E+00   2.3698945078E+00   1.7010567803E-04   2.1016608114E+00   2.3341808975E+00   2.2475197456E-04   2.2019150750E+00   2.3818855508E+00   1.5522499539E-03   2.2294430023E+00   2.4170574405E+00   1.8095198661E-03   2.4082560340E+00   2.4663246113E+00   2.1232697939E-03   2.2001243829E+00   2.4058124114E+00   1.3608522336E-03   3.3468051480E-04
   1   -52   0    0   4.8138955218E-01   7.9615431507E+00   1.5936685931E-04   2.0119561086E+00   2.3701001790E+00   1.7023561647E-04   2.1014216066E+00   2.3344369716E+00   2.2552646994E-04   2.2018039004E+00   2.3821184623E+00   1.5523798924E-03   2.2300135626E+00   2.4173480810E+00   1.8095967587E-03   2.4085744173E+00   2.4666341664E+00   2.1232543333E-03   2.2003211297E+00   2.4061083033E+00   1.3610751038E-03   3.3470046440E-04
   1   -53   0    0   4.7144169481E-01   7.9621906769E+00   1.5910382763E-04   2.0117303367E+00   2.3703083941E+00   1.7036671830E-04   2.1011777967E+00   2.3346959922E+00   2.2630751100E-04   2.2016923051E+00   2.3823541268E+00   1.5525109942E-03   2.2305911105E+00   2.4176418310E+00   1.8096743170E-03   2.4088961451E+00   2.4669469727E+00   2.1232387327E-03   2.2005227819E+00   2.4064073505E+00   1.3612999134E-03   3.3472062977E-04
   1   -54   0    0   4.6149511495E-01   7.9628459805E+00   1.5883884139E-04   2.0115021069E+00   2.3705191474E+00   1.7049896325E-04   2.1009293166E+00   2.3349579445E+00   2.2709496705E-04   2.2015803293E+00   2.3825925335E+00   1.5526432391E-03   2.2311756346E+00   2.4179386667E+00   1.8097525284E-03   2.4092211890E+00   2.4672630028E+00   2.1232229942E-03   2.2007294339E+00   2.4067095285E+00   1.3615266262E-03   3.3474100932E-04
   1   -55   0    0   4.5154982687E-01   7.9635090405E+00   1.5857195163E-04   2.0112714367E+00   2.3707324319E+00   1.7063233002E-04   2.1006761015E+00   2.3352228118E+00   2.2788870170E-04   2.2014680143E+00   2.3828336701E+00   1.5527766059E-03   2.2317671202E+00   2.4182385624E+00   1.8098313798E-03   2.4095495188E+00   2.4675822272E+00   2.1232071205E-03   2.2009411804E+00   2.4070148105E+00   1.3617552044E-03   3.3476160139E-04
   1   -56   0    0   4.4160584426E-01   7.9641798320E+00   1.5830321119E-04   2.0110383449E+00   2.3709482394E+00   1.7076679635E-04   2.1004180870E+00   2.3354905763E+00   2.2868857289E-04   2.2013554027E+00   2.3830775227E+00   1.5529110722E-03   2.2323655493E+00   2.4185414907E+00   1.8099108574E-03   2.4098811022E+00   2.4679046146E+00   2.1231911141E-03   2.2011581158E+00   2.4073231683E+00   1.3619856083E-03   3.3478240414E-04
   1   -57   0    0   4.3166318026E-01   7.9648583265E+00   1.5803267470E-04   2.0108028519E+00   2.3711665601E+00   1.7090233899E-04   2.1001552089E+00   2.3357612180E+00   2.2949443290E-04   2.2012425378E+00   2.3833240760E+00   1.5530466149E-03   2.2329709009E+00   2.4188474224E+00   1.8099909470E-03   2.4102159050E+00   2.4682301316E+00   2.1231749778E-03   2.2013803341E+00   2.4076345716E+00   1.3622177968E-03   3.3480341564E-04
   1   -58   0    0   4.2172184741E-01   7.9655444914E+00   1.5776039852E-04   2.0105649795E+00   2.3713873833E+00   1.7103893373E-04   2.0998874037E+00   2.3360347156E+00   2.3030612849E-04   2.2011294641E+00   2.3835733134E+00   1.5531832096E-03   2.2335831508E+00   2.4191563262E+00   1.8100716336E-03   2.4105538910E+00   2.4685587430E+00   2.1231587143E-03   2.2016079291E+00   2.4079489883E+00   1.3624517271E-03   3.3482463384E-04
   1   -59   0    0   4.1178185765E-01   7.9662382904E+00   1.5748644074E-04   2.0103247509E+00   2.3716106967E+00   1.7117655537E-04   2.0996146083E+00   2.3363110460E+00   2.3112350091E-04   2.2010162270E+00   2.3838252164E+00   1.5533208313E-03   2.2342022714E+00   2.4194681694E+00   1.8101529019E-03   2.4108950219E+00   2.4688904115E+00   2.1231423267E-03   2.2018409938E+00   2.4082663845E+00   1.3626873548E-03   3.3484605653E-04
   1   -60   0    0   4.0184322224E-01   7.9669396833E+00   1.5721086112E-04   2.0100821908E+00   2.3718364869E+00   1.7131517777E-04   2.0993367604E+00   2.3365901846E+00   2.3194638599E-04   2.2009028727E+00   2.3840797655E+00   1.5534594537E-03   2.2348282319E+00   2.4197829173E+00   1.8102347359E-03   2.4112392574E+00   2.4692250983E+00   2.1231258180E-03   2.2020796207E+00   2.4085867244E+00   1.3629246337E-03   3.3486768141E-04
   1   -61   0    0   3.9190595180E-01   7.9676486259E+00   1.5693372107E-04   2.0098373253E+00   2.3720647389E+00   1.7145477383E-04   2.0990537982E+00   2.3368721048E+00   2.3277461427E-04   2.2007894485E+00   2.3843369392E+00   1.5535990497E-03   2.2354609982E+00   2.4201005334E+00   1.8103171191E-03   2.4115865556E+00   2.4695627621E+00   2.1231091915E-03   2.2023239013E+00   2.4089099705E+00   1.3631635162E-03   3.3488950604E-04
   1   -62   0    0   3.8197005622E-01   7.9683650700E+00   1.5665508356E-04   2.0095901821E+00   2.3722954367E+00   1.7159531554E-04   2.0987656611E+00   2.3371567789E+00   2.3360801102E-04   2.2006760022E+00   2.3845967150E+00   1.5537395914E-03   2.2361005330E+00   2.4204209795E+00   1.8104000345E-03   2.4119368722E+00   2.4699033602E+00   2.1230924503E-03   2.2025739263E+00   2.4092360833E+00   1.3634039533E-03   3.3491152786E-04
   1   -63   0    0   3.7203554470E-01   7.9690889635E+00   1.5637501315E-04   2.0093407903E+00   2.3725285627E+00   1.7173677397E-04   2.0984722890E+00   2.3374441770E+00   2.3444639646E-04   2.2005625827E+00   2.3848590685E+00   1.5538810499E-03   2.2367467953E+00   2.4207442155E+00   1.8104834646E-03   2.4122901613E+00   2.4702468479E+00   2.1230755980E-03   2.2028297850E+00   2.4095650217E+00   1.3636458942E-03   3.3493374420E-04
   1   -64   0    0   3.6210242566E-01   7.9698202505E+00   1.5609357586E-04   2.0090891803E+00   2.3727640981E+00   1.7187911927E-04   2.0981736233E+00   2.3377342680E+00   2.3528958577E-04   2.2004492393E+00   2.3851239741E+00   1.5540233952E-03   2.2373997412E+00   2.4210701998E+00   1.8105673912E-03   2.4126463751E+00   2.4705931785E+00   2.1230586380E-03   2.2030915655E+00   2.4098967426E+00   1.3638892867E-03   3.3495615225E-04
   1   -65   0    0   3.5217070678E-01   7.9705588708E+00   1.5581083914E-04   2.0088353840E+00   2.3730020227E+00   1.7202232074E-04   2.0978696061E+00   2.3380270188E+00   2.3613738930E-04   2.2003360222E+00   2.3853914045E+00   1.5541665966E-03   2.2380593232E+00   2.4213988890E+00   1.8106517958E-03   2.4130054637E+00   2.4709423038E+00   2.1230415740E-03   2.2033593545E+00   2.4102312016E+00   1.3641340772E-03   3.3497874910E-04
   1   -66   0    0   3.4224039492E-01   7.9713047603E+00   1.5552687187E-04   2.0085794347E+00   2.3732423151E+00   1.7216634680E-04   2.0975601810E+00   2.3383223950E+00   2.3698961269E-04   2.2002229820E+00   2.3856613311E+00   1.5543106227E-03   2.2387254906E+00   2.4217302379E+00   1.8107366593E-03   2.4133673755E+00   2.4712941735E+00   2.1230244097E-03   2.2036332369E+00   2.4105683521E+00   1.3643802106E-03   3.3500153172E-04
   1   -67   0    0   3.3231149613E-01   7.9720578511E+00   1.5524174420E-04   2.0083213670E+00   2.3734849524E+00   1.7231116504E-04   2.0972452929E+00   2.3386203605E+00   2.3784605698E-04   2.2001101699E+00   2.3859337237E+00   1.5544554409E-03   2.2393981890E+00   2.4220641997E+00   1.8108219624E-03   2.4137320573E+00   2.4716487357E+00   2.1230071489E-03   2.2039132960E+00   2.4109081460E+00   1.3646276306E-03   3.3502449695E-04
   1   -68   0    0   3.2238401563E-01   7.9728180711E+00   1.5495552757E-04   2.0080612169E+00   2.3737299106E+00   1.7245674225E-04   2.0969248882E+00   2.3389208775E+00   2.3870651883E-04   2.1999976375E+00   2.3862085509E+00   1.5546010181E-03   2.2400773611E+00   2.4224007262E+00   1.8109076848E-03   2.4140994538E+00   2.4720059369E+00   2.1229897956E-03   2.2041996128E+00   2.4112505336E+00   1.3648762794E-03   3.3504764153E-04
   1   -69   0    0   3.1245795775E-01   7.9735853445E+00   1.5466829460E-04   2.0077990219E+00   2.3739771642E+00   1.7260304440E-04   2.0965989148E+00   2.3392239069E+00   2.3957079065E-04   2.1998854369E+00   2.3864857794E+00   1.5547473203E-03   2.2407629459E+00   2.4227397672E+00   1.8109938064E-03   2.4144695082E+00   2.4723657217E+00   2.1229723537E-03   2.2044922665E+00   2.4115954635E+00   1.3651260979E-03   3.3507096209E-04
   1   -70   0    0   3.0253332598E-01   7.9743595912E+00   1.5438011906E-04   2.0075348205E+00   2.3742266864E+00   1.7275003675E-04   2.0962673224E+00   2.3395294078E+00   2.4043866081E-04   2.1997736203E+00   2.3867653750E+00   1.5548943126E-03   2.2414548792E+00   2.4230812713E+00   1.8110803062E-03   2.4148421620E+00   2.4727280332E+00   2.1229548275E-03   2.2047913337E+00   2.4119428828E+00   1.3653770259E-03   3.3509445515E-04
   1   -71   0    0   2.9261012286E-01   7.9751407275E+00   1.5409107573E-04   2.0072686526E+00   2.3744784493E+00   1.7289768377E-04   2.0959300625E+00   2.3398373379E+00   2.4130991377E-04   2.1996622404E+00   2.3870473018E+00   1.5550419597E-03   2.2421530933E+00   2.4234251853E+00   1.8111671629E-03   2.4152173549E+00   2.4730928128E+00   2.1229372210E-03   2.2050968887E+00   2.4122927369E+00   1.3656290019E-03   3.3511811712E-04
   1   -72   0    0   2.8268835003E-01   7.9759286655E+00   1.5380124042E-04   2.0070005593E+00   2.3747324235E+00   1.7304594929E-04   2.0955870884E+00   2.3401476535E+00   2.4218433036E-04   2.1995513497E+00   2.3873315226E+00   1.5551902252E-03   2.2428575174E+00   2.4237714548E+00   1.8112543550E-03   2.4155950251E+00   2.4734600006E+00   2.1229195387E-03   2.2054090030E+00   2.4126449698E+00   1.3658819634E-03   3.3514194431E-04
   1   -73   0    0   2.7276800818E-01   7.9767233138E+00   1.5351068980E-04   2.0067305831E+00   2.3749885785E+00   1.7319479643E-04   2.0952383558E+00   2.3404603093E+00   2.4306168793E-04   2.1994410012E+00   2.3876179989E+00   1.5553390723E-03   2.2435680772E+00   2.4241200237E+00   1.8113418606E-03   2.4159751094E+00   2.4738295349E+00   2.1229017848E-03   2.2057277452E+00   2.4129995240E+00   1.3661358466E-03   3.3516593292E-04
   1   -74   0    0   2.6284909704E-01   7.9775245768E+00   1.5321950139E-04   2.0064587672E+00   2.3752468825E+00   1.7334418769E-04   2.0948838224E+00   2.3407752587E+00   2.4394176056E-04   2.1993312476E+00   2.3879066907E+00   1.5554884636E-03   2.2442846952E+00   2.4244708347E+00   1.8114296571E-03   2.4163575429E+00   2.4742013527E+00   2.1228839639E-03   2.2060531809E+00   2.4133563407E+00   1.3663905870E-03   3.3519007907E-04
   1   -75   0    0   2.5293161537E-01   7.9783323553E+00   1.5292775344E-04   2.0061851564E+00   2.3755073026E+00   1.7349408498E-04   2.0945234484E+00   2.3410924537E+00   2.4482431932E-04   2.1992221414E+00   2.3881975569E+00   1.5556383609E-03   2.2450072906E+00   2.4248238290E+00   1.8115177221E-03   2.4167422594E+00   2.4745753897E+00   2.1228660804E-03   2.2063853725E+00   2.4137153596E+00   1.3666461189E-03   3.3521437877E-04
   1   -76   0    0   2.4301556091E-01   7.9791465464E+00   1.5263552487E-04   2.0059097961E+00   2.3757698044E+00   1.7364444965E-04   2.0941571962E+00   2.3414118448E+00   2.4570913250E-04   2.1991137353E+00   2.3884905551E+00   1.5557887255E-03   2.2457357793E+00   2.4251789467E+00   1.8116060325E-03   2.4171291913E+00   2.4749515800E+00   2.1228481389E-03   2.2067243791E+00   2.4140765190E+00   1.3669023758E-03   3.3523882795E-04
   1   -77   0    0   2.3310093040E-01   7.9799670433E+00   1.5234289516E-04   2.0056327332E+00   2.3760343526E+00   1.7379524251E-04   2.0937850312E+00   2.3417333814E+00   2.4659596581E-04   2.1990060814E+00   2.3887856415E+00   1.5559395184E-03   2.2464700740E+00   2.4255361265E+00   1.8116945651E-03   2.4175182696E+00   2.4753298566E+00   2.1228301441E-03   2.2070702560E+00   2.4144397562E+00   1.3671592905E-03   3.3526342244E-04
   1   -78   0    0   2.2318771956E-01   7.9807937358E+00   1.5204994427E-04   2.0053540152E+00   2.3763009107E+00   1.7394642392E-04   2.0934069213E+00   2.3420570116E+00   2.4748458267E-04   2.1988992314E+00   2.3890827713E+00   1.5560906998E-03   2.2472100843E+00   2.4258953059E+00   1.8117832965E-03   2.4179094241E+00   2.4757101513E+00   2.1228121008E-03   2.2074230549E+00   2.4148050071E+00   1.3674167948E-03   3.3528815800E-04
   1   -79   0    0   2.1327592305E-01   7.9816265100E+00   1.5175675259E-04   2.0050736905E+00   2.3765694410E+00   1.7409795378E-04   2.0930228374E+00   2.3423826820E+00   2.4837474444E-04   2.1987932369E+00   2.3893818985E+00   1.5562422297E-03   2.2479557165E+00   2.4262564213E+00   1.8118722029E-03   2.4183025835E+00   2.4760923948E+00   2.1227940136E-03   2.2077828237E+00   2.4151722065E+00   1.3676748201E-03   3.3531303030E-04
   1   -80   0    0   2.0336553449E-01   7.9824652485E+00   1.5146340077E-04   2.0047918085E+00   2.3768399048E+00   1.7424979159E-04   2.0926327535E+00   2.3427103384E+00   2.4926621069E-04   2.1986881486E+00   2.3896829758E+00   1.5563940675E-03   2.2487068738E+00   2.4266194082E+00   1.8119612605E-03   2.4186976752E+00   2.4764765164E+00   2.1227758875E-03   2.2081496060E+00   2.4155412881E+00   1.3679332970E-03   3.3533803494E-04
   1   -81   0    0   1.9345654642E-01   7.9833098304E+00   1.5116996971E-04   2.0045084193E+00   2.3771122621E+00   1.7440189651E-04   2.0922366466E+00   2.3430399252E+00   2.5015873948E-04   2.1985840166E+00   2.3899859549E+00   1.5565461724E-03   2.2494634565E+00   2.4269842008E+00   1.8120504451E-03   2.4190946257E+00   2.4768624448E+00   2.1227577272E-03   2.2085234412E+00   2.4159121846E+00   1.3681921557E-03   3.3536316745E-04
   1   -82   0    0   1.8354895030E-01   7.9841601315E+00   1.5087654041E-04   2.0042235737E+00   2.3773864721E+00   1.7455422741E-04   2.0918344973E+00   2.3433713859E+00   2.5105208760E-04   2.1984808904E+00   2.3902907866E+00   1.5566985033E-03   2.2502253617E+00   2.4273507325E+00   1.8121397324E-03   2.4194933605E+00   2.4772501074E+00   2.1227395377E-03   2.2089043646E+00   2.4162848278E+00   1.3684513260E-03   3.3538842327E-04
   1   -83   0    0   1.7364273649E-01   7.9850160245E+00   1.5058319390E-04   2.0039373231E+00   2.3776624930E+00   1.7470674286E-04   2.0914262894E+00   2.3437046629E+00   2.5194601090E-04   2.1983788185E+00   2.3905974205E+00   1.5568510188E-03   2.2509924835E+00   2.4277189359E+00   1.8122290983E-03   2.4198938041E+00   2.4776394308E+00   2.1227213239E-03   2.2092924066E+00   2.4166591484E+00   1.3687107371E-03   3.3541379781E-04
   1   -84   0    0   1.6373789428E-01   7.9858773786E+00   1.5029001112E-04   2.0036497196E+00   2.3779402819E+00   1.7485940126E-04   2.0910120104E+00   2.3440396974E+00   2.5284026454E-04   2.1982778486E+00   2.3909058052E+00   1.5570036772E-03   2.2517647133E+00   2.4280887425E+00   1.8123185182E-03   2.4202958802E+00   2.4780303410E+00   2.1227030908E-03   2.2096875930E+00   2.4170350765E+00   1.3689703182E-03   3.3543928640E-04
   1   -85   0    0   1.5383441182E-01   7.9867440600E+00   1.4999707286E-04   2.0033608158E+00   2.3782197949E+00   1.7501216082E-04   2.0905916516E+00   2.3443764301E+00   2.5373460327E-04   2.1981780273E+00   2.3912158887E+00   1.5571564367E-03   2.2525419393E+00   2.4284600834E+00   1.8124079676E-03   2.4206995117E+00   2.4784227630E+00   2.1226848434E-03   2.2100899450E+00   2.4174125413E+00   1.3692299981E-03   3.3546488431E-04
   1   -86   0    0   1.4393227614E-01   7.9876159321E+00   1.4970445964E-04   2.0030706644E+00   2.3785009875E+00   1.7516497966E-04   2.0901652081E+00   2.3447148005E+00   2.5462878175E-04   2.1980794000E+00   2.3915276178E+00   1.5573092556E-03   2.2533240471E+00   2.4288328887E+00   1.8124974221E-03   2.4211046210E+00   2.4788166212E+00   2.1226665867E-03   2.2104994786E+00   2.4177914714E+00   1.3694897056E-03   3.3549058679E-04
   1   -87   0    0   1.3403147318E-01   7.9884928551E+00   1.4941225162E-04   2.0027793188E+00   2.3787838141E+00   1.7531781582E-04   2.0897326791E+00   2.3450547474E+00   2.5552255487E-04   2.1979820110E+00   2.3918409386E+00   1.5574620917E-03   2.2541109196E+00   2.4292070881E+00   1.8125868569E-03   2.4215111297E+00   2.4792118395E+00   2.1226483256E-03   2.2109162049E+00   2.4181717946E+00   1.3697493696E-03   3.3551638900E-04
   1   -88   0    0   1.2413198771E-01   7.9893746867E+00   1.4912052848E-04   2.0024868325E+00   2.3790682283E+00   1.7547062734E-04   2.0892940679E+00   2.3453962089E+00   2.5641567796E-04   2.1978859031E+00   2.3921557964E+00   1.5576149032E-03   2.2549024368E+00   2.4295826105E+00   1.8126762478E-03   2.4219189589E+00   2.4796083412E+00   2.1226300652E-03   2.2113401296E+00   2.4185534384E+00   1.3700089187E-03   3.3554228610E-04
   1   -89   0    0   1.1423380341E-01   7.9902612817E+00   1.4882936936E-04   2.0021932592E+00   2.3793541831E+00   1.7562337230E-04   2.0888493821E+00   2.3457391223E+00   2.5730790720E-04   2.1977911179E+00   2.3924721358E+00   1.5577676482E-03   2.2556984761E+00   2.4299593847E+00   1.8127655701E-03   2.4223280294E+00   2.4800060491E+00   2.1226118106E-03   2.2117712534E+00   2.4189363296E+00   1.3702682820E-03   3.3556827318E-04
   1   -90   0    0   1.0433690280E-01   7.9911524923E+00   1.4853885273E-04   2.0018986527E+00   2.3796416304E+00   1.7577600888E-04   2.0883986336E+00   2.3460834243E+00   2.5819899985E-04   2.1976976953E+00   2.3927899009E+00   1.5579202848E-03   2.2564989127E+00   2.4303373387E+00   1.8128547995E-03   2.4227382613E+00   2.4804048860E+00   2.1225935667E-03   2.2122095715E+00   2.4193203948E+00   1.3705273886E-03   3.3559434534E-04
   1   -91   0    0   9.4441267268E-02   7.9920481686E+00   1.4824905630E-04   2.0016030668E+00   2.3799305218E+00   1.7592849540E-04   2.0879418388E+00   2.3464290511E+00   2.5908871459E-04   2.1976056737E+00   2.3931090348E+00   1.5580727713E-03   2.2573036188E+00   2.4307164003E+00   1.8129439118E-03   2.4231495749E+00   2.4808047739E+00   2.1225753385E-03   2.2126550735E+00   2.4197055602E+00   1.3707861682E-03   3.3562049762E-04
   1   -92   0    0   8.4546877084E-02   7.9929481580E+00   1.4796005695E-04   2.0013065551E+00   2.3802208082E+00   1.7608079039E-04   2.0874790190E+00   2.3467759384E+00   2.5997681180E-04   2.1975150899E+00   2.3934294805E+00   1.5582250663E-03   2.2581124647E+00   2.4310964973E+00   1.8130328829E-03   2.4235618899E+00   2.4812056351E+00   2.1225571310E-03   2.2131077437E+00   2.4200917516E+00   1.3710445506E-03   3.3564672504E-04
   1   -93   0    0   7.4653711377E-02   7.9938523059E+00   1.4767193059E-04   2.0010091712E+00   2.3805124395E+00   1.7623285262E-04   2.0870101999E+00   2.3471240213E+00   2.6086305389E-04   2.1974259786E+00   2.3937511801E+00   1.5583771285E-03   2.2589253180E+00   2.4314775569E+00   1.8131216889E-03   2.4239751261E+00   2.4816073914E+00   2.1225389492E-03   2.2135675606E+00   2.4204788949E+00   1.3713024664E-03   3.3567302263E-04
   1   -94   0    0   6.4761748154E-02   7.9947604556E+00   1.4738475210E-04   2.0007109683E+00   2.3808053657E+00   1.7638464118E-04   2.0865354123E+00   2.3474732348E+00   2.6174720560E-04   2.1973383731E+00   2.3940740755E+00   1.5585289171E-03   2.2597420444E+00   2.4318595065E+00   1.8132103060E-03   2.4243892031E+00   2.4820099648E+00   2.1225207978E-03   2.2140344971E+00   2.4208669156E+00   1.3715598465E-03   3.3569938538E-04
   1   -95   0    0   5.4870964303E-02   7.9956724485E+00   1.4709859523E-04   2.0004119993E+00   2.3810995356E+00   1.7653611552E-04   2.0860546917E+00   2.3478235133E+00   2.6262903426E-04   2.1972523043E+00   2.3943981082E+00   1.5586803914E-03   2.2605625072E+00   2.4322422733E+00   1.8132987108E-03   2.4248040407E+00   2.4824132773E+00   2.1225026819E-03   2.2145085206E+00   2.4212557394E+00   1.3718166229E-03   3.3572580829E-04
   1   -96   0    0   4.4981335599E-02   7.9965881243E+00   1.4681353249E-04   2.0001123166E+00   2.3813948982E+00   1.7668723551E-04   2.0855680788E+00   2.3481747913E+00   2.6350831015E-04   2.1971678014E+00   2.3947232193E+00   1.5588315114E-03   2.2613865677E+00   2.4326257845E+00   1.8133868801E-03   2.4252195588E+00   2.4828172510E+00   2.1224846061E-03   2.2149895926E+00   2.4216452921E+00   1.3720727278E-03   3.3575228637E-04
   1   -97   0    0   3.5092836720E-02   7.9975073209E+00   1.4652963509E-04   1.9998119722E+00   2.3816914016E+00   1.7683796146E-04   2.0850756194E+00   2.3485270027E+00   2.6438480675E-04   2.1970848913E+00   2.3950493496E+00   1.5589822374E-03   2.2622140855E+00   2.4330099676E+00   1.8134747910E-03   2.4256356775E+00   2.4832218081E+00   2.1224665754E-03   2.2154776689E+00   2.4220354993E+00   1.3723280949E-03   3.3577881460E-04
   1   -98   0    0   2.5205441249E-02   7.9984298748E+00   1.4624697283E-04   1.9995110173E+00   2.3819889938E+00   1.7698825424E-04   2.0845773644E+00   2.3488800817E+00   2.6525830105E-04   2.1970035990E+00   2.3953764398E+00   1.5591325301E-03   2.2630449180E+00   2.4333947502E+00   1.8135624209E-03   2.4260523171E+00   2.4836268714E+00   2.1224485943E-03   2.2159726996E+00   2.4224262871E+00   1.3725826583E-03   3.3580538801E-04
   1   -99   0    0   1.5319121699E-02   7.9993556213E+00   1.4596561401E-04   1.9992095024E+00   2.3822876224E+00   1.7713807525E-04   2.0840733700E+00   2.3492339623E+00   2.6612857382E-04   2.1969239471E+00   2.3957044304E+00   1.5592823511E-03   2.2638789211E+00   2.4337800600E+00   1.8136497477E-03   2.4264693984E+00   2.4840323637E+00   2.1224306675E-03   2.2164746290E+00   2.4228175819E+00   1.3728363536E-03   3.3583200161E-04
   1  -100   0    0   5.4338495179E-03   8.0002843943E+00   1.4568562540E-04   1.9989074772E+00   2.3825872348E+00   1.7728738653E-04   2.0835636976E+00   2.3495885785E+00   2.6699540992E-04   2.1968459559E+00   2.3960332618E+00   1.5594316624E-03   2.2647159490E+00   2.4341658252E+00   1.8137367495E-03   2.4268868426E+00   2.4844382085E+00   2.1224127997E-03   2.2169833959E+00   2.4232093103E+00   1.3730891171E-03   3.3585865046E-04
   1  -101   0    0  -4.4504048846E-03   8.0012160267E+00   1.4540707207E-04   1.9986049906E+00   2.3828877781E+00   1.7743615079E-04   2.0830484142E+00   2.3499438643E+00   2.6785859851E-04   2.1967696433E+00   2.3963628743E+00   1.5595804267E-03   2.2655558542E+00   2.4345519743E+00   1.8138234049E-03   2.4273045715E+00   2.4848443298E+00   2.1223949952E-03   2.2174989332E+00   2.4236013993E+00   1.3733408865E-03   3.3588532962E-04
   1  -102   0    0  -1.4333672122E-02   8.0021503506E+00   1.4513001742E-04   1.9983020903E+00   2.3831891993E+00   1.7758433146E-04   2.0825275919E+00   2.3502997543E+00   2.6871793337E-04   2.1966950250E+00   2.3966932084E+00   1.5597286073E-03   2.2663984881E+00   2.4349384364E+00   1.8139096930E-03   2.4277225075E+00   2.4852506520E+00   2.1223772585E-03   2.2180211684E+00   2.4239937766E+00   1.3735916009E-03   3.3591203419E-04
   1  -103   0    0  -2.4215983809E-02   8.0030871975E+00   1.4485452299E-04   1.9979988232E+00   2.3834914454E+00   1.7773189272E-04   2.0820013084E+00   2.3506561827E+00   2.6957321315E-04   2.1966221141E+00   2.3970242044E+00   1.5598761686E-03   2.2672437004E+00   2.4353251411E+00   1.8139955932E-03   2.4281405735E+00   2.4856571004E+00   2.1223595939E-03   2.2185500233E+00   2.4243863702E+00   1.3738412005E-03   3.3593875930E-04
   1  -104   0    0  -3.4097372534E-02   8.0040263980E+00   1.4458064852E-04   1.9976952348E+00   2.3837944631E+00   1.7787879958E-04   2.0814696466E+00   2.3510130846E+00   2.7042424157E-04   2.1965509213E+00   2.3973558031E+00   1.5600230755E-03   2.2680913398E+00   2.4357120185E+00   1.8140810857E-03   2.4285586935E+00   2.4860636008E+00   2.1223420055E-03   2.2190854143E+00   2.4247791090E+00   1.3740896271E-03   3.3596550012E-04
   1  -105   0    0  -4.3977871834E-02   8.0049677827E+00   1.4430845177E-04   1.9973913695E+00   2.3840981994E+00   1.7802501788E-04   2.0809326950E+00   2.3513703949E+00   2.7127082771E-04   2.1964814549E+00   2.3976879452E+00   1.5601692938E-03   2.2689412540E+00   2.4360989994E+00   1.8141661509E-03   2.4289767921E+00   2.4864700802E+00   2.1223244977E-03   2.2196272525E+00   2.4251719225E+00   1.3743368240E-03   3.3599225187E-04
   1  -106   0    0  -5.3857516170E-02   8.0059111816E+00   1.4403798852E-04   1.9970872703E+00   2.3844026010E+00   1.7817051439E-04   2.0803905475E+00   2.3517280495E+00   2.7211278618E-04   2.1964137203E+00   2.3980205719E+00   1.5603147903E-03   2.2697932894E+00   2.4364860153E+00   1.8142507699E-03   2.4293947948E+00   2.4868764660E+00   2.1223070742E-03   2.2201754434E+00   2.4255647409E+00   1.3745827359E-03   3.3601900980E-04
   1  -107   0    0  -6.3736340890E-02   8.0068564248E+00   1.4376931251E-04   1.9967829789E+00   2.3847076151E+00   1.7831525678E-04   2.0798433033E+00   2.3520859842E+00   2.7294993738E-04   2.1963477207E+00   2.3983536243E+00   1.5604595327E-03   2.2706472920E+00   2.4368729988E+00   1.8143349244E-03   2.4298126281E+00   2.4872826870E+00   2.1222897391E-03   2.2207298875E+00   2.4259574953E+00   1.3748273093E-03   3.3604576924E-04
   1  -108   0    0  -7.3614382200E-02   8.0078033425E+00   1.4350247538E-04   1.9964785356E+00   2.3850131886E+00   1.7845921372E-04   2.0792910670E+00   2.3524441357E+00   2.7378210767E-04   2.1962834566E+00   2.3986870444E+00   1.5606034896E-03   2.2715031067E+00   2.4372598828E+00   1.8144185965E-03   2.4302302197E+00   2.4876886725E+00   2.1222724962E-03   2.2212904804E+00   2.4263501177E+00   1.3750704923E-03   3.3607252556E-04
   1  -109   0    0  -8.3491677128E-02   8.0087517650E+00   1.4323752660E-04   1.9961739790E+00   2.3853192690E+00   1.7860235486E-04   2.0787339485E+00   2.3528024414E+00   2.7460912956E-04   2.1962209259E+00   2.3990207743E+00   1.5607466308E-03   2.2723605779E+00   2.4376466017E+00   1.8145017691E-03   2.4306474982E+00   2.4880943535E+00   2.1222553490E-03   2.2218571126E+00   2.4267425409E+00   1.3753122349E-03   3.3609927417E-04
   1  -110   0    0  -9.3368263489E-02   8.0097015229E+00   1.4297451345E-04   1.9958693464E+00   2.3856258037E+00   1.7874465092E-04   2.0781720630E+00   2.3531608389E+00   2.7543084188E-04   2.1961601239E+00   2.3993547564E+00   1.5608889268E-03   2.2732195495E+00   2.4380330904E+00   1.8145844257E-03   2.4310643933E+00   2.4884996614E+00   2.1222383012E-03   2.2224296696E+00   2.4271346991E+00   1.3755524887E-03   3.3612601057E-04
   1  -111   0    0  -1.0324417984E-01   8.0106524477E+00   1.4271348101E-04   1.9955646732E+00   2.3859327405E+00   1.7888607369E-04   2.0776055309E+00   2.3535192669E+00   2.7624708993E-04   2.1961010433E+00   2.3996889341E+00   1.5610303496E-03   2.2740798650E+00   2.4384192850E+00   1.8146665503E-03   2.4314808362E+00   2.4889045295E+00   2.1222213562E-03   2.2230080325E+00   2.4275265271E+00   1.3757912073E-03   3.3615273033E-04
   1  -112   0    0  -1.1311946545E-01   8.0116043711E+00   1.4245447206E-04   1.9952599934E+00   2.3862400277E+00   1.7902659604E-04   2.0770344774E+00   2.3538776647E+00   2.7705772564E-04   2.1960436743E+00   2.4000232508E+00   1.5611708719E-03   2.2749413679E+00   2.4388051227E+00   1.8147481277E-03   2.4318967591E+00   2.4893088917E+00   2.1222045172E-03   2.2235920779E+00   2.4279179610E+00   1.3760283462E-03   3.3617942908E-04
   1  -113   0    0  -1.2299416025E-01   8.0125571259E+00   1.4219752710E-04   1.9949553390E+00   2.3865476136E+00   1.7916619198E-04   2.0764590331E+00   2.3542359724E+00   2.7786260767E-04   2.1959880044E+00   2.4003576510E+00   1.5613104679E-03   2.2758039011E+00   2.4391905418E+00   1.8148291433E-03   2.4323120957E+00   2.4897126837E+00   2.1221877874E-03   2.2241816780E+00   2.4283089382E+00   1.3762638626E-03   3.3620610251E-04
   1  -114   0    0  -1.3286830479E-01   8.0135105458E+00   1.4194268432E-04   1.9946507406E+00   2.3868554473E+00   1.7930483668E-04   2.0758793332E+00   2.3545941310E+00   2.7866160154E-04   2.1959340189E+00   2.4006920795E+00   1.5614491126E-03   2.2766673079E+00   2.4395754817E+00   1.8149095832E-03   2.4327267807E+00   2.4901158420E+00   2.1221711698E-03   2.2247767008E+00   2.4286993970E+00   1.3764977160E-03   3.3623274642E-04
   1  -115   0    0  -1.4274194018E-01   8.0144644657E+00   1.4168997959E-04   1.9943462267E+00   2.3871634780E+00   1.7944250647E-04   2.0752955178E+00   2.3549520825E+00   2.7945457971E-04   2.1958817003E+00   2.4010264819E+00   1.5615867824E-03   2.2775314316E+00   2.4399598830E+00   1.8149894342E-03   2.4331407508E+00   2.4905183049E+00   2.1221546673E-03   2.2253770104E+00   2.4290892772E+00   1.3767298677E-03   3.3625935665E-04
   1  -116   0    0  -1.5261510808E-01   8.0154187213E+00   1.4143944641E-04   1.9940418243E+00   2.3874716556E+00   1.7957917885E-04   2.0747077316E+00   2.3553097695E+00   2.8024142164E-04   2.1958310286E+00   2.4013608046E+00   1.5617234547E-03   2.2783961157E+00   2.4403436874E+00   1.8150686838E-03   2.4335539435E+00   2.4909200120E+00   2.1221382827E-03   2.2259824671E+00   2.4294785197E+00   1.3769602810E-03   3.3628592916E-04
   1  -117   0    0  -1.6248785061E-01   8.0163731503E+00   1.4119111595E-04   1.9937375584E+00   2.3877799305E+00   1.7971483254E-04   2.0741161237E+00   2.3556671359E+00   2.8102201388E-04   2.1957819817E+00   2.4016949947E+00   1.5618591084E-03   2.2792612039E+00   2.4407268382E+00   1.8151473202E-03   2.4339662981E+00   2.4913209040E+00   2.1221220184E-03   2.2265929276E+00   2.4298670667E+00   1.3771889215E-03   3.3631245997E-04
   1  -118   0    0  -1.7236021031E-01   8.0173275912E+00   1.4094501703E-04   1.9934334522E+00   2.3880882534E+00   1.7984944746E-04   2.0735208477E+00   2.3560241265E+00   2.8179625007E-04   2.1957345349E+00   2.4020290000E+00   1.5619937233E-03   2.2801265408E+00   2.4411092796E+00   1.8152253322E-03   2.4343777555E+00   2.4917209235E+00   2.1221058771E-03   2.2272082452E+00   2.4302548619E+00   1.3774157566E-03   3.3633894520E-04
   1  -119   0    0  -1.8223223013E-01   8.0182818847E+00   1.4070117614E-04   1.9931295272E+00   2.3883965759E+00   1.7998300474E-04   2.0729220611E+00   2.3563806871E+00   2.8256403099E-04   2.1956886613E+00   2.4023627692E+00   1.5621272806E-03   2.2809919712E+00   2.4414909573E+00   1.8153027094E-03   2.4347882578E+00   2.4921200143E+00   2.1220898609E-03   2.2278282699E+00   2.4306418503E+00   1.3776407558E-03   3.3636538104E-04
   1  -120   0    0  -1.9210395330E-01   8.0192358726E+00   1.4045961741E-04   1.9928258031E+00   2.3887048501E+00   1.8011548676E-04   2.0723199256E+00   2.3567367645E+00   2.8332526457E-04   2.1956443316E+00   2.4026962519E+00   1.5622597627E-03   2.2818573407E+00   2.4418718184E+00   1.8153794423E-03   2.4351977489E+00   2.4925181217E+00   2.1220739720E-03   2.2284528488E+00   2.4310279780E+00   1.3778638907E-03   3.3639176379E-04
   1  -121   0    0  -2.0197542335E-01   8.0201893990E+00   1.4022036268E-04   1.9925222976E+00   2.3890130287E+00   1.8024687709E-04   2.0717146067E+00   2.3570923067E+00   2.8407986584E-04   2.1956015147E+00   2.4030293986E+00   1.5623911530E-03   2.2827224957E+00   2.4422518111E+00   1.8154555218E-03   2.4356061741E+00   2.4929151927E+00   2.1220582125E-03   2.2290818263E+00   2.4314131930E+00   1.3780851352E-03   3.3641808983E-04
   1  -122   0    0  -2.1184668402E-01   8.0211423096E+00   1.3998343148E-04   1.9922190269E+00   2.3893210649E+00   1.8037716053E-04   2.0711062732E+00   2.3574472627E+00   2.8482775692E-04   2.1955601770E+00   2.4033621605E+00   1.5625214364E-03   2.2835872837E+00   2.4426308852E+00   1.8155309397E-03   2.4360134803E+00   2.4933111757E+00   2.1220425841E-03   2.2297150440E+00   2.4317974442E+00   1.3783044648E-03   3.3644435563E-04
   1  -123   0    0  -2.2171777921E-01   8.0220944522E+00   1.3974884108E-04   1.9919160053E+00   2.3896289129E+00   1.8050632311E-04   2.0704950975E+00   2.3578015829E+00   2.8556886697E-04   2.1955202831E+00   2.4036944898E+00   1.5626505990E-03   2.2844515529E+00   2.4430089917E+00   1.8156056885E-03   2.4364196161E+00   2.4937060205E+00   2.1220270887E-03   2.2303523412E+00   2.4321806822E+00   1.3785218576E-03   3.3647055776E-04
   1  -124   0    0  -2.3158875295E-01   8.0230456765E+00   1.3951660650E-04   1.9916132455E+00   2.3899365274E+00   1.8063435204E-04   2.0698812552E+00   2.3581552184E+00   2.8630313213E-04   2.1954817958E+00   2.4040263398E+00   1.5627786279E-03   2.2853151529E+00   2.4433860831E+00   1.8156797612E-03   2.4368245314E+00   2.4940996786E+00   2.1220117278E-03   2.2309935552E+00   2.4325628591E+00   1.3787372932E-03   3.3649669288E-04
   1  -125   0    0  -2.4145964928E-01   8.0239958346E+00   1.3928674059E-04   1.9913107584E+00   2.3902438639E+00   1.8076123575E-04   2.0692649247E+00   2.3585081219E+00   2.8703049541E-04   2.1954446759E+00   2.4043576646E+00   1.5629055116E-03   2.2861779344E+00   2.4437621131E+00   1.8157531518E-03   2.4372281780E+00   2.4944921031E+00   2.1219965029E-03   2.2316385211E+00   2.4329439280E+00   1.3789507537E-03   3.3652275774E-04
   1  -126   0    0  -2.5133051230E-01   8.0249447805E+00   1.3905925402E-04   1.9910085534E+00   2.3905508784E+00   1.8088696385E-04   2.0686462871E+00   2.3588602468E+00   2.8775090664E-04   2.1954088825E+00   2.4046884191E+00   1.5630312397E-03   2.2870397494E+00   2.4441370370E+00   1.8158258549E-03   2.4376305090E+00   2.4948832483E+00   2.1219814151E-03   2.2322870724E+00   2.4333238440E+00   1.3791622227E-03   3.3654874918E-04
   1  -127   0    0  -2.6120138601E-01   8.0258923707E+00   1.3883415536E-04   1.9907066384E+00   2.3908575279E+00   1.8101152710E-04   2.0680255260E+00   2.3592115480E+00   2.8846432229E-04   2.1953743732E+00   2.4050185594E+00   1.5631558030E-03   2.2879004512E+00   2.4445108113E+00   1.8158978655E-03   2.4380314792E+00   2.4952730705E+00   2.1219664657E-03   2.2329390410E+00   2.4337025630E+00   1.3793716863E-03   3.3657466415E-04
   1  -128   0    0  -2.7107231433E-01   8.0268384638E+00   1.3861145110E-04   1.9904050198E+00   2.3911637702E+00   1.8113491741E-04   2.0674028271E+00   2.3595619814E+00   2.8917070540E-04   2.1953411041E+00   2.4053480426E+00   1.5632791933E-03   2.2887598949E+00   2.4448833939E+00   1.8159691796E-03   2.4384310449E+00   2.4956615270E+00   2.1219516557E-03   2.2335942574E+00   2.4340800429E+00   1.3795791321E-03   3.3660049967E-04
   1  -129   0    0  -2.8094334101E-01   8.0277829209E+00   1.3839114576E-04   1.9901037024E+00   2.3914695635E+00   1.8125712782E-04   2.0667783783E+00   2.3599115042E+00   2.8987002537E-04   2.1953090296E+00   2.4056768265E+00   1.5634014037E-03   2.2896179369E+00   2.4452547440E+00   1.8160397937E-03   2.4388291640E+00   2.4960485769E+00   2.1219369859E-03   2.2342525510E+00   2.4344562424E+00   1.3797845498E-03   3.3662625286E-04
   1  -130   0    0  -2.9081450958E-01   8.0287256055E+00   1.3817324188E-04   1.9898026900E+00   2.3917748670E+00   1.8137815245E-04   2.0661523689E+00   2.3602600745E+00   2.9056225789E-04   2.1952781033E+00   2.4060048700E+00   1.5635224283E-03   2.2904744353E+00   2.4456248221E+00   1.8161097050E-03   2.4392257957E+00   2.4964341806E+00   2.1219224571E-03   2.2349137503E+00   2.4348311220E+00   1.3799879308E-03   3.3665192094E-04
   1  -131   0    0  -3.0068586334E-01   8.0296663834E+00   1.3795774015E-04   1.9895019848E+00   2.3920796407E+00   1.8149798652E-04   2.0655249898E+00   2.3606076517E+00   2.9124738467E-04   2.1952482772E+00   2.4063321329E+00   1.5636422624E-03   2.2913292500E+00   2.4459935902E+00   1.8161789111E-03   2.4396209009E+00   2.4968183000E+00   2.1219080700E-03   2.2355776830E+00   2.4352046435E+00   1.3801892683E-03   3.3667750120E-04
   1  -132   0    0  -3.1055744524E-01   8.0306051228E+00   1.3774463941E-04   1.9892015881E+00   2.3923838452E+00   1.8161662626E-04   2.0648964331E+00   2.3609541963E+00   2.9192539333E-04   2.1952195025E+00   2.4066585762E+00   1.5637609022E-03   2.2921822425E+00   2.4463610113E+00   1.8162474106E-03   2.4400144418E+00   2.4972008985E+00   2.1218938249E-03   2.2362441763E+00   2.4355767696E+00   1.3803885575E-03   3.3670299104E-04
   1  -133   0    0  -3.2042929789E-01   8.0315416944E+00   1.3753393676E-04   1.9889015000E+00   2.3926874420E+00   1.8173406892E-04   2.0642668917E+00   2.3612996699E+00   2.9259627717E-04   2.1951917294E+00   2.4069841615E+00   1.5638783448E-03   2.2930332764E+00   2.4467270498E+00   1.8163152023E-03   2.4404063822E+00   2.4975819407E+00   2.1218797224E-03   2.2369130568E+00   2.4359474649E+00   1.3805857949E-03   3.3672838792E-04
   1  -134   0    0  -3.3030146347E-01   8.0324759715E+00   1.3732562764E-04   1.9886017198E+00   2.3929903933E+00   1.8185031273E-04   2.0636365593E+00   2.3616440352E+00   2.9326003496E-04   2.1951649074E+00   2.4073088515E+00   1.5639945886E-03   2.2938822169E+00   2.4470916714E+00   1.8163822857E-03   2.4407966870E+00   2.4979613927E+00   2.1218657625E-03   2.2375841511E+00   2.4363166948E+00   1.3807809789E-03   3.3675368941E-04
   1  -135   0    0  -3.4017398373E-01   8.0334078297E+00   1.3711970587E-04   1.9883022456E+00   2.3932926620E+00   1.8196535684E-04   2.0630056297E+00   2.3619872559E+00   2.9391667074E-04   2.1951389851E+00   2.4076326097E+00   1.5641096327E-03   2.2947289315E+00   2.4474548428E+00   1.8164486608E-03   2.4411853227E+00   2.4983392218E+00   2.1218519456E-03   2.2382572857E+00   2.4366844262E+00   1.3809741093E-03   3.3677889314E-04
   1  -136   0    0  -3.5004689991E-01   8.0343371470E+00   1.3691616374E-04   1.9880030751E+00   2.3935942117E+00   1.8207920132E-04   2.0623742971E+00   2.3623292969E+00   2.9456619360E-04   2.1951139109E+00   2.4079554006E+00   1.5642234772E-03   2.2955732894E+00   2.4478165321E+00   1.8165143283E-03   2.4415722569E+00   2.4987153965E+00   2.1218382715E-03   2.2389322871E+00   2.4370506270E+00   1.3811651875E-03   3.3680399682E-04
   1  -137   0    0  -3.5992025269E-01   8.0352638039E+00   1.3671499211E-04   1.9877042052E+00   2.3938950068E+00   1.8219184709E-04   2.0617427554E+00   2.3626701238E+00   2.9520861744E-04   2.1950896324E+00   2.4082771896E+00   1.5643361230E-03   2.2964151621E+00   2.4481767082E+00   1.8165792890E-03   2.4419574587E+00   2.4990898867E+00   2.1218247403E-03   2.2396089824E+00   2.4374152664E+00   1.3813542163E-03   3.3682899826E-04
   1  -138   0    0  -3.6979408217E-01   8.0361876833E+00   1.3651618045E-04   1.9874056322E+00   2.3941950125E+00   1.8230329591E-04   2.0611111982E+00   2.3630097036E+00   2.9584396073E-04   2.1950660971E+00   2.4085979428E+00   1.5644475718E-03   2.2972544229E+00   2.4485353413E+00   1.8166435447E-03   2.4423408981E+00   2.4994626634E+00   2.1218113517E-03   2.2402871987E+00   2.4377783145E+00   1.3815411999E-03   3.3685389532E-04
   1  -139   0    0  -3.7966842784E-01   8.0371086704E+00   1.3631971695E-04   1.9871073520E+00   2.3944941945E+00   1.8241355030E-04   2.0604798183E+00   2.3633480039E+00   2.9647224627E-04   2.1950432524E+00   2.4089176272E+00   1.5645578262E-03   2.2980909474E+00   2.4488924027E+00   1.8167070971E-03   2.4427225466E+00   2.4998336988E+00   2.1217981055E-03   2.2409667641E+00   2.4381397429E+00   1.3817261436E-03   3.3687868595E-04
   1  -140   0    0  -3.8954332851E-01   8.0380266529E+00   1.3612558860E-04   1.9868093603E+00   2.3947925192E+00   1.8252261352E-04   2.0598488077E+00   2.3636849934E+00   2.9709350095E-04   2.1950210456E+00   2.4092362108E+00   1.5646668894E-03   2.2989246135E+00   2.4492478645E+00   1.8167699487E-03   2.4431023766E+00   2.5002029659E+00   2.1217850014E-03   2.2416475071E+00   2.4384995237E+00   1.3819090542E-03   3.3690336815E-04
   1  -141   0    0  -3.9941882231E-01   8.0389415208E+00   1.3593378125E-04   1.9865116525E+00   2.3950899538E+00   1.8263048955E-04   2.0592183570E+00   2.3640206417E+00   2.9770775550E-04   2.1949994239E+00   2.4095536620E+00   1.5647747654E-03   2.2997553010E+00   2.4496016999E+00   1.8168321022E-03   2.4434803615E+00   2.5005704391E+00   2.1217720388E-03   2.2423292572E+00   2.4388576304E+00   1.3820899396E-03   3.3692793999E-04
   1  -142   0    0  -4.0929494661E-01   8.0398531662E+00   1.3574427970E-04   1.9862142239E+00   2.3953864660E+00   1.8273718301E-04   2.0585886558E+00   2.3643549192E+00   2.9831504423E-04   2.1949783348E+00   2.4098699502E+00   1.5648814589E-03   2.3005828921E+00   2.4499538830E+00   1.8168935607E-03   2.4438564760E+00   2.5009360937E+00   2.1217592173E-03   2.2430118448E+00   2.4392140373E+00   1.3822688085E-03   3.3695239963E-04
   1  -143   0    0  -4.1917173804E-01   8.0407614836E+00   1.3555706782E-04   1.9859170699E+00   2.3956820243E+00   1.8284269912E-04   2.0579598915E+00   2.3646877971E+00   2.9891540478E-04   2.1949577264E+00   2.4101850455E+00   1.5649869750E-03   2.3014072710E+00   2.4503043887E+00   1.8169543278E-03   2.4442306955E+00   2.5012999057E+00   2.1217465363E-03   2.2436951015E+00   2.4395687195E+00   1.3824456709E-03   3.3697674525E-04
   1  -144   0    0  -4.2904923242E-01   8.0416663696E+00   1.3537212856E-04   1.9856201860E+00   2.3959765976E+00   1.8294704369E-04   2.0573322501E+00   2.3650192475E+00   2.9950887790E-04   2.1949375468E+00   2.4104989186E+00   1.5650913196E-03   2.3022283243E+00   2.4506531928E+00   1.8170144072E-03   2.4446029964E+00   2.5016618524E+00   2.1217339951E-03   2.2443788601E+00   2.4399216530E+00   1.3826205377E-03   3.3700097512E-04
   1  -145   0    0  -4.3892746478E-01   8.0425677231E+00   1.3518944409E-04   1.9853235680E+00   2.3962701555E+00   1.8305022303E-04   2.0567059152E+00   2.3653492430E+00   3.0009550713E-04   2.1949177448E+00   2.4108115411E+00   1.5651944989E-03   2.3030459409E+00   2.4510002718E+00   1.8170738030E-03   2.4449733561E+00   2.5020219114E+00   2.1217215930E-03   2.2450629546E+00   2.4402728146E+00   1.3827934205E-03   3.3702508754E-04
   1  -146   0    0  -4.4880646925E-01   8.0434654448E+00   1.3500899586E-04   1.9850272121E+00   2.3965626681E+00   1.8315224396E-04   2.0560810681E+00   2.3656777573E+00   3.0067533864E-04   2.1948982700E+00   2.4111228848E+00   1.5652965198E-03   2.3038600117E+00   2.4513456031E+00   1.8171325196E-03   2.4453417525E+00   2.5023800616E+00   2.1217093293E-03   2.2457472205E+00   2.4406221821E+00   1.3829643318E-03   3.3704908087E-04
   1  -147   0    0  -4.5868627915E-01   8.0443594377E+00   1.3483076465E-04   1.9847311149E+00   2.3968541060E+00   1.8325311370E-04   2.0554578877E+00   2.3660047644E+00   3.0124842091E-04   2.1948790726E+00   2.4114329227E+00   1.5653973896E-03   2.3046704302E+00   2.4516891646E+00   1.8171905615E-03   2.4457081646E+00   2.5027362824E+00   2.1216972029E-03   2.2464314947E+00   2.4409697335E+00   1.3831332848E-03   3.3707295353E-04
   1  -148   0    0  -4.6856692686E-01   8.0452496066E+00   1.3465473072E-04   1.9844352737E+00   2.3971444406E+00   1.8335283991E-04   2.0548365499E+00   2.3663302392E+00   3.0181480453E-04   2.1948601038E+00   2.4117416277E+00   1.5654971158E-03   2.3054770919E+00   2.4520309349E+00   1.8172479336E-03   2.4460725718E+00   2.5030905538E+00   2.1216852132E-03   2.2471156158E+00   2.4413154479E+00   1.3833002934E-03   3.3709670397E-04
   1  -149   0    0  -4.7844844389E-01   8.0461358584E+00   1.3448087378E-04   1.9841396863E+00   2.3974336434E+00   1.8345143058E-04   2.0542172280E+00   2.3666541570E+00   3.0237454196E-04   2.1948413155E+00   2.4120489739E+00   1.5655957065E-03   2.3062798945E+00   2.4523708933E+00   1.8173046408E-03   2.4464349544E+00   2.5034428566E+00   2.1216733591E-03   2.2477994242E+00   2.4416593049E+00   1.3834653719E-03   3.3712033068E-04
   1  -150   0    0  -4.8833086081E-01   8.0470181017E+00   1.3430917316E-04   1.9838443516E+00   2.3977216867E+00   1.8354889401E-04   2.0536000919E+00   2.3669764938E+00   3.0292768728E-04   2.1948226610E+00   2.4123549354E+00   1.5656931699E-03   2.3070787382E+00   2.4527090195E+00   1.8173606885E-03   2.4467952931E+00   2.5037931722E+00   2.1216616397E-03   2.2484827616E+00   2.4420012845E+00   1.3836285352E-03   3.3714383220E-04
   1  -151   0    0  -4.9821420722E-01   8.0478962470E+00   1.3413960783E-04   1.9835492691E+00   2.3980085429E+00   1.8364523880E-04   2.0529853083E+00   2.3672972261E+00   3.0347429600E-04   2.1948040944E+00   2.4126594871E+00   1.5657895147E-03   2.3078735252E+00   2.4530452939E+00   1.8174160819E-03   2.4471535693E+00   2.5041414823E+00   2.1216500540E-03   2.2491654721E+00   2.4423413675E+00   1.3837897987E-03   3.3716720710E-04
   1  -152   0    0  -5.0809851181E-01   8.0487702065E+00   1.3397215645E-04   1.9832544395E+00   2.3982941852E+00   1.8374047376E-04   2.0523730405E+00   2.3676163308E+00   3.0401442481E-04   2.1947855713E+00   2.4129626042E+00   1.5658847497E-03   2.3086641601E+00   2.4533796971E+00   1.8174708264E-03   2.4475097648E+00   2.5044877693E+00   2.1216386009E-03   2.2498474012E+00   2.4426795349E+00   1.3839491782E-03   3.3719045398E-04
   1  -153   0    0  -5.1798380228E-01   8.0496398942E+00   1.3380679748E-04   1.9829598643E+00   2.3985785869E+00   1.8383460793E-04   2.0517634481E+00   2.3679337855E+00   3.0454813140E-04   2.1947670486E+00   2.4132642625E+00   1.5659788838E-03   2.3094505498E+00   2.4537122104E+00   1.8175249276E-03   2.4478638620E+00   2.5048320160E+00   2.1216272794E-03   2.2505283965E+00   2.4430157683E+00   1.3841066896E-03   3.3721357149E-04
   1  -154   0    0  -5.2787010536E-01   8.0505052256E+00   1.3364350923E-04   1.9826655465E+00   2.3988617220E+00   1.8392765049E-04   2.0511566871E+00   2.3682495678E+00   3.0507547424E-04   2.1947484843E+00   2.4135644380E+00   1.5660719264E-03   2.3102326030E+00   2.4540428155E+00   1.8175783913E-03   2.4482158435E+00   2.5051742057E+00   2.1216160884E-03   2.2512083078E+00   2.4433500498E+00   1.3842623492E-03   3.3723655827E-04
   1  -155   0    0  -5.3775744679E-01   8.0513661179E+00   1.3348226989E-04   1.9823714901E+00   2.3991435645E+00   1.8401961076E-04   2.0505529094E+00   2.3685636562E+00   3.0559651240E-04   2.1947298381E+00   2.4138631071E+00   1.5661638867E-03   2.3110102311E+00   2.4543714942E+00   1.8176312230E-03   2.4485656926E+00   2.5055143218E+00   2.1216050269E-03   2.2518869867E+00   2.4436823617E+00   1.3844161737E-03   3.3725941303E-04
   1  -156   0    0  -5.4764585133E-01   8.0522224898E+00   1.3332305761E-04   1.9820777003E+00   2.3994240891E+00   1.8411049818E-04   2.0499522631E+00   2.3688760292E+00   3.0611130536E-04   2.1947110712E+00   2.4141602468E+00   1.5662547741E-03   2.3117833475E+00   2.4546982289E+00   1.8176834287E-03   2.4489133926E+00   2.5058523484E+00   2.1215940936E-03   2.2525642868E+00   2.4440126866E+00   1.3845681795E-03   3.3728213446E-04
   1  -157   0    0  -5.5753534274E-01   8.0530742616E+00   1.3316585056E-04   1.9817841838E+00   2.3997032707E+00   1.8420032222E-04   2.0493548921E+00   2.3691866659E+00   3.0661991286E-04   2.1946921462E+00   2.4144558341E+00   1.5663445981E-03   2.3125518676E+00   2.4550230021E+00   1.8177350140E-03   2.4492589273E+00   2.5061882696E+00   2.1215832876E-03   2.2532400643E+00   2.4443410075E+00   1.3847183834E-03   3.3730472132E-04
   1  -158   0    0  -5.6742594378E-01   8.0539213548E+00   1.3301062694E-04   1.9814909487E+00   2.3999810844E+00   1.8428909243E-04   2.0487609361E+00   2.3694955454E+00   3.0712239471E-04   2.1946730275E+00   2.4147498466E+00   1.5664333683E-03   2.3133157091E+00   2.4553457967E+00   1.8177859849E-03   2.4496022807E+00   2.5065220699E+00   2.1215726076E-03   2.2539141770E+00   2.4446673078E+00   1.3848668023E-03   3.3732717234E-04
   1  -159   0    0  -5.7731767621E-01   8.0547636927E+00   1.3285736508E-04   1.9811980046E+00   2.4002575057E+00   1.8437681835E-04   2.0481705306E+00   2.3698026474E+00   3.0761881065E-04   2.1946536811E+00   2.4150422620E+00   1.5665210942E-03   2.3140747920E+00   2.4556665959E+00   1.8178363470E-03   2.4499434371E+00   2.5068537340E+00   2.1215620526E-03   2.2545864854E+00   2.4449915709E+00   1.3850134528E-03   3.3734948631E-04
   1  -160   0    0  -5.8721056080E-01   8.0556011997E+00   1.3270604343E-04   1.9809053623E+00   2.4005325105E+00   1.8446350952E-04   2.0475838065E+00   2.3701079517E+00   3.0810922023E-04   2.1946340747E+00   2.4153330584E+00   1.5666077854E-03   2.3148290382E+00   2.4559853829E+00   1.8178861063E-03   2.4502823810E+00   2.5071832468E+00   2.1215516214E-03   2.2552568519E+00   2.4453137804E+00   1.3851583518E-03   3.3737166199E-04
   1  -161   0    0  -5.9710461731E-01   8.0564338015E+00   1.3255664064E-04   1.9806130346E+00   2.4008060748E+00   1.8454917543E-04   2.0470008905E+00   2.3704114384E+00   3.0859368265E-04   2.1946141776E+00   2.4156222140E+00   1.5666934513E-03   2.3155783718E+00   2.4563021411E+00   1.8179352684E-03   2.4506190969E+00   2.5075105933E+00   2.1215413130E-03   2.2559251414E+00   2.4456339204E+00   1.3853015160E-03   3.3739369821E-04
   1  -162   0    0  -6.0699986451E-01   8.0572614253E+00   1.3240913557E-04   1.9803210355E+00   2.4010781749E+00   1.8463382554E-04   2.0464219046E+00   2.3707130878E+00   3.0907225665E-04   2.1945939611E+00   2.4159097074E+00   1.5667781014E-03   2.3163227189E+00   2.4566168544E+00   1.8179838392E-03   2.4509535698E+00   2.5078357588E+00   2.1215311261E-03   2.2565912210E+00   2.4459519748E+00   1.3854429617E-03   3.3741559375E-04
   1  -163   0    0  -6.1689632017E-01   8.0580839995E+00   1.3226350731E-04   1.9800293807E+00   2.4013487875E+00   1.8471746920E-04   2.0458469665E+00   2.3710128804E+00   3.0954500042E-04   2.1945733981E+00   2.4161955175E+00   1.5668617451E-03   2.3170620080E+00   2.4569295066E+00   1.8180318243E-03   2.4512857846E+00   2.5081587286E+00   2.1215210597E-03   2.2572549601E+00   2.4462679279E+00   1.3855827056E-03   3.3743734746E-04
   1  -164   0    0  -6.2679400106E-01   8.0589014536E+00   1.3211973525E-04   1.9797380875E+00   2.4016178893E+00   1.8480011569E-04   2.0452761891E+00   2.3713107970E+00   3.1001197149E-04   2.1945524634E+00   2.4164796231E+00   1.5669443916E-03   2.3177961692E+00   2.4572400815E+00   1.8180792293E-03   2.4516157262E+00   2.5084794883E+00   2.1215111128E-03   2.2579162307E+00   2.4465817640E+00   1.3857207637E-03   3.3745895817E-04
   1  -165   0    0  -6.3669292298E-01   8.0597137187E+00   1.3197779909E-04   1.9794471747E+00   2.4018854576E+00   1.8488177417E-04   2.0447096807E+00   2.3716068185E+00   3.1047322663E-04   2.1945311336E+00   2.4167620035E+00   1.5670260501E-03   2.3185251351E+00   2.4575485633E+00   1.8181260598E-03   2.4519433800E+00   2.5087980234E+00   2.1215012841E-03   2.2585749069E+00   2.4468934676E+00   1.3858571522E-03   3.3748042471E-04
   1  -166   0    0  -6.4659310075E-01   8.0605207268E+00   1.3183767883E-04   1.9791566628E+00   2.4021514696E+00   1.8496245369E-04   2.0441475452E+00   2.3719009261E+00   3.1092882179E-04   2.1945093872E+00   2.4170426381E+00   1.5671067296E-03   2.3192488400E+00   2.4578549362E+00   1.8181723212E-03   2.4522687312E+00   2.5091143196E+00   2.1214915727E-03   2.2592308654E+00   2.4472030233E+00   1.3859918868E-03   3.3750174594E-04
   1  -167   0    0  -6.5649454820E-01   8.0613224113E+00   1.3169935481E-04   1.9788665740E+00   2.4024159029E+00   1.8504216315E-04   2.0435898816E+00   2.3721931008E+00   3.1137881204E-04   2.1944872043E+00   2.4173215066E+00   1.5671864390E-03   2.3199672205E+00   2.4581591846E+00   1.8182180190E-03   2.4525917651E+00   2.5094283627E+00   2.1214819776E-03   2.2598839851E+00   2.4475104158E+00   1.3861249830E-03   3.3752292073E-04
   1  -168   0    0  -6.6639727821E-01   8.0621187066E+00   1.3156280776E-04   1.9785769319E+00   2.4026787352E+00   1.8512091131E-04   2.0430367843E+00   2.3724833244E+00   3.1182325149E-04   2.1944645669E+00   2.4175985887E+00   1.5672651872E-03   2.3206802150E+00   2.4584612928E+00   1.8182631584E-03   2.4529124673E+00   2.5097401384E+00   2.1214724975E-03   2.2605341476E+00   2.4478156298E+00   1.3862564563E-03   3.3754394794E-04
   1  -169   0    0  -6.7630130269E-01   8.0629095485E+00   1.3142801874E-04   1.9782877618E+00   2.4029399447E+00   1.8519870677E-04   2.0424883433E+00   2.3727715782E+00   3.1226219328E-04   2.1944414591E+00   2.4178738645E+00   1.5673429827E-03   2.3213877642E+00   2.4587612454E+00   1.8183077446E-03   2.4532308231E+00   2.5100496329E+00   2.1214631317E-03   2.2611812369E+00   2.4481186503E+00   1.3863863216E-03   3.3756482645E-04
   1  -170   0    0  -6.8620663261E-01   8.0636948740E+00   1.3129496922E-04   1.9779990903E+00   2.4031995097E+00   1.8527555797E-04   2.0419446437E+00   2.3730578442E+00   3.1269568949E-04   2.1944178663E+00   2.4181473142E+00   1.5674198339E-03   2.3220898104E+00   2.4590590271E+00   1.8183517827E-03   2.4535468182E+00   2.5103568319E+00   2.1214538790E-03   2.2618251393E+00   2.4484194622E+00   1.3865145936E-03   3.3758555514E-04
   1  -171   0    0  -6.9611327797E-01   8.0644746211E+00   1.3116364103E-04   1.9777109457E+00   2.4034574085E+00   1.8535147319E-04   2.0414057662E+00   2.3733421043E+00   3.1312379118E-04   2.1943937761E+00   2.4184189182E+00   1.5674957491E-03   2.3227862982E+00   2.4593546225E+00   1.8183952778E-03   2.4538604382E+00   2.5106617216E+00   2.1214447385E-03   2.2624657438E+00   2.4487180506E+00   1.3866412868E-03   3.3760613292E-04
   1  -172   0    0  -7.0602124788E-01   8.0652487293E+00   1.3103401643E-04   1.9774233578E+00   2.4037136201E+00   1.8542646053E-04   2.0408717869E+00   2.3736243406E+00   3.1354654832E-04   2.1943691775E+00   2.4186886571E+00   1.5675707364E-03   2.3234771742E+00   2.4596480165E+00   1.8184382346E-03   2.4541716690E+00   2.5109642882E+00   2.1214357092E-03   2.2631029419E+00   2.4490144007E+00   1.3867664154E-03   3.3762655867E-04
   1  -173   0    0  -7.1593055049E-01   8.0660171391E+00   1.3090607802E-04   1.9771363578E+00   2.4039681234E+00   1.8550052791E-04   2.0403427775E+00   2.3739045354E+00   3.1396400979E-04   2.1943440616E+00   2.4189565118E+00   1.5676448038E-03   2.3241623867E+00   2.4599391941E+00   1.8184806581E-03   2.4544804964E+00   2.5112645179E+00   2.1214267902E-03   2.2637366276E+00   2.4493084978E+00   1.3868899931E-03   3.3764683132E-04
   1  -174   0    0  -7.2584119306E-01   8.0667797924E+00   1.3077980884E-04   1.9768499781E+00   2.4042208978E+00   1.8557368309E-04   2.0398188048E+00   2.3741826713E+00   3.1437622337E-04   2.1943184210E+00   2.4192224633E+00   1.5677179590E-03   2.3248418862E+00   2.4602281404E+00   1.8185225528E-03   2.4547869062E+00   2.5115623970E+00   2.1214179805E-03   2.2643666974E+00   2.4496003272E+00   1.3870120335E-03   3.3766694978E-04
   1  -175   0    0  -7.3575318194E-01   8.0675366322E+00   1.3065519229E-04   1.9765642527E+00   2.4044719228E+00   1.8564593365E-04   2.0392999318E+00   2.3744587309E+00   3.1478323579E-04   2.1942922498E+00   2.4194864930E+00   1.5677902095E-03   2.3255156253E+00   2.4605148405E+00   1.8185639235E-03   2.4550908846E+00   2.5118579119E+00   2.1214092794E-03   2.2649930505E+00   2.4498898746E+00   1.3871325498E-03   3.3768691299E-04
   1  -176   0    0  -7.4566652259E-01   8.0682876030E+00   1.3053221215E-04   1.9762792165E+00   2.4047211781E+00   1.8571728699E-04   2.0387862167E+00   2.3747326971E+00   3.1518509268E-04   2.1942655440E+00   2.4197485823E+00   1.5678615629E-03   2.3261835581E+00   2.4607992800E+00   1.8186047744E-03   2.4553924178E+00   2.5121510493E+00   2.1214006858E-03   2.2656155885E+00   2.4501771256E+00   1.3872515549E-03   3.3770671989E-04
   1  -177   0    0  -7.5558121958E-01   8.0690326503E+00   1.3041085260E-04   1.9759949061E+00   2.4049686440E+00   1.8578775035E-04   2.0382777136E+00   2.3750045530E+00   3.1558183861E-04   2.1942383011E+00   2.4200087130E+00   1.5679320262E-03   2.3268456412E+00   2.4610814442E+00   1.8186451100E-03   2.4556914919E+00   2.5124417958E+00   2.1213921991E-03   2.2662342157E+00   2.4504620660E+00   1.3873690614E-03   3.3772636943E-04
   1  -178   0    0  -7.6549727664E-01   8.0697717214E+00   1.3029109816E-04   1.9757113586E+00   2.4052143010E+00   1.8585733078E-04   2.0377744721E+00   2.3752742821E+00   3.1597351713E-04   2.1942105201E+00   2.4202668673E+00   1.5680016067E-03   2.3275018328E+00   2.4613613190E+00   1.8186849346E-03   2.4559880936E+00   2.5127301383E+00   2.1213838182E-03   2.2668488389E+00   2.4507446818E+00   1.3874850817E-03   3.3774586057E-04
   1  -179   0    0  -7.7541469661E-01   8.0705047644E+00   1.3017293375E-04   1.9754286128E+00   2.4054581296E+00   1.8592603520E-04   2.0372765381E+00   2.3755418679E+00   3.1636017078E-04   2.1941822016E+00   2.4205230273E+00   1.5680703111E-03   2.3281520932E+00   2.4616388901E+00   1.8187242523E-03   2.4562822095E+00   2.5130160637E+00   2.1213755424E-03   2.2674593678E+00   2.4510249593E+00   1.3875996278E-03   3.3776519231E-04
   1  -180   0    0  -7.8533348153E-01   8.0712317293E+00   1.3005634458E-04   1.9751467080E+00   2.4057001111E+00   1.8599387036E-04   2.0367839530E+00   2.3758072942E+00   3.1674184112E-04   2.1941533473E+00   2.4207771758E+00   1.5681381463E-03   2.3287963846E+00   2.4619141439E+00   1.8187630672E-03   2.4565738263E+00   2.5132995594E+00   2.1213673709E-03   2.2680657145E+00   2.4513028848E+00   1.3877127115E-03   3.3778436363E-04
   1  -181   0    0  -7.9525363256E-01   8.0719525673E+00   1.2994131624E-04   1.9748656847E+00   2.4059402268E+00   1.8606084284E-04   2.0362967545E+00   2.3760705454E+00   3.1711856880E-04   2.1941239609E+00   2.4210292956E+00   1.5682051187E-03   2.3294346713E+00   2.4621870665E+00   1.8188013833E-03   2.4568629312E+00   2.5135806127E+00   2.1213593030E-03   2.2686677937E+00   2.4515784449E+00   1.3878243443E-03   3.3780337356E-04
   1  -182   0    0  -8.0517515008E-01   8.0726672311E+00   1.2982783462E-04   1.9745855840E+00   2.4061784586E+00   1.8612695909E-04   2.0358149760E+00   2.3763316058E+00   3.1749039353E-04   2.1940940468E+00   2.4212793701E+00   1.5682712350E-03   2.3300669194E+00   2.4624576447E+00   1.8188392044E-03   2.4571495113E+00   2.5138592112E+00   2.1213513378E-03   2.2692655229E+00   2.4518516266E+00   1.3879345374E-03   3.3782222113E-04
   1  -183   0    0  -8.1509803366E-01   8.0733756748E+00   1.2971588592E-04   1.9743064481E+00   2.4064147887E+00   1.8619222544E-04   2.0353386475E+00   2.3765904602E+00   3.1785735422E-04   2.1940636111E+00   2.4215273829E+00   1.5683365013E-03   2.3306930970E+00   2.4627258652E+00   1.8188765344E-03   2.4574335544E+00   2.5141353429E+00   2.1213434746E-03   2.2698588223E+00   2.4521224170E+00   1.3880433018E-03   3.3784090538E-04
   1  -184   0    0  -8.2502228207E-01   8.0740778542E+00   1.2960545663E-04   1.9740283194E+00   2.4066491996E+00   1.8625664806E-04   2.0348677950E+00   2.3768470937E+00   3.1821948894E-04   2.1940326611E+00   2.4217733179E+00   1.5684009240E-03   2.3313131743E+00   2.4629917154E+00   1.8189133771E-03   2.4577150481E+00   2.5144089959E+00   2.1213357127E-03   2.2704476146E+00   2.4523908035E+00   1.3881506483E-03   3.3785942540E-04
   1  -185   0    0  -8.3494789332E-01   8.0747737267E+00   1.2949653351E-04   1.9737512413E+00   2.4068816743E+00   1.8632023302E-04   2.0344024409E+00   2.3771014919E+00   3.1857683503E-04   2.1940012050E+00   2.4220171596E+00   1.5684645089E-03   2.3319271233E+00   2.4632551826E+00   1.8189497360E-03   2.4579939807E+00   2.5146801587E+00   2.1213280514E-03   2.2710318254E+00   2.4526567738E+00   1.3882565876E-03   3.3787778029E-04
   1  -186   0    0  -8.4487486463E-01   8.0754632512E+00   1.2938910358E-04   1.9734752574E+00   2.4071121963E+00   1.8638298628E-04   2.0339426041E+00   2.3773536407E+00   3.1892942912E-04   2.1939692525E+00   2.4222588927E+00   1.5685272622E-03   2.3325349179E+00   2.4635162547E+00   1.8189856147E-03   2.4582703405E+00   2.5149488201E+00   2.1213204900E-03   2.2716113828E+00   2.4529203161E+00   1.3883611299E-03   3.3789596915E-04
   1  -187   0    0  -8.5480319252E-01   8.0761463884E+00   1.2928315409E-04   1.9732004119E+00   2.4073407494E+00   1.8644491368E-04   2.0334882998E+00   2.3776035263E+00   3.1927730719E-04   2.1939368141E+00   2.4224985025E+00   1.5685891896E-03   2.3331365342E+00   2.4637749200E+00   1.8190210169E-03   2.4585441165E+00   2.5152149692E+00   2.1213130277E-03   2.2721862178E+00   2.4531814188E+00   1.3884642854E-03   3.3791399115E-04
   1  -188   0    0  -8.6473287274E-01   8.0768231004E+00   1.2917867252E-04   1.9729267493E+00   2.4075673179E+00   1.8650602099E-04   2.0330395402E+00   2.3778511355E+00   3.1962050462E-04   2.1939039013E+00   2.4227359745E+00   1.5686502969E-03   2.3337319502E+00   2.4640311671E+00   1.8190559459E-03   2.4588152978E+00   2.5154785956E+00   2.1213056640E-03   2.2727562639E+00   2.4534400707E+00   1.3885660643E-03   3.3793184545E-04
   1  -189   0    0  -8.7466390034E-01   8.0774933515E+00   1.2907564657E-04   1.9726543141E+00   2.4077918868E+00   1.8656631388E-04   2.0325963339E+00   2.3780964554E+00   3.1995905625E-04   2.1938705265E+00   2.4229712950E+00   1.5687105898E-03   2.3343211457E+00   2.4642849849E+00   1.8190904052E-03   2.4590838741E+00   2.5157396891E+00   2.1212983980E-03   2.2733214576E+00   2.4536962611E+00   1.3886664763E-03   3.3794953127E-04
   1  -190   0    0  -8.8459626966E-01   8.0781571074E+00   1.2897406410E-04   1.9723831511E+00   2.4080144414E+00   1.8662579794E-04   2.0321586866E+00   2.3783394737E+00   3.2029299646E-04   2.1938367033E+00   2.4232044505E+00   1.5687700738E-03   2.3349041026E+00   2.4645363629E+00   1.8191243981E-03   2.4593498353E+00   2.5159982402E+00   2.1212912292E-03   2.2738817379E+00   2.4539499797E+00   1.3887655313E-03   3.3796704784E-04
   1  -191   0    0  -8.9452997439E-01   8.0788143358E+00   1.2887391316E-04   1.9721133054E+00   2.4082349675E+00   1.8668447871E-04   2.0317266006E+00   2.3785801785E+00   3.2062235916E-04   2.1938024457E+00   2.4234354281E+00   1.5688287546E-03   2.3354808049E+00   2.4647852911E+00   1.8191579280E-03   2.4596131721E+00   2.5162542396E+00   2.1212841570E-03   2.2744370467E+00   2.4542012166E+00   1.3888632388E-03   3.3798439443E-04
   1  -192   0    0  -9.0446500752E-01   8.0794650062E+00   1.2877518193E-04   1.9718448216E+00   2.4084534516E+00   1.8674236168E-04   2.0313000756E+00   2.3788185584E+00   3.2094717791E-04   2.1937677688E+00   2.4236642156E+00   1.5688866376E-03   2.3360512383E+00   2.4650317597E+00   1.8191909981E-03   2.4598738755E+00   2.5165076785E+00   2.1212771805E-03   2.2749873284E+00   2.4544499624E+00   1.3889596084E-03   3.3800157034E-04
   1  -193   0    0  -9.1440136141E-01   8.0801090901E+00   1.2867785875E-04   1.9715777446E+00   2.4086698805E+00   1.8679945228E-04   2.0308791081E+00   2.3790546028E+00   3.2126748593E-04   2.1937326880E+00   2.4238908010E+00   1.5689437282E-03   2.3366153905E+00   2.4652757598E+00   1.8192236118E-03   2.4601319368E+00   2.5167585487E+00   2.1212702993E-03   2.2755325303E+00   2.4546962083E+00   1.3890546495E-03   3.3801857491E-04
   1  -194   0    0  -9.2433902777E-01   8.0807465606E+00   1.2858193207E-04   1.9713121187E+00   2.4088842420E+00   1.8685575590E-04   2.0304636919E+00   2.3792883012E+00   3.2158331618E-04   2.1936972198E+00   2.4241151731E+00   1.5690000318E-03   2.3371732514E+00   2.4655172827E+00   1.8192557723E-03   2.4603873483E+00   2.5170068426E+00   2.1212635127E-03   2.2760726024E+00   2.4549399458E+00   1.3891483715E-03   3.3803540753E-04
   1  -195   0    0  -9.3427799771E-01   8.0813773931E+00   1.2848739044E-04   1.9710479884E+00   2.4090965240E+00   1.8691127791E-04   2.0300538182E+00   2.3795196441E+00   3.2189470140E-04   2.1936613809E+00   2.4243373213E+00   1.5690555538E-03   2.3377248127E+00   2.4657563205E+00   1.8192874827E-03   2.4606401024E+00   2.5172525528E+00   2.1212568201E-03   2.2766074975E+00   2.4551811673E+00   1.3892407837E-03   3.3805206760E-04
   1  -196   0    0  -9.4421826176E-01   8.0820015649E+00   1.2839422250E-04   1.9707853974E+00   2.4093067154E+00   1.8696602366E-04   2.0296494757E+00   2.3797486222E+00   3.2220167413E-04   2.1936251887E+00   2.4245572356E+00   1.5691102996E-03   2.3382700679E+00   2.4659928656E+00   1.8193187464E-03   2.4608901923E+00   2.5174956728E+00   2.1212502207E-03   2.2771371711E+00   2.4554198654E+00   1.3893318953E-03   3.3806855458E-04
   1  -197   0    0  -9.5415980985E-01   8.0826190552E+00   1.2830241695E-04   1.9705243891E+00   2.4095148056E+00   1.8701999849E-04   2.0292506503E+00   2.3799752273E+00   3.2250426683E-04   2.1935886611E+00   2.4247749063E+00   1.5691642744E-03   2.3388090127E+00   2.4662269112E+00   1.8193495665E-03   2.4611376119E+00   2.5177361965E+00   2.1212437140E-03   2.2776615813E+00   2.4556560335E+00   1.3894217157E-03   3.3808486797E-04
   1  -198   0    0  -9.6410263136E-01   8.0832298454E+00   1.2821196258E-04   1.9702650066E+00   2.4097207844E+00   1.8707320773E-04   2.0288573258E+00   2.3801994513E+00   3.2280251186E-04   2.1935518162E+00   2.4249903248E+00   1.5692174836E-03   2.3393416446E+00   2.4664584510E+00   1.8193799461E-03   2.4613823555E+00   2.5179741185E+00   2.1212372994E-03   2.2781806890E+00   2.4558896655E+00   1.3895102540E-03   3.3810100731E-04
   1  -199   0    0  -9.7404671513E-01   8.0838339188E+00   1.2812284818E-04   1.9700072920E+00   2.4099246427E+00   1.8712565672E-04   2.0284694836E+00   2.3804212871E+00   3.2309644153E-04   2.1935146727E+00   2.4252034828E+00   1.5692699326E-03   2.3398679631E+00   2.4666874795E+00   1.8194098885E-03   2.4616244181E+00   2.5182094340E+00   2.1212309761E-03   2.2786944578E+00   2.4561207562E+00   1.3895975195E-03   3.3811697218E-04
   1  -200   0    0  -9.8399204949E-01   8.0844312608E+00   1.2803506261E-04   1.9697512871E+00   2.4101263716E+00   1.8717735082E-04   2.0280871028E+00   2.3806407282E+00   3.2338608819E-04   2.1934772495E+00   2.4254143729E+00   1.5693216267E-03   2.3403879696E+00   2.4669139915E+00   1.8194393969E-03   2.4618637955E+00   2.5184421387E+00   2.1212247437E-03   2.2792028540E+00   2.4563493005E+00   1.3896835214E-03   3.3813276221E-04
   1  -201   0    0  -9.9393862227E-01   8.0850218591E+00   1.2794859474E-04   1.9694970327E+00   2.4103259633E+00   1.8722829538E-04   2.0277101605E+00   2.3808577686E+00   3.2367148420E-04   2.1934395656E+00   2.4256229881E+00   1.5693725713E-03   2.3409016672E+00   2.4671379828E+00   1.8194684744E-03   2.4621004840E+00   2.5186722292E+00   2.1212186014E-03   2.2797058466E+00   2.4565752945E+00   1.3897682691E-03   3.3814837708E-04
   1  -202  -4    3  -9.9999985474E-01   8.0853784106E+00   1.2789654957E-04   1.9693429863E+00   2.4104465271E+00   1.8725897166E-04   2.0274831385E+00   2.3809888361E+00   3.2384331105E-04   2.1934164846E+00   2.4257489832E+00   1.5694032475E-03   2.3412115817E+00   2.4672732274E+00   1.8194859820E-03   2.4622433830E+00   2.5188111446E+00   2.1212149027E-03   2.2800096678E+00   2.4567117449E+00   1.3898192963E-03   3.3815780551E-04
