     
   1    -1   0    0   9.9999997425E-01   7.9155902358E+00   2.0140607491E-04   2.0183541425E+00   2.3183947258E+00   2.0960339456E-04   2.1210308236E+00   2.3061800342E+00   6.3568239674E-04   2.2209388809E+00   2.3398964617E+00   1.7121223127E-03   2.2270600793E+00   2.4011253785E+00   1.9005904727E-03   2.3791661707E+00   2.4380790079E+00   2.0858957856E-03   2.2189658538E+00   2.3935860436E+00   1.5695342256E-03   3.3258703970E-04
   1    -2   0    0   9.8001136835E-01   7.9157226110E+00   2.0117137129E-04   2.0180703485E+00   2.3183481510E+00   2.0959954054E-04   2.1207906026E+00   2.3061541246E+00   6.3566808742E-04   2.2207348958E+00   2.3399059596E+00   1.7120837725E-03   2.2273910477E+00   2.4012896923E+00   1.9005859952E-03   2.3794049392E+00   2.4383106609E+00   2.0859196365E-03   2.2190082925E+00   2.3937405458E+00   1.5695305281E-03   3.3259822295E-04
   1    -3   0    0   9.7001740734E-01   7.9157909029E+00   2.0105071235E-04   2.0179242532E+00   2.3183242460E+00   2.0959755809E-04   2.1206668145E+00   2.3061408236E+00   6.3566072692E-04   2.2206299970E+00   2.3399109116E+00   1.7120639480E-03   2.2275614668E+00   2.4013742608E+00   1.9005836901E-03   2.3795278049E+00   2.4384298649E+00   2.0859319076E-03   2.2190305026E+00   2.3938200821E+00   1.5695286245E-03   3.3260397840E-04
   1    -4   0    0   9.6002368520E-01   7.9158606330E+00   2.0092780881E-04   2.0177753003E+00   2.3182999234E+00   2.0959553797E-04   2.1205405178E+00   2.3061272883E+00   6.3565322655E-04   2.2205231246E+00   2.3399160042E+00   1.7120437468E-03   2.2277352464E+00   2.4014604699E+00   1.9005813399E-03   2.3796530382E+00   2.4385513658E+00   2.0859444138E-03   2.2190534023E+00   2.3939011739E+00   1.5695266836E-03   3.3260984529E-04
   1    -5   0    0   9.5003021040E-01   7.9159318283E+00   2.0080263089E-04   2.0176234453E+00   2.3182751788E+00   2.0959347964E-04   2.1204116696E+00   2.3061135163E+00   6.3564558434E-04   2.2204142516E+00   2.3399212416E+00   1.7120231636E-03   2.2279124401E+00   2.4015483446E+00   1.9005789438E-03   2.3797806744E+00   2.4386751977E+00   2.0859571583E-03   2.2190770144E+00   2.3939838453E+00   1.5695247049E-03   3.3261582529E-04
   1    -6   0    0   9.4003699167E-01   7.9160045162E+00   2.0067514892E-04   2.0174686436E+00   2.3182500080E+00   2.0959138258E-04   2.1202802262E+00   2.3060995049E+00   6.3563779829E-04   2.2203033511E+00   2.3399266279E+00   1.7120021929E-03   2.2280931015E+00   2.4016379100E+00   1.9005765011E-03   2.3799107486E+00   2.4388013948E+00   2.0859701448E-03   2.2191013624E+00   2.3940681208E+00   1.5695226877E-03   3.3262192011E-04
   1    -7   0    0   9.3004403798E-01   7.9160787244E+00   2.0054533335E-04   2.0173108504E+00   2.3182244069E+00   2.0958924624E-04   2.1201461437E+00   2.3060852517E+00   6.3562986642E-04   2.2201903962E+00   2.3399321674E+00   1.7119808295E-03   2.2282772848E+00   2.4017291910E+00   1.9005740112E-03   2.3800432961E+00   2.4389299913E+00   2.0859833765E-03   2.2191264704E+00   2.3941540247E+00   1.5695206315E-03   3.3262813141E-04
   1    -8   0    0   9.2005135852E-01   7.9161544808E+00   2.0041315481E-04   2.0171500206E+00   2.3181983715E+00   2.0958707009E-04   2.1200093777E+00   2.3060707543E+00   6.3562178675E-04   2.2200753601E+00   2.3399378645E+00   1.7119590681E-03   2.2284650442E+00   2.4018222128E+00   1.9005714733E-03   2.3801783522E+00   2.4390610214E+00   2.0859968569E-03   2.2191523637E+00   2.3942415815E+00   1.5695185357E-03   3.3263446089E-04
   1    -9   0    0   9.1005896278E-01   7.9162318141E+00   2.0027858411E-04   2.0169861091E+00   2.3181718977E+00   2.0958485361E-04   2.1198698835E+00   2.3060560101E+00   6.3561355731E-04   2.2199582161E+00   2.3399437237E+00   1.7119369032E-03   2.2286564345E+00   2.4019170006E+00   1.9005688867E-03   2.3803159524E+00   2.4391945196E+00   2.0860105894E-03   2.2191790680E+00   2.3943308158E+00   1.5695163996E-03   3.3264091024E-04
   1   -10   0    0   9.0006686046E-01   7.9163107529E+00   2.0014159225E-04   2.0168190707E+00   2.3181449817E+00   2.0958259625E-04   2.1197276160E+00   2.3060410170E+00   6.3560517613E-04   2.2198389379E+00   2.3399497498E+00   1.7119143297E-03   2.2288515103E+00   2.4020135795E+00   1.9005662507E-03   2.3804561320E+00   2.4393305200E+00   2.0860245774E-03   2.2192066101E+00   2.3944217524E+00   1.5695142228E-03   3.3264748117E-04
   1   -11   0    0   8.9007506155E-01   7.9163913264E+00   2.0000215051E-04   2.0166488599E+00   2.3181176199E+00   2.0958029750E-04   2.1195825295E+00   2.3060257725E+00   6.3559664124E-04   2.2197174992E+00   2.3399559475E+00   1.7118913421E-03   2.2290503267E+00   2.4021119749E+00   1.9005635647E-03   2.3805989263E+00   2.4394690570E+00   2.0860388243E-03   2.2192350175E+00   2.3945144160E+00   1.5695120046E-03   3.3265417535E-04
   1   -12   0    0   8.8008357628E-01   7.9164735642E+00   1.9986023042E-04   2.0164754313E+00   2.3180898087E+00   2.0957795682E-04   2.1194345782E+00   2.3060102744E+00   6.3558795070E-04   2.2195938738E+00   2.3399623216E+00   1.7118679354E-03   2.2292529389E+00   2.4022122119E+00   1.9005608278E-03   2.3807443705E+00   2.4396101646E+00   2.0860533336E-03   2.2192643188E+00   2.3946088313E+00   1.5695097445E-03   3.3266099450E-04
   1   -13   0    0   8.7009241514E-01   7.9165574960E+00   1.9971580382E-04   2.0162987395E+00   2.3180615445E+00   2.0957557370E-04   2.1192837159E+00   2.3059945206E+00   6.3557910257E-04   2.2194680358E+00   2.3399688773E+00   1.7118441042E-03   2.2294594023E+00   2.4023143158E+00   1.9005580394E-03   2.3808925000E+00   2.4397538772E+00   2.0860681085E-03   2.2192945433E+00   2.3947050232E+00   1.5695074418E-03   3.3266794029E-04
   1   -14   0    0   8.6010158889E-01   7.9166431521E+00   1.9956884288E-04   2.0161187387E+00   2.3180328242E+00   2.0957314761E-04   2.1191298958E+00   2.3059785089E+00   6.3557009492E-04   2.2193399598E+00   2.3399756196E+00   1.7118198433E-03   2.2296697723E+00   2.4024183118E+00   1.9005551988E-03   2.3810433497E+00   2.4399002287E+00   2.0860831524E-03   2.2193257213E+00   2.3948030165E+00   1.5695050960E-03   3.3267501442E-04
   1   -15   0    0   8.5011110856E-01   7.9167305630E+00   1.9941932014E-04   2.0159353836E+00   2.3180036444E+00   2.0957067804E-04   2.1189730712E+00   2.3059622373E+00   6.3556092583E-04   2.2192096204E+00   2.3399825539E+00   1.7117951476E-03   2.2298841044E+00   2.4025242251E+00   1.9005523052E-03   2.3811969547E+00   2.4400492531E+00   2.0860984687E-03   2.2193578841E+00   2.3949028360E+00   1.5695027064E-03   3.3268221858E-04
   1   -16   0    0   8.4012098544E-01   7.9168197596E+00   1.9926720854E-04   2.0157486286E+00   2.3179740023E+00   2.0956816449E-04   2.1188131946E+00   2.3059457037E+00   6.3555159341E-04   2.2190769927E+00   2.3399896855E+00   1.7117700120E-03   2.2301024542E+00   2.4026320807E+00   1.9005493580E-03   2.3813533498E+00   2.4402009840E+00   2.0861140607E-03   2.2193910639E+00   2.3950045067E+00   1.5695002726E-03   3.3268955443E-04
   1   -17   0    0   8.3013123108E-01   7.9169107731E+00   1.9911248145E-04   2.0155584282E+00   2.3179438950E+00   2.0956560643E-04   2.1186502186E+00   2.3059289064E+00   6.3554209578E-04   2.2189420519E+00   2.3399970200E+00   1.7117444315E-03   2.2303248774E+00   2.4027419036E+00   1.9005463565E-03   2.3815125696E+00   2.4403554552E+00   2.0861299317E-03   2.2194252940E+00   2.3951080532E+00   1.5694977939E-03   3.3269702366E-04
   1   -18   0    0   8.2014185730E-01   7.9170036351E+00   1.9895511271E-04   2.0153647371E+00   2.3179133198E+00   2.0956300338E-04   2.1184840954E+00   2.3059118433E+00   6.3553243109E-04   2.2188047739E+00   2.3400045630E+00   1.7117184010E-03   2.2305514296E+00   2.4028537188E+00   1.9005432999E-03   2.3816746485E+00   2.4405126999E+00   2.0861460849E-03   2.2194606088E+00   2.3952135004E+00   1.5694952697E-03   3.3270462793E-04
   1   -19   0    0   8.1015287620E-01   7.9170983774E+00   1.9879507664E-04   2.0151675101E+00   2.3178822743E+00   2.0956035484E-04   2.1183147767E+00   2.3058945128E+00   6.3552259750E-04   2.2186651348E+00   2.3400123205E+00   1.7116919156E-03   2.2307821664E+00   2.4029675511E+00   1.9005401875E-03   2.3818396207E+00   2.4406727512E+00   2.0861625235E-03   2.2194970435E+00   2.3953208730E+00   1.5694926994E-03   3.3271236888E-04
   1   -20   0    0   8.0016430014E-01   7.9171950322E+00   1.9863234814E-04   2.0149667021E+00   2.3178507561E+00   2.0955766032E-04   2.1181422143E+00   2.3058769133E+00   6.3551259320E-04   2.2185231112E+00   2.3400202982E+00   1.7116649704E-03   2.2310171432E+00   2.4030834251E+00   1.9005370187E-03   2.3820075200E+00   2.4408356422E+00   2.0861792509E-03   2.2195346346E+00   2.3954301956E+00   1.5694900826E-03   3.3272024816E-04
   1   -21   0    0   7.9017614173E-01   7.9172936320E+00   1.9846690265E-04   2.0147622682E+00   2.3178187632E+00   2.0955491934E-04   2.1179663595E+00   2.3058590430E+00   6.3550241642E-04   2.2183786802E+00   2.3400285024E+00   1.7116375606E-03   2.2312564154E+00   2.4032013653E+00   1.9005337927E-03   2.3821783801E+00   2.4410014052E+00   2.0861962700E-03   2.2195734197E+00   2.3955414927E+00   1.5694874185E-03   3.3272826741E-04
   1   -22   0    0   7.8018841387E-01   7.9173942096E+00   1.9829871624E-04   2.0145541637E+00   2.3177862937E+00   2.0955213144E-04   2.1177871634E+00   2.3058409007E+00   6.3549206539E-04   2.2182318194E+00   2.3400369392E+00   1.7116096816E-03   2.2315000383E+00   2.4033213960E+00   1.9005305089E-03   2.3823522342E+00   2.4411700726E+00   2.0862135840E-03   2.2196134374E+00   2.3956547888E+00   1.5694847067E-03   3.3273642823E-04
   1   -23   0    0   7.7020112972E-01   7.9174967980E+00   1.9812776560E-04   2.0143423443E+00   2.3177533459E+00   2.0954929614E-04   2.1176045772E+00   2.3058224847E+00   6.3548153840E-04   2.2180825070E+00   2.3400456150E+00   1.7115813286E-03   2.2317480668E+00   2.4034435414E+00   1.9005271666E-03   2.3825291151E+00   2.4413416761E+00   2.0862311961E-03   2.2196547276E+00   2.3957701081E+00   1.5694819466E-03   3.3274473223E-04
   1   -24   0    0   7.6021430267E-01   7.9176014307E+00   1.9795402814E-04   2.0141267658E+00   2.3177199184E+00   2.0954641299E-04   2.1174185514E+00   2.3058037939E+00   6.3547083375E-04   2.2179307216E+00   2.3400545363E+00   1.7115524971E-03   2.2320005559E+00   2.4035678252E+00   1.9005237651E-03   2.3827090553E+00   2.4415162474E+00   2.0862491091E-03   2.2196973313E+00   2.3958874748E+00   1.5694791376E-03   3.3275318099E-04
   1   -25   0    0   7.5022794642E-01   7.9177081413E+00   1.9777748198E-04   2.0139073845E+00   2.3176860100E+00   2.0954348155E-04   2.1172290369E+00   2.3057848271E+00   6.3545994980E-04   2.2177764426E+00   2.3400637099E+00   1.7115231827E-03   2.2322575600E+00   2.4036942713E+00   1.9005203038E-03   2.3828920868E+00   2.4416938173E+00   2.0862673260E-03   2.2197412906E+00   2.3960069128E+00   1.5694762792E-03   3.3276177607E-04
   1   -26   0    0   7.4024207489E-01   7.9178169637E+00   1.9759810600E-04   2.0136841569E+00   2.3176516197E+00   2.0954050138E-04   2.1170359840E+00   2.3057655832E+00   6.3544888493E-04   2.2176196501E+00   2.3400731423E+00   1.7114933810E-03   2.2325191332E+00   2.4038229028E+00   1.9005167820E-03   2.3830782411E+00   2.4418744166E+00   2.0862858498E-03   2.2197866492E+00   2.3961284459E+00   1.5694733708E-03   3.3277051902E-04
   1   -27   0    0   7.3025670227E-01   7.9179279321E+00   1.9741587989E-04   2.0134570401E+00   2.3176167469E+00   2.0953747206E-04   2.1168393432E+00   2.3057460612E+00   6.3543763757E-04   2.2174603245E+00   2.3400828408E+00   1.7114630878E-03   2.2327853296E+00   2.4039537430E+00   1.9005131990E-03   2.3832675493E+00   2.4420580751E+00   2.0863046833E-03   2.2198334516E+00   2.3962520977E+00   1.5694704119E-03   3.3277941136E-04
   1   -28   0    0   7.2027184298E-01   7.9180410809E+00   1.9723078419E-04   2.0132259914E+00   2.3175813911E+00   2.0953439317E-04   2.1166390646E+00   2.3057262602E+00   6.3542620619E-04   2.2172984475E+00   2.3400928122E+00   1.7114322990E-03   2.2330562025E+00   2.4040868145E+00   1.9005095542E-03   2.3834600418E+00   2.4422448226E+00   2.0863238292E-03   2.2198817439E+00   2.3963778915E+00   1.5694674020E-03   3.3278845458E-04
   1   -29   0    0   7.1028751172E-01   7.9181564447E+00   1.9704280030E-04   2.0129909690E+00   2.3175455521E+00   2.0953126432E-04   2.1164350985E+00   2.3057061796E+00   6.3541458930E-04   2.2171340011E+00   2.3401030638E+00   1.7114010105E-03   2.2333318050E+00   2.4042221399E+00   1.9005058470E-03   2.3836557484E+00   2.4424346878E+00   2.0863432903E-03   2.2199315733E+00   2.3965058504E+00   1.5694643405E-03   3.3279765016E-04
   1   -30   0    0   7.0030372339E-01   7.9182740585E+00   1.9685191058E-04   2.0127519311E+00   2.3175092299E+00   2.0952808512E-04   2.1162273950E+00   2.3056858186E+00   6.3540278546E-04   2.2169669683E+00   2.3401136030E+00   1.7113692185E-03   2.2336121895E+00   2.4043597410E+00   1.9005020767E-03   2.3838546984E+00   2.4426276993E+00   2.0863630691E-03   2.2199829885E+00   2.3966359972E+00   1.5694612270E-03   3.3280699954E-04
   1   -31   0    0   6.9032049315E-01   7.9183939574E+00   1.9665809833E-04   2.0125088369E+00   2.3174724251E+00   2.0952485520E-04   2.1160159042E+00   2.3056651769E+00   6.3539079330E-04   2.2167973328E+00   2.3401244374E+00   1.7113369193E-03   2.2338974082E+00   2.4044996397E+00   1.9004982428E-03   2.3840569205E+00   2.4428238846E+00   2.0863831682E-03   2.2200360394E+00   2.3967683543E+00   1.5694580609E-03   3.3281650413E-04
   1   -32   0    0   6.8033783637E-01   7.9185161766E+00   1.9646134785E-04   2.0122616459E+00   2.3174351383E+00   2.0952157419E-04   2.1158005763E+00   2.3056442540E+00   6.3537861147E-04   2.2166250795E+00   2.3401355746E+00   1.7113041092E-03   2.2341875122E+00   2.4046418571E+00   1.9004943447E-03   2.3842624423E+00   2.4430232708E+00   2.0864035902E-03   2.2200907772E+00   2.3969029440E+00   1.5694548418E-03   3.3282616533E-04
   1   -33   0    0   6.7035576867E-01   7.9186407517E+00   1.9626164451E-04   2.0120103186E+00   2.3173973704E+00   2.0951824175E-04   2.1155813613E+00   2.3056230498E+00   6.3536623870E-04   2.2164501937E+00   2.3401470224E+00   1.7112707849E-03   2.2344825526E+00   2.4047864142E+00   1.9004903817E-03   2.3844712912E+00   2.4432258843E+00   2.0864243372E-03   2.2201472548E+00   2.3970397882E+00   1.5694515691E-03   3.3283598449E-04
   1   -34   0    0   6.6037430586E-01   7.9187677183E+00   1.9605897474E-04   2.0117548159E+00   2.3173591228E+00   2.0951485757E-04   2.1153582094E+00   2.3056015640E+00   6.3535367377E-04   2.2162726622E+00   2.3401587887E+00   1.7112369430E-03   2.2347825793E+00   2.4049333311E+00   1.9004863534E-03   2.3846834934E+00   2.4434317504E+00   2.0864454117E-03   2.2202055261E+00   2.3971789082E+00   1.5694482425E-03   3.3284596291E-04
   1   -35   0    0   6.5039346395E-01   7.9188971121E+00   1.9585332611E-04   2.0114950995E+00   2.3173203971E+00   2.0951142131E-04   2.1151310709E+00   2.3055797968E+00   6.3534091553E-04   2.2160924724E+00   2.3401708818E+00   1.7112025804E-03   2.2350876417E+00   2.4050826278E+00   1.9004822591E-03   2.3848990745E+00   2.4436408941E+00   2.0864668158E-03   2.2202656468E+00   2.3973203252E+00   1.5694448613E-03   3.3285610190E-04
   1   -36   0    0   6.4041325917E-01   7.9190289692E+00   1.9564468737E-04   2.0112311321E+00   2.3172811953E+00   2.0950793269E-04   2.1148998960E+00   2.3055577483E+00   6.3532796288E-04   2.2159096129E+00   2.3401833097E+00   1.7111676942E-03   2.2353977885E+00   2.4052343236E+00   1.9004780983E-03   2.3851180591E+00   2.4438533392E+00   2.0864885517E-03   2.2203276736E+00   2.3974640599E+00   1.5694414253E-03   3.3286640268E-04
   1   -37   0    0   6.3043370792E-01   7.9191633256E+00   1.9543304846E-04   2.0109628768E+00   2.3172415195E+00   2.0950439143E-04   2.1146646352E+00   2.3055354189E+00   6.3531481478E-04   2.2157240732E+00   2.3401960809E+00   1.7111322817E-03   2.2357130674E+00   2.4053884374E+00   1.9004738706E-03   2.3853404711E+00   2.4440691088E+00   2.0865106212E-03   2.2203916651E+00   2.3976101326E+00   1.5694379340E-03   3.3287686646E-04
   1   -38   0    0   6.2045482679E-01   7.9193002175E+00   1.9521840056E-04   2.0106902980E+00   2.3172013725E+00   2.0950079728E-04   2.1144252393E+00   2.3055128090E+00   6.3530147029E-04   2.2155358442E+00   2.3402092039E+00   1.7110963401E-03   2.2360335253E+00   2.4055449873E+00   1.9004695753E-03   2.3855663332E+00   2.4442882249E+00   2.0865330262E-03   2.2204576810E+00   2.3977585629E+00   1.5694343869E-03   3.3288749440E-04
   1   -39   0    0   6.1047663254E-01   7.9194396812E+00   1.9500073616E-04   2.0104133608E+00   2.3171607572E+00   2.0949714999E-04   2.1141816588E+00   2.3054899192E+00   6.3528792850E-04   2.2153449177E+00   2.3402226873E+00   1.7110598672E-03   2.2363592082E+00   2.4057039910E+00   1.9004652121E-03   2.3857956673E+00   2.4445107088E+00   2.0865557686E-03   2.2205257827E+00   2.3979093703E+00   1.5694307837E-03   3.3289828763E-04
   1   -40   0    0   6.0049914207E-01   7.9195817531E+00   1.9478004906E-04   2.0101320313E+00   2.3171196770E+00   2.0949344934E-04   2.1139338449E+00   2.3054667502E+00   6.3527418862E-04   2.2151512866E+00   2.3402365400E+00   1.7110228607E-03   2.2366901612E+00   2.4058654655E+00   1.9004607804E-03   2.3860284942E+00   2.4447365807E+00   2.0865788499E-03   2.2205960329E+00   2.3980625735E+00   1.5694271240E-03   3.3290924722E-04
   1   -41   0    0   5.9052237245E-01   7.9197264694E+00   1.9455633443E-04   2.0098462766E+00   2.3170781355E+00   2.0948969513E-04   2.1136817488E+00   2.3054433031E+00   6.3526024989E-04   2.2149549454E+00   2.3402507709E+00   1.7109853187E-03   2.2370264282E+00   2.4060294272E+00   1.9004562799E-03   2.3862648338E+00   2.4449658596E+00   2.0866022717E-03   2.2206684960E+00   2.3982181909E+00   1.5694234073E-03   3.3292037419E-04
   1   -42   0    0   5.8054634087E-01   7.9198738667E+00   1.9432958883E-04   2.0095560649E+00   2.3170361368E+00   2.0948588720E-04   2.1134253219E+00   2.3054195789E+00   6.3524611167E-04   2.2147558894E+00   2.3402653889E+00   1.7109472394E-03   2.2373680522E+00   2.4061958917E+00   1.9004517101E-03   2.3865047047E+00   2.4451985639E+00   2.0866260353E-03   2.2207432377E+00   2.3983762401E+00   1.5694196335E-03   3.3293166952E-04
   1   -43   0    0   5.7057106464E-01   7.9200239814E+00   1.9409981028E-04   2.0092613655E+00   2.3169936853E+00   2.0948202537E-04   2.1131645161E+00   2.3053955788E+00   6.3523177336E-04   2.2145541154E+00   2.3402804034E+00   1.7109086211E-03   2.2377150748E+00   2.4063648741E+00   1.9004470705E-03   2.3867481245E+00   2.4454347103E+00   2.0866501421E-03   2.2208203253E+00   2.3985367383E+00   1.5694158021E-03   3.3294313413E-04
   1   -44   0    0   5.6059656118E-01   7.9201768500E+00   1.9386699824E-04   2.0089621487E+00   2.3169507859E+00   2.0947810953E-04   2.1128992836E+00   2.3053713042E+00   6.3521723448E-04   2.2143496217E+00   2.3402958235E+00   1.7108694627E-03   2.2380675369E+00   2.4065363887E+00   1.9004423609E-03   2.3869951096E+00   2.4456743149E+00   2.0866745930E-03   2.2208998276E+00   2.3986997021E+00   1.5694119129E-03   3.3295476891E-04
   1   -45   0    0   5.5062284800E-01   7.9203325087E+00   1.9363115370E-04   2.0086583861E+00   2.3169074437E+00   2.0947413955E-04   2.1126295768E+00   2.3053467565E+00   6.3520249462E-04   2.2141424075E+00   2.3403116587E+00   1.7108297629E-03   2.2384254777E+00   2.4067104490E+00   1.9004375809E-03   2.3872456751E+00   2.4459173923E+00   2.0866993892E-03   2.2209818148E+00   2.3988651474E+00   1.5694079655E-03   3.3296657466E-04
   1   -46   0    0   5.4064994271E-01   7.9204909940E+00   1.9339227920E-04   2.0083500505E+00   2.3168636644E+00   2.0947011535E-04   2.1123553485E+00   2.3053219376E+00   6.3518755346E-04   2.2139324738E+00   2.3403279185E+00   1.7107895210E-03   2.2387889354E+00   2.4068870678E+00   1.9004327302E-03   2.3874998350E+00   2.4461639560E+00   2.0867245315E-03   2.2210663587E+00   2.3990330895E+00   1.5694039597E-03   3.3297855216E-04
   1   -47   0    0   5.3067786296E-01   7.9206523422E+00   1.9315037883E-04   2.0080371160E+00   2.3168194539E+00   2.0946603688E-04   2.1120765521E+00   2.3052968493E+00   6.3517241078E-04   2.2137198229E+00   2.3403446126E+00   1.7107487362E-03   2.2391579468E+00   2.4070662570E+00   1.9004278084E-03   2.3877576019E+00   2.4464140183E+00   2.0867500204E-03   2.2211535327E+00   2.3992035431E+00   1.5693998952E-03   3.3299070210E-04
   1   -48   0    0   5.2070662645E-01   7.9208165893E+00   1.9290545831E-04   2.0077195579E+00   2.3167748186E+00   2.0946190409E-04   2.1117931414E+00   2.3052714936E+00   6.3515706643E-04   2.2135044583E+00   2.3403617507E+00   1.7107074084E-03   2.2395325473E+00   2.4072480278E+00   1.9004228153E-03   2.3880189872E+00   2.4466675901E+00   2.0867758567E-03   2.2212434113E+00   2.3993765220E+00   1.5693957718E-03   3.3300302514E-04
   1   -49   0    0   5.1073625094E-01   7.9209837714E+00   1.9265752497E-04   2.0073973531E+00   2.3167297653E+00   2.0945771698E-04   2.1115050706E+00   2.3052458727E+00   6.3514152039E-04   2.2132863853E+00   2.3403793426E+00   1.7106655373E-03   2.2399127709E+00   2.4074323905E+00   1.9004177506E-03   2.3882840008E+00   2.4469246811E+00   2.0868020406E-03   2.2213360708E+00   2.3995520395E+00   1.5693915893E-03   3.3301552186E-04
   1   -50   0    0   5.0076675418E-01   7.9211539245E+00   1.9240658783E-04   2.0070704797E+00   2.3166843012E+00   2.0945347556E-04   2.1112122944E+00   2.3052199890E+00   6.3512577271E-04   2.2130656106E+00   2.3403973984E+00   1.7106231231E-03   2.2402986502E+00   2.4076193544E+00   1.9004126142E-03   2.3885526515E+00   2.4471852996E+00   2.0868285723E-03   2.2214315889E+00   2.3997301081E+00   1.5693873476E-03   3.3302819278E-04
   1   -51   0    0   4.9079815393E-01   7.9213270841E+00   1.9215265759E-04   2.0067389171E+00   2.3166384339E+00   2.0944917987E-04   2.1109147682E+00   2.3051938448E+00   6.3510982354E-04   2.2128421423E+00   2.3404159279E+00   1.7105801662E-03   2.2406902162E+00   2.4078089283E+00   1.9004074058E-03   2.3888249462E+00   2.4474494526E+00   2.0868554520E-03   2.2215300446E+00   2.3999107396E+00   1.5693830464E-03   3.3304103836E-04
   1   -52   0    0   4.8083046792E-01   7.9215032857E+00   1.9189574666E-04   2.0064026466E+00   2.3165921714E+00   2.0944482999E-04   2.1106124479E+00   2.3051674430E+00   6.3509367316E-04   2.2126159902E+00   2.3404349413E+00   1.7105366674E-03   2.2410874983E+00   2.4080011197E+00   1.9004021253E-03   2.3891008909E+00   2.4477171456E+00   2.0868826795E-03   2.2216315184E+00   2.4000939447E+00   1.5693786857E-03   3.3305405898E-04
   1   -53   0    0   4.7086371387E-01   7.9216825647E+00   1.9163586920E-04   2.0060616506E+00   2.3165455220E+00   2.0944042601E-04   2.1103052900E+00   2.3051407863E+00   6.3507732193E-04   2.2123871657E+00   2.3404544489E+00   1.7104926276E-03   2.2414905243E+00   2.4081959352E+00   1.9003967725E-03   2.3893804897E+00   2.4479883827E+00   2.0869102546E-03   2.2217360922E+00   2.4002797339E+00   1.5693742653E-03   3.3306725499E-04
   1   -54   0    0   4.6089790943E-01   7.9218649559E+00   1.9137304113E-04   2.0057159133E+00   2.3164984946E+00   2.0943596806E-04   2.1099932517E+00   2.3051138777E+00   6.3506077031E-04   2.2121556817E+00   2.3404744608E+00   1.7104480481E-03   2.2418993205E+00   2.4083933807E+00   1.9003913475E-03   2.3896637454E+00   2.4482631666E+00   2.0869381766E-03   2.2218438492E+00   2.4004681162E+00   1.5693697852E-03   3.3308062662E-04
   1   -55   0    0   4.5093307217E-01   7.9220504940E+00   1.9110728017E-04   2.0053654204E+00   2.3164510985E+00   2.0943145630E-04   2.1096762908E+00   2.3050867204E+00   6.3504401890E-04   2.2119215526E+00   2.3404949874E+00   1.7104029305E-03   2.2423139113E+00   2.4085934610E+00   1.9003858500E-03   2.3899506592E+00   2.4485414983E+00   2.0869664452E-03   2.2219548739E+00   2.4006591003E+00   1.5693652454E-03   3.3309417407E-04
   1   -56   0    0   4.4096921958E-01   7.9222392134E+00   1.9083860581E-04   2.0050101592E+00   2.3164033432E+00   2.0942689091E-04   2.1093543660E+00   2.3050593177E+00   6.3502706837E-04   2.2116847946E+00   2.3405160390E+00   1.7103572766E-03   2.2427343194E+00   2.4087961798E+00   1.9003802801E-03   2.3902412308E+00   2.4488233776E+00   2.0869950593E-03   2.2220692521E+00   2.4008526938E+00   1.5693606457E-03   3.3310789745E-04
   1   -57   0    0   4.3100636904E-01   7.9224311480E+00   1.9056703938E-04   2.0046501188E+00   2.3163552389E+00   2.0942227211E-04   2.1090274367E+00   2.3050316729E+00   6.3500991954E-04   2.2114454257E+00   2.3405376260E+00   1.7103110886E-03   2.2431605659E+00   2.4090015398E+00   1.9003746379E-03   2.3905354582E+00   2.4491088025E+00   2.0870240180E-03   2.2221870710E+00   2.4010489035E+00   1.5693559862E-03   3.3312179680E-04
   1   -58   0    0   4.2104453781E-01   7.9226263313E+00   1.9029260403E-04   2.0042852898E+00   2.3163067958E+00   2.0941760014E-04   2.1086954629E+00   2.3050037897E+00   6.3499257330E-04   2.2112034651E+00   2.3405597590E+00   1.7102643690E-03   2.2435926697E+00   2.4092095429E+00   1.9003689232E-03   2.3908333379E+00   2.4493977696E+00   2.0870533201E-03   2.2223084187E+00   2.4012477351E+00   1.5693512670E-03   3.3313587209E-04
   1   -59   0    0   4.1108374297E-01   7.9228247966E+00   1.9001532478E-04   2.0039156646E+00   2.3162580249E+00   2.0941287528E-04   2.1083584058E+00   2.3049756720E+00   6.3497503070E-04   2.2109589341E+00   2.3405824483E+00   1.7102171204E-03   2.2440306482E+00   2.4094201897E+00   1.9003631363E-03   2.3911348647E+00   2.4496902738E+00   2.0870829642E-03   2.2224333846E+00   2.4014491937E+00   1.5693464881E-03   3.3315012321E-04
   1   -60   0    0   4.0112400145E-01   7.9230265764E+00   1.8973522846E-04   2.0035412376E+00   2.3162089375E+00   2.0940809784E-04   2.1080162271E+00   2.3049473234E+00   6.3495729287E-04   2.2107118555E+00   2.3406057046E+00   1.7101693460E-03   2.2444745166E+00   2.4096334798E+00   1.9003572772E-03   2.3914400318E+00   2.4499863085E+00   2.0871129487E-03   2.2225620592E+00   2.4016532832E+00   1.5693416496E-03   3.3316454998E-04
   1   -61   0    0   3.9116532999E-01   7.9232317030E+00   1.8945234382E-04   2.0031620045E+00   2.3161595450E+00   2.0940326816E-04   2.1076688897E+00   2.3049187482E+00   6.3493936107E-04   2.2104622537E+00   2.3406295381E+00   1.7101210492E-03   2.2449242884E+00   2.4098494119E+00   1.9003513461E-03   2.3917488306E+00   2.4502858653E+00   2.0871432719E-03   2.2226945340E+00   2.4018600066E+00   1.5693367516E-03   3.3317915214E-04
   1   -62   0    0   3.8120774511E-01   7.9234402079E+00   1.8916670142E-04   2.0027779634E+00   2.3161098596E+00   2.0939838661E-04   2.1073163574E+00   2.3048899505E+00   6.3492123668E-04   2.2102101549E+00   2.3406539596E+00   1.7100722337E-03   2.2453799749E+00   2.4100679833E+00   1.9003453432E-03   2.3920612511E+00   2.4505889344E+00   2.0871739318E-03   2.2228309013E+00   2.4020693662E+00   1.5693317943E-03   3.3319392934E-04
   1   -63   0    0   3.7125126312E-01   7.9236521222E+00   1.8887833373E-04   2.0023891137E+00   2.3160598936E+00   2.0939345358E-04   2.1069585947E+00   2.3048609347E+00   6.3490292119E-04   2.2099555870E+00   2.3406789795E+00   1.7100229034E-03   2.2458415855E+00   2.4102891905E+00   1.9003392688E-03   2.3923772811E+00   2.4508955042E+00   2.0872049262E-03   2.2229712547E+00   2.4022813630E+00   1.5693267779E-03   3.3320888118E-04
   1   -64   0    0   3.6129590004E-01   7.9238674763E+00   1.8858727507E-04   2.0019954570E+00   2.3160096599E+00   2.0938846952E-04   2.1065955676E+00   2.3048317051E+00   6.3488441622E-04   2.2096985794E+00   2.3407046082E+00   1.7099730629E-03   2.2463091274E+00   2.4105130287E+00   1.9003331230E-03   2.3926969073E+00   2.4512055614E+00   2.0872362528E-03   2.2231156881E+00   2.4024959970E+00   1.5693217027E-03   3.3322400715E-04
   1   -65   0    0   3.5134167165E-01   7.9240862998E+00   1.8829356165E-04   2.0015969967E+00   2.3159591714E+00   2.0938343490E-04   2.1062272428E+00   2.3048022663E+00   6.3486572350E-04   2.2094391635E+00   2.3407308561E+00   1.7099227166E-03   2.2467826060E+00   2.4107394920E+00   1.9003269062E-03   2.3930201142E+00   2.4515190912E+00   2.0872679089E-03   2.2232642964E+00   2.4027132674E+00   1.5693165688E-03   3.3323930668E-04
   1   -66   0    0   3.4138859343E-01   7.9243086220E+00   1.8799723154E-04   2.0011937381E+00   2.3159084418E+00   2.0937835020E-04   2.1058535883E+00   2.3047726232E+00   6.3484684489E-04   2.2091773721E+00   2.3407577338E+00   1.7098718697E-03   2.2472620242E+00   2.4109685733E+00   1.9003206188E-03   2.3933468847E+00   2.4518360769E+00   2.0872998918E-03   2.2234171753E+00   2.4029331723E+00   1.5693113765E-03   3.3325477911E-04
   1   -67   0    0   3.3143668051E-01   7.9245344711E+00   1.8769832465E-04   2.0007856885E+00   2.3158574849E+00   2.0937321597E-04   2.1054745732E+00   2.3047427805E+00   6.3482778235E-04   2.2089132396E+00   2.3407852514E+00   1.7098205274E-03   2.2477473830E+00   2.4112002647E+00   1.9003142611E-03   2.3936772000E+00   2.4521565003E+00   2.0873321985E-03   2.2235744207E+00   2.4031557087E+00   1.5693061262E-03   3.3327042370E-04
   1   -68   0    0   3.2148594774E-01   7.9247638746E+00   1.8739688277E-04   2.0003728570E+00   2.3158063147E+00   2.0936803277E-04   2.1050901678E+00   2.3047127431E+00   6.3480853800E-04   2.2086468023E+00   2.3408134193E+00   1.7097686954E-03   2.2482386812E+00   2.4114345566E+00   1.9003078336E-03   2.3940110395E+00   2.4524803414E+00   2.0873648258E-03   2.2237361292E+00   2.4033808726E+00   1.5693008183E-03   3.3328623963E-04
   1   -69   0    0   3.1153640956E-01   7.9249968592E+00   1.8709294952E-04   1.9999552549E+00   2.3157549459E+00   2.0936280120E-04   2.1047003436E+00   2.3046825162E+00   6.3478911405E-04   2.2083780980E+00   2.3408422476E+00   1.7097163797E-03   2.2487359153E+00   2.4116714387E+00   1.9003013367E-03   2.3943483809E+00   2.4528075784E+00   2.0873977703E-03   2.2239023977E+00   2.4036086589E+00   1.5692954531E-03   3.3330222600E-04
   1   -70   0    0   3.0158808006E-01   7.9252334507E+00   1.8678657032E-04   1.9995328952E+00   2.3157033933E+00   2.0935752188E-04   2.1043050735E+00   2.3046521049E+00   6.3476951283E-04   2.2081071661E+00   2.3408717464E+00   1.7096635865E-03   2.2492390796E+00   2.4119108993E+00   1.9002947710E-03   2.3946892001E+00   2.4531381880E+00   2.0874310284E-03   2.2240733233E+00   2.4038390615E+00   1.5692900311E-03   3.3331838183E-04
   1   -71   0    0   2.9164097291E-01   7.9254736740E+00   1.8647779244E-04   1.9991057932E+00   2.3156516719E+00   2.0935219548E-04   2.1039043315E+00   2.3046215145E+00   6.3474973681E-04   2.2078340475E+00   2.3409019257E+00   1.7096103226E-03   2.2497481661E+00   2.4121529257E+00   1.9002881371E-03   2.3950334713E+00   2.4534721451E+00   2.0874645963E-03   2.2242490034E+00   2.4040720732E+00   1.5692845527E-03   3.3333470604E-04
   1   -72   0    0   2.8169510138E-01   7.9257175532E+00   1.8616666491E-04   1.9986739660E+00   2.3155997972E+00   2.0934682270E-04   2.1034980932E+00   2.3045907503E+00   6.3472978856E-04   2.2075587849E+00   2.3409327954E+00   1.7095565947E-03   2.2502631645E+00   2.4123975037E+00   1.9002814355E-03   2.3953811668E+00   2.4538094229E+00   2.0874984699E-03   2.2244295352E+00   2.4043076856E+00   1.5692790184E-03   3.3335119749E-04
   1   -73   0    0   2.7175047828E-01   7.9259651110E+00   1.8585323854E-04   1.9982374327E+00   2.3155477850E+00   2.0934140426E-04   2.1030863356E+00   2.3045598178E+00   6.3470967080E-04   2.2072814222E+00   2.3409643650E+00   1.7095024103E-03   2.2507840624E+00   2.4126446184E+00   1.9002746669E-03   2.3957322574E+00   2.4541499928E+00   2.0875326451E-03   2.2246150160E+00   2.4045458893E+00   1.5692734288E-03   3.3336785495E-04
   1   -74   0    0   2.6180711596E-01   7.9262163695E+00   1.8553756588E-04   1.9977962145E+00   2.3154956510E+00   2.0933594092E-04   2.1026690370E+00   2.3045287226E+00   6.3468938634E-04   2.2070020051E+00   2.3409966443E+00   1.7094477769E-03   2.2513108447E+00   2.4128942532E+00   1.9002678319E-03   2.3960867118E+00   2.4544938247E+00   2.0875671173E-03   2.2248055429E+00   2.4047866739E+00   1.5692677844E-03   3.3338467711E-04
   1   -75   0    0   2.5186502627E-01   7.9264713493E+00   1.8521970120E-04   1.9973503346E+00   2.3154434116E+00   2.0933043347E-04   2.1022461775E+00   2.3044974702E+00   6.3466893811E-04   2.2067205807E+00   2.3410296425E+00   1.7093927025E-03   2.2518434943E+00   2.4131463909E+00   1.9002609314E-03   2.3964444973E+00   2.4548408868E+00   2.0876018820E-03   2.2250012124E+00   2.4050300278E+00   1.5692620858E-03   3.3340166257E-04
   1   -76   0    0   2.4192422058E-01   7.9267300700E+00   1.8489970046E-04   1.9968998182E+00   2.3153910832E+00   2.0932488274E-04   2.1018177384E+00   2.3044660665E+00   6.3464832919E-04   2.2064371973E+00   2.3410633689E+00   1.7093371952E-03   2.2523819916E+00   2.4134010125E+00   1.9002539660E-03   2.3968055793E+00   2.4551911454E+00   2.0876369342E-03   2.2252021208E+00   2.4052759381E+00   1.5692563337E-03   3.3341880985E-04
   1   -77   0    0   2.3198470970E-01   7.9269925501E+00   1.8457762126E-04   1.9964446926E+00   2.3153386824E+00   2.0931928958E-04   2.1013837029E+00   2.3044345170E+00   6.3462756273E-04   2.2061519048E+00   2.3410978325E+00   1.7092812636E-03   2.2529263145E+00   2.4136580984E+00   1.9002469366E-03   2.3971699216E+00   2.4555445654E+00   2.0876722690E-03   2.2254083637E+00   2.4055243911E+00   1.5692505288E-03   3.3343611739E-04
   1   -78   0    0   2.2204650391E-01   7.9272588068E+00   1.8425352286E-04   1.9959849870E+00   2.3152862261E+00   2.0931365488E-04   2.1009440559E+00   2.3044028277E+00   6.3460664204E-04   2.2058647545E+00   2.3411330421E+00   1.7092249166E-03   2.2534764386E+00   2.4139176275E+00   1.9002398442E-03   2.3975374862E+00   2.4559011099E+00   2.0877078810E-03   2.2256200357E+00   2.4057753717E+00   1.5692446717E-03   3.3345358356E-04
   1   -79   0    0   2.1210961292E-01   7.9275288558E+00   1.8392746607E-04   1.9955207328E+00   2.3152337313E+00   2.0930797956E-04   2.1004987837E+00   2.3043710045E+00   6.3458557051E-04   2.2055757987E+00   2.3411690062E+00   1.7091681634E-03   2.2540323372E+00   2.4141795776E+00   1.9002326894E-03   2.3979082334E+00   2.4562607405E+00   2.0877437649E-03   2.2258372309E+00   2.4060288639E+00   1.5692387632E-03   3.3347120663E-04
   1   -80   0    0   2.0217404584E-01   7.9278027117E+00   1.8359951326E-04   1.9950519631E+00   2.3151812151E+00   2.0930226456E-04   2.1000478748E+00   2.3043390532E+00   6.3456435166E-04   2.2052850914E+00   2.3412057332E+00   1.7091110134E-03   2.2545939809E+00   2.4144439253E+00   1.9002254734E-03   2.3982821220E+00   2.4566234171E+00   2.0877799149E-03   2.2260600419E+00   2.4062848505E+00   1.5692328042E-03   3.3348898482E-04
   1   -81   0    0   1.9223981116E-01   7.9280803876E+00   1.8326972832E-04   1.9945787134E+00   2.3151286950E+00   2.0929651085E-04   2.0995913192E+00   2.3043069798E+00   6.3454298913E-04   2.2049926873E+00   2.3412432310E+00   1.7090534764E-03   2.2551613382E+00   2.4147106462E+00   1.9002181972E-03   2.3986591090E+00   2.4569890979E+00   2.0878163252E-03   2.2262885605E+00   2.4065433131E+00   1.5692267953E-03   3.3350691623E-04
   1   -82   0    0   1.8230691675E-01   7.9283618951E+00   1.8293817658E-04   1.9941010208E+00   2.3150761884E+00   2.0929071945E-04   2.0991291089E+00   2.3042747904E+00   6.3452148664E-04   2.2046986426E+00   2.3412815076E+00   1.7089955624E-03   2.2557343748E+00   2.4149797147E+00   1.9002108616E-03   2.3990391498E+00   2.4573577398E+00   2.0878529897E-03   2.2265228768E+00   2.4068042323E+00   1.5692207375E-03   3.3352499892E-04
   1   -83   0    0   1.7237536983E-01   7.9286472444E+00   1.8260492480E-04   1.9936189247E+00   2.3150237127E+00   2.0928489139E-04   2.0986612379E+00   2.3042424909E+00   6.3449984803E-04   2.2044030145E+00   2.3413205704E+00   1.7089372818E-03   2.2563130542E+00   2.4152511038E+00   1.9002034680E-03   2.3994221983E+00   2.4577292979E+00   2.0878899022E-03   2.2267630795E+00   2.4070675873E+00   1.5692146317E-03   3.3354323086E-04
   1   -84   0    0   1.6244517692E-01   7.9289364440E+00   1.8227004111E-04   1.9931324663E+00   2.3149712858E+00   2.0927902774E-04   2.0981877021E+00   2.3042100874E+00   6.3447807727E-04   2.2041058610E+00   2.3413604264E+00   1.7088786453E-03   2.2568973373E+00   2.4155247859E+00   1.9001960172E-03   2.3998082068E+00   2.4581037259E+00   2.0879270564E-03   2.2270092556E+00   2.4073333565E+00   1.5692084788E-03   3.3356160993E-04
   1   -85   0    0   1.5251634386E-01   7.9292295008E+00   1.8193359497E-04   1.9926416887E+00   2.3149189251E+00   2.0927312958E-04   2.0977084996E+00   2.3041775860E+00   6.3445617839E-04   2.2038072415E+00   2.3414010827E+00   1.7088196637E-03   2.2574871827E+00   2.4158007318E+00   1.9001885106E-03   2.4001971259E+00   2.4584809760E+00   2.0879644454E-03   2.2272614902E+00   2.4076015171E+00   1.5692022798E-03   3.3358013395E-04
   1   -86   0    0   1.4258887578E-01   7.9295264203E+00   1.8159565710E-04   1.9921466370E+00   2.3148666485E+00   2.0926719803E-04   2.0972236305E+00   2.3041449928E+00   6.3443415555E-04   2.2035072158E+00   2.3414425457E+00   1.7087603482E-03   2.2580825463E+00   2.4160789114E+00   1.9001809494E-03   2.4005889049E+00   2.4588609989E+00   2.0880020627E-03   2.2275198664E+00   2.4078720449E+00   1.5691960356E-03   3.3359880067E-04
   1   -87   0    0   1.3266277706E-01   7.9298272059E+00   1.8125629942E-04   1.9916473582E+00   2.3148144737E+00   2.0926123424E-04   2.0967330971E+00   2.3041123138E+00   6.3441201300E-04   2.2032058450E+00   2.3414848214E+00   1.7087007103E-03   2.2586833816E+00   2.4163592935E+00   1.9001733347E-03   2.4009834915E+00   2.4592437439E+00   2.0880399012E-03   2.2277844650E+00   2.4081449150E+00   1.5691897472E-03   3.3361760775E-04
   1   -88   0    0   1.2273805133E-01   7.9301318595E+00   1.8091559504E-04   1.9911439012E+00   2.3147624184E+00   2.0925523938E-04   2.0962369039E+00   2.3040795551E+00   6.3438975508E-04   2.2029031906E+00   2.3415279157E+00   1.7086407617E-03   2.2592896396E+00   2.4166418458E+00   1.9001656679E-03   2.4013808319E+00   2.4596291588E+00   2.0880779537E-03   2.2280553646E+00   2.4084201012E+00   1.5691834159E-03   3.3363655279E-04
   1   -89   0    0   1.1281470143E-01   7.9304403812E+00   1.8057361815E-04   1.9906363167E+00   2.3147105003E+00   2.0924921463E-04   2.0957350579E+00   2.3040467228E+00   6.3436738621E-04   2.2025993150E+00   2.3415718339E+00   1.7085805143E-03   2.2599012690E+00   2.4169265351E+00   1.9001579503E-03   2.4017808711E+00   2.4600171902E+00   2.0881162129E-03   2.2283326410E+00   2.4086975760E+00   1.5691770426E-03   3.3365563332E-04
   1   -90   0    0   1.0289272943E-01   7.9307527691E+00   1.8023044399E-04   1.9901246572E+00   2.3146587370E+00   2.0924316123E-04   2.0952275683E+00   2.3040138229E+00   6.3434491094E-04   2.2022942811E+00   2.3416165810E+00   1.7085199802E-03   2.2605182158E+00   2.4172133268E+00   1.9001501832E-03   2.4021835525E+00   2.4604077832E+00   2.0881546715E-03   2.2286163676E+00   2.4089773111E+00   1.5691706284E-03   3.3367484681E-04
   1   -91   0    0   9.2972136550E-02   7.9310690194E+00   1.7988614877E-04   1.9896089770E+00   2.3146071461E+00   2.0923708040E-04   2.0947144467E+00   2.3039808615E+00   6.3432233385E-04   2.2019881525E+00   2.3416621614E+00   1.7084591720E-03   2.2611404235E+00   2.4175021857E+00   1.9001423681E-03   2.4025888182E+00   2.4608008816E+00   2.0881933216E-03   2.2289066146E+00   2.4092592769E+00   1.5691641746E-03   3.3369419064E-04
   1   -92   0    0   8.3052923197E-02   7.9313891264E+00   1.7954080963E-04   1.9890893323E+00   2.3145557450E+00   2.0923097342E-04   2.0941957072E+00   2.3039478445E+00   6.3429965965E-04   2.2016809931E+00   2.3417085792E+00   1.7083981022E-03   2.2617678333E+00   2.4177930752E+00   1.9001345064E-03   2.4029966091E+00   2.4611964281E+00   2.0882321557E-03   2.2292034493E+00   2.4095434429E+00   1.5691576823E-03   3.3371366214E-04
   1   -93   0    0   7.3135088911E-02   7.9317130825E+00   1.7919450456E-04   1.9885657808E+00   2.3145045510E+00   2.0922484156E-04   2.0936713666E+00   2.3039147780E+00   6.3427689310E-04   2.2013728673E+00   2.3417558380E+00   1.7083367836E-03   2.2624003839E+00   2.4180859579E+00   1.9001265997E-03   2.4034068647E+00   2.4615943639E+00   2.0882711656E-03   2.2295069359E+00   2.4098297774E+00   1.5691511528E-03   3.3373325857E-04
   1   -94   0    0   6.3218632359E-02   7.9320408779E+00   1.7884731233E-04   1.9880383820E+00   2.3144535813E+00   2.0921868614E-04   2.0931414442E+00   2.3038816678E+00   6.3425403905E-04   2.2010638397E+00   2.3418039410E+00   1.7082752294E-03   2.2630380113E+00   2.4183807956E+00   1.9001186493E-03   2.4038195233E+00   2.4619946293E+00   2.0883103434E-03   2.2298171348E+00   2.4101182476E+00   1.5691445873E-03   3.3375297714E-04
   1   -95   0    0   5.3303551315E-02   7.9323725008E+00   1.7849931244E-04   1.9875071970E+00   2.3144028528E+00   2.0921250847E-04   2.0926059620E+00   2.3038485199E+00   6.3423110240E-04   2.2007539752E+00   2.3418528907E+00   1.7082134528E-03   2.2636806492E+00   2.4186775487E+00   1.9001106569E-03   2.4042345222E+00   2.4623971633E+00   2.0883496808E-03   2.2301341034E+00   2.4104088197E+00   1.5691379871E-03   3.3377281498E-04
   1   -96   0    0   4.3389842639E-02   7.9327079371E+00   1.7815058503E-04   1.9869722885E+00   2.3143523822E+00   2.0920630990E-04   2.0920649448E+00   2.3038153401E+00   6.3420808815E-04   2.2004433390E+00   2.3419026892E+00   1.7081514671E-03   2.2643282290E+00   2.4189761771E+00   1.9001026241E-03   2.4046517973E+00   2.4628019038E+00   2.0883891695E-03   2.2304578948E+00   2.4107014589E+00   1.5691313535E-03   3.3379276919E-04
   1   -97   0    0   3.3477502262E-02   7.9330471708E+00   1.7780121082E-04   1.9864337209E+00   2.3143021861E+00   2.0920009179E-04   2.0915184199E+00   2.3037821341E+00   6.3418500134E-04   2.2001319961E+00   2.3419533382E+00   1.7080892859E-03   2.2649806794E+00   2.4192766395E+00   1.9000945525E-03   2.4050712835E+00   2.4632087877E+00   2.0884288011E-03   2.2307885587E+00   2.4109961294E+00   1.5691246878E-03   3.3381283677E-04
   1   -98   0    0   2.3566525167E-02   7.9333901835E+00   1.7745127106E-04   1.9858915598E+00   2.3142522808E+00   2.0919385550E-04   2.0909664180E+00   2.3037489077E+00   6.3416184707E-04   2.1998200117E+00   2.3420048387E+00   1.7080269231E-03   2.2656379268E+00   2.4195788939E+00   1.9000864437E-03   2.4054929147E+00   2.4636177508E+00   2.0884685668E-03   2.2311261405E+00   2.4112927942E+00   1.5691179914E-03   3.3383301470E-04
   1   -99   0    0   1.3656905372E-02   7.9337369546E+00   1.7710084740E-04   1.9853458725E+00   2.3142026821E+00   2.0918760244E-04   2.0904089722E+00   2.3037156665E+00   6.3413863050E-04   2.1995074508E+00   2.3420571911E+00   1.7079643925E-03   2.2662998951E+00   2.4198828974E+00   1.9000782994E-03   2.4059166237E+00   2.4640287280E+00   2.0885084581E-03   2.2314706815E+00   2.4115914154E+00   1.5691112657E-03   3.3385329990E-04
   1  -100   0    0   3.7486359146E-03   7.9340874612E+00   1.7675002188E-04   1.9847967277E+00   2.3141534059E+00   2.0918133400E-04   2.0898461189E+00   2.3036824161E+00   6.3411535685E-04   2.1991943782E+00   2.3421103953E+00   1.7079017082E-03   2.2669665059E+00   2.4201886062E+00   1.9000701213E-03   2.4063423426E+00   2.4644416532E+00   2.0885484661E-03   2.2318222186E+00   2.4118919543E+00   1.5691045122E-03   3.3387368924E-04
   1  -101   0    0  -6.1582911653E-03   7.9344416782E+00   1.7639887683E-04   1.9842441953E+00   2.3141044673E+00   2.0917505161E-04   2.0892778975E+00   2.3036491621E+00   6.3409203136E-04   2.1988808584E+00   2.3421644507E+00   1.7078388842E-03   2.2676376783E+00   2.4204959757E+00   1.9000619112E-03   2.4067700022E+00   2.4648564595E+00   2.0885885820E-03   2.2321807844E+00   2.4121943709E+00   1.5690977322E-03   3.3389417952E-04
   1  -102   0    0  -1.6063884839E-02   7.9347995781E+00   1.7604749476E-04   1.9836883466E+00   2.3140558813E+00   2.0916875667E-04   2.0887043503E+00   2.3036159099E+00   6.3406865934E-04   2.1985669559E+00   2.3422193560E+00   1.7077759349E-03   2.2683133291E+00   2.4208049605E+00   1.9000536708E-03   2.4071995327E+00   2.4652730791E+00   2.0886287968E-03   2.2325464066E+00   2.4124986245E+00   1.5690909271E-03   3.3391476753E-04
   1  -103   0    0  -2.5968155102E-02   7.9351611309E+00   1.7569595836E-04   1.9831292542E+00   2.3140076626E+00   2.0916245065E-04   2.0881255230E+00   2.3035826647E+00   6.3404524612E-04   2.1982527342E+00   2.3422751092E+00   1.7077128747E-03   2.2689933728E+00   2.4211155146E+00   1.9000454020E-03   2.4076308636E+00   2.4656914435E+00   2.0886691014E-03   2.2329191085E+00   2.4128046734E+00   1.5690840986E-03   3.3393544997E-04
   1  -104   0    0  -3.5871112991E-02   7.9355263044E+00   1.7534435036E-04   1.9825669917E+00   2.3139598252E+00   2.0915613497E-04   2.0875414643E+00   2.3035494320E+00   6.3402179708E-04   2.1979382568E+00   2.3423317080E+00   1.7076497179E-03   2.2696777216E+00   2.4214275911E+00   1.9000371065E-03   2.4080639232E+00   2.4661114835E+00   2.0887094866E-03   2.2332989084E+00   2.4131124750E+00   1.5690772481E-03   3.3395622355E-04
   1  -105   0    0  -4.5772770592E-02   7.9358950640E+00   1.7499275347E-04   1.9820016340E+00   2.3139123829E+00   2.0914981110E-04   2.0869522262E+00   2.3035162168E+00   6.3399831759E-04   2.1976235864E+00   2.3423891491E+00   1.7075864792E-03   2.2703662851E+00   2.4217411425E+00   1.9000287862E-03   2.4084986397E+00   2.4665331291E+00   2.0887499434E-03   2.2336858196E+00   2.4134219857E+00   1.5690703771E-03   3.3397708490E-04
   1  -106   0    0  -5.5673141054E-02   7.9362673725E+00   1.7464125031E-04   1.9814332570E+00   2.3138653490E+00   2.0914348048E-04   2.0863578640E+00   2.3034830242E+00   6.3397481309E-04   2.1973087850E+00   2.3424474287E+00   1.7075231730E-03   2.2710589710E+00   2.4220561204E+00   1.9000204429E-03   2.4089349402E+00   2.4669563096E+00   2.0887904623E-03   2.2340798504E+00   2.4137331613E+00   1.5690634871E-03   3.3399803062E-04
   1  -107   0    0  -6.5572238598E-02   7.9366431905E+00   1.7428992334E-04   1.9808619375E+00   2.3138187363E+00   2.0913714460E-04   2.0857584363E+00   2.3034498593E+00   6.3395128900E-04   2.1969939138E+00   2.3425065425E+00   1.7074598142E-03   2.2717556847E+00   2.4223724762E+00   1.9000120786E-03   2.4093727513E+00   2.4673809541E+00   2.0888310342E-03   2.2344810039E+00   2.4140459564E+00   1.5690565797E-03   3.3401905728E-04
   1  -108   0    0  -7.5470078526E-02   7.9370224760E+00   1.7393885475E-04   1.9802877533E+00   2.3137725569E+00   2.0913080490E-04   2.0851540051E+00   2.3034167269E+00   6.3392775078E-04   2.1966790334E+00   2.3425664852E+00   1.7073964172E-03   2.2724563291E+00   2.4226901602E+00   1.9000036951E-03   2.4098119991E+00   2.4678069907E+00   2.0888716497E-03   2.2348892780E+00   2.4143603251E+00   1.5690496565E-03   3.3404016142E-04
   1  -109   0    0  -8.5366677226E-02   7.9374051846E+00   1.7358812643E-04   1.9797107832E+00   2.3137268228E+00   2.0912446286E-04   2.0845446359E+00   2.3033836318E+00   6.3390420387E-04   2.1963642033E+00   2.3426272512E+00   1.7073329969E-03   2.2731608053E+00   2.4230091225E+00   1.8999952944E-03   2.4102526094E+00   2.4682343473E+00   2.0889122994E-03   2.2353046652E+00   2.4146762206E+00   1.5690427190E-03   3.3406133955E-04
   1  -110   0    0  -9.5262052181E-02   7.9377912694E+00   1.7323781984E-04   1.9791311066E+00   2.3136815451E+00   2.0911811996E-04   2.0839303972E+00   2.3033505787E+00   6.3388065373E-04   2.1960494820E+00   2.3426888340E+00   1.7072695679E-03   2.2738690120E+00   2.4233293124E+00   1.8999868783E-03   2.4106945072E+00   2.4686629514E+00   2.0889529739E-03   2.2357271527E+00   2.4149935953E+00   1.5690357689E-03   3.3408258814E-04
   1  -111   0    0  -1.0515622197E-01   7.9381806812E+00   1.7288801600E-04   1.9785488037E+00   2.3136367344E+00   2.0911177766E-04   2.0833113615E+00   2.3033175722E+00   6.3385710582E-04   2.1957349272E+00   2.3427512264E+00   1.7072061449E-03   2.2745808460E+00   2.4236506788E+00   1.8999784487E-03   2.4111376173E+00   2.4690927301E+00   2.0889936638E-03   2.2361567220E+00   2.4153124009E+00   1.5690288077E-03   3.3410390363E-04
   1  -112   0    0  -1.1504920628E-01   7.9385733683E+00   1.7253879533E-04   1.9779639554E+00   2.3135924008E+00   2.0910543742E-04   2.0826876044E+00   2.3032846168E+00   6.3383356559E-04   2.1954205952E+00   2.3428144207E+00   1.7071427425E-03   2.2752962019E+00   2.4239731701E+00   1.8999700078E-03   2.4115818643E+00   2.4695236100E+00   2.0890343598E-03   2.2365933495E+00   2.4156325884E+00   1.5690218371E-03   3.3412528246E-04
   1  -113   0    0  -1.2494102590E-01   7.9389692764E+00   1.7219023764E-04   1.9773766432E+00   2.3135485537E+00   2.0909910071E-04   2.0820592052E+00   2.3032517168E+00   6.3381003846E-04   2.1951065412E+00   2.3428784083E+00   1.7070793754E-03   2.2760149723E+00   2.4242967344E+00   1.8999615574E-03   2.4120271724E+00   2.4699555177E+00   2.0890750523E-03   2.2370370058E+00   2.4159541081E+00   1.5690148586E-03   3.3414672103E-04
   1  -114   0    0  -1.3483170270E-01   7.9393683491E+00   1.7184242205E-04   1.9767869490E+00   2.3135052021E+00   2.0909276899E-04   2.0814262464E+00   2.3032188765E+00   6.3378652985E-04   2.1947928193E+00   2.3429431801E+00   1.7070160583E-03   2.2767370479E+00   2.4246213191E+00   1.8999530994E-03   2.4124734656E+00   2.4703883795E+00   2.0891157321E-03   2.2374876558E+00   2.4162769096E+00   1.5690078738E-03   3.3416821573E-04
   1  -115   0    0  -1.4472125966E-01   7.9397705274E+00   1.7149542687E-04   1.9761949552E+00   2.3134623541E+00   2.0908644371E-04   2.0807888142E+00   2.3031861000E+00   6.3376304514E-04   2.1944794821E+00   2.3430087262E+00   1.7069528055E-03   2.2774623174E+00   2.4249468714E+00   1.8999446358E-03   2.4129206676E+00   2.4708221215E+00   2.0891563897E-03   2.2379452591E+00   2.4166009421E+00   1.5690008845E-03   3.3418976292E-04
   1  -116   0    0  -1.5460972087E-01   7.9401757499E+00   1.7114932958E-04   1.9756007448E+00   2.3134200173E+00   2.0908012632E-04   2.0801469984E+00   2.3031533914E+00   6.3373958971E-04   2.1941665809E+00   2.3430750360E+00   1.7068896315E-03   2.2781906678E+00   2.4252733381E+00   1.8999361687E-03   2.4133687023E+00   2.4712566698E+00   2.0891970158E-03   2.2384097696E+00   2.4169261540E+00   1.5689938923E-03   3.3421135896E-04
   1  -117   0    0  -1.6449711148E-01   7.9405839530E+00   1.7080420673E-04   1.9750044009E+00   2.3133781986E+00   2.0907381824E-04   2.0795008921E+00   2.3031207546E+00   6.3371616888E-04   2.1938541657E+00   2.3431420984E+00   1.7068265508E-03   2.2789219842E+00   2.4256006658E+00   1.8999277000E-03   2.4138174934E+00   2.4716919502E+00   2.0892376011E-03   2.2388811354E+00   2.4172524932E+00   1.5689868987E-03   3.3423300021E-04
   1  -118   0    0  -1.7438345774E-01   7.9409950709E+00   1.7046013389E-04   1.9744060068E+00   2.3133369042E+00   2.0906752090E-04   2.0788505918E+00   2.3030881935E+00   6.3369278793E-04   2.1935422847E+00   2.3432099013E+00   1.7067635774E-03   2.2796561499E+00   2.4259288007E+00   1.8999192316E-03   2.4142669645E+00   2.4721278889E+00   2.0892781365E-03   2.2393592994E+00   2.4175799071E+00   1.5689799053E-03   3.3425468298E-04
   1  -119   0    0  -1.8426878694E-01   7.9414090351E+00   1.7011718555E-04   1.9738056462E+00   2.3132961396E+00   2.0906123572E-04   2.0781961976E+00   2.3030557116E+00   6.3366945212E-04   2.1932309850E+00   2.3432784321E+00   1.7067007256E-03   2.2803930465E+00   2.4262576887E+00   1.8999107655E-03   2.4147170393E+00   2.4725644118E+00   2.0893186126E-03   2.2398441987E+00   2.4179083427E+00   1.5689729139E-03   3.3427640362E-04
   1  -120   0    0  -1.9415312746E-01   7.9418257753E+00   1.6977543509E-04   1.9732034028E+00   2.3132559097E+00   2.0905496410E-04   2.0775378130E+00   2.3030233127E+00   6.3364616663E-04   2.1929203119E+00   2.3433476777E+00   1.7066380094E-03   2.2811325542E+00   2.4265872758E+00   1.8999023037E-03   2.4151676419E+00   2.4730014452E+00   2.0893590204E-03   2.2403357649E+00   2.4182377464E+00   1.5689659261E-03   3.3429815845E-04
   1  -121   0    0  -2.0403650867E-01   7.9422452188E+00   1.6943495470E-04   1.9725993603E+00   2.3132162188E+00   2.0904870741E-04   2.0768755448E+00   2.3029910002E+00   6.3362293661E-04   2.1926103091E+00   2.3434176239E+00   1.7065754426E-03   2.2818745514E+00   2.4269175074E+00   1.8998938481E-03   2.4156186961E+00   2.4734389153E+00   2.0893993508E-03   2.2408339241E+00   2.4185680644E+00   1.5689589433E-03   3.3431994379E-04
   1  -122   0    0  -2.1391896101E-01   7.9426672909E+00   1.6909581531E-04   1.9719936024E+00   2.3131770701E+00   2.0904246704E-04   2.0762095032E+00   2.3029587774E+00   6.3359976714E-04   2.1923010187E+00   2.3434882563E+00   1.7065130388E-03   2.2826189152E+00   2.4272483292E+00   1.8998854008E-03   2.4160701262E+00   2.4738767487E+00   2.0894395949E-03   2.2413385972E+00   2.4188992423E+00   1.5689519674E-03   3.3434175598E-04
   1  -123   0    0  -2.2380051589E-01   7.9430919147E+00   1.6875808655E-04   1.9713862130E+00   2.3131384666E+00   2.0903624432E-04   2.0755398017E+00   2.3029266477E+00   6.3357666324E-04   2.1919924812E+00   2.3435595596E+00   1.7064508117E-03   2.2833655210E+00   2.4275796866E+00   1.8998769635E-03   2.4165218566E+00   2.4743148721E+00   2.0894797439E-03   2.2418496995E+00   2.4192312254E+00   1.5689449998E-03   3.3436359133E-04
   1  -124   0    0  -2.3368120571E-01   7.9435190113E+00   1.6842183669E-04   1.9707772755E+00   2.3131004101E+00   2.0903004060E-04   2.0748665569E+00   2.3028946141E+00   6.3355362987E-04   2.1916847354E+00   2.3436315179E+00   1.7063887745E-03   2.2841142433E+00   2.4279115248E+00   1.8998685382E-03   2.4169738123E+00   2.4747532126E+00   2.0895197889E-03   2.2423671412E+00   2.4195639588E+00   1.5689380421E-03   3.3438544618E-04
   1  -125   0    0  -2.4356106381E-01   7.9439484999E+00   1.6808713255E-04   1.9701668734E+00   2.3130629022E+00   2.0902385719E-04   2.0741898888E+00   2.3028626797E+00   6.3353067191E-04   2.1913778183E+00   2.3437041147E+00   1.7063269404E-03   2.2848649548E+00   2.4282437892E+00   1.8998601269E-03   2.4174259184E+00   2.4751916977E+00   2.0895597213E-03   2.2428908272E+00   2.4198973874E+00   1.5689310959E-03   3.3440731688E-04
   1  -126   0    0  -2.5344012448E-01   7.9443802978E+00   1.6775403951E-04   1.9695550897E+00   2.3130259434E+00   2.0901769538E-04   2.0735099203E+00   2.3028308475E+00   6.3350779415E-04   2.1910717652E+00   2.3437773329E+00   1.7062653223E-03   2.2856175275E+00   2.4285764252E+00   1.8998517315E-03   2.4178781004E+00   2.4756302551E+00   2.0895995326E-03   2.2434206575E+00   2.4202314557E+00   1.5689241628E-03   3.3442919977E-04
   1  -127   0    0  -2.6331842289E-01   7.9448143204E+00   1.6742262143E-04   1.9689420075E+00   2.3129895336E+00   2.0901155645E-04   2.0728267773E+00   2.3027991202E+00   6.3348500133E-04   2.1907666099E+00   2.3438511548E+00   1.7062039330E-03   2.2863718319E+00   2.4289093780E+00   1.8998433537E-03   2.4183302844E+00   2.4760688130E+00   2.0896392144E-03   2.2439565269E+00   2.4205661080E+00   1.5689172443E-03   3.3445109123E-04
   1  -128   0    0  -2.7319599510E-01   7.9452504815E+00   1.6709294058E-04   1.9683277091E+00   2.3129536721E+00   2.0900544164E-04   2.0721405889E+00   2.3027675007E+00   6.3346229808E-04   2.1904623842E+00   2.3439255622E+00   1.7061427850E-03   2.2871277378E+00   2.4292425932E+00   1.8998349955E-03   2.4187823968E+00   2.4765073004E+00   2.0896787584E-03   2.2444983255E+00   2.4209012886E+00   1.5689103420E-03   3.3447298763E-04
   1  -129   0    0  -2.8307287797E-01   7.9456886929E+00   1.6676505765E-04   1.9677122769E+00   2.3129183574E+00   2.0899935219E-04   2.0714514867E+00   2.3027359915E+00   6.3343968895E-04   2.1901591183E+00   2.3440005361E+00   1.7060818904E-03   2.2878851139E+00   2.4295760163E+00   1.8998266587E-03   2.4192343648E+00   2.4769456463E+00   2.0897181564E-03   2.2450459386E+00   2.4212369415E+00   1.5689034573E-03   3.3449488538E-04
   1  -130   0    0  -2.9294910921E-01   7.9461288651E+00   1.6643903167E-04   1.9670957926E+00   2.3128835875E+00   2.0899328928E-04   2.0707596053E+00   2.3027045952E+00   6.3341717841E-04   2.1898568406E+00   2.3440760574E+00   1.7060212614E-03   2.2886438279E+00   2.4299095929E+00   1.8998183450E-03   2.4196861159E+00   2.4773837805E+00   2.0897574006E-03   2.2455992470E+00   2.4215730108E+00   1.5688965918E-03   3.3451678088E-04
   1  -131   0    0  -3.0282472724E-01   7.9465709070E+00   1.6611491999E-04   1.9664783375E+00   2.3128493595E+00   2.0898725411E-04   2.0700650818E+00   2.3026733141E+00   6.3339477082E-04   2.1895555778E+00   2.3441521060E+00   1.7059609097E-03   2.2894037470E+00   2.4302432690E+00   1.8998100564E-03   2.4201375783E+00   2.4778216336E+00   2.0897964829E-03   2.2461581269E+00   2.4219094405E+00   1.5688897469E-03   3.3453867058E-04
   1  -132   0    0  -3.1269977125E-01   7.9470147261E+00   1.6579277827E-04   1.9658599925E+00   2.3128156699E+00   2.0898124781E-04   2.0693680559E+00   2.3026421507E+00   6.3337247045E-04   2.1892553550E+00   2.3442286616E+00   1.7059008467E-03   2.2901647374E+00   2.4305769906E+00   1.8998017944E-03   2.4205886810E+00   2.4782591365E+00   2.0898353959E-03   2.2467224502E+00   2.4222461744E+00   1.5688829241E-03   3.3456055093E-04
   1  -133   0    0  -3.2257428108E-01   7.9474602284E+00   1.6547266040E-04   1.9652408379E+00   2.3127825147E+00   2.0897527152E-04   2.0686686698E+00   2.3026111072E+00   6.3335028146E-04   2.1889561956E+00   2.3443057034E+00   1.7058410838E-03   2.2909266650E+00   2.4309107040E+00   1.8997935609E-03   2.4210393534E+00   2.4786962209E+00   2.0898741318E-03   2.2472920848E+00   2.4225831565E+00   1.5688761247E-03   3.3458241841E-04
   1  -134   0    0  -3.3244829725E-01   7.9479073188E+00   1.6515461852E-04   1.9646209535E+00   2.3127498891E+00   2.0896932631E-04   2.0679670678E+00   2.3025801857E+00   6.3332820792E-04   2.1886581211E+00   2.3443832101E+00   1.7057816318E-03   2.2916893950E+00   2.4312443557E+00   1.8997853575E-03   2.4214895259E+00   2.4791328191E+00   2.0899126835E-03   2.2478668943E+00   2.4229203310E+00   1.5688693503E-03   3.3460426955E-04
   1  -135   0    0  -3.4232186084E-01   7.9483559009E+00   1.6483870300E-04   1.9640004186E+00   2.3127177879E+00   2.0896341327E-04   2.0672633964E+00   2.3025493884E+00   6.3330625379E-04   2.1883611519E+00   2.3444611599E+00   1.7057225014E-03   2.2924527922E+00   2.4315778925E+00   1.8997771860E-03   2.4219391295E+00   2.4795688643E+00   2.0899510436E-03   2.2484467388E+00   2.4232576417E+00   1.5688626021E-03   3.3462610087E-04
   1  -136   0    0  -3.5219501351E-01   7.9488058772E+00   1.6452496237E-04   1.9633793120E+00   2.3126862051E+00   2.0895753343E-04   2.0665578042E+00   2.3025187171E+00   6.3328442292E-04   2.1880653062E+00   2.3445395309E+00   1.7056637029E-03   2.2932167211E+00   2.4319112616E+00   1.8997690479E-03   2.4223880959E+00   2.4800042903E+00   2.0899892053E-03   2.2490314745E+00   2.4235950330E+00   1.5688558815E-03   3.3464790894E-04
   1  -137   0    0  -3.6206779742E-01   7.9492571494E+00   1.6421344339E-04   1.9627577118E+00   2.3126551342E+00   2.0895168779E-04   2.0658504418E+00   2.3024881739E+00   6.3326271904E-04   2.1877706012E+00   2.3446183005E+00   1.7056052465E-03   2.2939810460E+00   2.4322444105E+00   1.8997609448E-03   2.4228363577E+00   2.4804390317E+00   2.0900271616E-03   2.2496209541E+00   2.4239324493E+00   1.5688491899E-03   3.3466969037E-04
   1  -138   0    0  -3.7194025519E-01   7.9497096181E+00   1.6390419096E-04   1.9621356955E+00   2.3126245683E+00   2.0894587733E-04   2.0651414613E+00   2.3024577605E+00   6.3324114579E-04   2.1874770522E+00   2.3446974459E+00   1.7055471420E-03   2.2947456308E+00   2.4325772870E+00   1.8997528783E-03   2.4232838483E+00   2.4808730239E+00   2.0900649061E-03   2.2502150271E+00   2.4242698350E+00   1.5688425285E-03   3.3469144178E-04
   1  -139   0    0  -3.8181242985E-01   7.9501631831E+00   1.6359724817E-04   1.9615133401E+00   2.3125944997E+00   2.0894010300E-04   2.0644310166E+00   2.3024274787E+00   6.3321970669E-04   2.1871846734E+00   2.3447769440E+00   1.7054893987E-03   2.2955103395E+00   2.4329098393E+00   1.8997448500E-03   2.4237305019E+00   2.4813062031E+00   2.0901024321E-03   2.2508135398E+00   2.4246071350E+00   1.5688358986E-03   3.3471315985E-04
   1  -140   0    0  -3.9168436480E-01   7.9506177437E+00   1.6329265625E-04   1.9608907221E+00   2.3125649205E+00   2.0893436572E-04   2.0637192630E+00   2.3023973302E+00   6.3319840512E-04   2.1868934772E+00   2.3448567713E+00   1.7054320259E-03   2.2962750363E+00   2.4332420159E+00   1.8997368613E-03   2.4241762537E+00   2.4817385065E+00   2.0901397335E-03   2.2514163356E+00   2.4249442942E+00   1.5688293014E-03   3.3473484126E-04
   1  -141   0    0  -4.0155610376E-01   7.9510731984E+00   1.6299045462E-04   1.9602679172E+00   2.3125358222E+00   2.0892866637E-04   2.0630063569E+00   2.3023673166E+00   6.3317724439E-04   2.1866034751E+00   2.3449369043E+00   1.7053750324E-03   2.2970395851E+00   2.4335737660E+00   1.8997289137E-03   2.4246210394E+00   2.4821698718E+00   2.0901768042E-03   2.2520232549E+00   2.4252812578E+00   1.5688227382E-03   3.3475648276E-04
   1  -142   0    0  -4.1142769068E-01   7.9515294451E+00   1.6269068086E-04   1.9596450009E+00   2.3125071958E+00   2.0892300580E-04   2.0622924563E+00   2.3023374395E+00   6.3315622766E-04   2.1863146770E+00   2.3450173190E+00   1.7053184268E-03   2.2978038503E+00   2.4339050390E+00   1.8997210086E-03   2.4250647961E+00   2.4826002378E+00   2.0902136384E-03   2.2526341358E+00   2.4256179715E+00   1.5688162100E-03   3.3477808112E-04
   1  -143   0    0  -4.2129916975E-01   7.9519863816E+00   1.6239337072E-04   1.9590220477E+00   2.3124790320E+00   2.0891738485E-04   2.0615777197E+00   2.3023077003E+00   6.3313535799E-04   2.1860270917E+00   2.3450979914E+00   1.7052622172E-03   2.2985676965E+00   2.4342357848E+00   1.8997131474E-03   2.4255074613E+00   2.4830295442E+00   2.0902502303E-03   2.2532488139E+00   2.4259543809E+00   1.5688097181E-03   3.3479963315E-04
   1  -144   0    0  -4.3117058532E-01   7.9524439049E+00   1.6209855815E-04   1.9583991319E+00   2.3124513210E+00   2.0891180429E-04   2.0608623066E+00   2.3022781005E+00   6.3311463831E-04   2.1857407269E+00   2.3451788972E+00   1.7052064116E-03   2.2993309886E+00   2.4345659539E+00   1.8997053314E-03   2.4259489739E+00   2.4834577314E+00   2.0902865745E-03   2.2538671225E+00   2.4262904324E+00   1.5688032636E-03   3.3482113571E-04
   1  -145   0    0  -4.4104198183E-01   7.9529019122E+00   1.6180627530E-04   1.9577763272E+00   2.3124240528E+00   2.0890626489E-04   2.0601463774E+00   2.3022486414E+00   6.3309407145E-04   2.1854555892E+00   2.3452600120E+00   1.7051510177E-03   2.3000935920E+00   2.4348954970E+00   1.8996975620E-03   2.4263892733E+00   2.4838847409E+00   2.0903226657E-03   2.2544888930E+00   2.4266260724E+00   1.5687968475E-03   3.3484258567E-04
   1  -146   0    0  -4.5091340379E-01   7.9533603004E+00   1.6151655251E-04   1.9571537069E+00   2.3123972170E+00   2.0890076737E-04   2.0594300926E+00   2.3022193244E+00   6.3307366011E-04   2.1851716842E+00   2.3453413113E+00   1.7050960425E-03   2.3008553725E+00   2.4352243656E+00   1.8996898404E-03   2.4268282999E+00   2.4843105150E+00   2.0903584989E-03   2.2551139548E+00   2.4269612479E+00   1.5687904709E-03   3.3486397998E-04
   1  -147   0    0  -4.6078489572E-01   7.9538189662E+00   1.6122941840E-04   1.9565313436E+00   2.3123708029E+00   2.0889531245E-04   2.0587136132E+00   2.3021901508E+00   6.3305340688E-04   2.1848890164E+00   2.3454227706E+00   1.7050414933E-03   2.3016161967E+00   2.4355525116E+00   1.8996821678E-03   2.4272659954E+00   2.4847349968E+00   2.0903940692E-03   2.2557421359E+00   2.4272959061E+00   1.5687841347E-03   3.3488531560E-04
   1  -148   0    0  -4.7065650206E-01   7.9542778065E+00   1.6094489981E-04   1.9559093097E+00   2.3123447996E+00   2.0888990077E-04   2.0579971006E+00   2.3021611218E+00   6.3303331423E-04   2.1846075898E+00   2.3455043653E+00   1.7049873765E-03   2.3023759318E+00   2.4358798874E+00   1.8996745454E-03   2.4277023019E+00   2.4851581303E+00   2.0904293718E-03   2.2563732627E+00   2.4276299948E+00   1.5687778400E-03   3.3490658955E-04
   1  -149   0    0  -4.8052826719E-01   7.9547367184E+00   1.6066302189E-04   1.9552876771E+00   2.3123191959E+00   2.0888453298E-04   2.0572807157E+00   2.3021322386E+00   6.3301338452E-04   2.1843274073E+00   2.3455860706E+00   1.7049336986E-03   2.3031344457E+00   2.4362064459E+00   1.8996669743E-03   2.4281371627E+00   2.4855798608E+00   2.0904644024E-03   2.2570071603E+00   2.4279634621E+00   1.5687715878E-03   3.3492779888E-04
   1  -150   0    0  -4.9040023534E-01   7.9551955990E+00   1.6038380807E-04   1.9546665174E+00   2.3122939804E+00   2.0887920968E-04   2.0565646197E+00   2.3021035022E+00   6.3299362000E-04   2.1840484712E+00   2.3456678622E+00   1.7048804656E-03   2.3038916073E+00   2.4365321407E+00   1.8996594557E-03   2.4285705220E+00   2.4860001339E+00   2.0904991565E-03   2.2576436527E+00   2.4282962566E+00   1.5687653788E-03   3.3494894068E-04
   1  -151   0    0  -5.0027245051E-01   7.9556543459E+00   1.6010728013E-04   1.9540459019E+00   2.3122691416E+00   2.0887393144E-04   2.0558489733E+00   2.3020749139E+00   6.3297402280E-04   2.1837707832E+00   2.3457497153E+00   1.7048276833E-03   2.3046472862E+00   2.4368569257E+00   1.8996519907E-03   2.4290023251E+00   2.4864188965E+00   2.0905336302E-03   2.2582825631E+00   2.4286283274E+00   1.5687592141E-03   3.3497001210E-04
   1  -152   0    0  -5.1014495648E-01   7.9561128569E+00   1.5983345822E-04   1.9534259015E+00   2.3122446680E+00   2.0886869881E-04   2.0551339367E+00   2.3020464747E+00   6.3295459493E-04   2.1834943446E+00   2.3458316054E+00   1.7047753570E-03   2.3054013531E+00   2.4371807556E+00   1.8996445802E-03   2.4294325178E+00   2.4868360962E+00   2.0905678195E-03   2.2589237138E+00   2.4289596241E+00   1.5687530944E-03   3.3499101032E-04
   1  -153   0    0  -5.2001779672E-01   7.9565710304E+00   1.5956236089E-04   1.9528065869E+00   2.3122205478E+00   2.0886351231E-04   2.0544196695E+00   2.3020181856E+00   6.3293533832E-04   2.1832191559E+00   2.3459135083E+00   1.7047234920E-03   2.3061536798E+00   2.4375035854E+00   1.8996372252E-03   2.4298610471E+00   2.4872516818E+00   2.0906017208E-03   2.2595669267E+00   2.4292900966E+00   1.5687470205E-03   3.3501193256E-04
   1  -154   0    0  -5.2989101437E-01   7.9570287654E+00   1.5929400511E-04   1.9521880285E+00   2.3121967691E+00   2.0885837242E-04   2.0537063305E+00   2.3019900476E+00   6.3291625477E-04   2.1829452176E+00   2.3459953996E+00   1.7046720931E-03   2.3069041391E+00   2.4378253711E+00   1.8996299267E-03   2.4302878610E+00   2.4876656025E+00   2.0906353304E-03   2.2602120233E+00   2.4296196955E+00   1.5687409933E-03   3.3503277609E-04
   1  -155   0    0  -5.3976465217E-01   7.9574859615E+00   1.5902840633E-04   1.9515702968E+00   2.3121733203E+00   2.0885327959E-04   2.0529940775E+00   2.3019620617E+00   6.3289734596E-04   2.1826725296E+00   2.3460772552E+00   1.7046211648E-03   2.3076526051E+00   2.4381460687E+00   1.8996226856E-03   2.4307129082E+00   2.4880778088E+00   2.0906686451E-03   2.2608588247E+00   2.4299483718E+00   1.5687350135E-03   3.3505353822E-04
   1  -156   0    0  -5.4963875242E-01   7.9579425188E+00   1.5876557850E-04   1.9509534619E+00   2.3121501894E+00   2.0884823426E-04   2.0522830673E+00   2.3019342289E+00   6.3287861349E-04   2.1824010917E+00   2.3461590512E+00   1.7045707115E-03   2.3083989530E+00   2.4384656353E+00   1.8996155027E-03   2.4311361384E+00   2.4884882518E+00   2.0907016617E-03   2.2615071521E+00   2.4302760772E+00   1.5687290818E-03   3.3507421631E-04
   1  -157   0    0  -5.5951335695E-01   7.9583983384E+00   1.5850553409E-04   1.9503375938E+00   2.3121273648E+00   2.0884323682E-04   2.0515734555E+00   2.3019065501E+00   6.3286005885E-04   2.1821309036E+00   2.3462407640E+00   1.7045207372E-03   2.3091430595E+00   2.4387840282E+00   1.8996083789E-03   2.4315575022E+00   2.4888968836E+00   2.0907343772E-03   2.2621568268E+00   2.4306027638E+00   1.5687231989E-03   3.3509480774E-04
   1  -158   0    0  -5.6938850705E-01   7.9588533223E+00   1.5824828417E-04   1.9497227625E+00   2.3121048346E+00   2.0883828766E-04   2.0508653961E+00   2.3018790262E+00   6.3284168342E-04   2.1818619647E+00   2.3463223700E+00   1.7044712455E-03   2.3098848025E+00   2.4391012056E+00   1.8996013150E-03   2.4319769509E+00   2.4893036572E+00   2.0907667889E-03   2.2628076703E+00   2.4309283841E+00   1.5687173654E-03   3.3511530997E-04
   1  -159   0    0  -5.7926424345E-01   7.9593073733E+00   1.5799383842E-04   1.9491090381E+00   2.3120825873E+00   2.0883338711E-04   2.0501590417E+00   2.3018516582E+00   6.3282348850E-04   2.1815942747E+00   2.3464038460E+00   1.7044222400E-03   2.3106240614E+00   2.4394171259E+00   1.8995943117E-03   2.4323944370E+00   2.4897085263E+00   2.0907988941E-03   2.2634595046E+00   2.4312528915E+00   1.5687115819E-03   3.3513572047E-04
   1  -160   0    0  -5.8914060629E-01   7.9597603951E+00   1.5774220517E-04   1.9484964905E+00   2.3120606113E+00   2.0882853549E-04   2.0494545434E+00   2.3018244468E+00   6.3280547527E-04   2.1813278332E+00   2.3464851690E+00   1.7043737239E-03   2.3113607171E+00   2.4397317485E+00   1.8995873697E-03   2.4328099135E+00   2.4901114456E+00   2.0908306904E-03   2.2641121522E+00   2.4315762397E+00   1.5687058492E-03   3.3515603677E-04
   1  -161   0    0  -5.9901763503E-01   7.9602122927E+00   1.5749339143E-04   1.9478851896E+00   2.3120388954E+00   2.0882373311E-04   2.0487520503E+00   2.3017973929E+00   6.3278764483E-04   2.1810626398E+00   2.3465663165E+00   1.7043257001E-03   2.3120946521E+00   2.4400450332E+00   1.8995804897E-03   2.4332233347E+00   2.4905123704E+00   2.0908621754E-03   2.2647654363E+00   2.4318983831E+00   1.5687001676E-03   3.3517625644E-04
   1  -162   0    0  -6.0889536846E-01   7.9606629720E+00   1.5724740295E-04   1.9472752056E+00   2.3120174282E+00   2.0881898023E-04   2.0480517096E+00   2.3017704974E+00   6.3276999818E-04   2.1807986945E+00   2.3466472662E+00   1.7042781713E-03   2.3128257502E+00   2.4403569402E+00   1.8995736724E-03   2.4336346552E+00   2.4909112570E+00   2.0908933472E-03   2.2654191810E+00   2.4322192766E+00   1.5686945378E-03   3.3519637708E-04
   1  -163   0    0  -6.1877384466E-01   7.9611123402E+00   1.5700424426E-04   1.9466666086E+00   2.3119961989E+00   2.0881427709E-04   2.0473536667E+00   2.3017437612E+00   6.3275253624E-04   2.1805359974E+00   2.3467279960E+00   1.7042311400E-03   2.3135538971E+00   2.4406674307E+00   1.8995669184E-03   2.4340438309E+00   2.4913080625E+00   2.0909242036E-03   2.2660732114E+00   2.4325388758E+00   1.5686889602E-03   3.3521639636E-04
   1  -164   0    0  -6.2865310093E-01   7.9615603057E+00   1.5676391867E-04   1.9460594688E+00   2.3119751966E+00   2.0880962393E-04   2.0466580645E+00   2.3017171849E+00   6.3273525982E-04   2.1802745491E+00   2.3468084844E+00   1.7041846083E-03   2.3142789803E+00   2.4409764662E+00   1.8995602281E-03   2.4344508183E+00   2.4917027449E+00   2.0909547430E-03   2.2667273536E+00   2.4328571368E+00   1.5686834353E-03   3.3523631197E-04
   1  -165   0    0  -6.3853317379E-01   7.9620067782E+00   1.5652642836E-04   1.9454538566E+00   2.3119544108E+00   2.0880502093E-04   2.0459650439E+00   2.3016907696E+00   6.3271816967E-04   2.1800143503E+00   2.3468887101E+00   1.7041385784E-03   2.3150008886E+00   2.4412840089E+00   1.8995536023E-03   2.4348555747E+00   2.4920952626E+00   2.0909849637E-03   2.2673814351E+00   2.4331740163E+00   1.5686779635E-03   3.3525612164E-04
   1  -166   0    0  -6.4841409893E-01   7.9624516687E+00   1.5629177438E-04   1.9448498426E+00   2.3119338312E+00   2.0880046828E-04   2.0452747435E+00   2.3016645159E+00   6.3270126643E-04   2.1797554024E+00   2.3469686523E+00   1.7040930518E-03   2.3157195129E+00   2.4415900215E+00   1.8995470413E-03   2.4352580584E+00   2.4924855753E+00   2.0910148642E-03   2.2680352846E+00   2.4334894717E+00   1.5686725454E-03   3.3527582316E-04
   1  -167   0    0  -6.5829591118E-01   7.9628948896E+00   1.5605995668E-04   1.9442474974E+00   2.3119134479E+00   2.0879596613E-04   2.0445872992E+00   2.3016384247E+00   6.3268455069E-04   2.1794977069E+00   2.3470482906E+00   1.7040480303E-03   2.3164347458E+00   2.4418944675E+00   1.8995405456E-03   2.4356582284E+00   2.4928736432E+00   2.0910444431E-03   2.2686887325E+00   2.4338034610E+00   1.5686671812E-03   3.3529541435E-04
   1  -168   0    0  -6.6817864451E-01   7.9633363549E+00   1.5583097419E-04   1.9436468919E+00   2.3118932512E+00   2.0879151460E-04   2.0439028446E+00   2.3016124968E+00   6.3266802292E-04   2.1792412661E+00   2.3471276051E+00   1.7040035151E-03   2.3171464819E+00   2.4421973109E+00   1.8995341157E-03   2.4360560445E+00   2.4932594273E+00   2.0910736992E-03   2.2693416107E+00   2.4341159427E+00   1.5686618713E-03   3.3531489308E-04
   1  -169   0    0  -6.7806233194E-01   7.9637759797E+00   1.5560482483E-04   1.9430480970E+00   2.3118732315E+00   2.0878711382E-04   2.0432215105E+00   2.3015867329E+00   6.3265168355E-04   2.1789860827E+00   2.3472065762E+00   1.7039595072E-03   2.3178546174E+00   2.4424985163E+00   1.8995277520E-03   2.4364514672E+00   2.4936428894E+00   2.0911026315E-03   2.2699937527E+00   2.4344268762E+00   1.5686566160E-03   3.3533425725E-04
   1  -170   0    0  -6.8794700557E-01   7.9642136811E+00   1.5538150551E-04   1.9424511839E+00   2.3118533800E+00   2.0878276386E-04   2.0425434251E+00   2.3015611338E+00   6.3263553291E-04   2.1787321600E+00   2.3472851848E+00   1.7039160077E-03   2.3185590508E+00   2.4427980488E+00   1.8995214548E-03   2.4368444580E+00   2.4940239921E+00   2.0911312391E-03   2.2706449939E+00   2.4347362212E+00   1.5686514157E-03   3.3535350481E-04
   1  -171   0    0  -6.9783269653E-01   7.9646493774E+00   1.5516101224E-04   1.9418562240E+00   2.3118336878E+00   2.0877846481E-04   2.0418687137E+00   2.3015357004E+00   6.3261957126E-04   2.1784795019E+00   2.3473634123E+00   1.7038730172E-03   2.3192596823E+00   2.4430958744E+00   1.8995152246E-03   2.4372349790E+00   2.4944026987E+00   2.0911595211E-03   2.2712951718E+00   2.4350439384E+00   1.5686462707E-03   3.3537263376E-04
   1  -172   0    0  -7.0771943497E-01   7.9650829887E+00   1.5494334007E-04   1.9412632887E+00   2.3118141467E+00   2.0877421672E-04   2.0411974989E+00   2.3015104334E+00   6.3260379880E-04   2.1782281128E+00   2.3474412406E+00   1.7038305363E-03   2.3199564142E+00   2.4433919595E+00   1.8995090615E-03   2.4376229932E+00   2.4947789733E+00   2.0911874769E-03   2.2719441257E+00   2.4353499890E+00   1.5686411811E-03   3.3539164213E-04
   1  -173   0    0  -7.1760725001E-01   7.9655144368E+00   1.5472848321E-04   1.9406724497E+00   2.3117947486E+00   2.0877001961E-04   2.0405299002E+00   2.3014853336E+00   6.3258821565E-04   2.1779779981E+00   2.3475186519E+00   1.7037885652E-03   2.3206491508E+00   2.4436862713E+00   1.8995029659E-03   2.4380084644E+00   2.4951527809E+00   2.0912151060E-03   2.2725916971E+00   2.4356543348E+00   1.5686361473E-03   3.3541052800E-04
   1  -174   0    0  -7.2749616977E-01   7.9659436449E+00   1.5451643500E-04   1.9400837786E+00   2.3117754858E+00   2.0876587351E-04   2.0398660343E+00   2.3014604017E+00   6.3257282186E-04   2.1777291633E+00   2.3475956293E+00   1.7037471042E-03   2.3213377984E+00   2.4439787773E+00   1.8994969381E-03   2.4383913571E+00   2.4955240870E+00   2.0912424080E-03   2.2732377297E+00   2.4359569384E+00   1.5686311695E-03   3.3542928948E-04
   1  -175   0    0  -7.3738622129E-01   7.9663705382E+00   1.5430718796E-04   1.9394973473E+00   2.3117563511E+00   2.0876177840E-04   2.0392060147E+00   2.3014356385E+00   6.3255761742E-04   2.1774816150E+00   2.3476721560E+00   1.7037061532E-03   2.3220222657E+00   2.4442694461E+00   1.8994909782E-03   2.4387716367E+00   2.4958928580E+00   2.0912693825E-03   2.2738820694E+00   2.4362577631E+00   1.5686262477E-03   3.3544792474E-04
   1  -176   0    0  -7.4727743055E-01   7.9667950435E+00   1.5410073381E-04   1.9389132278E+00   2.3117373377E+00   2.0875773427E-04   2.0385499519E+00   2.3014110449E+00   6.3254260225E-04   2.1772353604E+00   2.3477482159E+00   1.7036657119E-03   2.3227024632E+00   2.4445582466E+00   1.8994850865E-03   2.4391492692E+00   2.4962590612E+00   2.0912960294E-03   2.2745245646E+00   2.4365567728E+00   1.5686213823E-03   3.3546643198E-04
   1  -177   0    0  -7.5716982247E-01   7.9672170894E+00   1.5389706350E-04   1.9383314920E+00   2.3117184390E+00   2.0875374109E-04   2.0378979533E+00   2.3013866215E+00   6.3252777621E-04   2.1769904073E+00   2.3478237934E+00   1.7036257800E-03   2.3233783037E+00   2.4448451485E+00   1.8994792631E-03   2.4395242217E+00   2.4966226644E+00   2.0913223486E-03   2.2751650662E+00   2.4368539322E+00   1.5686165732E-03   3.3548480946E-04
   1  -178   0    0  -7.6706342084E-01   7.9676366064E+00   1.5369616726E-04   1.9377522118E+00   2.3116996490E+00   2.0874979878E-04   2.0372501230E+00   2.3013623692E+00   6.3251313911E-04   2.1767467641E+00   2.3478988733E+00   1.7035863570E-03   2.3240497022E+00   2.4451301220E+00   1.8994735082E-03   2.4398964618E+00   2.4969836364E+00   2.0913483402E-03   2.2758034275E+00   2.4371492067E+00   1.5686118207E-03   3.3550305545E-04
   1  -179   0    0  -7.7695824836E-01   7.9680535265E+00   1.5349803458E-04   1.9371754591E+00   2.3116809618E+00   2.0874590730E-04   2.0366065622E+00   2.3013382886E+00   6.3249869067E-04   2.1765044401E+00   2.3479734412E+00   1.7035474421E-03   2.3247165759E+00   2.4454131383E+00   1.8994678219E-03   2.4402659581E+00   2.4973419466E+00   2.0913740044E-03   2.2764395044E+00   2.4374425624E+00   1.5686071249E-03   3.3552116831E-04
   1  -180   0    0  -7.8685432660E-01   7.9684677839E+00   1.5330265427E-04   1.9366013059E+00   2.3116623723E+00   2.0874206654E-04   2.0359673686E+00   2.3013143806E+00   6.3248443059E-04   2.1762634450E+00   2.3480474829E+00   1.7035090346E-03   2.3253788440E+00   2.4456941690E+00   1.8994622043E-03   2.4406326799E+00   2.4976975654E+00   2.0913993414E-03   2.2770731555E+00   2.4377339662E+00   1.5686024858E-03   3.3553914641E-04
   1  -181   0    0  -7.9675167602E-01   7.9688793145E+00   1.5311001445E-04   1.9360298239E+00   2.3116438754E+00   2.0873827641E-04   2.0353326367E+00   2.3012906460E+00   6.3247035847E-04   2.1760237894E+00   2.3481209850E+00   1.7034711333E-03   2.3260364284E+00   2.4459731865E+00   1.8994566553E-03   2.4409965973E+00   2.4980504639E+00   2.0914243516E-03   2.2777042422E+00   2.4380233858E+00   1.5685979034E-03   3.3555698817E-04
   1  -182   0    0  -8.0665031591E-01   7.9692880561E+00   1.5292010260E-04   1.9354610845E+00   2.3116254666E+00   2.0873453679E-04   2.0347024578E+00   2.3012670854E+00   6.3245647390E-04   2.1757854844E+00   2.3481939344E+00   1.7034337371E-03   2.3266892530E+00   2.4462501637E+00   1.8994511752E-03   2.4413576813E+00   2.4984006138E+00   2.0914490356E-03   2.2783326287E+00   2.4383107895E+00   1.5685933779E-03   3.3557469206E-04
   1  -183   0    0  -8.1655026445E-01   7.9696939484E+00   1.5273290558E-04   1.9348951592E+00   2.3116071417E+00   2.0873084755E-04   2.0340769199E+00   2.3012436996E+00   6.3244277638E-04   2.1755485418E+00   2.3482663187E+00   1.7033968447E-03   2.3273372441E+00   2.4465250745E+00   1.8994457639E-03   2.4417159038E+00   2.4987479879E+00   2.0914733938E-03   2.2789581820E+00   2.4385961465E+00   1.5685889091E-03   3.3559225661E-04
   1  -184   0    0  -8.2645153863E-01   7.9700969331E+00   1.5254840962E-04   1.9343321191E+00   2.3115888970E+00   2.0872720855E-04   2.0334561078E+00   2.3012204895E+00   6.3242926537E-04   2.1753129738E+00   2.3483381260E+00   1.7033604547E-03   2.3279803301E+00   2.4467978933E+00   1.8994404214E-03   2.4420712373E+00   2.4990925597E+00   2.0914974270E-03   2.2795807718E+00   2.4388794269E+00   1.5685844972E-03   3.3560968035E-04
   1  -185   0    0  -8.3635415433E-01   7.9704969536E+00   1.5236660038E-04   1.9337720348E+00   2.3115707290E+00   2.0872361962E-04   2.0328401027E+00   2.3011974556E+00   6.3241594029E-04   2.1750787934E+00   2.3484093449E+00   1.7033245655E-03   2.3286184421E+00   2.4470685954E+00   1.8994351476E-03   2.4424236555E+00   2.4994343035E+00   2.0915211360E-03   2.2802002713E+00   2.4391606013E+00   1.5685801420E-03   3.3562696192E-04
   1  -186   0    0  -8.4625812625E-01   7.9708939556E+00   1.5218746293E-04   1.9332149766E+00   2.3115526347E+00   2.0872008060E-04   2.0322289829E+00   2.3011745988E+00   6.3240280049E-04   2.1748460140E+00   2.3484799645E+00   1.7032891752E-03   2.3292515133E+00   2.4473371566E+00   1.8994299425E-03   2.4427731326E+00   2.4997731945E+00   2.0915445216E-03   2.2808165561E+00   2.4394396413E+00   1.5685758435E-03   3.3564409995E-04
   1  -187   0    0  -8.5616346792E-01   7.9712878863E+00   1.5201098178E-04   1.9326610145E+00   2.3115346113E+00   2.0871659129E-04   2.0316228232E+00   2.3011519198E+00   6.3238984528E-04   2.1746146497E+00   2.3485499745E+00   1.7032542822E-03   2.3298794793E+00   2.4476035536E+00   1.8994248060E-03   2.4431196438E+00   2.5001092086E+00   2.0915675848E-03   2.2814295053E+00   2.4397165195E+00   1.5685716018E-03   3.3566109315E-04
   1  -188   0    0  -8.6607019176E-01   7.9716786953E+00   1.5183714092E-04   1.9321102177E+00   2.3115166565E+00   2.0871315151E-04   2.0310216951E+00   2.3011294193E+00   6.3237707393E-04   2.1743847148E+00   2.3486193651E+00   1.7032198843E-03   2.3305022783E+00   2.4478677639E+00   1.8994197380E-03   2.4434631655E+00   2.5004423228E+00   2.0915903266E-03   2.2820390009E+00   2.4399912089E+00   1.5685674165E-03   3.3567794027E-04
   1  -189   0    0  -8.7597830900E-01   7.9720663338E+00   1.5166592380E-04   1.9315626551E+00   2.3114987683E+00   2.0870976102E-04   2.0304256669E+00   2.3011070981E+00   6.3236448564E-04   2.1741562242E+00   2.3486881269E+00   1.7031859795E-03   2.3311198507E+00   2.4481297656E+00   1.8994147384E-03   2.4438036744E+00   2.5007725147E+00   2.0916127482E-03   2.2826449280E+00   2.4402636839E+00   1.5685632878E-03   3.3569464010E-04
   1  -190   0    0  -8.8588782975E-01   7.9724507552E+00   1.5149731338E-04   1.9310183946E+00   2.3114809451E+00   2.0870641962E-04   2.0298348034E+00   2.3010849567E+00   6.3235207958E-04   2.1739291933E+00   2.3487562513E+00   1.7031525655E-03   2.3317321392E+00   2.4483895377E+00   1.8994098070E-03   2.4441411486E+00   2.5010997630E+00   2.0916348509E-03   2.2832471749E+00   2.4405339192E+00   1.5685592154E-03   3.3571119149E-04
   1  -191   0    0  -8.9579876294E-01   7.9728319149E+00   1.5133129211E-04   1.9304775036E+00   2.3114631853E+00   2.0870312707E-04   2.0292491666E+00   2.3010629961E+00   6.3233985488E-04   2.1737036376E+00   2.3488237298E+00   1.7031196400E-03   2.3323390893E+00   2.4486470600E+00   1.8994049437E-03   2.4444755670E+00   2.5014240473E+00   2.0916566360E-03   2.2838456333E+00   2.4408018909E+00   1.5685551992E-03   3.3572759333E-04
   1  -192   0    0  -9.0571111641E-01   7.9732097700E+00   1.5116784197E-04   1.9299400487E+00   2.3114454881E+00   2.0869988311E-04   2.0286688148E+00   2.3010412167E+00   6.3232781062E-04   2.1734795733E+00   2.3488905548E+00   1.7030872004E-03   2.3329406486E+00   2.4489023130E+00   1.8994001483E-03   2.4448069092E+00   2.5017453479E+00   2.0916781047E-03   2.2844401978E+00   2.4410675755E+00   1.5685512391E-03   3.3574384457E-04
   1  -193   0    0  -9.1562489686E-01   7.9735842799E+00   1.5100694448E-04   1.9294060954E+00   2.3114278526E+00   2.0869668750E-04   2.0280938034E+00   2.3010196194E+00   6.3231594582E-04   2.1732570166E+00   2.3489567191E+00   1.7030552443E-03   2.3335367672E+00   2.4491552780E+00   1.8993954205E-03   2.4451351561E+00   2.5020636461E+00   2.0916992588E-03   2.2850307665E+00   2.4413309508E+00   1.5685473348E-03   3.3575994421E-04
   1  -194   0    0  -9.2554010985E-01   7.9739554058E+00   1.5084858070E-04   1.9288757086E+00   2.3114102783E+00   2.0869353994E-04   2.0275241844E+00   2.3009982047E+00   6.3230425949E-04   2.1730359839E+00   2.3490222157E+00   1.7030237687E-03   2.3341273980E+00   2.4494059372E+00   1.8993907602E-03   2.4454602893E+00   2.5023789242E+00   2.0917200996E-03   2.2856172406E+00   2.4415919952E+00   1.5685434862E-03   3.3577589128E-04
   1  -195   0    0  -9.3545675986E-01   7.9743231109E+00   1.5069273126E-04   1.9283489519E+00   2.3113927650E+00   2.0869044018E-04   2.0269600068E+00   2.3009769734E+00   6.3229275058E-04   2.1728164921E+00   2.3490870385E+00   1.7029927711E-03   2.3347124958E+00   2.4496542737E+00   1.8993861670E-03   2.4457822915E+00   2.5026911654E+00   2.0917406289E-03   2.2861995248E+00   2.4418506883E+00   1.5685396931E-03   3.3579168489E-04
   1  -196   0    0  -9.4537485027E-01   7.9746873604E+00   1.5053937638E-04   1.9278258880E+00   2.3113753128E+00   2.0868738790E-04   2.0264013164E+00   2.3009559260E+00   6.3228141799E-04   2.1725985580E+00   2.3491511816E+00   1.7029622483E-03   2.3352920182E+00   2.4499002711E+00   1.8993816407E-03   2.4461011462E+00   2.5030003539E+00   2.0917608484E-03   2.2867775270E+00   2.4421070104E+00   1.5685359553E-03   3.3580732418E-04
   1  -197   0    0  -9.5529438340E-01   7.9750481214E+00   1.5038849586E-04   1.9273065782E+00   2.3113579220E+00   2.0868438281E-04   2.0258481558E+00   2.3009350632E+00   6.3227026061E-04   2.1723821986E+00   2.3492146397E+00   1.7029321975E-03   2.3358659252E+00   2.4501439141E+00   1.8993771811E-03   2.4464168382E+00   2.5033064747E+00   2.0917807599E-03   2.2873511585E+00   2.4423609428E+00   1.5685322725E-03   3.3582280836E-04
   1  -198   0    0  -9.6521536048E-01   7.9754053629E+00   1.5024006909E-04   1.9267910828E+00   2.3113405931E+00   2.0868142460E-04   2.0253005648E+00   2.3009143855E+00   6.3225927726E-04   2.1721674311E+00   2.3492774080E+00   1.7029026153E-03   2.3364341793E+00   2.4503851884E+00   1.8993727878E-03   2.4467293529E+00   2.5036095140E+00   2.0918003651E-03   2.2879203337E+00   2.4426124677E+00   1.5685286444E-03   3.3583813667E-04
   1  -199   0    0  -9.7513778171E-01   7.9757590561E+00   1.5009407512E-04   1.9262794607E+00   2.3113233269E+00   2.0867851294E-04   2.0247585798E+00   2.3008938936E+00   6.3224846675E-04   2.1719542724E+00   2.3493394820E+00   1.7028734987E-03   2.3369967453E+00   2.4506240801E+00   1.8993684604E-03   2.4470386771E+00   2.5039094587E+00   2.0918196662E-03   2.2884849707E+00   2.4428615685E+00   1.5685250708E-03   3.3585330842E-04
   1  -200   0    0  -9.8506164625E-01   7.9761091739E+00   1.4995049259E-04   1.9257717695E+00   2.3113061242E+00   2.0867564750E-04   2.0242222344E+00   2.3008735881E+00   6.3223782784E-04   2.1717427396E+00   2.3494008578E+00   1.7028448443E-03   2.3375535907E+00   2.4508605765E+00   1.8993641987E-03   2.4473447984E+00   2.5042062969E+00   2.0918386650E-03   2.2890449906E+00   2.4431082291E+00   1.5685215514E-03   3.3586832297E-04
   1  -201   0    0  -9.9498695229E-01   7.9764556911E+00   1.4980929981E-04   1.9252680653E+00   2.3112889863E+00   2.0867282793E-04   2.0236915594E+00   2.3008534694E+00   6.3222735925E-04   2.1715328499E+00   2.3494615319E+00   1.7028166486E-03   2.3381046853E+00   2.4510946658E+00   1.8993600022E-03   2.4476477054E+00   2.5045000177E+00   2.0918573637E-03   2.2896003183E+00   2.4433524348E+00   1.5685180859E-03   3.3588317974E-04
   1  -202  -4    5  -9.9999982013E-01   7.9766293081E+00   1.4973889803E-04   1.9250152251E+00   2.3112803566E+00   2.0867142135E-04   2.0234257299E+00   2.3008433805E+00   6.3222213688E-04   2.1714274844E+00   2.3494919049E+00   1.7028025829E-03   2.3383807960E+00   2.4512119635E+00   1.8993579077E-03   2.4477994499E+00   2.5046471600E+00   2.0918666932E-03   2.2898789549E+00   2.4434748223E+00   1.5685163562E-03   3.3589062233E-04
