    
   1    -1   0    0   9.9999999455E-01   7.9429846278E+00   2.5435220084E-04   2.0579890389E+00   2.3711492665E+00   2.0694679585E-04   2.1405569297E+00   2.3360003279E+00   6.2581889223E-04   2.2402008776E+00   2.3740817927E+00   1.6855563319E-03   2.2412099603E+00   2.3818451250E+00   1.9051683505E-03   2.3541675310E+00   2.4137610077E+00   2.0919347837E-03   2.2007199451E+00   2.3731737757E+00   1.5733147013E-03   3.4207152168E-04
   1    -2   0    0   9.8000292074E-01   7.9431835208E+00   2.5420462491E-04   2.0578959061E+00   2.3711935618E+00   2.0694517109E-04   2.1404523912E+00   2.3360605588E+00   6.2581285975E-04   2.2401850676E+00   2.3741416989E+00   1.6855400843E-03   2.2413571865E+00   2.3819384195E+00   1.9051650205E-03   2.3542780469E+00   2.4138684295E+00   2.0919467962E-03   2.2008788054E+00   2.3732670768E+00   1.5733119513E-03   3.4207816784E-04
   1    -3   0    0   9.7000448355E-01   7.9432863176E+00   2.5412841357E-04   2.0578477892E+00   2.3712164765E+00   2.0694433178E-04   2.1403983477E+00   2.3360917030E+00   6.2580974352E-04   2.2401769017E+00   2.3741726754E+00   1.6855316911E-03   2.2414332814E+00   2.3819866339E+00   1.9051632998E-03   2.3543351565E+00   2.4139239402E+00   2.0919530022E-03   2.2009608638E+00   2.3733152946E+00   1.5733105303E-03   3.4208160268E-04
   1    -4   0    0   9.6000611675E-01   7.9433914116E+00   2.5405054319E-04   2.0577986098E+00   2.3712399180E+00   2.0694347402E-04   2.1403430871E+00   2.3361235531E+00   6.2580655880E-04   2.2401685570E+00   2.3742043541E+00   1.6855231135E-03   2.2415110779E+00   2.3820359226E+00   1.9051615409E-03   2.3543935354E+00   2.4139806846E+00   2.0919593451E-03   2.2010447227E+00   2.3733645868E+00   1.5733090779E-03   3.4208511415E-04
   1    -5   0    0   9.5000782340E-01   7.9434988514E+00   2.5397098050E-04   2.0577483460E+00   2.3712638982E+00   2.0694259743E-04   2.1402865832E+00   2.3361561246E+00   6.2580330419E-04   2.2401600299E+00   2.3742367504E+00   1.6855143477E-03   2.2415906123E+00   2.3820863083E+00   1.9051597432E-03   2.3544532101E+00   2.4140386886E+00   2.0919658276E-03   2.2011304187E+00   2.3734149762E+00   1.5733075932E-03   3.4208870385E-04
   1    -6   0    0   9.4000960673E-01   7.9436086870E+00   2.5388969173E-04   2.0576969752E+00   2.3712884290E+00   2.0694170164E-04   2.1402288092E+00   2.3361894332E+00   6.2579997825E-04   2.2401513169E+00   2.3742698800E+00   1.6855053897E-03   2.2416719214E+00   2.3821378141E+00   1.9051579056E-03   2.3545142078E+00   2.4140979785E+00   2.0919724527E-03   2.2012179895E+00   2.3734664857E+00   1.5733060758E-03   3.4209237346E-04
   1    -7   0    0   9.3001147008E-01   7.9437209689E+00   2.5380664254E-04   2.0576444748E+00   2.3713135229E+00   2.0694078624E-04   2.1401697376E+00   2.3362234950E+00   6.2579657955E-04   2.2401424142E+00   2.3743037589E+00   1.6854962358E-03   2.2417550429E+00   2.3821904636E+00   1.9051560275E-03   2.3545765561E+00   2.4141585813E+00   2.0919792233E-03   2.2013074731E+00   2.3735191389E+00   1.5733045248E-03   3.4209612464E-04
   1    -8   0    0   9.2001341694E-01   7.9438357488E+00   2.5372179810E-04   2.0575908214E+00   2.3713391925E+00   2.0693985085E-04   2.1401093407E+00   2.3362583264E+00   6.2579310660E-04   2.2401333180E+00   2.3743384033E+00   1.6854868819E-03   2.2418400151E+00   2.3822442806E+00   1.9051541079E-03   2.3546402832E+00   2.4142205241E+00   2.0919861423E-03   2.2013989085E+00   2.3735729597E+00   1.5733029396E-03   3.4209995911E-04
   1    -9   0    0   9.1001545092E-01   7.9439530791E+00   2.5363512303E-04   2.0575359915E+00   2.3713654508E+00   2.0693889506E-04   2.1400475901E+00   2.3362939441E+00   6.2578955791E-04   2.2401240244E+00   2.3743738299E+00   1.6854773240E-03   2.2419268768E+00   2.3822992896E+00   1.9051521461E-03   2.3547054175E+00   2.4142838348E+00   2.0919932127E-03   2.2014923350E+00   2.3736279726E+00   1.5733013195E-03   3.4210387862E-04
   1   -10   0    0   9.0001757582E-01   7.9440730135E+00   2.5354658142E-04   2.0574799611E+00   2.3713923107E+00   2.0693791846E-04   2.1399844568E+00   2.3363303651E+00   6.2578593195E-04   2.2401145296E+00   2.3744100557E+00   1.6854675580E-03   2.2420156678E+00   2.3823555154E+00   1.9051501411E-03   2.3547719883E+00   2.4143485417E+00   2.0920004377E-03   2.2015877927E+00   2.3736842024E+00   1.5732996637E-03   3.4210788493E-04
   1   -11   0    0   8.9001979556E-01   7.9441956062E+00   2.5345613682E-04   2.0574227056E+00   2.3714197859E+00   2.0693692063E-04   2.1399199113E+00   2.3363676067E+00   6.2578222717E-04   2.2401048295E+00   2.3744470979E+00   1.6854575797E-03   2.2421064284E+00   2.3824129832E+00   1.9051480921E-03   2.3548400250E+00   2.4144146737E+00   2.0920078204E-03   2.2016853224E+00   2.3737416743E+00   1.5732979716E-03   3.4211197986E-04
   1   -12   0    0   8.8002211424E-01   7.9443209129E+00   2.5336375226E-04   2.0573642004E+00   2.3714478899E+00   2.0693590114E-04   2.1398539237E+00   2.3364056867E+00   6.2577844200E-04   2.2400949203E+00   2.3744849741E+00   1.6854473848E-03   2.2421991999E+00   2.3824717186E+00   1.9051459982E-03   2.3549095580E+00   2.4144822598E+00   2.0920153639E-03   2.2017849655E+00   2.3738004139E+00   1.5732962424E-03   3.4211616524E-04
   1   -13   0    0   8.7002453611E-01   7.9444489899E+00   2.5326939024E-04   2.0573044202E+00   2.3714766367E+00   2.0693485958E-04   2.1397864634E+00   2.3364446231E+00   6.2577457485E-04   2.2400847977E+00   2.3745237024E+00   1.6854369692E-03   2.2422940240E+00   2.3825317479E+00   1.9051438584E-03   2.3549806176E+00   2.4145513300E+00   2.0920230715E-03   2.2018867640E+00   2.3738604474E+00   1.5732944754E-03   3.4212044294E-04
   1   -14   0    0   8.6002706561E-01   7.9445798945E+00   2.5317301274E-04   2.0572433393E+00   2.3715060407E+00   2.0693379550E-04   2.1397174992E+00   2.3364844343E+00   6.2577062410E-04   2.2400744577E+00   2.3745633009E+00   1.6854263284E-03   2.2423909433E+00   2.3825930975E+00   1.9051416718E-03   2.3550532352E+00   2.4146219145E+00   2.0920309464E-03   2.2019907606E+00   2.3739218015E+00   1.5732926697E-03   3.4212481486E-04
   1   -15   0    0   8.5002970736E-01   7.9447136852E+00   2.5307458120E-04   2.0571809317E+00   2.3715361164E+00   2.0693270846E-04   2.1396469994E+00   2.3365251390E+00   6.2576658809E-04   2.2400638961E+00   2.3746037883E+00   1.6854154580E-03   2.2424900011E+00   2.3826557946E+00   1.9051394375E-03   2.3551274424E+00   2.4146940440E+00   2.0920389919E-03   2.2020969989E+00   2.3739845030E+00   1.5732908245E-03   3.4212928294E-04
   1   -16   0    0   8.4003246614E-01   7.9448504214E+00   2.5297405656E-04   2.0571171708E+00   2.3715668786E+00   2.0693159800E-04   2.1395749317E+00   2.3365667562E+00   6.2576246517E-04   2.2400531086E+00   2.3746451836E+00   1.6854043534E-03   2.2425912415E+00   2.3827198666E+00   1.9051371545E-03   2.3552032713E+00   2.4147677498E+00   2.0920472115E-03   2.2022055227E+00   2.3740485795E+00   1.5732889392E-03   3.4213384915E-04
   1   -17   0    0   8.3003534696E-01   7.9449901635E+00   2.5287139921E-04   2.0570520299E+00   2.3715983425E+00   2.0693046368E-04   2.1395012633E+00   2.3366093055E+00   6.2575825363E-04   2.2400420909E+00   2.3746875061E+00   1.6853930102E-03   2.2426947093E+00   2.3827853414E+00   1.9051348219E-03   2.3552807546E+00   2.4148430637E+00   2.0920556085E-03   2.2023163770E+00   2.3741140590E+00   1.5732870129E-03   3.4213851548E-04
   1   -18   0    0   8.2003835499E-01   7.9451329729E+00   2.5276656907E-04   2.0569854815E+00   2.3716305235E+00   2.0692930503E-04   2.1394259607E+00   2.3366528065E+00   6.2575395175E-04   2.2400308386E+00   2.3747307755E+00   1.6853814237E-03   2.2428004501E+00   2.3828522473E+00   1.9051324387E-03   2.3553599255E+00   2.4149200180E+00   2.0920641865E-03   2.2024296069E+00   2.3741809697E+00   1.5732850448E-03   3.4214328397E-04
   1   -19   0    0   8.1004149563E-01   7.9452789120E+00   2.5265952553E-04   2.0569174980E+00   2.3716634374E+00   2.0692812158E-04   2.1393489900E+00   2.3366972795E+00   6.2574955780E-04   2.2400193474E+00   2.3747750119E+00   1.6853695892E-03   2.2429085102E+00   2.3829206134E+00   1.9051300037E-03   2.3554408179E+00   2.4149986455E+00   2.0920729489E-03   2.2025452587E+00   2.3742493406E+00   1.5732830340E-03   3.4214815668E-04
   1   -20   0    0   8.0004477449E-01   7.9454280443E+00   2.5255022749E-04   2.0568480513E+00   2.3716971004E+00   2.0692691286E-04   2.1392703164E+00   2.3367427449E+00   6.2574507001E-04   2.2400076128E+00   2.3748202358E+00   1.6853575020E-03   2.2430189366E+00   2.3829904687E+00   1.9051275162E-03   2.3555234658E+00   2.4150789795E+00   2.0920818994E-03   2.2026633790E+00   2.3743192010E+00   1.5732809797E-03   3.4215313571E-04
   1   -21   0    0   7.9004819740E-01   7.9455804344E+00   2.5243863334E-04   2.0567771126E+00   2.3717315287E+00   2.0692567837E-04   2.1391899047E+00   2.3367892237E+00   6.2574048658E-04   2.2399956302E+00   2.3748664677E+00   1.6853451572E-03   2.2431317773E+00   2.3830618432E+00   1.9051249749E-03   2.3556079043E+00   2.4151610538E+00   2.0920910416E-03   2.2027840152E+00   2.3743905805E+00   1.5732788811E-03   3.4215822319E-04
   1   -22   0    0   7.8005177041E-01   7.9457361476E+00   2.5232470100E-04   2.0567046532E+00   2.3717667390E+00   2.0692441764E-04   2.1391077192E+00   2.3368367370E+00   6.2573580570E-04   2.2399833950E+00   2.3749137290E+00   1.6853325499E-03   2.2432470808E+00   2.3831347670E+00   1.9051223788E-03   2.3556941684E+00   2.4152449027E+00   2.0921003791E-03   2.2029072154E+00   2.3744635095E+00   1.5732767372E-03   3.4216342130E-04
   1   -23   0    0   7.7005549980E-01   7.9458952507E+00   2.5220838792E-04   2.0566306435E+00   2.3718027485E+00   2.0692313017E-04   2.1390237233E+00   2.3368853065E+00   6.2573102553E-04   2.2399709026E+00   2.3749620412E+00   1.6853196751E-03   2.2433648966E+00   2.3832092709E+00   1.9051197270E-03   2.3557822941E+00   2.4153305611E+00   2.0921099157E-03   2.2030330282E+00   2.3745380187E+00   1.5732745473E-03   3.4216873222E-04
   1   -24   0    0   7.6005939211E-01   7.9460578112E+00   2.5208965108E-04   2.0565550537E+00   2.3718395744E+00   2.0692181546E-04   2.1389378802E+00   2.3369349542E+00   6.2572614421E-04   2.2399581484E+00   2.3750114261E+00   1.6853065280E-03   2.2434852747E+00   2.3832853858E+00   1.9051170182E-03   2.3558723178E+00   2.4154180642E+00   2.0921196552E-03   2.2031615032E+00   2.3746141391E+00   1.5732723104E-03   3.4217415819E-04
   1   -25   0    0   7.5006345411E-01   7.9462238977E+00   2.5196844701E-04   2.0564778537E+00   2.3718772344E+00   2.0692047299E-04   2.1388501521E+00   2.3369857025E+00   6.2572115986E-04   2.2399451276E+00   2.3750619060E+00   1.6852931033E-03   2.2436082661E+00   2.3833631436E+00   1.9051142515E-03   2.3559642763E+00   2.4155074480E+00   2.0921296013E-03   2.2032926902E+00   2.3746919023E+00   1.5732700255E-03   3.4217970147E-04
   1   -26   0    0   7.4006769286E-01   7.9463935799E+00   2.5184473177E-04   2.0563990127E+00   2.3719157466E+00   2.0691910226E-04   2.1387605008E+00   2.3370375742E+00   6.2571607056E-04   2.2399318353E+00   2.3751135036E+00   1.6852793960E-03   2.2437339225E+00   2.3834425761E+00   1.9051114256E-03   2.3560582070E+00   2.4155987488E+00   2.0921397581E-03   2.2034266399E+00   2.3747713405E+00   1.5732676919E-03   3.4218536437E-04
   1   -27   0    0   7.3007211565E-01   7.9465669285E+00   2.5171846104E-04   2.0563184998E+00   2.3719551293E+00   2.0691770274E-04   2.1386688875E+00   2.3370905923E+00   6.2571087439E-04   2.2399182669E+00   2.3751662420E+00   1.6852654009E-03   2.2438622963E+00   2.3835237159E+00   1.9051085395E-03   2.3561541479E+00   2.4156920034E+00   2.0921501293E-03   2.2035634037E+00   2.3748524862E+00   1.5732653085E-03   3.4219114921E-04
   1   -28   0    0   7.2007673006E-01   7.9467440153E+00   2.5158959003E-04   2.0562362834E+00   2.3719954011E+00   2.0691627391E-04   2.1385752727E+00   2.3371447804E+00   6.2570556940E-04   2.2399044173E+00   2.3752201444E+00   1.6852511126E-03   2.2439934408E+00   2.3836065961E+00   1.9051055920E-03   2.3562521373E+00   2.4157872492E+00   2.0921607190E-03   2.2037030335E+00   2.3749353722E+00   1.5732628745E-03   3.4219705836E-04
   1   -29   0    0   7.1008154396E-01   7.9469249129E+00   2.5145807361E-04   2.0561523317E+00   2.3720365812E+00   2.0691481525E-04   2.1384796163E+00   2.3372001624E+00   6.2570015361E-04   2.2398902817E+00   2.3752752348E+00   1.6852365259E-03   2.2441274099E+00   2.3836912499E+00   1.9051025820E-03   2.3563522141E+00   2.4158845240E+00   2.0921715312E-03   2.2038455818E+00   2.3750200321E+00   1.5732603888E-03   3.4220309421E-04
   1   -30   0    0   7.0008656551E-01   7.9471096953E+00   2.5132386621E-04   2.0560666124E+00   2.3720786889E+00   2.0691332620E-04   2.1383818776E+00   2.3372567626E+00   6.2569462503E-04   2.2398758550E+00   2.3753315373E+00   1.6852216354E-03   2.2442642584E+00   2.3837777113E+00   1.9050995083E-03   2.3564544179E+00   2.4159838662E+00   2.0921825699E-03   2.2039911017E+00   2.3751064996E+00   1.5732578505E-03   3.4220925921E-04
   1   -31   0    0   6.9009180314E-01   7.9472984371E+00   2.5118692194E-04   2.0559790929E+00   2.3721217438E+00   2.0691180623E-04   2.1382820155E+00   2.3373146057E+00   6.2568898164E-04   2.2398611323E+00   2.3753890765E+00   1.6852064358E-03   2.2444040417E+00   2.3838660145E+00   1.9050963697E-03   2.3565587885E+00   2.4160853145E+00   2.0921938393E-03   2.2041396472E+00   2.3751948092E+00   1.5732552586E-03   3.4221555579E-04
   1   -32   0    0   6.8009726564E-01   7.9474912142E+00   2.5104719454E-04   2.0558897401E+00   2.3721657661E+00   2.0691025479E-04   2.1381799879E+00   2.3373737167E+00   6.2568322141E-04   2.2398461085E+00   2.3754478773E+00   1.6851909214E-03   2.2445468161E+00   2.3839561944E+00   1.9050931651E-03   2.3566653663E+00   2.4161889082E+00   2.0922053435E-03   2.2042912725E+00   2.3752849955E+00   1.5732526121E-03   3.4222198647E-04
   1   -33   0    0   6.7010296208E-01   7.9476881034E+00   2.5090463743E-04   2.0557985206E+00   2.3722107762E+00   2.0690867133E-04   2.1380757525E+00   2.3374341211E+00   6.2567734230E-04   2.2398307785E+00   2.3755079651E+00   1.6851750868E-03   2.2446926385E+00   2.3840482860E+00   1.9050898931E-03   2.3567741923E+00   2.4162946871E+00   2.0922170867E-03   2.2044460325E+00   2.3753770936E+00   1.5732499101E-03   3.4222855377E-04
   1   -34   0    0   6.6010890186E-01   7.9478891825E+00   2.5075920374E-04   2.0557054006E+00   2.3722567949E+00   2.0690705529E-04   2.1379692660E+00   2.3374958447E+00   6.2567134221E-04   2.2398151372E+00   2.3755693656E+00   1.6851589264E-03   2.2448415667E+00   2.3841423249E+00   1.9050865527E-03   2.3568853078E+00   2.4164026914E+00   2.0922290732E-03   2.2046039828E+00   2.3754711393E+00   1.5732471515E-03   3.4223526023E-04
   1   -35   0    0   6.5011509472E-01   7.9480945302E+00   2.5061084629E-04   2.0556103459E+00   2.3723038432E+00   2.0690540611E-04   2.1378604850E+00   2.3375589137E+00   6.2566521907E-04   2.2397991794E+00   2.3756321049E+00   1.6851424346E-03   2.2449936589E+00   2.3842383473E+00   1.9050831425E-03   2.3569987545E+00   2.4165129617E+00   2.0922413071E-03   2.2047651795E+00   2.3755671685E+00   1.5732443353E-03   3.4224210846E-04
   1   -36   0    0   6.4012155074E-01   7.9483042263E+00   2.5045951767E-04   2.0555133220E+00   2.3723519427E+00   2.0690372322E-04   2.1377493651E+00   2.3376233548E+00   6.2565897077E-04   2.2397829000E+00   2.3756962094E+00   1.6851256057E-03   2.2451489745E+00   2.3843363894E+00   1.9050796613E-03   2.3571145749E+00   2.4166255391E+00   2.0922537929E-03   2.2049296790E+00   2.3756652176E+00   1.5732414605E-03   3.4224910106E-04
   1   -37   0    0   6.3012828037E-01   7.9485183514E+00   2.5030517025E-04   2.0554142940E+00   2.3724011151E+00   2.0690200604E-04   2.1376358614E+00   2.3376891948E+00   6.2565259519E-04   2.2397662935E+00   2.3757617061E+00   1.6851084339E-03   2.2453075731E+00   2.3844364881E+00   1.9050761078E-03   2.3572328115E+00   2.4167404652E+00   2.0922665348E-03   2.2050975386E+00   2.3757653235E+00   1.5732385260E-03   3.4225624067E-04
   1   -38   0    0   6.2013529440E-01   7.9487369871E+00   2.5014775618E-04   2.0553132267E+00   2.3724513827E+00   2.0690025401E-04   2.1375199287E+00   2.3377564612E+00   6.2564609019E-04   2.2397493549E+00   2.3758286222E+00   1.6850909136E-03   2.2454695154E+00   2.3845386806E+00   1.9050724808E-03   2.3573535076E+00   2.4168577817E+00   2.0922795373E-03   2.2052688157E+00   2.3758675233E+00   1.5732355308E-03   3.4226352999E-04
   1   -39   0    0   6.1014260398E-01   7.9489602158E+00   2.4998722743E-04   2.0552100844E+00   2.3725027680E+00   2.0689846654E-04   2.1374015210E+00   2.3378251817E+00   6.2563945362E-04   2.2397320789E+00   2.3758969852E+00   1.6850730389E-03   2.2456348623E+00   2.3846430046E+00   1.9050687790E-03   2.3574767066E+00   2.4169775312E+00   2.0922928048E-03   2.2054435685E+00   2.3759718547E+00   1.5732324737E-03   3.4227097169E-04
   1   -40   0    0   6.0015022067E-01   7.9491881210E+00   2.4982353587E-04   2.0551048314E+00   2.3725552938E+00   2.0689664306E-04   2.1372805917E+00   2.3378953843E+00   6.2563268332E-04   2.2397144600E+00   2.3759668232E+00   1.6850548041E-03   2.2458036758E+00   2.3847494978E+00   1.9050650011E-03   2.3576024526E+00   2.4170997563E+00   2.0923063416E-03   2.2056218555E+00   2.3760783556E+00   1.5732293539E-03   3.4227856853E-04
   1   -41   0    0   5.9015815639E-01   7.9494207869E+00   2.4965663322E-04   2.0549974314E+00   2.3726089835E+00   2.0689478296E-04   2.1371570938E+00   2.3379670975E+00   6.2562577711E-04   2.2396964931E+00   2.3760381644E+00   1.6850362031E-03   2.2459760182E+00   2.3848581987E+00   1.9050611457E-03   2.3577307898E+00   2.4172245000E+00   2.0923201524E-03   2.2058037356E+00   2.3761870643E+00   1.5732261701E-03   3.4228632324E-04
   1   -42   0    0   5.8016642347E-01   7.9496582985E+00   2.4948647116E-04   2.0548878480E+00   2.3726638605E+00   2.0689288568E-04   2.1370309799E+00   2.3380403502E+00   6.2561873281E-04   2.2396781727E+00   2.3761110377E+00   1.6850172303E-03   2.2461519527E+00   2.3849691459E+00   1.9050572116E-03   2.3578617629E+00   2.4173518058E+00   2.0923342416E-03   2.2059892682E+00   2.3762980194E+00   1.5732229213E-03   3.4229423861E-04
   1   -43   0    0   5.7017503463E-01   7.9499007417E+00   2.4931300132E-04   2.0547760444E+00   2.3727199489E+00   2.0689095060E-04   2.1369022018E+00   2.3381151714E+00   6.2561154821E-04   2.2396594934E+00   2.3761854719E+00   1.6849978796E-03   2.2463315428E+00   2.3850823784E+00   1.9050531975E-03   2.3579954170E+00   2.4174817175E+00   2.0923486136E-03   2.2061785129E+00   2.3764112599E+00   1.5732196063E-03   3.4230231745E-04
   1   -44   0    0   5.6018400301E-01   7.9501482030E+00   2.4913617533E-04   2.0546619835E+00   2.3727772729E+00   2.0688897716E-04   2.1367707110E+00   2.3381915908E+00   6.2560422112E-04   2.2396404500E+00   2.3762614966E+00   1.6849781451E-03   2.2465148528E+00   2.3851979353E+00   1.9050491020E-03   2.3581317974E+00   2.4176142792E+00   2.0923632731E-03   2.2063715298E+00   2.3765268252E+00   1.5732162242E-03   3.4231056258E-04
   1   -45   0    0   5.5019334216E-01   7.9504007700E+00   2.4895594487E-04   2.0545456280E+00   2.3728358572E+00   2.0688696473E-04   2.1366364586E+00   2.3382696380E+00   6.2559674933E-04   2.2396210370E+00   2.3763391414E+00   1.6849580208E-03   2.2467019473E+00   2.3853158564E+00   1.9050449237E-03   2.3582709498E+00   2.4177495352E+00   2.0923782246E-03   2.2065683793E+00   2.3766447547E+00   1.5732127737E-03   3.4231897685E-04
   1   -46   0    0   5.4020306606E-01   7.9506585305E+00   2.4877226171E-04   2.0544269405E+00   2.3728957267E+00   2.0688491274E-04   2.1364993950E+00   2.3383493434E+00   6.2558913063E-04   2.2396012490E+00   2.3764184363E+00   1.6849375009E-03   2.2468928917E+00   2.3854361814E+00   1.9050406613E-03   2.3584129201E+00   2.4178875301E+00   2.0923934728E-03   2.2067691220E+00   2.3767650883E+00   1.5732092538E-03   3.4232756314E-04
   1   -47   0    0   5.3021318913E-01   7.9509215734E+00   2.4858507773E-04   2.0543058832E+00   2.3729569066E+00   2.0688282058E-04   2.1363594704E+00   2.3384307374E+00   6.2558136279E-04   2.2395810807E+00   2.3764994119E+00   1.6849165793E-03   2.2470877515E+00   2.3855589504E+00   1.9050363136E-03   2.3585577545E+00   2.4180283089E+00   2.0924090221E-03   2.2069738188E+00   2.3768878661E+00   1.5732056633E-03   3.4233632432E-04
   1   -48   0    0   5.2022372623E-01   7.9511899879E+00   2.4839434500E-04   2.0541824181E+00   2.3730194227E+00   2.0688068765E-04   2.1362166345E+00   2.3385138508E+00   6.2557344360E-04   2.2395605266E+00   2.3765820987E+00   1.6848952501E-03   2.2472865930E+00   2.3856842037E+00   1.9050318790E-03   2.3587054993E+00   2.4181719167E+00   2.0924248772E-03   2.2071825307E+00   2.3770131284E+00   1.5732020012E-03   3.4234526331E-04
   1   -49   0    0   5.1023469264E-01   7.9514638641E+00   2.4820001581E-04   2.0540565072E+00   2.3730833009E+00   2.0687851337E-04   2.1360708367E+00   2.3385987147E+00   6.2556537084E-04   2.2395395813E+00   2.3766665277E+00   1.6848735072E-03   2.2474894827E+00   2.3858119819E+00   1.9050273562E-03   2.3588562013E+00   2.4183183988E+00   2.0924410427E-03   2.2073953190E+00   2.3771409157E+00   1.5731982663E-03   3.4235438302E-04
   1   -50   0    0   5.0024610411E-01   7.9517432922E+00   2.4800204271E-04   2.0539281121E+00   2.3731485674E+00   2.0687629712E-04   2.1359220260E+00   2.3386853604E+00   6.2555714230E-04   2.2395182396E+00   2.3767527301E+00   1.6848513448E-03   2.2476964877E+00   2.3859423256E+00   1.9050227440E-03   2.3590099071E+00   2.4184678006E+00   2.0924575233E-03   2.2076122451E+00   2.3772712688E+00   1.5731944574E-03   3.4236368640E-04
   1   -51   0    0   4.9025797686E-01   7.9520283632E+00   2.4780037858E-04   2.0537971944E+00   2.3732152488E+00   2.0687403832E-04   2.1357701510E+00   2.3387738198E+00   6.2554875575E-04   2.2394964959E+00   2.3768407376E+00   1.6848287568E-03   2.2479076750E+00   2.3860752758E+00   1.9050180408E-03   2.3591666638E+00   2.4186201677E+00   2.0924743234E-03   2.2078333704E+00   2.3774042285E+00   1.5731905735E-03   3.4237317639E-04
   1   -52   0    0   4.8027032755E-01   7.9523191685E+00   2.4759497668E-04   2.0536637156E+00   2.3732833719E+00   2.0687173637E-04   2.1356151602E+00   2.3388641246E+00   6.2554020899E-04   2.2394743449E+00   2.3769305820E+00   1.6848057373E-03   2.2481231124E+00   2.3862108735E+00   1.9050132454E-03   2.3593265182E+00   2.4187755459E+00   2.0924914478E-03   2.2080587564E+00   2.3775398359E+00   1.5731866133E-03   3.4238285595E-04
   1   -53   0    0   4.7028317331E-01   7.9526157998E+00   2.4738579070E-04   2.0535276371E+00   2.3733529640E+00   2.0686939068E-04   2.1354570016E+00   2.3389563070E+00   6.2553149983E-04   2.2394517814E+00   2.3770222952E+00   1.6847822804E-03   2.2483428677E+00   2.3863491596E+00   1.9050083563E-03   2.3594895176E+00   2.4189339810E+00   2.0925089010E-03   2.2082884646E+00   2.3776781319E+00   1.5731825759E-03   3.4239272805E-04
   1   -54   0    0   4.6029653174E-01   7.9529183489E+00   2.4717277480E-04   2.0533889201E+00   2.3734240524E+00   2.0686700066E-04   2.1352956233E+00   2.3390503994E+00   6.2552262608E-04   2.2394287999E+00   2.3771159095E+00   1.6847583801E-03   2.2485670088E+00   2.3864901755E+00   1.9050033722E-03   2.3596557091E+00   2.4190955187E+00   2.0925266876E-03   2.2085225563E+00   2.3778191580E+00   1.5731784599E-03   3.4240279567E-04
   1   -55   0    0   4.5031042091E-01   7.9532269082E+00   2.4695588372E-04   2.0532475259E+00   2.3734966649E+00   2.0686456572E-04   2.1351309730E+00   2.3391464345E+00   6.2551358555E-04   2.2394053951E+00   2.3772114574E+00   1.6847340307E-03   2.2487956039E+00   2.3866339624E+00   1.9049982918E-03   2.3598251398E+00   2.4192602048E+00   2.0925448121E-03   2.2087610928E+00   2.3779629551E+00   1.5731742644E-03   3.4241306178E-04
   1   -56   0    0   4.4032485937E-01   7.9535415701E+00   2.4673507276E-04   2.0531034157E+00   2.3735708294E+00   2.0686208528E-04   2.1349629984E+00   2.3392444450E+00   6.2550437610E-04   2.2393815619E+00   2.3773089717E+00   1.6847092263E-03   2.2490287214E+00   2.3867805614E+00   1.9049931135E-03   2.3599978568E+00   2.4194280852E+00   2.0925632792E-03   2.2090041352E+00   2.3781095647E+00   1.5731699881E-03   3.4242352936E-04
   1   -57   0    0   4.3033986614E-01   7.9538624271E+00   2.4651029794E-04   2.0529565508E+00   2.3736465741E+00   2.0685955876E-04   2.1347916468E+00   2.3393444638E+00   6.2549499556E-04   2.2393572948E+00   2.3774084850E+00   1.6846839612E-03   2.2492664295E+00   2.3869300138E+00   1.9049878362E-03   2.3601739071E+00   2.4195992056E+00   2.0925820932E-03   2.2092517444E+00   2.3782590278E+00   1.5731656300E-03   3.4243420141E-04
   1   -58   0    0   4.2035546070E-01   7.9541895716E+00   2.4628151598E-04   2.0528068925E+00   2.3737239275E+00   2.0685698559E-04   2.1346168660E+00   2.3394465241E+00   6.2548544183E-04   2.2393325888E+00   2.3775100305E+00   1.6846582295E-03   2.2495087966E+00   2.3870823608E+00   1.9049824584E-03   2.3603533376E+00   2.4197736114E+00   2.0926012588E-03   2.2095039809E+00   2.3784113857E+00   1.5731611890E-03   3.4244508088E-04
   1   -59   0    0   4.1037166302E-01   7.9545230962E+00   2.4604868442E-04   2.0526544022E+00   2.3738029182E+00   2.0685436521E-04   2.1344386033E+00   2.3395506592E+00   6.2547571279E-04   2.2393074385E+00   2.3776136413E+00   1.6846320257E-03   2.2497558909E+00   2.3872376434E+00   1.9049769787E-03   2.3605361951E+00   2.4199513482E+00   2.0926207804E-03   2.2097609050E+00   2.3785666794E+00   1.5731566638E-03   3.4245617076E-04
   1   -60   0    0   4.0038849354E-01   7.9548630932E+00   2.4581176166E-04   2.0524990412E+00   2.3738835751E+00   2.0685169705E-04   2.1342568064E+00   2.3396569023E+00   6.2546580637E-04   2.2392818390E+00   2.3777193506E+00   1.6846053441E-03   2.2500077806E+00   2.3873959025E+00   1.9049713959E-03   2.3607225260E+00   2.4201324611E+00   2.0926406622E-03   2.2100225765E+00   2.3787249499E+00   1.5731520534E-03   3.4246747401E-04
   1   -61   0    0   3.9040597315E-01   7.9552096548E+00   2.4557070703E-04   2.0523407711E+00   2.3739659272E+00   2.0684898057E-04   2.1340714228E+00   2.3397652869E+00   6.2545572052E-04   2.2392557850E+00   2.3778271917E+00   1.6845781793E-03   2.2502645335E+00   2.3875571788E+00   1.9049657085E-03   2.3609123765E+00   2.4203169950E+00   2.0926609088E-03   2.2102890546E+00   2.3788862378E+00   1.5731473567E-03   3.4247899358E-04
   1   -62   0    0   3.8042412321E-01   7.9555628728E+00   2.4532548088E-04   2.0521795538E+00   2.3740500037E+00   2.0684621521E-04   2.1338824006E+00   2.3398758465E+00   6.2544545322E-04   2.2392292715E+00   2.3779371979E+00   1.6845505257E-03   2.2505262173E+00   2.3877215130E+00   1.9049599154E-03   2.3611057927E+00   2.4205049946E+00   2.0926815244E-03   2.2105603981E+00   2.3790505838E+00   1.5731425727E-03   3.4249073241E-04
   1   -63   0    0   3.7044296554E-01   7.9559228386E+00   2.4507604464E-04   2.0520153511E+00   2.3741358339E+00   2.0684340045E-04   2.1336896878E+00   2.3399886147E+00   6.2543500248E-04   2.2392022934E+00   2.3780494028E+00   1.6845223781E-03   2.2507928993E+00   2.3878889452E+00   1.9049540151E-03   2.3613028200E+00   2.4206965042E+00   2.0927025133E-03   2.2108366652E+00   2.3792180281E+00   1.5731377001E-03   3.4250269343E-04
   1   -64   0    0   3.6046252241E-01   7.9562896431E+00   2.4482236089E-04   2.0518481253E+00   2.3742234473E+00   2.0684053576E-04   2.1334932328E+00   2.3401036248E+00   6.2542436637E-04   2.2391748458E+00   2.3781638397E+00   1.6844937312E-03   2.2510646465E+00   2.3880595154E+00   1.9049480063E-03   2.3615035036E+00   2.4208915677E+00   2.0927238796E-03   2.2111179131E+00   2.3793886106E+00   1.5731327380E-03   3.4251487953E-04
   1   -65   0    0   3.5048281653E-01   7.9566633766E+00   2.4456439343E-04   2.0516778387E+00   2.3743128735E+00   2.0683762062E-04   2.1332929843E+00   2.3402209104E+00   6.2541354296E-04   2.2391469238E+00   2.3782805419E+00   1.6844645799E-03   2.2513415253E+00   2.3882332633E+00   1.9049418879E-03   2.3617078882E+00   2.4210902284E+00   2.0927456274E-03   2.2114041986E+00   2.3795623710E+00   1.5731276853E-03   3.4252729359E-04
   1   -66   0    0   3.4050387101E-01   7.9570441289E+00   2.4430210739E-04   2.0515044542E+00   2.3744041422E+00   2.0683465454E-04   2.1330888916E+00   2.3403405049E+00   6.2540253038E-04   2.2391185224E+00   2.3783995428E+00   1.6844349190E-03   2.2516236015E+00   2.3884102280E+00   1.9049356585E-03   2.3619160179E+00   2.4212925293E+00   2.0927677608E-03   2.2116955774E+00   2.3797393484E+00   1.5731225410E-03   3.4253993846E-04
   1   -67   0    0   3.3052570943E-01   7.9574319887E+00   2.4403546926E-04   2.0513279347E+00   2.3744972829E+00   2.0683163702E-04   2.1328809045E+00   2.3404624416E+00   6.2539132683E-04   2.2390896368E+00   2.3785208756E+00   1.6844047438E-03   2.2519109403E+00   2.3885904484E+00   1.9049293168E-03   2.3621279362E+00   2.4214985126E+00   2.0927902837E-03   2.2119921043E+00   2.3799195817E+00   1.5731173039E-03   3.4255281696E-04
   1   -68   0    0   3.2054835572E-01   7.9578270440E+00   2.4376444700E-04   2.0511482437E+00   2.3745923254E+00   2.0682856758E-04   2.1326689732E+00   2.3405867538E+00   6.2537993052E-04   2.2390602622E+00   2.3786445734E+00   1.6843740494E-03   2.2522036063E+00   2.3887739625E+00   1.9049228617E-03   2.3623436860E+00   2.4217082201E+00   2.0928132001E-03   2.2122938331E+00   2.3801031091E+00   1.5731119732E-03   3.4256593188E-04
   1   -69   0    0   3.1057183423E-01   7.9582293816E+00   2.4348901010E-04   2.0509653451E+00   2.3746892995E+00   2.0682544576E-04   2.1324530488E+00   2.3407134743E+00   6.2536833974E-04   2.2390303938E+00   2.3787706692E+00   1.6843428313E-03   2.2525016630E+00   2.3889608082E+00   1.9049162920E-03   2.3625633096E+00   2.4219216927E+00   2.0928365135E-03   2.2126008164E+00   2.3802899682E+00   1.5731065479E-03   3.4257928596E-04
   1   -70   0    0   3.0059616967E-01   7.9586390873E+00   2.4320912968E-04   2.0507792033E+00   2.3747882349E+00   2.0682227112E-04   2.1322330830E+00   2.3408426361E+00   6.2535655282E-04   2.2390000271E+00   2.3788991955E+00   1.6843110848E-03   2.2528051732E+00   2.3891510225E+00   1.9049096064E-03   2.3627868483E+00   2.4221389708E+00   2.0928602278E-03   2.2129131058E+00   2.3804801963E+00   1.5731010268E-03   3.4259288190E-04
   1   -71   0    0   2.9062138709E-01   7.9590562456E+00   2.4292477853E-04   2.0505897829E+00   2.3748891611E+00   2.0681904321E-04   2.1320090284E+00   2.3409742718E+00   6.2534456815E-04   2.2389691572E+00   2.3790301851E+00   1.6842788058E-03   2.2531141986E+00   2.3893446419E+00   1.9049028039E-03   2.3630143426E+00   2.4223600936E+00   2.0928843464E-03   2.2132307513E+00   2.3806738296E+00   1.5730954092E-03   3.4260672237E-04
   1   -72   0    0   2.8064751189E-01   7.9594809395E+00   2.4263593125E-04   2.0503970495E+00   2.3749921077E+00   2.0681576163E-04   2.1317808386E+00   2.3411084135E+00   6.2533238419E-04   2.2389377797E+00   2.3791636699E+00   1.6842459900E-03   2.2534288000E+00   2.3895417021E+00   1.9048958834E-03   2.3632458322E+00   2.4225850997E+00   2.0929088729E-03   2.2135538017E+00   2.3808709039E+00   1.5730896941E-03   3.4262080997E-04
   1   -73   0    0   2.7067456975E-01   7.9599132505E+00   2.4234256428E-04   2.0502009687E+00   2.3750971042E+00   2.0681242598E-04   2.1315484681E+00   2.3412450934E+00   6.2531999947E-04   2.2389058899E+00   2.3792996820E+00   1.6842126335E-03   2.2537490366E+00   2.3897422379E+00   1.9048888436E-03   2.3634813559E+00   2.4228140268E+00   2.0929338104E-03   2.2138823044E+00   2.3810714542E+00   1.5730838806E-03   3.4263514725E-04
   1   -74   0    0   2.6070258666E-01   7.9603532586E+00   2.4204465598E-04   2.0500015073E+00   2.3752041798E+00   2.0680903587E-04   2.1313118726E+00   2.3413843430E+00   6.2530741257E-04   2.2388734833E+00   2.3794382529E+00   1.6841787324E-03   2.2540749666E+00   2.3899462835E+00   1.9048816836E-03   2.3637209511E+00   2.4230469113E+00   2.0929591623E-03   2.2142163050E+00   2.3812755145E+00   1.5730779678E-03   3.4264973672E-04
   1   -75   0    0   2.5073158883E-01   7.9608010420E+00   2.4174218674E-04   2.0497986322E+00   2.3753133636E+00   2.0680559095E-04   2.1310710091E+00   2.3415261934E+00   6.2529462216E-04   2.2388405555E+00   2.3795794137E+00   1.6841442832E-03   2.2544066467E+00   2.3901538720E+00   1.9048744024E-03   2.3639646545E+00   2.4232837888E+00   2.0929849314E-03   2.2145558476E+00   2.3814831181E+00   1.5730719548E-03   3.4266458080E-04
   1   -76   0    0   2.4076160270E-01   7.9612566767E+00   2.4143513905E-04   2.0495923115E+00   2.3754246844E+00   2.0680209087E-04   2.1308258358E+00   2.3416706755E+00   6.2528162698E-04   2.2388071020E+00   2.3797231950E+00   1.6841092825E-03   2.2547441322E+00   2.3903650357E+00   1.9048669990E-03   2.3642125014E+00   2.4235246936E+00   2.0930111208E-03   2.2149009743E+00   2.3816942970E+00   1.5730658410E-03   3.4267968185E-04
   1   -77   0    0   2.3079265492E-01   7.9617202370E+00   2.4112349753E-04   2.0493825136E+00   2.3755381708E+00   2.0679853533E-04   2.1305763124E+00   2.3418178195E+00   6.2526842584E-04   2.2387731183E+00   2.3798696271E+00   1.6840737271E-03   2.2550874766E+00   2.3905798058E+00   1.9048594723E-03   2.3644645258E+00   2.4237696588E+00   2.0930377332E-03   2.2152517257E+00   2.3819090827E+00   1.5730596254E-03   3.4269504219E-04
   1   -78   0    0   2.2082477228E-01   7.9621917947E+00   2.4080724908E-04   2.0491692079E+00   2.3756538512E+00   2.0679492402E-04   2.1303224002E+00   2.3419676551E+00   6.2525501765E-04   2.2387386002E+00   2.3800187396E+00   1.6840376140E-03   2.2554367318E+00   2.3907982125E+00   1.9048518217E-03   2.3647207605E+00   2.4240187163E+00   2.0930647712E-03   2.2156081400E+00   2.3821275051E+00   1.5730533073E-03   3.4271066401E-04
   1   -79   0    0   2.1085798167E-01   7.9626714195E+00   2.4048638291E-04   2.0489523647E+00   2.3757717533E+00   2.0679125667E-04   2.1300640619E+00   2.3421202113E+00   6.2524140140E-04   2.2387035431E+00   2.3801705615E+00   1.6840009405E-03   2.2557919478E+00   2.3910202846E+00   1.9048440460E-03   2.3649812368E+00   2.4242718965E+00   2.0930922371E-03   2.2159702536E+00   2.3823495932E+00   1.5730468861E-03   3.4272654946E-04
   1   -80   0    0   2.0089231008E-01   7.9631591784E+00   2.4016089060E-04   2.0487319548E+00   2.3758919048E+00   2.0678753303E-04   2.1298012624E+00   2.3422755168E+00   6.2522757616E-04   2.2386679428E+00   2.3803251213E+00   1.6839637041E-03   2.2561531727E+00   2.3912460500E+00   1.9048361446E-03   2.3652459846E+00   2.4245292284E+00   2.0931201334E-03   2.2163381006E+00   2.3825753750E+00   1.5730403611E-03   3.4274270059E-04
   1   -81   0    0   1.9092778454E-01   7.9636551359E+00   2.3983076622E-04   2.0485079503E+00   2.3760143327E+00   2.0678375289E-04   2.1295339680E+00   2.3424335991E+00   6.2521354111E-04   2.2386317949E+00   2.3804824466E+00   1.6839259026E-03   2.2565204526E+00   2.3914755351E+00   1.9048281167E-03   2.3655150323E+00   2.4247907396E+00   2.0931484619E-03   2.2167117128E+00   2.3828048767E+00   1.5730337315E-03   3.4275911937E-04
   1   -82   0    0   1.8096443207E-01   7.9641593538E+00   2.3949600634E-04   2.0482803239E+00   2.3761390638E+00   2.0677991603E-04   2.1292621474E+00   2.3425944853E+00   6.2519929551E-04   2.2385950951E+00   2.3806425645E+00   1.6838875341E-03   2.2568938311E+00   2.3917087652E+00   1.9048199616E-03   2.3657884066E+00   2.4250564560E+00   2.0931772247E-03   2.2170911198E+00   2.3830381237E+00   1.5730269969E-03   3.4277580765E-04
   1   -83   0    0   1.7100227962E-01   7.9646718907E+00   2.3915661016E-04   2.0480490495E+00   2.3762661240E+00   2.0677602230E-04   2.1289857712E+00   2.3427582017E+00   6.2518483873E-04   2.2385578389E+00   2.3808055010E+00   1.6838485968E-03   2.2572733500E+00   2.3919457640E+00   1.9048116785E-03   2.3660661324E+00   2.4253264020E+00   2.0932064234E-03   2.2174763484E+00   2.3832751396E+00   1.5730201566E-03   3.4279276721E-04
   1   -84   0    0   1.6104135405E-01   7.9651928024E+00   2.3881257950E-04   2.0478141018E+00   2.3763955391E+00   2.0677207154E-04   2.1287048124E+00   2.3429247736E+00   6.2517017023E-04   2.2385200220E+00   2.3809712816E+00   1.6838090892E-03   2.2576590483E+00   2.3921865537E+00   1.9048032669E-03   2.3663482331E+00   2.4256006000E+00   2.0932360595E-03   2.2178674230E+00   2.3835159467E+00   1.5730132102E-03   3.4280999971E-04
   1   -85   0    0   1.5108168208E-01   7.9657221412E+00   2.3846391892E-04   2.0475754568E+00   2.3765273339E+00   2.0676806364E-04   2.1284192460E+00   2.3430942254E+00   6.2515528959E-04   2.2384816401E+00   2.3811399307E+00   1.6837690102E-03   2.2580509627E+00   2.3924311551E+00   1.9047947262E-03   2.3666347300E+00   2.4258790710E+00   2.0932661343E-03   2.2182643652E+00   2.3837605659E+00   1.5730061571E-03   3.4282750671E-04
   1   -86   0    0   1.4112329020E-01   7.9662599563E+00   2.3811063576E-04   2.0473330913E+00   2.3766615327E+00   2.0676399852E-04   2.1281290500E+00   2.3432665808E+00   6.2514019648E-04   2.2384426886E+00   2.3813114718E+00   1.6837283591E-03   2.2584491271E+00   2.3926795874E+00   1.9047860559E-03   2.3669256427E+00   2.4261618339E+00   2.0932966489E-03   2.2186671940E+00   2.3840090162E+00   1.5729989971E-03   3.4284528965E-04
   1   -87   0    0   1.3116620468E-01   7.9668062932E+00   2.3775274017E-04   2.0470869835E+00   2.3767981591E+00   2.0675987613E-04   2.1278342047E+00   2.3434418621E+00   6.2512489072E-04   2.2384031631E+00   2.3814859273E+00   1.6836871351E-03   2.2588535728E+00   2.3929318682E+00   1.9047772556E-03   2.3672209888E+00   2.4264489058E+00   2.0933276042E-03   2.2190759253E+00   2.3842613152E+00   1.5729917296E-03   3.4286334986E-04
   1   -88   0    0   1.2121045142E-01   7.9673611938E+00   2.3739024520E-04   2.0468371124E+00   2.3769372360E+00   2.0675569643E-04   2.1275346932E+00   2.3436200908E+00   6.2510937219E-04   2.2383630590E+00   2.3816633187E+00   1.6836453381E-03   2.2592643281E+00   2.3931880131E+00   1.9047683248E-03   2.3675207836E+00   2.4267403016E+00   2.0933590008E-03   2.2194905721E+00   2.3845174788E+00   1.5729843545E-03   3.4288168854E-04
   1   -89   0    0   1.1125605598E-01   7.9679246961E+00   2.3702316680E-04   2.0465834585E+00   2.3770787853E+00   2.0675145943E-04   2.1272305013E+00   2.3438012871E+00   6.2509364092E-04   2.2383223717E+00   2.3818436662E+00   1.6836029681E-03   2.2596814185E+00   2.3934480363E+00   1.9047592632E-03   2.3678250406E+00   2.4270360344E+00   2.0933908391E-03   2.2199111441E+00   2.3847775208E+00   1.5729768713E-03   3.4290030676E-04
   1   -90   0    0   1.0130304348E-01   7.9684968342E+00   2.3665152389E-04   2.0463260033E+00   2.3772228282E+00   2.0674716517E-04   2.1269216182E+00   2.3439854704E+00   6.2507769705E-04   2.2382810966E+00   2.3820269891E+00   1.6835600255E-03   2.2601048662E+00   2.3937119499E+00   1.9047500707E-03   2.3681337710E+00   2.4273361150E+00   2.0934231193E-03   2.2203376482E+00   2.3850414536E+00   1.5729692799E-03   3.4291920549E-04
   1   -91   0    0   9.1351438546E-02   7.9690776383E+00   2.3627533842E-04   2.0460647297E+00   2.3773693851E+00   2.0674281372E-04   2.1266080357E+00   2.3441726584E+00   6.2506154085E-04   2.2382392287E+00   2.3822133052E+00   1.6835165110E-03   2.2605346904E+00   2.3939797642E+00   1.9047407468E-03   2.3684469837E+00   2.4276405522E+00   2.0934558413E-03   2.2207700876E+00   2.3853092874E+00   1.5729615802E-03   3.4293838551E-04
   1   -92   0    0   8.1401265222E-02   7.9696671339E+00   2.3589463532E-04   2.0457996218E+00   2.3775184751E+00   2.0673840518E-04   2.1262897492E+00   2.3443628677E+00   6.2504517270E-04   2.2381967632E+00   2.3824026312E+00   1.6834724257E-03   2.2609709067E+00   2.3942514876E+00   1.9047312917E-03   2.3687646855E+00   2.4279493523E+00   2.0934890049E-03   2.2212084625E+00   2.3855810305E+00   1.5729537720E-03   3.4295784752E-04
   1   -93   0    0   7.1452546942E-02   7.9702653425E+00   2.3550944261E-04   2.0455306649E+00   2.3776701167E+00   2.0673393970E-04   2.1259667573E+00   2.3445561137E+00   6.2502859311E-04   2.2381536950E+00   2.3825949824E+00   1.6834277709E-03   2.2614135277E+00   2.3945271263E+00   1.9047217051E-03   2.3690868805E+00   2.4282625196E+00   2.0935226095E-03   2.2216527693E+00   2.3858566892E+00   1.5729458553E-03   3.4297759204E-04
   1   -94   0    0   6.1505306441E-02   7.9708722809E+00   2.3511979139E-04   2.0452578458E+00   2.3778243270E+00   2.0672941744E-04   2.1256390620E+00   2.3447524104E+00   6.2501180272E-04   2.2381100191E+00   2.3827903728E+00   1.6833825483E-03   2.2618625622E+00   2.3948066847E+00   1.9047119871E-03   2.3694135707E+00   2.4285800559E+00   2.0935566543E-03   2.2221030012E+00   2.3861362679E+00   1.5729378300E-03   3.4299761944E-04
   1   -95   0    0   5.1559565696E-02   7.9714879615E+00   2.3472571586E-04   2.0449811526E+00   2.3779811223E+00   2.0672483860E-04   2.1253066690E+00   2.3449517701E+00   6.2499480228E-04   2.2380657300E+00   2.3829888149E+00   1.6833367600E-03   2.2623180155E+00   2.3950901649E+00   1.9047021378E-03   2.3697447554E+00   2.4289019605E+00   2.0935911382E-03   2.2225591476E+00   2.3864197687E+00   1.5729296963E-03   3.4301792997E-04
   1   -96   0    0   4.1615345853E-02   7.9721123916E+00   2.3432725329E-04   2.0447005746E+00   2.3781405176E+00   2.0672020344E-04   2.1249695876E+00   2.3451542038E+00   6.2497759270E-04   2.2380208223E+00   2.3831903197E+00   1.6832904083E-03   2.2627798890E+00   2.3953775669E+00   1.9046921573E-03   2.3700804315E+00   2.4292282303E+00   2.0936260599E-03   2.2230211942E+00   2.3867071916E+00   1.5729214542E-03   3.4303852370E-04
   1   -97   0    0   3.1672667164E-02   7.9727455739E+00   2.3392444412E-04   2.0444161028E+00   2.3783025266E+00   2.0671551222E-04   2.1246278310E+00   2.3453597211E+00   6.2496017500E-04   2.2379752904E+00   2.3833948967E+00   1.6832434962E-03   2.2632481807E+00   2.3956688885E+00   1.9046820458E-03   2.3704205933E+00   2.4295588599E+00   2.0936614179E-03   2.2234891230E+00   2.3869985345E+00   1.5729131041E-03   3.4305940054E-04
   1   -98   0    0   2.1731548915E-02   7.9733875060E+00   2.3351733185E-04   2.0441277293E+00   2.3784671620E+00   2.0671076526E-04   2.1242814161E+00   2.3455683297E+00   6.2494255032E-04   2.2379291283E+00   2.3836025538E+00   1.6831960266E-03   2.2637228842E+00   2.3959641252E+00   1.9046718036E-03   2.3707652326E+00   2.4298938411E+00   2.0936972103E-03   2.2239629121E+00   2.3872937928E+00   1.5729046459E-03   3.4308056026E-04
   1   -99   0    0   1.1792009355E-02   7.9740381804E+00   2.3310596310E-04   2.0438354478E+00   2.3786344350E+00   2.0670596290E-04   2.1239303639E+00   2.3457800360E+00   6.2492471997E-04   2.2378823301E+00   2.3838132975E+00   1.6831480030E-03   2.2642039897E+00   2.3962632705E+00   1.9046614312E-03   2.3711143381E+00   2.4302331631E+00   2.0937334350E-03   2.2244425359E+00   2.3875929598E+00   1.5728960802E-03   3.4310200246E-04
   1  -100   0    0   1.8540656329E-03   7.9746975844E+00   2.3269038761E-04   2.0435392535E+00   2.3788043555E+00   2.0670110553E-04   2.1235746996E+00   2.3459948445E+00   6.2490668536E-04   2.2378348894E+00   2.3840271322E+00   1.6830994292E-03   2.2646914828E+00   2.3965663150E+00   1.9046509289E-03   2.3714678964E+00   2.4305768128E+00   2.0937700897E-03   2.2249279647E+00   2.3878960265E+00   1.5728874073E-03   3.4312372655E-04
   1  -101   0    0  -8.0822662747E-03   7.9753657001E+00   2.3227065817E-04   2.0432391429E+00   2.3789769321E+00   2.0669619356E-04   2.1232144524E+00   2.3462127580E+00   6.2488844804E-04   2.2377867998E+00   2.3842440610E+00   1.6830503096E-03   2.2651853455E+00   2.3968732476E+00   1.9046402973E-03   2.3718258909E+00   2.4309247740E+00   2.0938071716E-03   2.2254191648E+00   2.3882029815E+00   1.5728786276E-03   3.4314573180E-04
   1  -102   0    0  -1.8016971630E-02   7.9760425040E+00   2.3184683061E-04   2.0429351141E+00   2.3791521719E+00   2.0669122744E-04   2.1228496558E+00   2.3464337777E+00   6.2487000970E-04   2.2377380545E+00   2.3844640850E+00   1.6830006484E-03   2.2656855552E+00   2.3971840543E+00   1.9046295370E-03   2.3721883025E+00   2.4312770281E+00   2.0938446780E-03   2.2259160987E+00   2.3885138109E+00   1.5728697416E-03   3.4316801730E-04
   1  -103   0    0  -2.7950036999E-02   7.9767279675E+00   2.3141896382E-04   2.0426271667E+00   2.3793300806E+00   2.0668620768E-04   2.1224803476E+00   2.3466579028E+00   6.2485137215E-04   2.2376886466E+00   2.3846872036E+00   1.6829504508E-03   2.2661920852E+00   2.3974987189E+00   1.9046186486E-03   2.3725551092E+00   2.4316335537E+00   2.0938826055E-03   2.2264187247E+00   2.3888284985E+00   1.5728607498E-03   3.4319058195E-04
   1  -104   0    0  -3.7881450320E-02   7.9774220560E+00   2.3098711964E-04   2.0423153017E+00   2.3795106623E+00   2.0668113478E-04   2.1221065699E+00   2.3468851309E+00   6.2483253735E-04   2.2376385687E+00   2.3849134145E+00   1.6828997219E-03   2.2667049047E+00   2.3978172228E+00   1.9046076330E-03   2.3729262861E+00   2.4319943267E+00   2.0939209509E-03   2.2269269969E+00   2.3891470257E+00   1.5728516529E-03   3.4321342450E-04
   1  -105   0    0  -4.7811200964E-02   7.9781247297E+00   2.3055136290E-04   2.0419995216E+00   2.3796939196E+00   2.0667600932E-04   2.1217283695E+00   2.3471154574E+00   6.2481350737E-04   2.2375878134E+00   2.3851427133E+00   1.6828484673E-03   2.2672239783E+00   2.3981395448E+00   1.9045964909E-03   2.3733018057E+00   2.4323593202E+00   2.0939597102E-03   2.2274408656E+00   2.3894693713E+00   1.5728424516E-03   3.4323654351E-04
   1  -106   0    0  -5.7739279798E-02   7.9788359430E+00   2.3011176129E-04   2.0416798306E+00   2.3798798535E+00   2.0667083189E-04   2.1213457975E+00   2.3473488763E+00   6.2479428443E-04   2.2375363729E+00   2.3853750938E+00   1.6827966929E-03   2.2677492664E+00   2.3984656614E+00   1.9045852232E-03   2.3736816375E+00   2.4327285046E+00   2.0939988797E-03   2.2279602766E+00   2.3897955117E+00   1.5728331466E-03   3.4325993735E-04
   1  -107   0    0  -6.7665679242E-02   7.9795556446E+00   2.2966838540E-04   2.0413562343E+00   2.3800684634E+00   2.0666560312E-04   2.1209589093E+00   2.3475853791E+00   6.2477487088E-04   2.2374842390E+00   2.3856105480E+00   1.6827444052E-03   2.2682807248E+00   2.3987955463E+00   1.9045738310E-03   2.3740657481E+00   2.4331018474E+00   2.0940384549E-03   2.2284851718E+00   2.3901254208E+00   1.5728237388E-03   3.4328360423E-04
   1  -108   0    0  -7.7590393332E-02   7.9802837774E+00   2.2922130857E-04   2.0410287399E+00   2.3802597470E+00   2.0666032367E-04   2.1205677653E+00   2.3478249558E+00   6.2475526917E-04   2.2374314036E+00   2.3858490658E+00   1.6826916107E-03   2.2688183050E+00   2.3991291710E+00   1.9045623153E-03   2.3744541013E+00   2.4334793134E+00   2.0940784315E-03   2.2290154891E+00   2.3904590700E+00   1.5728142290E-03   3.4330754217E-04
   1  -109   0    0  -8.7513417768E-02   7.9810202786E+00   2.2877060692E-04   2.0406973560E+00   2.3804537005E+00   2.0665499424E-04   2.1201724301E+00   2.3480675942E+00   6.2473548191E-04   2.2373778578E+00   2.3860906352E+00   1.6826383165E-03   2.2693619541E+00   2.3994665045E+00   1.9045506773E-03   2.3748466581E+00   2.4338608647E+00   2.0941188046E-03   2.2295511620E+00   2.3907964281E+00   1.5728046181E-03   3.4333174902E-04
   1  -110   0    0  -9.7434749970E-02   7.9817650796E+00   2.2831635923E-04   2.0403620930E+00   2.3806503181E+00   2.0664961557E-04   2.1197729730E+00   2.3483132802E+00   6.2471551182E-04   2.2373235929E+00   2.3863352423E+00   1.6825845298E-03   2.2699116145E+00   2.3998075130E+00   1.9045389181E-03   2.3752433766E+00   2.4342464605E+00   2.0941595692E-03   2.2300921200E+00   2.3911374617E+00   1.5727949072E-03   3.4335622242E-04
   1  -111   0    0  -1.0735438912E-01   7.9825181060E+00   2.2785864688E-04   2.0400229627E+00   2.3808495926E+00   2.0664418843E-04   2.1193694679E+00   2.3485619976E+00   6.2469536175E-04   2.2372685995E+00   2.3865828709E+00   1.6825302584E-03   2.2704672244E+00   2.4001521604E+00   1.9045270391E-03   2.3756442120E+00   2.4346360572E+00   2.0942007199E-03   2.2306382886E+00   2.3914821344E+00   1.5727850973E-03   3.4338095986E-04
   1  -112   0    0  -1.1727233623E-01   7.9832792776E+00   2.2739755378E-04   2.0396799785E+00   2.3810515147E+00   2.0663871361E-04   2.1189619931E+00   2.3488137281E+00   6.2467503466E-04   2.2372128683E+00   2.3868335031E+00   1.6824755102E-03   2.2710287173E+00   2.4005004082E+00   1.9045150416E-03   2.3760491167E+00   2.4350296086E+00   2.0942422514E-03   2.2311895891E+00   2.3918304078E+00   1.5727751897E-03   3.4340595864E-04
   1  -113   0    0  -1.2718859414E-01   7.9840485083E+00   2.2693316633E-04   2.0393331555E+00   2.3812560735E+00   2.0663319194E-04   2.1185506316E+00   2.3490684517E+00   6.2465453364E-04   2.2371563894E+00   2.3870871188E+00   1.6824202936E-03   2.2715960224E+00   2.4008522151E+00   1.9045029271E-03   2.3764580403E+00   2.4354270656E+00   2.0942841576E-03   2.2317459389E+00   2.3921822405E+00   1.5727651854E-03   3.4343121587E-04
   1  -114   0    0  -1.3710316759E-01   7.9848257065E+00   2.2646557328E-04   2.0389825101E+00   2.3814632564E+00   2.0662762429E-04   2.1181354707E+00   2.3493261460E+00   6.2463386189E-04   2.2370991528E+00   2.3873436959E+00   1.6823646171E-03   2.2721690644E+00   2.4012075376E+00   1.9044906972E-03   2.3768709296E+00   2.4358283764E+00   2.0943264327E-03   2.2323072513E+00   2.3925375891E+00   1.5727550857E-03   3.4345672848E-04
   1  -115   0    0  -1.4701606325E-01   7.9856107743E+00   2.2599486570E-04   2.0386280607E+00   2.3816730489E+00   2.0662201155E-04   2.1177166022E+00   2.3495867866E+00   6.2461302274E-04   2.2370411484E+00   2.3876032103E+00   1.6823084897E-03   2.2727477636E+00   2.4015663295E+00   1.9044783533E-03   2.3772877284E+00   2.4362334867E+00   2.0943690703E-03   2.2328734358E+00   2.3928964075E+00   1.5727448920E-03   3.4348249325E-04
   1  -116   0    0  -1.5692728975E-01   7.9864036087E+00   2.2552113686E-04   2.0382698270E+00   2.3818854346E+00   2.0661635465E-04   2.1172941223E+00   2.3498503472E+00   6.2459201961E-04   2.2369823656E+00   2.3878656357E+00   1.6822519207E-03   2.2733320358E+00   2.4019285424E+00   1.9044658972E-03   2.3777083782E+00   2.4366423391E+00   2.0944120639E-03   2.2334443980E+00   2.3932586471E+00   1.5727346055E-03   3.4350850673E-04
   1  -117   0    0  -1.6683685767E-01   7.9872041005E+00   2.2504448219E-04   2.0379078304E+00   2.3821003954E+00   2.0661065454E-04   2.1168681313E+00   2.3501167994E+00   6.2457085604E-04   2.2369227936E+00   2.3881309438E+00   1.6821949196E-03   2.2739217927E+00   2.4022941252E+00   1.9044533306E-03   2.3781328173E+00   2.4370548741E+00   2.0944554067E-03   2.2340200395E+00   2.3936242569E+00   1.5727242279E-03   3.4353476535E-04
   1  -118   0    0  -1.7674477962E-01   7.9880121351E+00   2.2456499912E-04   2.0375420941E+00   2.3823179112E+00   2.0660491219E-04   2.1164387340E+00   2.3503861125E+00   6.2454953569E-04   2.2368624218E+00   2.3883991045E+00   1.6821374961E-03   2.2745169417E+00   2.4026630248E+00   1.9044406554E-03   2.3785609817E+00   2.4374710290E+00   2.0944990917E-03   2.2346002584E+00   2.3939931836E+00   1.5727137605E-03   3.4356126533E-04
   1  -119   0    0  -1.8665107021E-01   7.9888275922E+00   2.2408278708E-04   2.0371726428E+00   2.3825379603E+00   2.0659912863E-04   2.1160060391E+00   2.3506582542E+00   6.2452806229E-04   2.2368012388E+00   2.3886700852E+00   1.6820796605E-03   2.2751173856E+00   2.4030351852E+00   1.9044278734E-03   2.3789928044E+00   2.4378907391E+00   2.0945431118E-03   2.2351849491E+00   2.3943653716E+00   1.5727032049E-03   3.4358800273E-04
   1  -120   0    0  -1.9655574607E-01   7.9896503462E+00   2.2359794736E-04   2.0367995029E+00   2.3827605191E+00   2.0659330489E-04   2.1155701592E+00   2.3509331897E+00   6.2450643972E-04   2.2367392337E+00   2.3889438517E+00   1.6820214231E-03   2.2757230234E+00   2.4034105486E+00   1.9044149865E-03   2.3794282162E+00   2.4383139367E+00   2.0945874594E-03   2.2357740022E+00   2.3947407627E+00   1.5726925627E-03   3.4361497344E-04
   1  -121   0    0  -2.0645882588E-01   7.9904802657E+00   2.2311058300E-04   2.0364227024E+00   2.3829855619E+00   2.0658744203E-04   2.1151312110E+00   2.3512108825E+00   6.2448467192E-04   2.2366763950E+00   2.3892203674E+00   1.6819627946E-03   2.2763337500E+00   2.4037890544E+00   1.9044019968E-03   2.3798671449E+00   2.4387405519E+00   2.0946321270E-03   2.2363673051E+00   2.3951192965E+00   1.5726818357E-03   3.4364217318E-04
   1  -122   0    0  -2.1636033032E-01   7.9913172142E+00   2.2262079875E-04   2.0360422713E+00   2.3832130615E+00   2.0658154115E-04   2.1146893147E+00   2.3514912939E+00   6.2446276293E-04   2.2366127114E+00   2.3894995941E+00   1.6819037858E-03   2.2769494560E+00   2.4041706402E+00   1.9043889063E-03   2.3803095162E+00   2.4391705122E+00   2.0946771067E-03   2.2369647416E+00   2.3955009106E+00   1.5726710254E-03   3.4366959750E-04
   1  -123   0    0  -2.2626028214E-01   7.9921610498E+00   2.2212870096E-04   2.0356582409E+00   2.3834429888E+00   2.0657560335E-04   2.1142445941E+00   2.3517743832E+00   6.2444071690E-04   2.2365481714E+00   2.3897814913E+00   1.6818444078E-03   2.2775700283E+00   2.4045552411E+00   1.9043757173E-03   2.3807552529E+00   2.4396037428E+00   2.0947223904E-03   2.2375661922E+00   2.3958855399E+00   1.5726601337E-03   3.4369724180E-04
   1  -124   0    0  -2.3615870609E-01   7.9930116254E+00   2.2163439749E-04   2.0352706446E+00   2.3836753127E+00   2.0656962979E-04   2.1137971766E+00   2.3520601080E+00   6.2441853805E-04   2.2364827636E+00   2.3900660166E+00   1.6817846722E-03   2.2781953499E+00   2.4049427900E+00   1.9043624319E-03   2.3812042758E+00   2.4400401665E+00   2.0947679699E-03   2.2381715343E+00   2.3962731176E+00   1.5726491624E-03   3.4372510131E-04
   1  -125   0    0  -2.4605562893E-01   7.9938687889E+00   2.2113799761E-04   2.0348795174E+00   2.3839100006E+00   2.0656362161E-04   2.1133471927E+00   2.3523484236E+00   6.2439623071E-04   2.2364164767E+00   2.3903531257E+00   1.6817245905E-03   2.2788253000E+00   2.4053332178E+00   1.9043490524E-03   2.3816565030E+00   2.4404797038E+00   2.0948138367E-03   2.2387806421E+00   2.3966635743E+00   1.5726381134E-03   3.4375317111E-04
   1  -126   0    0  -2.5595107942E-01   7.9947323831E+00   2.2063961193E-04   2.0344848963E+00   2.3841470178E+00   2.0655758002E-04   2.1128947761E+00   2.3526392835E+00   6.2437379928E-04   2.2363492993E+00   2.3906427723E+00   1.6816641745E-03   2.2794597541E+00   2.4057264532E+00   1.9043355811E-03   2.3821118506E+00   2.4409222729E+00   2.0948599822E-03   2.2393933868E+00   2.3970568390E+00   1.5726269887E-03   3.4378144612E-04
   1  -127   0    0  -2.6584508828E-01   7.9956022459E+00   2.2013935231E-04   2.0340868199E+00   2.3843863280E+00   2.0655150620E-04   2.1124400632E+00   2.3529326394E+00   6.2435124823E-04   2.2362812203E+00   2.3909349083E+00   1.6816034364E-03   2.2800985841E+00   2.4061224230E+00   1.9043220205E-03   2.3825702322E+00   2.4413677900E+00   2.0949063975E-03   2.2400096369E+00   2.3974528382E+00   1.5726157901E-03   3.4380992113E-04
   1  -128   0    0  -2.7573768817E-01   7.9964782106E+00   2.1963733176E-04   2.0336853288E+00   2.3846278933E+00   2.0654540140E-04   2.1119831932E+00   2.3532284409E+00   6.2432858213E-04   2.2362122287E+00   2.3912294836E+00   1.6815423884E-03   2.2807416587E+00   2.4065210518E+00   1.9043083729E-03   2.3830315593E+00   2.4418161690E+00   2.0949530737E-03   2.2406292579E+00   2.3978514967E+00   1.5726045198E-03   3.4383859076E-04
   1  -129   0    0  -2.8562891368E-01   7.9973601058E+00   2.1913366437E-04   2.0332804655E+00   2.3848716737E+00   2.0653926686E-04   2.1115243079E+00   2.3535266361E+00   6.2430580561E-04   2.2361423138E+00   2.3915264465E+00   1.6814810430E-03   2.2813888429E+00   2.4069222625E+00   1.9042946410E-03   2.3834957412E+00   2.4422673218E+00   2.0950000016E-03   2.2412521129E+00   2.3982527372E+00   1.5725931797E-03   3.4386744949E-04
   1  -130   0    0  -2.9551880126E-01   7.9982477554E+00   2.1862846523E-04   2.0328722743E+00   2.3851176278E+00   2.0653310385E-04   2.1110635513E+00   2.3538271708E+00   6.2428292339E-04   2.2360714650E+00   2.3918257432E+00   1.6814194129E-03   2.2820399987E+00   2.4073259758E+00   1.9042808272E-03   2.3839626854E+00   2.4427211582E+00   2.0950471718E-03   2.2418780622E+00   2.3986564807E+00   1.5725817722E-03   3.4389649168E-04
   1  -131   0    0  -3.0540738920E-01   7.9991409790E+00   2.1812185034E-04   2.0324608016E+00   2.3853657125E+00   2.0652691366E-04   2.1106010695E+00   2.3541299895E+00   6.2425994024E-04   2.2359996722E+00   2.3921273182E+00   1.6813575110E-03   2.2826949851E+00   2.4077321110E+00   1.9042669343E-03   2.3844322970E+00   2.4431775863E+00   2.0950945749E-03   2.2425069639E+00   2.3990626461E+00   1.5725702992E-03   3.4392571155E-04
   1  -132   0    0  -3.1529471759E-01   8.0000395922E+00   2.1761393655E-04   2.0320460959E+00   2.3856158829E+00   2.0652069758E-04   2.1101370104E+00   2.3544350348E+00   6.2423686100E-04   2.2359269258E+00   2.3924311145E+00   1.6812953502E-03   2.2833536577E+00   2.4081405851E+00   1.9042529648E-03   2.3849044795E+00   2.4436365119E+00   2.0951422011E-03   2.2431386739E+00   2.3994711507E+00   1.5725587630E-03   3.4395510316E-04
   1  -133   0    0  -3.2518082825E-01   8.0009434062E+00   2.1710484144E-04   2.0316282075E+00   2.3858680926E+00   2.0651445695E-04   2.1096715237E+00   2.3547422474E+00   6.2421369059E-04   2.2358532164E+00   2.3927370732E+00   1.6812329440E-03   2.2840158696E+00   2.4085513138E+00   1.9042389216E-03   2.3853791343E+00   2.4440978394E+00   2.0951900407E-03   2.2437730457E+00   2.3998819101E+00   1.5725471659E-03   3.4398466048E-04
   1  -134   0    0  -3.3506576471E-01   8.0018522282E+00   2.1659468329E-04   2.0312071888E+00   2.3861222935E+00   2.0650819311E-04   2.1092047603E+00   2.3550515666E+00   6.2419043398E-04   2.2357785353E+00   2.3930451337E+00   1.6811703055E-03   2.2846814711E+00   2.4089642109E+00   1.9042248074E-03   2.3858561612E+00   2.4445614712E+00   2.0952380837E-03   2.2444099312E+00   2.4002948382E+00   1.5725355102E-03   3.4401437735E-04
   1  -135   0    0  -3.4494957214E-01   8.0027658617E+00   2.1608358099E-04   2.0307830946E+00   2.3863784362E+00   2.0650190740E-04   2.1087368724E+00   2.3553629300E+00   6.2416709620E-04   2.2357028744E+00   2.3933552339E+00   1.6811074484E-03   2.2853503098E+00   2.4093791888E+00   1.9042106251E-03   2.3863354579E+00   2.4450273081E+00   2.0952863200E-03   2.2450491800E+00   2.4007098471E+00   1.5725237982E-03   3.4404424747E-04
   1  -136   0    0  -3.5483229727E-01   8.0036841066E+00   2.1557165396E-04   2.0303559816E+00   2.3866364694E+00   2.0649560119E-04   2.1082680132E+00   2.3556762736E+00   6.2414368233E-04   2.2356262261E+00   2.3936673100E+00   1.6810443864E-03   2.2860222308E+00   2.4097961581E+00   1.9041963775E-03   2.3868169209E+00   2.4454952492E+00   2.0953347394E-03   2.2456906402E+00   2.4011268477E+00   1.5725120324E-03   3.4407426444E-04
   1  -137   0    0  -3.6471398837E-01   8.0046067589E+00   2.1505902208E-04   2.0299259086E+00   2.3868963406E+00   2.0648927589E-04   2.1077983364E+00   2.3559915318E+00   6.2412019753E-04   2.2355485836E+00   2.3939812968E+00   1.6809811334E-03   2.2866970770E+00   2.4102150280E+00   1.9041820676E-03   2.3873004447E+00   2.4459651922E+00   2.0953833314E-03   2.2463341582E+00   2.4015457491E+00   1.5725002151E-03   3.4410442176E-04
   1  -138   0    0  -3.7459469515E-01   8.0055336116E+00   2.1454580563E-04   2.0294929370E+00   2.3871579958E+00   2.0648293287E-04   2.1073279965E+00   2.3563086376E+00   6.2409664698E-04   2.2354699408E+00   2.3942971276E+00   1.6809177032E-03   2.2873746890E+00   2.4106357065E+00   1.9041676983E-03   2.3877859225E+00   2.4464370329E+00   2.0954320857E-03   2.2469795790E+00   2.4019664591E+00   1.5724883487E-03   3.4413471281E-04
   1  -139   0    0  -3.8447446873E-01   8.0064644542E+00   2.1403212522E-04   2.0290571301E+00   2.3874213795E+00   2.0647657356E-04   2.1068571480E+00   2.3566275226E+00   6.2407303592E-04   2.2353902924E+00   2.3946147342E+00   1.6808541101E-03   2.2880549054E+00   2.4110580998E+00   1.9041532728E-03   2.3882732458E+00   2.4469106663E+00   2.0954809915E-03   2.2476267462E+00   2.4023888842E+00   1.5724764359E-03   3.4416513087E-04
   1  -140   0    0  -3.9435336153E-01   8.0073990732E+00   2.1351810169E-04   2.0286185536E+00   2.3876864350E+00   2.0647019937E-04   2.1063859454E+00   2.3569481169E+00   6.2404936964E-04   2.2353096341E+00   2.3949340470E+00   1.6807903683E-03   2.2887375626E+00   2.4114821131E+00   1.9041387941E-03   2.3887623050E+00   2.4473859855E+00   2.0955300381E-03   2.2482755022E+00   2.4028129295E+00   1.5724644792E-03   3.4419566912E-04
   1  -141   0    0  -4.0423142720E-01   8.0083372522E+00   2.1300385611E-04   2.0281772756E+00   2.3879531040E+00   2.0646381175E-04   2.1059145433E+00   2.3572703493E+00   6.2402565348E-04   2.2352279624E+00   2.3952549950E+00   1.6807264921E-03   2.2894224957E+00   2.4119076505E+00   1.9041242652E-03   2.3892529890E+00   2.4478628825E+00   2.0955792147E-03   2.2489256882E+00   2.4032384989E+00   1.5724524811E-03   3.4422632066E-04
   1  -142   0    0  -4.1410872060E-01   8.0092787721E+00   2.1248950965E-04   2.0277333665E+00   2.3882213272E+00   2.0645741214E-04   2.1054430955E+00   2.3575941472E+00   6.2400189281E-04   2.2351452748E+00   2.3955775061E+00   1.6806624960E-03   2.2901095376E+00   2.4123346144E+00   1.9041096894E-03   2.3897451854E+00   2.4483412482E+00   2.0956285102E-03   2.2495771447E+00   2.4036654951E+00   1.5724404442E-03   3.4425707850E-04
   1  -143   0    0  -4.2398529766E-01   8.0102234109E+00   2.1197518352E-04   2.0272868991E+00   2.3884910439E+00   2.0645100201E-04   2.1049717553E+00   2.3579194369E+00   6.2397809305E-04   2.2350615699E+00   2.3959015068E+00   1.6805983947E-03   2.2907985200E+00   2.4127629066E+00   1.9040950699E-03   2.3902387807E+00   2.4488209722E+00   2.0956779137E-03   2.2502297111E+00   2.4040938196E+00   1.5724283712E-03   3.4428793554E-04
   1  -144   0    0  -4.3386121531E-01   8.0111709445E+00   2.1146099896E-04   2.0268379486E+00   2.3887621922E+00   2.0644458280E-04   2.1045006752E+00   2.3582461435E+00   6.2395425963E-04   2.2349768474E+00   2.3962269224E+00   1.6805342027E-03   2.2914892732E+00   2.4131924276E+00   1.9040804099E-03   2.3907336603E+00   2.4493019431E+00   2.0957274139E-03   2.2508832263E+00   2.4045233731E+00   1.5724162648E-03   3.4431888464E-04
   1  -145   0    0  -4.4373653144E-01   8.0121211463E+00   2.1094707709E-04   2.0263865924E+00   2.3890347092E+00   2.0643815602E-04   2.1040300064E+00   2.3585741908E+00   6.2393039805E-04   2.2348911081E+00   2.3965536771E+00   1.6804699348E-03   2.2921816262E+00   2.4136230770E+00   1.9040657127E-03   2.3912297085E+00   2.4497840484E+00   2.0957769995E-03   2.2515375285E+00   2.4049540551E+00   1.5724041276E-03   3.4434991857E-04
   1  -146   0    0  -4.5361130478E-01   8.0130737877E+00   2.1043353890E-04   2.0259329107E+00   2.3893085306E+00   2.0643172313E-04   2.1035598991E+00   2.3589035016E+00   6.2390651381E-04   2.2348043539E+00   2.3968816940E+00   1.6804056059E-03   2.2928754068E+00   2.4140547534E+00   1.9040509817E-03   2.3917268087E+00   2.4502671748E+00   2.0958266593E-03   2.2521924556E+00   2.4053857642E+00   1.5723919625E-03   3.4438103001E-04
   1  -147   0    0  -4.6348559482E-01   8.0140286380E+00   2.0992050519E-04   2.0254769858E+00   2.3895835913E+00   2.0642528563E-04   2.1030905017E+00   2.3592339978E+00   6.2388261246E-04   2.2347165882E+00   2.3972108952E+00   1.6803412309E-03   2.2935704420E+00   2.4144873546E+00   1.9040362201E-03   2.3922248434E+00   2.4507512080E+00   2.0958763818E-03   2.2528478452E+00   2.4058183983E+00   1.5723797721E-03   3.4441221162E-04
   1  -148   0    0  -4.7335946173E-01   8.0149854648E+00   2.0940809644E-04   2.0250189027E+00   2.3898598250E+00   2.0641884502E-04   2.1026219611E+00   2.3595655999E+00   6.2385869956E-04   2.2346278153E+00   2.3975412017E+00   1.6802768249E-03   2.2942665579E+00   2.4149207777E+00   1.9040214313E-03   2.3927236943E+00   2.4512360332E+00   2.0959261555E-03   2.2535035345E+00   2.4062518543E+00   1.5723675594E-03   3.4444345596E-04
   1  -149   0    0  -4.8323296630E-01   8.0159440342E+00   2.0889643280E-04   2.0245587486E+00   2.3901371647E+00   2.0641240280E-04   2.1021544222E+00   2.3598982281E+00   6.2383478070E-04   2.2345380410E+00   2.3978725337E+00   1.6802124027E-03   2.2949635799E+00   2.4153549190E+00   1.9040066189E-03   2.3932232424E+00   2.4517215345E+00   2.0959759687E-03   2.2541593610E+00   2.4066860287E+00   1.5723553271E-03   3.4447475555E-04
   1  -150   0    0  -4.9310616979E-01   8.0169041108E+00   2.0838563399E-04   2.0240966132E+00   2.3904155422E+00   2.0640596049E-04   2.1016880281E+00   2.3602318011E+00   6.2381086149E-04   2.2344472726E+00   2.3982048104E+00   1.6801479796E-03   2.2956613329E+00   2.4157896743E+00   1.9039917861E-03   2.3937233679E+00   2.4522075956E+00   2.0960258099E-03   2.2548151619E+00   2.4071208170E+00   1.5723430780E-03   3.4450610287E-04
   1  -151   0    0  -5.0297913391E-01   8.0178654579E+00   2.0787581924E-04   2.0236325886E+00   2.3906948887E+00   2.0639951960E-04   2.1012229194E+00   2.3605662371E+00   6.2378694753E-04   2.2343555183E+00   2.3985379504E+00   1.6800835707E-03   2.2963596413E+00   2.4162249385E+00   1.9039769366E-03   2.3942239508E+00   2.4526940998E+00   2.0960756674E-03   2.2554707749E+00   2.4075561144E+00   1.5723308150E-03   3.4453749035E-04
   1  -152   0    0  -5.1285192067E-01   8.0188278376E+00   2.0736710721E-04   2.0231667694E+00   2.3909751342E+00   2.0639308164E-04   2.1007592345E+00   2.3609014537E+00   6.2376304447E-04   2.2342627882E+00   2.3988718714E+00   1.6800191911E-03   2.2970583294E+00   2.4166606064E+00   1.9039620738E-03   2.3947248702E+00   2.4531809296E+00   2.0961255293E-03   2.2561260379E+00   2.4079918156E+00   1.5723185411E-03   3.4456891038E-04
   1  -153   0    0  -5.2272459233E-01   8.0197910114E+00   2.0685961591E-04   2.0226992523E+00   2.3912562084E+00   2.0638664814E-04   2.1002971091E+00   2.3612373675E+00   6.2373915795E-04   2.2341690934E+00   2.3992064905E+00   1.6799548561E-03   2.2977572212E+00   2.4170965722E+00   1.9039472013E-03   2.3952260051E+00   2.4536679674E+00   2.0961753839E-03   2.2567807893E+00   2.4084278147E+00   1.5723062592E-03   3.4460035531E-04
   1  -154   0    0  -5.3259721131E-01   8.0207547399E+00   2.0635346263E-04   2.0222301365E+00   2.3915380400E+00   2.0638022060E-04   2.0998366765E+00   2.3615738946E+00   6.2371529360E-04   2.2340744467E+00   2.3995417239E+00   1.6798905808E-03   2.2984561409E+00   2.4175327299E+00   1.9039323226E-03   2.3957272340E+00   2.4541550952E+00   2.0962252194E-03   2.2574348679E+00   2.4088640057E+00   1.5722939721E-03   3.4463181748E-04
   1  -155   0    0  -5.4246984006E-01   8.0217187831E+00   2.0584876386E-04   2.0217595235E+00   2.3918205571E+00   2.0637380057E-04   2.0993780669E+00   2.3619109507E+00   6.2369145709E-04   2.2339788621E+00   2.3998774877E+00   1.6798263805E-03   2.2991549126E+00   2.4179689729E+00   1.9039174412E-03   2.3962284354E+00   2.4546421947E+00   2.0962750239E-03   2.2580881134E+00   2.4093002822E+00   1.5722816829E-03   3.4466328919E-04
   1  -156   0    0  -5.5234254100E-01   8.0226829008E+00   2.0534563522E-04   2.0212875167E+00   2.3921036874E+00   2.0636738954E-04   2.0989214077E+00   2.3622484506E+00   6.2366765404E-04   2.2338823550E+00   2.4002136971E+00   1.6797622703E-03   2.2998533609E+00   2.4184051948E+00   1.9039025608E-03   2.3967294874E+00   2.4551291477E+00   2.0963247855E-03   2.2587403662E+00   2.4097365376E+00   1.5722693944E-03   3.4469476275E-04
   1  -157   0    0  -5.6221537644E-01   8.0236468525E+00   2.0484419136E-04   2.0208142220E+00   2.3923873578E+00   2.0636098905E-04   2.0984668233E+00   2.3625863092E+00   6.2364389010E-04   2.2337849425E+00   2.4005502671E+00   1.6796982654E-03   2.3005513108E+00   2.4188412890E+00   1.9038876849E-03   2.3972302684E+00   2.4556158357E+00   2.0963744923E-03   2.2593914677E+00   2.4101726652E+00   1.5722571098E-03   3.4472623042E-04
   1  -158   0    0  -5.7208840846E-01   8.0246103979E+00   2.0434454589E-04   2.0203397472E+00   2.3926714948E+00   2.0635460061E-04   2.0980144350E+00   2.3629244406E+00   6.2362017088E-04   2.2336866430E+00   2.4008871122E+00   1.6796343810E-03   2.3012485877E+00   2.4192771488E+00   1.9038728173E-03   2.3977306565E+00   2.4561021405E+00   2.0964241325E-03   2.2600412603E+00   2.4106085585E+00   1.5722448318E-03   3.4475768449E-04
   1  -159   0    0  -5.8196169881E-01   8.0255732969E+00   2.0384681128E-04   2.0198642022E+00   2.3929560246E+00   2.0634822573E-04   2.0975643607E+00   2.3632627587E+00   6.2359650200E-04   2.2335874760E+00   2.4012241468E+00   1.6795706321E-03   2.3019450180E+00   2.4197126675E+00   1.9038579614E-03   2.3982305303E+00   2.4565879439E+00   2.0964736942E-03   2.2606895877E+00   2.4110441107E+00   1.5722325637E-03   3.4478911724E-04
   1  -160   0    0  -5.9183530888E-01   8.0265353095E+00   2.0335109881E-04   2.0193876986E+00   2.3932408730E+00   2.0634186590E-04   2.0971167150E+00   2.3636011775E+00   6.2357288905E-04   2.2334874629E+00   2.4015612849E+00   1.6795070339E-03   2.3026404286E+00   2.4201477388E+00   1.9038431210E-03   2.3987297683E+00   2.4570731280E+00   2.0965231654E-03   2.2613362946E+00   2.4114792155E+00   1.5722203082E-03   3.4482052096E-04
   1  -161   0    0  -6.0170929952E-01   8.0274961968E+00   2.0285751844E-04   2.0189103502E+00   2.3935259654E+00   2.0633552264E-04   2.0966716093E+00   2.3639396103E+00   6.2354933759E-04   2.2333866260E+00   2.4018984403E+00   1.6794436013E-03   2.3033346477E+00   2.4205822564E+00   1.9038282996E-03   2.3992282496E+00   2.4575575752E+00   2.0965725344E-03   2.2619812275E+00   2.4119137667E+00   1.5722080685E-03   3.4485188795E-04
   1  -162   0    0  -6.1158373104E-01   8.0284557204E+00   2.0236617875E-04   2.0184322721E+00   2.3938112271E+00   2.0632919743E-04   2.0962291513E+00   2.3642779708E+00   6.2352585314E-04   2.2332849893E+00   2.4022355269E+00   1.6793803492E-03   2.3040275044E+00   2.4210161145E+00   1.9038135009E-03   2.3997258537E+00   2.4580411684E+00   2.0966217894E-03   2.2626242341E+00   2.4123476582E+00   1.5721958476E-03   3.4488321053E-04
   1  -163   0    0  -6.2145866305E-01   8.0294136430E+00   2.0187718683E-04   2.0179535813E+00   2.3940965832E+00   2.0632289175E-04   2.0957894454E+00   2.3646161724E+00   6.2350244122E-04   2.2331825779E+00   2.4025724585E+00   1.6793172924E-03   2.3047188291E+00   2.4214492075E+00   1.9037987286E-03   2.4002224605E+00   2.4585237910E+00   2.0966709185E-03   2.2632651639E+00   2.4127807847E+00   1.5721836483E-03   3.4491448106E-04
   1  -164   0    0  -6.3133415442E-01   8.0303697283E+00   2.0139064823E-04   2.0174743962E+00   2.3943819586E+00   2.0631660708E-04   2.0953525921E+00   2.3649541288E+00   6.2347910728E-04   2.2330794184E+00   2.4029091489E+00   1.6792544457E-03   2.3054084537E+00   2.4218814306E+00   1.9037839861E-03   2.4007179507E+00   2.4590053269E+00   2.0967199102E-03   2.2639038681E+00   2.4132130412E+00   1.5721714738E-03   3.4494569190E-04
   1  -165   0    0  -6.4121026317E-01   8.0313237419E+00   2.0090666683E-04   2.0169948367E+00   2.3946672783E+00   2.0631034487E-04   2.0949186887E+00   2.3652917535E+00   6.2345585674E-04   2.2329755382E+00   2.4032455122E+00   1.6791918236E-03   2.3060962114E+00   2.4223126792E+00   1.9037692773E-03   2.4012122056E+00   2.4594856610E+00   2.0967687527E-03   2.2645401998E+00   2.4136443232E+00   1.5721593270E-03   3.4497683550E-04
   1  -166   0    0  -6.5108704638E-01   8.0322754504E+00   2.0042534477E-04   2.0165150239E+00   2.3949524673E+00   2.0630410656E-04   2.0944878286E+00   2.3656289607E+00   6.2343269496E-04   2.2328709664E+00   2.4035814625E+00   1.6791294406E-03   2.3067819374E+00   2.4227428497E+00   1.9037546055E-03   2.4017051076E+00   2.4599646787E+00   2.0968174345E-03   2.2651740141E+00   2.4140745271E+00   1.5721472109E-03   3.4500790431E-04
   1  -167   0    0  -6.6096456015E-01   8.0332246227E+00   1.9994678236E-04   2.0160350799E+00   2.3952374506E+00   2.0629789359E-04   2.0940601016E+00   2.3659656644E+00   6.2340962726E-04   2.2327657330E+00   2.4039169145E+00   1.6790673109E-03   2.3074654682E+00   2.4231718391E+00   1.9037399745E-03   2.4021965398E+00   2.4604422666E+00   2.0968659443E-03   2.2658051680E+00   2.4145035499E+00   1.5721351284E-03   3.4503889087E-04
   1  -168   0    0  -6.7084285944E-01   8.0341710294E+00   1.9947107798E-04   2.0155551279E+00   2.3955221535E+00   2.0629170738E-04   2.0936355938E+00   2.3663017793E+00   6.2338665888E-04   2.2326598692E+00   2.4042517830E+00   1.6790054488E-03   2.3081466427E+00   2.4235995454E+00   1.9037253878E-03   2.4026863865E+00   2.4609183122E+00   2.0969142705E-03   2.2664335210E+00   2.4149312894E+00   1.5721230825E-03   3.4506978774E-04
   1  -169   0    0  -6.8072199809E-01   8.0351144435E+00   1.9899832802E-04   2.0150752921E+00   2.3958065015E+00   2.0628554932E-04   2.0932143876E+00   2.3666372205E+00   6.2336379503E-04   2.2325534070E+00   2.4045859832E+00   1.6789438682E-03   2.3088253016E+00   2.4240258673E+00   1.9037108489E-03   2.4031745330E+00   2.4613927040E+00   2.0969624020E-03   2.2670589346E+00   2.4153576445E+00   1.5721110761E-03   3.4510058757E-04
   1  -170   0    0  -6.9060202866E-01   8.0360546402E+00   1.9852862678E-04   2.0145956971E+00   2.3960904203E+00   2.0627942078E-04   2.0927965619E+00   2.3669719035E+00   6.2334104081E-04   2.2324463797E+00   2.4049194312E+00   1.6788825828E-03   2.3095012877E+00   2.4244507048E+00   1.9036963613E-03   2.4036608659E+00   2.4618653321E+00   2.0970103277E-03   2.2676812729E+00   2.4157825150E+00   1.5720991120E-03   3.4513128310E-04
   1  -171   0    0  -7.0048300239E-01   8.0369913976E+00   1.9806206637E-04   2.0141164682E+00   2.3963738360E+00   2.0627332314E-04   2.0923821916E+00   2.3673057444E+00   6.2331840128E-04   2.2323388215E+00   2.4052520432E+00   1.6788216064E-03   2.3101744463E+00   2.4248739589E+00   1.9036819285E-03   2.4041452733E+00   2.4623360874E+00   2.0970580366E-03   2.2683004024E+00   2.4162058021E+00   1.5720871932E-03   3.4516186710E-04
   1  -172   0    0  -7.1036496915E-01   8.0379244962E+00   1.9759873666E-04   2.0136377312E+00   2.3966566754E+00   2.0626725771E-04   2.0919713483E+00   2.3676386603E+00   6.2329588139E-04   2.2322307672E+00   2.4055837365E+00   1.6787609522E-03   2.3108446250E+00   2.4252955318E+00   1.9036675540E-03   2.4046276447E+00   2.4628048627E+00   2.0971055178E-03   2.2689161923E+00   2.4166274079E+00   1.5720753225E-03   3.4519233248E-04
   1  -173   0    0  -7.2024797733E-01   8.0388537199E+00   1.9713872518E-04   2.0131596119E+00   2.3969388653E+00   2.0626122583E-04   2.0915640996E+00   2.3679705686E+00   6.2327348603E-04   2.2321222527E+00   2.4059144290E+00   1.6787006334E-03   2.3115116739E+00   2.4257153270E+00   1.9036532411E-03   2.4051078710E+00   2.4632715521E+00   2.0971527607E-03   2.2695285144E+00   2.4170472358E+00   1.5720635027E-03   3.4522267219E-04
   1  -174   0    0  -7.3013207380E-01   8.0397788554E+00   1.9668211705E-04   2.0126822364E+00   2.3972203336E+00   2.0625522878E-04   2.0911605098E+00   2.3683013878E+00   6.2325121999E-04   2.2320133144E+00   2.4062440393E+00   1.6786406629E-03   2.3121754459E+00   2.4261332494E+00   1.9036389931E-03   2.4055858450E+00   2.4637360512E+00   2.0971997548E-03   2.2701372434E+00   2.4174651909E+00   1.5720517366E-03   3.4525287933E-04
   1  -175   0    0  -7.4001730385E-01   8.0406996931E+00   1.9622899488E-04   2.0122057306E+00   2.3975010085E+00   2.0624926783E-04   2.0907606393E+00   2.3686310373E+00   6.2322908796E-04   2.2319039897E+00   2.4065724871E+00   1.6785810533E-03   2.3128357966E+00   2.4265492054E+00   1.9036248135E-03   2.4060614610E+00   2.4641982575E+00   2.0972464897E-03   2.2707422568E+00   2.4178811795E+00   1.5720400268E-03   3.4528294706E-04
   1  -176   0    0  -7.4990371113E-01   8.0416160267E+00   1.9577943877E-04   2.0117302201E+00   2.3977808191E+00   2.0624334420E-04   2.0903645452E+00   2.3689594375E+00   6.2320709454E-04   2.2317943162E+00   2.4068996931E+00   1.6785218171E-03   2.3134925844E+00   2.4269631030E+00   1.9036107054E-03   2.4065346153E+00   2.4646580702E+00   2.0972929553E-03   2.2713434350E+00   2.4182951095E+00   1.5720283762E-03   3.4531286869E-04
   1  -177   0    0  -7.5979133759E-01   8.0425276537E+00   1.9533352617E-04   2.0112558302E+00   2.3980596951E+00   2.0623745912E-04   2.0899722810E+00   2.3692865098E+00   6.2318524422E-04   2.2316843323E+00   2.4072255788E+00   1.6784629663E-03   2.3141456709E+00   2.4273748517E+00   1.9035966721E-03   2.4070052062E+00   2.4651153904E+00   2.0973391418E-03   2.2719406616E+00   2.4187068905E+00   1.5720167873E-03   3.4534263760E-04
   1  -178   0    0  -7.6968022345E-01   8.0434343757E+00   1.9489133184E-04   2.0107826856E+00   2.3983375672E+00   2.0623161376E-04   2.0895838966E+00   2.3696121768E+00   6.2316354139E-04   2.2315740767E+00   2.4075500671E+00   1.6784045128E-03   2.3147949205E+00   2.4277843628E+00   1.9035827166E-03   2.4074731339E+00   2.4655701212E+00   2.0973850393E-03   2.2725338233E+00   2.4191164337E+00   1.5720052627E-03   3.4537224734E-04
   1  -179   0    0  -7.7957040710E-01   8.0443359980E+00   1.9445292780E-04   2.0103109102E+00   2.3986143670E+00   2.0622580928E-04   2.0891994387E+00   2.3699363622E+00   6.2314199032E-04   2.2314635887E+00   2.4078730820E+00   1.6783464679E-03   2.3154402010E+00   2.4281915495E+00   1.9035688422E-03   2.4079383008E+00   2.4660221677E+00   2.0974306384E-03   2.2731228100E+00   2.4195236523E+00   1.5719938050E-03   3.4540169156E-04
   1  -180   0    0  -7.8946192515E-01   8.0452323304E+00   1.9401838328E-04   2.0098406269E+00   2.3988900270E+00   2.0622004679E-04   2.0888189504E+00   2.3702589911E+00   6.2312059516E-04   2.2313529077E+00   2.4081945487E+00   1.6782888431E-03   2.3160813834E+00   2.4285963266E+00   1.9035550518E-03   2.4084006113E+00   2.4664714373E+00   2.0974759298E-03   2.2737075149E+00   2.4199284613E+00   1.5719824166E-03   3.4543096405E-04
   1  -181   0    0  -7.9935481232E-01   8.0461231871E+00   1.9358776467E-04   2.0093719578E+00   2.3991644808E+00   2.0621432738E-04   2.0884424717E+00   2.3705799899E+00   6.2309935996E-04   2.2312420734E+00   2.4085143940E+00   1.6782316490E-03   2.3167183423E+00   2.4289986112E+00   1.9035413483E-03   2.4088599725E+00   2.4669178394E+00   2.0975209046E-03   2.2742878344E+00   2.4203307775E+00   1.5719711001E-03   3.4546005875E-04
   1  -182   0    0  -8.0924910142E-01   8.0470083866E+00   1.9316113543E-04   2.0089050236E+00   2.3994376632E+00   2.0620865210E-04   2.0880700391E+00   2.3708992863E+00   6.2307828861E-04   2.2311311257E+00   2.4088325458E+00   1.6781748962E-03   2.3173509554E+00   2.4293983221E+00   1.9035277346E-03   2.4093162934E+00   2.4673612858E+00   2.0975655538E-03   2.2748636685E+00   2.4207305199E+00   1.5719598578E-03   3.4548896973E-04
   1  -183   0    0  -8.1914482335E-01   8.0478877524E+00   1.9273855613E-04   2.0084399437E+00   2.3997095099E+00   2.0620302198E-04   2.0877016862E+00   2.3712168098E+00   6.2305738491E-04   2.2310201046E+00   2.4091489336E+00   1.6781185950E-03   2.3179791042E+00   2.4297953804E+00   1.9035142136E-03   2.4097694858E+00   2.4678016908E+00   2.0976098691E-03   2.2754349207E+00   2.4211276095E+00   1.5719486919E-03   3.4551769121E-04
   1  -184   0    0  -8.2904200707E-01   8.0487611126E+00   1.9232008433E-04   2.0079768357E+00   2.3999799580E+00   2.0619743799E-04   2.0873374431E+00   2.3715324912E+00   6.2303665251E-04   2.2309090501E+00   2.4094634885E+00   1.6780627552E-03   2.3186026738E+00   2.4301897092E+00   1.9035007880E-03   2.4102194638E+00   2.4682389708E+00   2.0976538421E-03   2.2760014978E+00   2.4215219694E+00   1.5719376049E-03   3.4554621758E-04
   1  -185   0    0  -8.3894067954E-01   8.0496283003E+00   1.9190577463E-04   2.0075158160E+00   2.4002489459E+00   2.0619190109E-04   2.0869773370E+00   2.3718462628E+00   6.2301609493E-04   2.2307980020E+00   2.4097761431E+00   1.6780073862E-03   2.3192215530E+00   2.4305812339E+00   1.9034874605E-03   2.4106661442E+00   2.4686730451E+00   2.0976974650E-03   2.2765633103E+00   2.4219135250E+00   1.5719265988E-03   3.4557454338E-04
   1  -186   0    0  -8.4884086577E-01   8.0504891537E+00   1.9149567858E-04   2.0070569987E+00   2.4005164132E+00   2.0618641219E-04   2.0866213923E+00   2.3721580588E+00   6.2299571555E-04   2.2306870003E+00   2.4100868317E+00   1.6779524971E-03   2.3198356342E+00   2.4309698821E+00   1.9034742336E-03   2.4111094462E+00   2.4691038353E+00   2.0977407299E-03   2.2771202724E+00   2.4223022038E+00   1.5719156758E-03   3.4560266330E-04
   1  -187   0    0  -8.5874258877E-01   8.0513435162E+00   1.9108984469E-04   2.0066004962E+00   2.4007823011E+00   2.0618097215E-04   2.0862696301E+00   2.3724678151E+00   6.2297551760E-04   2.2305760847E+00   2.4103954904E+00   1.6778980968E-03   2.3204448139E+00   2.4313555837E+00   1.9034611097E-03   2.4115492920E+00   2.4695312656E+00   2.0977836295E-03   2.2776723019E+00   2.4226879360E+00   1.5719048380E-03   3.4563057221E-04
   1  -188   0    0  -8.6864586957E-01   8.0521912365E+00   1.9068831842E-04   2.0061464188E+00   2.4010465521E+00   2.0617558182E-04   2.0859220689E+00   2.3727754691E+00   6.2295550421E-04   2.2304652944E+00   2.4107020568E+00   1.6778441935E-03   2.3210489922E+00   2.4317382711E+00   1.9034480914E-03   2.4119856063E+00   2.4699552631E+00   2.0978261567E-03   2.2782193202E+00   2.4230706536E+00   1.5718940873E-03   3.4565826516E-04
   1  -189   0    0  -8.7855072720E-01   8.0530321686E+00   1.9029114216E-04   2.0056948744E+00   2.4013091101E+00   2.0617024199E-04   2.0855787241E+00   2.3730809604E+00   6.2293567832E-04   2.2303546686E+00   2.4110064705E+00   1.6777907952E-03   2.3216480734E+00   2.4321178790E+00   1.9034351809E-03   2.4124183168E+00   2.4703757574E+00   2.0978683047E-03   2.2787612525E+00   2.4234502916E+00   1.5718834256E-03   3.4568573735E-04
   1  -190   0    0  -8.8845717871E-01   8.0538661721E+00   1.8989835523E-04   2.0052459686E+00   2.4015699207E+00   2.0616495342E-04   2.0852396088E+00   2.3733842301E+00   6.2291604274E-04   2.2302442461E+00   2.4113086729E+00   1.6777379095E-03   2.3222419656E+00   2.4324943446E+00   1.9034223805E-03   2.4128473538E+00   2.4707926809E+00   2.0979100668E-03   2.2792980277E+00   2.4238267869E+00   1.5718728549E-03   3.4571298417E-04
   1  -191   0    0  -8.9836523918E-01   8.0546931120E+00   1.8950999389E-04   2.0047998047E+00   2.4018289310E+00   2.0615971683E-04   2.0849047331E+00   2.3736852215E+00   6.2289660016E-04   2.2301340651E+00   2.4116086074E+00   1.6776855436E-03   2.3228305809E+00   2.4328676074E+00   1.9034096923E-03   2.4132726508E+00   2.4712059689E+00   2.0979514370E-03   2.2798295785E+00   2.4242000793E+00   1.5718623767E-03   3.4574000119E-04
   1  -192   0    0  -9.0827492172E-01   8.0555128590E+00   1.8912609132E-04   2.0043564832E+00   2.4020860896E+00   2.0615453289E-04   2.0845741047E+00   2.3739838795E+00   6.2287735308E-04   2.2300241634E+00   2.4119062192E+00   1.6776337043E-03   2.3234138356E+00   2.4332376096E+00   1.9033971183E-03   2.4136941439E+00   2.4716155594E+00   2.0979924093E-03   2.2803558413E+00   2.4245701109E+00   1.5718519930E-03   3.4576678417E-04
   1  -193   0    0  -9.1818623751E-01   8.0563252895E+00   1.8874667768E-04   2.0039161020E+00   2.4023413469E+00   2.0614940225E-04   2.0842477286E+00   2.3742801514E+00   6.2285830389E-04   2.2299145783E+00   2.4122014555E+00   1.6775823979E-03   2.3239916498E+00   2.4336042960E+00   1.9033846605E-03   2.4141117722E+00   2.4720213933E+00   2.0980329781E-03   2.2808767564E+00   2.4249368263E+00   1.5718417052E-03   3.4579332903E-04
   1  -194   0    0  -9.2809919582E-01   8.0571302856E+00   1.8837178007E-04   2.0034787563E+00   2.4025946549E+00   2.0614432551E-04   2.0839256075E+00   2.3745739861E+00   6.2283945480E-04   2.2298053464E+00   2.4124942654E+00   1.6775316305E-03   2.3245639479E+00   2.4339676139E+00   1.9033723208E-03   2.4145254780E+00   2.4724234144E+00   2.0980731381E-03   2.2813922677E+00   2.4253001730E+00   1.5718315148E-03   3.4581963190E-04
   1  -195   0    0  -9.3801380401E-01   8.0579277352E+00   1.8800142261E-04   2.0030445382E+00   2.4028459674E+00   2.0613930322E-04   2.0836077419E+00   2.3748653348E+00   6.2282080789E-04   2.2296965037E+00   2.4127846003E+00   1.6774814076E-03   2.3251306584E+00   2.4343275130E+00   1.9033601009E-03   2.4149352062E+00   2.4728215694E+00   2.0981128844E-03   2.2819023230E+00   2.4256601007E+00   1.5718214234E-03   3.4584568908E-04
   1  -196   0    0  -9.4793006762E-01   8.0587175319E+00   1.8763562641E-04   2.0026135371E+00   2.4030952398E+00   2.0613433591E-04   2.0832941297E+00   2.3751541507E+00   6.2280236509E-04   2.2295880856E+00   2.4130724134E+00   1.6774317345E-03   2.3256917138E+00   2.4346839459E+00   1.9033480024E-03   2.4153409050E+00   2.4732158078E+00   2.0981522123E-03   2.2824068739E+00   2.4260165620E+00   1.5718114324E-03   3.4587149708E-04
   1  -197   0    0  -9.5784799033E-01   8.0594995752E+00   1.8727440966E-04   2.0021858391E+00   2.4033424293E+00   2.0612942405E-04   2.0829847667E+00   2.3754403891E+00   6.2278412817E-04   2.2294801266E+00   2.4133576600E+00   1.6773826159E-03   2.3262470508E+00   2.4350368677E+00   1.9033360270E-03   2.4157425254E+00   2.4736060822E+00   2.0981911175E-03   2.2829058755E+00   2.4263695118E+00   1.5718015429E-03   3.4589705257E-04
   1  -198   0    0  -9.6776757406E-01   8.0602737703E+00   1.8691778762E-04   2.0017615275E+00   2.4035874950E+00   2.0612456808E-04   2.0826796467E+00   2.3757240071E+00   6.2276609877E-04   2.2293726605E+00   2.4136402976E+00   1.6773340562E-03   2.3267966100E+00   2.4353862360E+00   1.9033241761E-03   2.4161400216E+00   2.4739923479E+00   2.0982295959E-03   2.2833992869E+00   2.4267189078E+00   1.5717917563E-03   3.4592235242E-04
   1  -199   0    0  -9.7768881899E-01   8.0610400285E+00   1.8656577267E-04   2.0013406821E+00   2.4038303977E+00   2.0611976840E-04   2.0823787612E+00   2.3760049645E+00   6.2274827837E-04   2.2292657203E+00   2.4139202858E+00   1.6772860594E-03   2.3273403364E+00   2.4357320112E+00   1.9033124511E-03   2.4165333506E+00   2.4743745634E+00   2.0982676439E-03   2.2838870707E+00   2.4270647105E+00   1.5717820736E-03   3.4594739372E-04
   1  -200   0    0  -9.8761172359E-01   8.0617982668E+00   1.8621837438E-04   2.0009233799E+00   2.4040711000E+00   2.0611502537E-04   2.0820820999E+00   2.3762832226E+00   6.2273066831E-04   2.2291593381E+00   2.4141975862E+00   1.6772386292E-03   2.3278781787E+00   2.4360741561E+00   1.9033008533E-03   2.4169224727E+00   2.4747526899E+00   2.0983052580E-03   2.2843691933E+00   2.4274068827E+00   1.5717724960E-03   3.4597217371E-04
   1  -201   0    0  -9.9753628470E-01   8.0625484077E+00   1.8587559953E-04   2.0005096942E+00   2.4043095664E+00   2.0611033932E-04   2.0817896505E+00   2.3765587452E+00   6.2271326977E-04   2.2290535452E+00   2.4144721625E+00   1.6771917686E-03   2.3284100901E+00   2.4364126364E+00   1.9032893839E-03   2.4173073507E+00   2.4751266915E+00   2.0983424352E-03   2.2848456246E+00   2.4277453899E+00   1.5717630243E-03   3.4599668983E-04
   1  -202  -4    6  -9.9999984562E-01   8.0627333322E+00   1.8579123854E-04   2.0004075847E+00   2.4043684041E+00   2.0610918508E-04   2.0817177146E+00   2.3766267030E+00   6.2270898430E-04   2.2290273819E+00   2.4145398872E+00   1.6771802263E-03   2.3285411882E+00   2.4364960768E+00   1.9032865571E-03   2.4174022171E+00   2.4752188770E+00   2.0983515946E-03   2.2849629915E+00   2.4278288370E+00   1.5717606900E-03   3.4600273365E-04
