     
   1    -1   0    0   9.9999999466E-01   7.9430852036E+00   2.5426656034E-04   2.0579593103E+00   2.3711845124E+00   2.0683628564E-04   2.1405295305E+00   2.3360487863E+00   6.2540858640E-04   2.2399618603E+00   2.3741081507E+00   1.6844512301E-03   2.2411840807E+00   2.3818627296E+00   1.9049390847E-03   2.3544186128E+00   2.4140024689E+00   2.0927555885E-03   2.2007172141E+00   2.3731918430E+00   1.5731253703E-03   3.4207896940E-04
   1    -2   0    0   9.8000287932E-01   7.9432834362E+00   2.5412086413E-04   2.0578672325E+00   2.3712286569E+00   2.0683628564E-04   2.1404249048E+00   2.3361086057E+00   6.2540858640E-04   2.2399509587E+00   2.3741679700E+00   1.6844512301E-03   2.2413319602E+00   2.3819555485E+00   1.9049390847E-03   2.3545251881E+00   2.4141060980E+00   2.0927555885E-03   2.2008772101E+00   2.3732846619E+00   1.5731253703E-03   3.4208549700E-04
   1    -3   0    0   9.7000441983E-01   7.9433858815E+00   2.5404561702E-04   2.0578196541E+00   2.3712514894E+00   2.0683628564E-04   2.1403708234E+00   2.3361395337E+00   6.2540858640E-04   2.2399453114E+00   2.3741988980E+00   1.6844512301E-03   2.2414083891E+00   2.3820035196E+00   1.9049390847E-03   2.3545802649E+00   2.4141596523E+00   2.0927555885E-03   2.2009598388E+00   2.3733326330E+00   1.5731253703E-03   3.4208887070E-04
   1    -4   0    0   9.6000602961E-01   7.9434906090E+00   2.5396872726E-04   2.0577710206E+00   2.3712748439E+00   2.0683628564E-04   2.1403155292E+00   2.3361711604E+00   6.2540858640E-04   2.2399395289E+00   2.3742305247E+00   1.6844512301E-03   2.2414865245E+00   2.3820525615E+00   1.9049390847E-03   2.3546365682E+00   2.4142143991E+00   2.0927555885E-03   2.2010442689E+00   2.3733816749E+00   1.5731253703E-03   3.4209231975E-04
   1    -5   0    0   9.5000771171E-01   7.9435976667E+00   2.5389016171E-04   2.0577213098E+00   2.3712987319E+00   2.0683628564E-04   2.1402589961E+00   2.3362035009E+00   6.2540858640E-04   2.2399336080E+00   2.3742628653E+00   1.6844512301E-03   2.2415664026E+00   2.3821026968E+00   1.9049390847E-03   2.3546941239E+00   2.4142703637E+00   2.0927555885E-03   2.2011305370E+00   2.3734318102E+00   1.5731253703E-03   3.4209584574E-04
   1    -6   0    0   9.4000946928E-01   7.9437071039E+00   2.5380988668E-04   2.0576704993E+00   2.3713231654E+00   2.0683628564E-04   2.1402011977E+00   2.3362365708E+00   6.2540858640E-04   2.2399275452E+00   2.3742959351E+00   1.6844512301E-03   2.2416480604E+00   2.3821539486E+00   1.9049390847E-03   2.3547529583E+00   2.4143275716E+00   2.0927555885E-03   2.2012186800E+00   2.3734830620E+00   1.5731253703E-03   3.4209945032E-04
   1    -7   0    0   9.3001130560E-01   7.9438189705E+00   2.5372786796E-04   2.0576185661E+00   2.3713481563E+00   2.0683628564E-04   2.1401421069E+00   2.3362703857E+00   6.2540858640E-04   2.2399213372E+00   2.3743297501E+00   1.6844512301E-03   2.2417315353E+00   2.3822063404E+00   1.9049390847E-03   2.3548130982E+00   2.4143860490E+00   2.0927555885E-03   2.2013087355E+00   2.3735354538E+00   1.5731253703E-03   3.4210313512E-04
   1    -8   0    0   9.2001322410E-01   7.9439333173E+00   2.5364407079E-04   2.0575654869E+00   2.3713737171E+00   2.0683628564E-04   2.1400816961E+00   2.3363049619E+00   6.2540858640E-04   2.2399149805E+00   2.3743643262E+00   1.6844512301E-03   2.2418168657E+00   2.3822598963E+00   1.9049390847E-03   2.3548745709E+00   2.4144458223E+00   2.0927555885E-03   2.2014007420E+00   2.3735890096E+00   1.5731253703E-03   3.4210690185E-04
   1    -9   0    0   9.1001522834E-01   7.9440501962E+00   2.5355845984E-04   2.0575112380E+00   2.3713998604E+00   2.0683628564E-04   2.1400199374E+00   2.3363403156E+00   6.2540858640E-04   2.2399084716E+00   2.3743996799E+00   1.6844512301E-03   2.2419040904E+00   2.3823146405E+00   1.9049390847E-03   2.3549374042E+00   2.4145069186E+00   2.0927555885E-03   2.2014947383E+00   2.3736437539E+00   1.5731253703E-03   3.4211075222E-04
   1   -10   0    0   9.0001732203E-01   7.9441696599E+00   2.5347099928E-04   2.0574557952E+00   2.3714265989E+00   2.0683628564E-04   2.1399568022E+00   2.3363764636E+00   6.2540858640E-04   2.2399018067E+00   2.3744358280E+00   1.6844512301E-03   2.2419932491E+00   2.3823705979E+00   1.9049390847E-03   2.3550016264E+00   2.4145693653E+00   2.0927555885E-03   2.2015907639E+00   2.3736997113E+00   1.5731253703E-03   3.4211468799E-04
   1   -11   0    0   8.9001950903E-01   7.9442917621E+00   2.5338165270E-04   2.0573991339E+00   2.3714539459E+00   2.0683628564E-04   2.1398922614E+00   2.3364134230E+00   6.2540858640E-04   2.2398949823E+00   2.3744727873E+00   1.6844512301E-03   2.2420843822E+00   2.3824277939E+00   1.9049390847E-03   2.3550672662E+00   2.4146331905E+00   2.0927555885E-03   2.2016888590E+00   2.3737569072E+00   1.5731253703E-03   3.4211871093E-04
   1   -12   0    0   8.8002179337E-01   7.9444165573E+00   2.5329038317E-04   2.0573412292E+00   2.3714819146E+00   2.0683628564E-04   2.1398262854E+00   2.3364512110E+00   6.2540858640E-04   2.2398879943E+00   2.3745105753E+00   1.6844512301E-03   2.2421775306E+00   2.3824862540E+00   1.9049390847E-03   2.3551343528E+00   2.4146984226E+00   2.0927555885E-03   2.2017890644E+00   2.3738153674E+00   1.5731253703E-03   3.4212282286E-04
   1   -13   0    0   8.7002417923E-01   7.9445441012E+00   2.5319715320E-04   2.0572820556E+00   2.3715105188E+00   2.0683628564E-04   2.1397588439E+00   2.3364898454E+00   6.2540858640E-04   2.2398808391E+00   2.3745492097E+00   1.6844512301E-03   2.2422727362E+00   2.3825460046E+00   1.9049390847E-03   2.3552029162E+00   2.4147650905E+00   2.0927555885E-03   2.2018914215E+00   2.3738751179E+00   1.5731253703E-03   3.4212702562E-04
   1   -14   0    0   8.6002667095E-01   7.9446744502E+00   2.5310192476E-04   2.0572215872E+00   2.3715397723E+00   2.0683628564E-04   2.1396899063E+00   2.3365293441E+00   6.2540858640E-04   2.2398735124E+00   2.3745887084E+00   1.6844512301E-03   2.2423700415E+00   2.3826070721E+00   1.9049390847E-03   2.3552729865E+00   2.4148332237E+00   2.0927555885E-03   2.2019959723E+00   2.3739361855E+00   1.5731253703E-03   3.4213132109E-04
   1   -15   0    0   8.5002927307E-01   7.9448076618E+00   2.5300465930E-04   2.0571597977E+00   2.3715696894E+00   2.0683628564E-04   2.1396194413E+00   2.3365697255E+00   6.2540858640E-04   2.2398660104E+00   2.3746290898E+00   1.6844512301E-03   2.2424694897E+00   2.3826694837E+00   1.9049390847E-03   2.3553445945E+00   2.4149028521E+00   2.0927555885E-03   2.2021027595E+00   2.3739985971E+00   1.5731253703E-03   3.4213571118E-04
   1   -16   0    0   8.4003199029E-01   7.9449437944E+00   2.5290531769E-04   2.0570966604E+00   2.3716002845E+00   2.0683628564E-04   2.1395474171E+00   2.3366110083E+00   6.2540858640E-04   2.2398583287E+00   2.3746703726E+00   1.6844512301E-03   2.2425711248E+00   2.3827332670E+00   1.9049390847E-03   2.3554177716E+00   2.4149740062E+00   2.0927555885E-03   2.2022118265E+00   2.3740623803E+00   1.5731253703E-03   3.4214019783E-04
   1   -17   0    0   8.3003482752E-01   7.9450829074E+00   2.5280386031E-04   2.0570321482E+00   2.3716315724E+00   2.0683628564E-04   2.1394738013E+00   2.3366532115E+00   6.2540858640E-04   2.2398504632E+00   2.3747125758E+00   1.6844512301E-03   2.2426749916E+00   2.3827984498E+00   1.9049390847E-03   2.3554925495E+00   2.4150467168E+00   2.0927555885E-03   2.2023232172E+00   2.3741275632E+00   1.5731253703E-03   3.4214478302E-04
   1   -18   0    0   8.2003778984E-01   7.9452250613E+00   2.5270024697E-04   2.0569662334E+00   2.3716635680E+00   2.0683628564E-04   2.1393985609E+00   2.3366963544E+00   6.2540858640E-04   2.2398424094E+00   2.3747557188E+00   1.6844512301E-03   2.2427811354E+00   2.3828650607E+00   1.9049390847E-03   2.3555689606E+00   2.4151210155E+00   2.0927555885E-03   2.2024369761E+00   2.3741941741E+00   1.5731253703E-03   3.4214946875E-04
   1   -19   0    0   8.1004088255E-01   7.9453703173E+00   2.5259443698E-04   2.0568988879E+00   2.3716962868E+00   2.0683628564E-04   2.1393216624E+00   2.3367404568E+00   6.2540858640E-04   2.2398341629E+00   2.3747998211E+00   1.6844512301E-03   2.2428896025E+00   2.3829331286E+00   1.9049390847E-03   2.3556470377E+00   2.4151969341E+00   2.0927555885E-03   2.2025531486E+00   2.3742622419E+00   1.5731253703E-03   3.4215425706E-04
   1   -20   0    0   8.0004411115E-01   7.9455187379E+00   2.5248638911E-04   2.0568300832E+00   2.3717297443E+00   2.0683628564E-04   2.1392430717E+00   2.3367855387E+00   6.2540858640E-04   2.2398257191E+00   2.3748449030E+00   1.6844512301E-03   2.2430004399E+00   2.3830026828E+00   1.9049390847E-03   2.3557268143E+00   2.4152745052E+00   2.0927555885E-03   2.2026717803E+00   2.3743317962E+00   1.5731253703E-03   3.4215915002E-04
   1   -21   0    0   7.9004748136E-01   7.9456703864E+00   2.5237606161E-04   2.0567597904E+00   2.3717639565E+00   2.0683628564E-04   2.1391627541E+00   2.3368316205E+00   6.2540858640E-04   2.2398170734E+00   2.3748909848E+00   1.6844512301E-03   2.2431136952E+00   2.3830737533E+00   1.9049390847E-03   2.3558083241E+00   2.4153537616E+00   2.0927555885E-03   2.2027929179E+00   2.3744028667E+00   1.5731253703E-03   3.4216414975E-04
   1   -22   0    0   7.8005099912E-01   7.9458253270E+00   2.5226341225E-04   2.0566879801E+00   2.3717989395E+00   2.0683628564E-04   2.1390806745E+00   2.3368787229E+00   6.2540858640E-04   2.2398082210E+00   2.3749380873E+00   1.6844512301E-03   2.2432294170E+00   2.3831463703E+00   1.9049390847E-03   2.3558916017E+00   2.4154347368E+00   2.0927555885E-03   2.2029166084E+00   2.3744754837E+00   1.5731253703E-03   3.4216925838E-04
   1   -23   0    0   7.7005467059E-01   7.9459836253E+00   2.5214839826E-04   2.0566146224E+00   2.3718347099E+00   2.0683628564E-04   2.1389967969E+00   2.3369268672E+00   6.2540858640E-04   2.2397991570E+00   2.3749862315E+00   1.6844512301E-03   2.2433476544E+00   2.3832205647E+00   1.9049390847E-03   2.3559766819E+00   2.4155174649E+00   2.0927555885E-03   2.2030428996E+00   2.3745496781E+00   1.5731253703E-03   3.4217447809E-04
   1   -24   0    0   7.6005850219E-01   7.9461453474E+00   2.5203097639E-04   2.0565396870E+00   2.3718712845E+00   2.0683628564E-04   2.1389110849E+00   2.3369760747E+00   6.2540858640E-04   2.2397898764E+00   2.3750354390E+00   1.6844512301E-03   2.2434684575E+00   2.3832963677E+00   1.9049390847E-03   2.3560636002E+00   2.4156019803E+00   2.0927555885E-03   2.2031718397E+00   2.3746254811E+00   1.5731253703E-03   3.4217981107E-04
   1   -25   0    0   7.5006250056E-01   7.9463105607E+00   2.5191110291E-04   2.0564631432E+00   2.3719086805E+00   2.0683628564E-04   2.1388235015E+00   2.3370263672E+00   6.2540858640E-04   2.2397803742E+00   2.3750857316E+00   1.6844512301E-03   2.2435918770E+00   2.3833738111E+00   1.9049390847E-03   2.3561523926E+00   2.4156883179E+00   2.0927555885E-03   2.2033034778E+00   2.3747029245E+00   1.5731253703E-03   3.4218525958E-04
   1   -26   0    0   7.4006667261E-01   7.9464793335E+00   2.5178873361E-04   2.0563849597E+00   2.3719469152E+00   2.0683628564E-04   2.1387340092E+00   2.3370777671E+00   6.2540858640E-04   2.2397706452E+00   2.3751371315E+00   1.6844512301E-03   2.2437179644E+00   2.3834529271E+00   1.9049390847E-03   2.3562430956E+00   2.4157765133E+00   2.0927555885E-03   2.2034378634E+00   2.3747820405E+00   1.5731253703E-03   3.4219082589E-04
   1   -27   0    0   7.3007102551E-01   7.9466517351E+00   2.5166382382E-04   2.0563051049E+00   2.3719860064E+00   2.0683628564E-04   2.1386425696E+00   2.3371302968E+00   6.2540858640E-04   2.2397606840E+00   2.3751896612E+00   1.6844512301E-03   2.2438467719E+00   2.3835337483E+00   1.9049390847E-03   2.3563357462E+00   2.4158666024E+00   2.0927555885E-03   2.2035750466E+00   2.3748628617E+00   1.5731253703E-03   3.4219651229E-04
   1   -28   0    0   7.2007556669E-01   7.9468278358E+00   2.5153632841E-04   2.0562235467E+00   2.3720259722E+00   2.0683628564E-04   2.1385491441E+00   2.3371839793E+00   6.2540858640E-04   2.2397504852E+00   2.3752433436E+00   1.6844512301E-03   2.2439783526E+00   2.3836163079E+00   1.9049390847E-03   2.3564303820E+00   2.4159586217E+00   2.0927555885E-03   2.2037150783E+00   2.3749454213E+00   1.5731253703E-03   3.4220232114E-04
   1   -29   0    0   7.1008030387E-01   7.9470077068E+00   2.5140620182E-04   2.0561402525E+00   2.3720668310E+00   2.0683628564E-04   2.1384536933E+00   2.3372388378E+00   6.2540858640E-04   2.2397400433E+00   2.3752982021E+00   1.6844512301E-03   2.2441127602E+00   2.3837006395E+00   1.9049390847E-03   2.3565270409E+00   2.4160526083E+00   2.0927555885E-03   2.2038580097E+00   2.3750297529E+00   1.5731253703E-03   3.4220825480E-04
   1   -30   0    0   7.0008524503E-01   7.9471914203E+00   2.5127339807E-04   2.0560551893E+00   2.3721086015E+00   2.0683628564E-04   2.1383561771E+00   2.3372948960E+00   6.2540858640E-04   2.2397293527E+00   2.3753542603E+00   1.6844512301E-03   2.2442500493E+00   2.3837867772E+00   1.9049390847E-03   2.3566257615E+00   2.4161485996E+00   2.0927555885E-03   2.2040038929E+00   2.3751158905E+00   1.5731253703E-03   3.4221431569E-04
   1   -31   0    0   6.9009039848E-01   7.9473790496E+00   2.5113787076E-04   2.0559683238E+00   2.3721513026E+00   2.0683628564E-04   2.1382565552E+00   2.3373521779E+00   6.2540858640E-04   2.2397184076E+00   2.3754115422E+00   1.6844512301E-03   2.2443902750E+00   2.3838747554E+00   1.9049390847E-03   2.3567265829E+00   2.4162466335E+00   2.0927555885E-03   2.2041527801E+00   2.3752038688E+00   1.5731253703E-03   3.4222050623E-04
   1   -32   0    0   6.8009577281E-01   7.9475706688E+00   2.5099957311E-04   2.0558796219E+00   2.3721949538E+00   2.0683628564E-04   2.1381547862E+00   2.3374107079E+00   6.2540858640E-04   2.2397072020E+00   2.3754700722E+00   1.6844512301E-03   2.2445334934E+00   2.3839646092E+00   1.9049390847E-03   2.3568295446E+00   2.4163467486E+00   2.0927555885E-03   2.2043047246E+00   2.3752937226E+00   1.5731253703E-03   3.4222682889E-04
   1   -33   0    0   6.7010137692E-01   7.9477663530E+00   2.5085845796E-04   2.0557890495E+00   2.3722395747E+00   2.0683628564E-04   2.1380508286E+00   2.3374705107E+00   6.2540858640E-04   2.2396957301E+00   2.3755298751E+00   1.6844512301E-03   2.2446797611E+00   2.3840563740E+00   1.9049390847E-03   2.3569346866E+00   2.4164489837E+00   2.0927555885E-03   2.2044597799E+00   2.3753854874E+00   1.5731253703E-03   3.4223328619E-04
   1   -34   0    0   6.6010722003E-01   7.9479661783E+00   2.5071447780E-04   2.0556965718E+00   2.3722851853E+00   2.0683628564E-04   2.1379446401E+00   2.3375316115E+00   6.2540858640E-04   2.2396839855E+00   2.3755909758E+00   1.6844512301E-03   2.2448291356E+00   2.3841500856E+00   1.9049390847E-03   2.3570420494E+00   2.4165533782E+00   2.0927555885E-03   2.2046180000E+00   2.3754791990E+00   1.5731253703E-03   3.4223988066E-04
   1   -35   0    0   6.5011331170E-01   7.9481702215E+00   2.5056758480E-04   2.0556021536E+00   2.3723318060E+00   2.0683628564E-04   2.1378361777E+00   2.3375940357E+00   6.2540858640E-04   2.2396719622E+00   2.3756534000E+00   1.6844512301E-03   2.2449816750E+00   2.3842457804E+00   1.9049390847E-03   2.3571516741E+00   2.4166599719E+00   2.0927555885E-03   2.2047794397E+00   2.3755748938E+00   1.5731253703E-03   3.4224661485E-04
   1   -36   0    0   6.4011966182E-01   7.9483785606E+00   2.5041773079E-04   2.0555057593E+00   2.3723794573E+00   2.0683628564E-04   2.1377253981E+00   2.3376578091E+00   6.2540858640E-04   2.2396596537E+00   2.3757171734E+00   1.6844512301E-03   2.2451374381E+00   2.3843434951E+00   1.9049390847E-03   2.3572636021E+00   2.4167688053E+00   2.0927555885E-03   2.2049441539E+00   2.3756726085E+00   1.5731253703E-03   3.4225349137E-04
   1   -37   0    0   6.3012628062E-01   7.9485912743E+00   2.5026486735E-04   2.0554073529E+00   2.3724281602E+00   2.0683628564E-04   2.1376122572E+00   2.3377229579E+00   6.2540858640E-04   2.2396470535E+00   2.3757823222E+00   1.6844512301E-03   2.2452964844E+00   2.3844432668E+00   1.9049390847E-03   2.3573778752E+00   2.4168799190E+00   2.0927555885E-03   2.2051121982E+00   2.3757723802E+00   1.5731253703E-03   3.4226051283E-04
   1   -38   0    0   6.2013317869E-01   7.9488084423E+00   2.5010894576E-04   2.0553068980E+00   2.3724779361E+00   2.0683628564E-04   2.1374967106E+00   2.3377895086E+00   6.2540858640E-04   2.2396341549E+00   2.3758488730E+00   1.6844512301E-03   2.2454588741E+00   2.3845451331E+00   1.9049390847E-03   2.3574945359E+00   2.4169933542E+00   2.0927555885E-03   2.2052836288E+00   2.3758742464E+00   1.5731253703E-03   3.4226768191E-04
   1   -39   0    0   6.1014036698E-01   7.9490301450E+00   2.4994991711E-04   2.0552043578E+00   2.3725288065E+00   2.0683628564E-04   2.1373787131E+00   2.3378574882E+00   6.2540858640E-04   2.2396209513E+00   2.3759168525E+00   1.6844512301E-03   2.2456246681E+00   2.3846491319E+00   1.9049390847E-03   2.3576136269E+00   2.4171091524E+00   2.0927555885E-03   2.2054585021E+00   2.3759782453E+00   1.5731253703E-03   3.4227500127E-04
   1   -40   0    0   6.0014785683E-01   7.9492564637E+00   2.4978773224E-04   2.0550996952E+00   2.3725807934E+00   2.0683628564E-04   2.1372582191E+00   2.3379269238E+00   6.2540858640E-04   2.2396074357E+00   2.3759862882E+00   1.6844512301E-03   2.2457939277E+00   2.3847553017E+00   1.9049390847E-03   2.3577351914E+00   2.4172273558E+00   2.0927555885E-03   2.2056368750E+00   2.3760844151E+00   1.5731253703E-03   3.4228247364E-04
   1   -41   0    0   5.9015565992E-01   7.9494874805E+00   2.4962234184E-04   2.0549928724E+00   2.3726339191E+00   2.0683628564E-04   2.1371351826E+00   2.3379978431E+00   6.2540858640E-04   2.2395936010E+00   2.3760572074E+00   1.6844512301E-03   2.2459667151E+00   2.3848636812E+00   1.9049390847E-03   2.3578592731E+00   2.4173480067E+00   2.0927555885E-03   2.2058188048E+00   2.3761927945E+00   1.5731253703E-03   3.4229010174E-04
   1   -42   0    0   5.8016378836E-01   7.9497232784E+00   2.4945369644E-04   2.0548838516E+00   2.3726882061E+00   2.0683628564E-04   2.1370095568E+00   2.3380702739E+00   6.2540858640E-04   2.2395794402E+00   2.3761296382E+00   1.6844512301E-03   2.2461430930E+00   2.3849743094E+00   1.9049390847E-03   2.3579859158E+00   2.4174711479E+00   2.0927555885E-03   2.2060043491E+00   2.3763034227E+00   1.5731253703E-03   3.4229788835E-04
   1   -43   0    0   5.7017225462E-01   7.9499639410E+00   2.4928174648E-04   2.0547725944E+00   2.3727436773E+00   2.0683628564E-04   2.1368812946E+00   2.3381442444E+00   6.2540858640E-04   2.2395649458E+00   2.3762036087E+00   1.6844512301E-03   2.2463231246E+00   2.3850872258E+00   1.9049390847E-03   2.3581151641E+00   2.4175968224E+00   2.0927555885E-03   2.2061935660E+00   2.3764163392E+00   1.5731253703E-03   3.4230583626E-04
   1   -44   0    0   5.6018107162E-01   7.9502095526E+00   2.4910644229E-04   2.0546590622E+00   2.3728003559E+00   2.0683628564E-04   2.1367503484E+00   2.3382197832E+00   6.2540858640E-04   2.2395501106E+00   2.3762791476E+00   1.6844512301E-03   2.2465068738E+00   2.3852024702E+00   1.9049390847E-03   2.3582470625E+00   2.4177250739E+00   2.0927555885E-03   2.2063865138E+00   2.3765315836E+00   1.5731253703E-03   3.4231394829E-04
   1   -45   0    0   5.5019025264E-01   7.9504601983E+00   2.4892773417E-04   2.0545432159E+00   2.3728582656E+00   2.0683628564E-04   2.1366166701E+00   2.3382969192E+00   6.2540858640E-04   2.2395349268E+00   2.3763562836E+00   1.6844512301E-03   2.2466944049E+00   2.3853200828E+00   1.9049390847E-03   2.3583816562E+00   2.4178559461E+00   2.0927555885E-03   2.2065832511E+00   2.3766491962E+00   1.5731253703E-03   3.4232222726E-04
   1   -46   0    0   5.4019981142E-01   7.9507159638E+00   2.4874557244E-04   2.0544250162E+00   2.3729174300E+00   2.0683628564E-04   2.1364802112E+00   2.3383756816E+00   6.2540858640E-04   2.2395193868E+00   2.3764350459E+00   1.6844512301E-03   2.2468857828E+00   2.3854401040E+00   1.9049390847E-03   2.3585189906E+00   2.4179894830E+00   2.0927555885E-03   2.2067838368E+00   2.3767692174E+00   1.5731253703E-03   3.4233067606E-04
   1   -47   0    0   5.3020976212E-01   7.9509769354E+00   2.4855990743E-04   2.0543044234E+00   2.3729778733E+00   2.0683628564E-04   2.1363409227E+00   2.3384560997E+00   6.2540858640E-04   2.2395034827E+00   2.3765154641E+00   1.6844512301E-03   2.2470810728E+00   2.3855625745E+00   1.9049390847E-03   2.3586591112E+00   2.4181257293E+00   2.0927555885E-03   2.2069883300E+00   2.3768916878E+00   1.5731253703E-03   3.4233929754E-04
   1   -48   0    0   5.2022011932E-01   7.9512432001E+00   2.4837068954E-04   2.0541813976E+00   2.3730396200E+00   2.0683628564E-04   2.1361987553E+00   2.3385382035E+00   6.2540858640E-04   2.2394872066E+00   2.3765975678E+00   1.6844512301E-03   2.2472803407E+00   2.3856875352E+00   1.9049390847E-03   2.3588020641E+00   2.4182647294E+00   2.0927555885E-03   2.2071967900E+00   2.3770166486E+00   1.5731253703E-03   3.4234809463E-04
   1   -49   0    0   5.1023089806E-01   7.9515148451E+00   2.4817786933E-04   2.0540558986E+00   2.3731026947E+00   2.0683628564E-04   2.1360536591E+00   2.3386220228E+00   6.2540858640E-04   2.2394705503E+00   2.3766813872E+00   1.6844512301E-03   2.2474836527E+00   2.3858150275E+00   1.9049390847E-03   2.3589478954E+00   2.4184065283E+00   2.0927555885E-03   2.2074092762E+00   2.3771441409E+00   1.5731253703E-03   3.4235707023E-04
   1   -50   0    0   5.0024211381E-01   7.9517919585E+00   2.4798139749E-04   2.0539278858E+00   2.3731671224E+00   2.0683628564E-04   2.1359055842E+00   2.3387075881E+00   6.2540858640E-04   2.2394535055E+00   2.3767669524E+00   1.6844512301E-03   2.2476910753E+00   2.3859450927E+00   1.9049390847E-03   2.3590966516E+00   2.4185511711E+00   2.0927555885E-03   2.2076258481E+00   2.3772742061E+00   1.5731253703E-03   3.4236622729E-04
   1   -51   0    0   4.9025378251E-01   7.9520746286E+00   2.4778122493E-04   2.0537973185E+00   2.3732329285E+00   2.0683628564E-04   2.1357544800E+00   2.3387949298E+00   6.2540858640E-04   2.2394360637E+00   2.3768542941E+00   1.6844512301E-03   2.2479026755E+00   2.3860777726E+00   1.9049390847E-03   2.3592483792E+00   2.4186987032E+00   2.0927555885E-03   2.2078465655E+00   2.3774068860E+00   1.5731253703E-03   3.4237556875E-04
   1   -52   0    0   4.8026592055E-01   7.9523629441E+00   2.4757730284E-04   2.0536641557E+00   2.3733001384E+00   2.0683628564E-04   2.1356002958E+00   2.3388840787E+00   6.2540858640E-04   2.2394182165E+00   2.3769434431E+00   1.6844512301E-03   2.2481185204E+00   2.3862131090E+00   1.9049390847E-03   2.3594031250E+00   2.4188491700E+00   2.0927555885E-03   2.2080714880E+00   2.3775422224E+00   1.5731253703E-03   3.4238509759E-04
   1   -53   0    0   4.7027854479E-01   7.9526569941E+00   2.4736958271E-04   2.0535283562E+00   2.3733687780E+00   2.0683628564E-04   2.1354429807E+00   2.3389750660E+00   6.2540858640E-04   2.2393999551E+00   2.3770344303E+00   1.6844512301E-03   2.2483386776E+00   2.3863511440E+00   1.9049390847E-03   2.3595609359E+00   2.4190026171E+00   2.0927555885E-03   2.2083006753E+00   2.3776802573E+00   1.5731253703E-03   3.4239481677E-04
   1   -54   0    0   4.6029167255E-01   7.9529568679E+00   2.4715801640E-04   2.0533898786E+00   2.3734388733E+00   2.0683628564E-04   2.1352824833E+00   2.3390679227E+00   6.2540858640E-04   2.2393812706E+00   2.3771272870E+00   1.6844512301E-03   2.2485632146E+00   2.3864919195E+00   1.9049390847E-03   2.3597218590E+00   2.4191590902E+00   2.0927555885E-03   2.2085341869E+00   2.3778210329E+00   1.5731253703E-03   3.4240472929E-04
   1   -55   0    0   4.5030532163E-01   7.9532626551E+00   2.4694255618E-04   2.0532486813E+00   2.3735104506E+00   2.0683628564E-04   2.1351187522E+00   2.3391626804E+00   6.2540858640E-04   2.2393621541E+00   2.3772220447E+00   1.6844512301E-03   2.2487921994E+00   2.3866354779E+00   1.9049390847E-03   2.3598859413E+00   2.4193186351E+00   2.0927555885E-03   2.2087720824E+00   2.3779645913E+00   1.5731253703E-03   3.4241483814E-04
   1   -56   0    0   4.4031951030E-01   7.9535744454E+00   2.4672315481E-04   2.0531047227E+00   2.3735835364E+00   2.0683628564E-04   2.1349517358E+00   2.3392593705E+00   6.2540858640E-04   2.2393425963E+00   2.3773187349E+00   1.6844512301E-03   2.2490257000E+00   2.3867818615E+00   1.9049390847E-03   2.3600532299E+00   2.4194812975E+00   2.0927555885E-03   2.2090144212E+00   2.3781109749E+00   1.5731253703E-03   3.4242514632E-04
   1   -57   0    0   4.3033425731E-01   7.9538923287E+00   2.4649976558E-04   2.0529579608E+00   2.3736581574E+00   2.0683628564E-04   2.1347813823E+00   2.3393580250E+00   6.2540858640E-04   2.2393225880E+00   2.3774173893E+00   1.6844512301E-03   2.2492637843E+00   2.3869311127E+00   1.9049390847E-03   2.3602237719E+00   2.4196471234E+00   2.0927555885E-03   2.2092612624E+00   2.3782602260E+00   1.5731253703E-03   3.4243565683E-04
   1   -58   0    0   4.2034958189E-01   7.9542163946E+00   2.4627234237E-04   2.0528083538E+00   2.3737343406E+00   2.0683628564E-04   2.1346076398E+00   2.3394586756E+00   6.2540858640E-04   2.2393021197E+00   2.3775180399E+00   1.6844512301E-03   2.2495065204E+00   2.3870832736E+00   1.9049390847E-03   2.3603976144E+00   2.4198161585E+00   2.0927555885E-03   2.2095126649E+00   2.3784123870E+00   1.5731253703E-03   3.4244637268E-04
   1   -59   0    0   4.1036550374E-01   7.9545467331E+00   2.4604083971E-04   2.0526558597E+00   2.3738121131E+00   2.0683628564E-04   2.1344304566E+00   2.3395613544E+00   6.2540858640E-04   2.2392811817E+00   2.3776207188E+00   1.6844512301E-03   2.2497539764E+00   2.3872383868E+00   1.9049390847E-03   2.3605748044E+00   2.4199884484E+00   2.0927555885E-03   2.2097686874E+00   2.3785675002E+00   1.5731253703E-03   3.4245729687E-04
   1   -60   0    0   4.0038204304E-01   7.9548834337E+00   2.4580521286E-04   2.0525004364E+00   2.3738915023E+00   2.0683628564E-04   2.1342497806E+00   2.3396660936E+00   6.2540858640E-04   2.2392597644E+00   2.3777254579E+00   1.6844512301E-03   2.2500062202E+00   2.3873964944E+00   1.9049390847E-03   2.3607553887E+00   2.4201640387E+00   2.0927555885E-03   2.2100293880E+00   2.3787256077E+00   1.5731253703E-03   3.4246843240E-04
   1   -61   0    0   3.9039922047E-01   7.9552265858E+00   2.4556541787E-04   2.0523420417E+00   2.3739725355E+00   2.0683628564E-04   2.1340655600E+00   2.3397729252E+00   6.2540858640E-04   2.2392378578E+00   2.3778322896E+00   1.6844512301E-03   2.2502633195E+00   2.3875576385E+00   1.9049390847E-03   2.3609394142E+00   2.4203429749E+00   2.0927555885E-03   2.2102948245E+00   2.3788867519E+00   1.5731253703E-03   3.4247978226E-04
   1   -62   0    0   3.8041705715E-01   7.9555762787E+00   2.4532141160E-04   2.0521806337E+00   2.3740552404E+00   2.0683628564E-04   2.1338777431E+00   2.3398818816E+00   6.2540858640E-04   2.2392154518E+00   2.3779412460E+00   1.6844512301E-03   2.2505253419E+00   2.3877218612E+00   1.9049390847E-03   2.3611269272E+00   2.4205253021E+00   2.0927555885E-03   2.2105650544E+00   2.3790509746E+00   1.5731253703E-03   3.4249134945E-04
   1   -63   0    0   3.7043557468E-01   7.9559326010E+00   2.4507315188E-04   2.0520161703E+00   2.3741396447E+00   2.0683628564E-04   2.1336862783E+00   2.3399929950E+00   6.2540858640E-04   2.2391925362E+00   2.3780523594E+00   1.6844512301E-03   2.2507923546E+00   2.3878892044E+00   1.9049390847E-03   2.3613179740E+00   2.4207110653E+00   2.0927555885E-03   2.2108401342E+00   2.3792183178E+00   1.5731253703E-03   3.4250313692E-04
   1   -64   0    0   3.6045479513E-01   7.9562956411E+00   2.4482059749E-04   2.0518486095E+00   2.3742257762E+00   2.0683628564E-04   2.1334911143E+00   2.3401062978E+00   6.2540858640E-04   2.2391691006E+00   2.3781656621E+00   1.6844512301E-03   2.2510644246E+00   2.3880597096E+00   1.9049390847E-03   2.3615126006E+00   2.4209003092E+00   2.0927555885E-03   2.2111201203E+00   2.3793888229E+00   1.5731253703E-03   3.4251514764E-04
   1   -65   0    0   3.5047474104E-01   7.9566654868E+00   2.4456370826E-04   2.0516779093E+00   2.3743136630E+00   2.0683628564E-04   2.1332921998E+00   2.3402218221E+00   6.2540858640E-04   2.2391451346E+00   2.3782811864E+00   1.6844512301E-03   2.2513416183E+00   2.3882334181E+00   1.9049390847E-03   2.3617108525E+00   2.4210930782E+00   2.0927555885E-03   2.2114050679E+00   2.3795625315E+00   1.5731253703E-03   3.4252738455E-04
   1   -66   0    0   3.4049543537E-01   7.9570422250E+00   2.4430244518E-04   2.0515040282E+00   2.3744033329E+00   2.0683628564E-04   2.1330894841E+00   2.3403396001E+00   6.2540858640E-04   2.2391206273E+00   2.3783989644E+00   1.6844512301E-03   2.2516240017E+00   2.3884103710E+00   1.9049390847E-03   2.3619127750E+00   2.4212894160E+00   2.0927555885E-03   2.2116950319E+00   2.3797394844E+00   1.5731253703E-03   3.4253985056E-04
   1   -67   0    0   3.3051690155E-01   7.9574259423E+00   2.4403677042E-04   2.0513269244E+00   2.3744948141E+00   2.0683628564E-04   2.1328829168E+00   2.3404596640E+00   6.2540858640E-04   2.2390955679E+00   2.3785190283E+00   1.6844512301E-03   2.2519116401E+00   2.3885906091E+00   1.9049390847E-03   2.3621184128E+00   2.4214893662E+00   2.0927555885E-03   2.2119900661E+00   2.3799197224E+00   1.5731253703E-03   3.4255254858E-04
   1   -68   0    0   3.2053916343E-01   7.9578167241E+00   2.4376664742E-04   2.0511465566E+00   2.3745881345E+00   2.0683628564E-04   2.1326724480E+00   2.3405820457E+00   6.2540858640E-04   2.2390699455E+00   2.3786414100E+00   1.6844512301E-03   2.2522045984E+00   2.3887741725E+00   1.9049390847E-03   2.3623278100E+00   2.4216929719E+00   2.0927555885E-03   2.2122902235E+00   2.3801032858E+00   1.5731253703E-03   3.4256548147E-04
   1   -69   0    0   3.1056224528E-01   7.9582146550E+00   2.4349204097E-04   2.0509628836E+00   2.3746833223E+00   2.0683628564E-04   2.1324580283E+00   2.3407067771E+00   6.2540858640E-04   2.2390437488E+00   2.3787661415E+00   1.6844512301E-03   2.2525029405E+00   2.3889611010E+00   1.9049390847E-03   2.3625410104E+00   2.4219002754E+00   2.0927555885E-03   2.2125955560E+00   2.3802902144E+00   1.5731253703E-03   3.4257865206E-04
   1   -70   0    0   3.0058617177E-01   7.9586198184E+00   2.4321291731E-04   2.0507758645E+00   2.3747804055E+00   2.0683628564E-04   2.1322396089E+00   2.3408338899E+00   6.2540858640E-04   2.2390169666E+00   2.3788932543E+00   1.6844512301E-03   2.2528067296E+00   2.3891514341E+00   1.9049390847E-03   2.3627580569E+00   2.4221113186E+00   2.0927555885E-03   2.2129061147E+00   2.3804805475E+00   1.5731253703E-03   3.4259206316E-04
   1   -71   0    0   2.9061096796E-01   7.9590322968E+00   2.4292924413E-04   2.0505854586E+00   2.3748794121E+00   2.0683628564E-04   2.1320171416E+00   2.3409634156E+00   6.2540858640E-04   2.2389895873E+00   2.3790227799E+00   1.6844512301E-03   2.2531160280E+00   2.3893452105E+00   1.9049390847E-03   2.3629789920E+00   2.4223261426E+00   2.0927555885E-03   2.2132219492E+00   2.3806743239E+00   1.5731253703E-03   3.4260571753E-04
   1   -72   0    0   2.8063665929E-01   7.9594521712E+00   2.4264099075E-04   2.0503916258E+00   2.3749803700E+00   2.0683628564E-04   2.1317905791E+00   2.3410953853E+00   6.2540858640E-04   2.2389615994E+00   2.3791547497E+00   1.6844512301E-03   2.2534308969E+00   2.3895424683E+00   1.9049390847E-03   2.3632038571E+00   2.4225447879E+00   2.0927555885E-03   2.2135431082E+00   2.3808715817E+00   1.5731253703E-03   3.4261961790E-04
   1   -73   0    0   2.7066327155E-01   7.9598795212E+00   2.4234812811E-04   2.0501943261E+00   2.3750833069E+00   2.0683628564E-04   2.1315598749E+00   2.3412298300E+00   6.2540858640E-04   2.2389329909E+00   2.3792891943E+00   1.6844512301E-03   2.2537513965E+00   2.3897432451E+00   1.9049390847E-03   2.3634326932E+00   2.4227672941E+00   2.0927555885E-03   2.2138696390E+00   2.3810723585E+00   1.5731253703E-03   3.4263376694E-04
   1   -74   0    0   2.6069083085E-01   7.9603144250E+00   2.4205062889E-04   2.0499935201E+00   2.3751882506E+00   2.0683628564E-04   2.1313249834E+00   2.3413667803E+00   6.2540858640E-04   2.2389037498E+00   2.3794261446E+00   1.6844512301E-03   2.2540775860E+00   2.3899475776E+00   1.9049390847E-03   2.3636655401E+00   2.4229937002E+00   2.0927555885E-03   2.2142015876E+00   2.3812766910E+00   1.5731253703E-03   3.4264816728E-04
   1   -75   0    0   2.5071936362E-01   7.9607569592E+00   2.4174846757E-04   2.0497891686E+00   2.3752952286E+00   2.0683628564E-04   2.1310858599E+00   2.3415062664E+00   6.2540858640E-04   2.2388738642E+00   2.3795656307E+00   1.6844512301E-03   2.2544095229E+00   2.3901555019E+00   1.9049390847E-03   2.3639024369E+00   2.4232240439E+00   2.0927555885E-03   2.2145389983E+00   2.3814846153E+00   1.5731253703E-03   3.4266282149E-04
   1   -76   0    0   2.4074889657E-01   7.9612071985E+00   2.4144162052E-04   2.0495812333E+00   2.3754042681E+00   2.0683628564E-04   2.1308424610E+00   2.3416483182E+00   6.2540858640E-04   2.2388433215E+00   2.3797076825E+00   1.6844512301E-03   2.2547472637E+00   2.3903670532E+00   1.9049390847E-03   2.3641434216E+00   2.4234583622E+00   2.0927555885E-03   2.2148819140E+00   2.3816961666E+00   1.5731253703E-03   3.4267773209E-04
   1   -77   0    0   2.3077945666E-01   7.9616652158E+00   2.4113006608E-04   2.0493696760E+00   2.3755153963E+00   2.0683628564E-04   2.1305947443E+00   2.3417929651E+00   6.2540858640E-04   2.2388121095E+00   2.3798523294E+00   1.6844512301E-03   2.2550908632E+00   2.3905822658E+00   1.9049390847E-03   2.3643885311E+00   2.4236966911E+00   2.0927555885E-03   2.2152303761E+00   2.3819113791E+00   1.5731253703E-03   3.4269290154E-04
   1   -78   0    0   2.2081107109E-01   7.9621310820E+00   2.4081378461E-04   2.0491544593E+00   2.3756286399E+00   2.0683628564E-04   2.1303426689E+00   2.3419402359E+00   6.2540858640E-04   2.2387802153E+00   2.3799996003E+00   1.6844512301E-03   2.2554403749E+00   2.3908011730E+00   1.9049390847E-03   2.3646378012E+00   2.4239390654E+00   2.0927555885E-03   2.2155844240E+00   2.3821302864E+00   1.5731253703E-03   3.4270833222E-04
   1   -79   0    0   2.1084376725E-01   7.9626048658E+00   2.4049275858E-04   2.0489355464E+00   2.3757440255E+00   2.0683628564E-04   2.1300861950E+00   2.3420901592E+00   6.2540858640E-04   2.2387476262E+00   2.3801495236E+00   1.6844512301E-03   2.2557958504E+00   2.3910238073E+00   1.9049390847E-03   2.3648912666E+00   2.4241855188E+00   2.0927555885E-03   2.2159440956E+00   2.3823529206E+00   1.5731253703E-03   3.4272402645E-04
   1   -80   0    0   2.0087757268E-01   7.9630866338E+00   2.4016697265E-04   2.0487129011E+00   2.3758615792E+00   2.0683628564E-04   2.1298252845E+00   2.3422427628E+00   6.2540858640E-04   2.2387143292E+00   2.3803021271E+00   1.6844512301E-03   2.2561573396E+00   2.3912501998E+00   1.9049390847E-03   2.3651489607E+00   2.4244360837E+00   2.0927555885E-03   2.2163094265E+00   2.3825793132E+00   1.5731253703E-03   3.4273998649E-04
   1   -81   0    0   1.9091251508E-01   7.9635764501E+00   2.3983641375E-04   2.0484864880E+00   2.3759813269E+00   2.0683628564E-04   2.1295599007E+00   2.3423980738E+00   6.2540858640E-04   2.2386803111E+00   2.3804574381E+00   1.6844512301E-03   2.2565248905E+00   2.3914803810E+00   1.9049390847E-03   2.3654109155E+00   2.4246907912E+00   2.0927555885E-03   2.2166804507E+00   2.3828094943E+00   1.5731253703E-03   3.4275621449E-04
   1   -82   0    0   1.8094862219E-01   7.9640743761E+00   2.3950107110E-04   2.0482562722E+00   2.3761032940E+00   2.0683628564E-04   2.1292900087E+00   2.3425561188E+00   6.2540858640E-04   2.2386455586E+00   2.3806154831E+00   1.6844512301E-03   2.2568985491E+00   2.3917143796E+00   1.9049390847E-03   2.3656771616E+00   2.4249496712E+00   2.0927555885E-03   2.2170571999E+00   2.3830434930E+00   1.5731253703E-03   3.4277271255E-04
   1   -83   0    0   1.7098592185E-01   7.9645804709E+00   2.3916093636E-04   2.0480222198E+00   2.3762275053E+00   2.0683628564E-04   2.1290155754E+00   2.3427169237E+00   6.2540858640E-04   2.2386100582E+00   2.3807762880E+00   1.6844512301E-03   2.2572783595E+00   2.3919522235E+00   1.9049390847E-03   2.3659477284E+00   2.4252127520E+00   2.0927555885E-03   2.2174397036E+00   2.3832813369E+00   1.5731253703E-03   3.4278948265E-04
   1   -84   0    0   1.6102444187E-01   7.9650947906E+00   2.3881600363E-04   2.0477842976E+00   2.3763539855E+00   2.0683628564E-04   2.1287365694E+00   2.3428805136E+00   6.2540858640E-04   2.2385737962E+00   2.3809398779E+00   1.6844512301E-03   2.2576643633E+00   2.3921939392E+00   1.9049390847E-03   2.3662226434E+00   2.4254800606E+00   2.0927555885E-03   2.2178279893E+00   2.3835230525E+00   1.5731253703E-03   3.4280652672E-04
   1   -85   0    0   1.5106421004E-01   7.9656173884E+00   2.3846626953E-04   2.0475424733E+00   2.3764827585E+00   2.0683628564E-04   2.1284529615E+00   2.3430469128E+00   6.2540858640E-04   2.2385367586E+00   2.3811062772E+00   1.6844512301E-03   2.2580566002E+00   2.3924395516E+00   1.9049390847E-03   2.3665019327E+00   2.4257516222E+00   2.0927555885E-03   2.2182220817E+00   2.3837686650E+00   1.5731253703E-03   3.4282384655E-04
   1   -86   0    0   1.4110525408E-01   7.9661483143E+00   2.3811173329E-04   2.0472967154E+00   2.3766138476E+00   2.0683628564E-04   2.1281647246E+00   2.3432161449E+00   6.2540858640E-04   2.2384989315E+00   2.3812755092E+00   1.6844512301E-03   2.2584551071E+00   2.3926890845E+00   1.9049390847E-03   2.3667856207E+00   2.4260274606E+00   2.0927555885E-03   2.2186220035E+00   2.3840181979E+00   1.5731253703E-03   3.4284144387E-04
   1   -87   0    0   1.3114760154E-01   7.9666876155E+00   2.3775239679E-04   2.0470469935E+00   2.3767472757E+00   2.0683628564E-04   2.1278718335E+00   2.3433882323E+00   6.2540858640E-04   2.2384603006E+00   2.3814475967E+00   1.6844512301E-03   2.2588599186E+00   2.3929425601E+00   1.9049390847E-03   2.3670737300E+00   2.4263075978E+00   2.0927555885E-03   2.2190277747E+00   2.3842716735E+00   1.5731253703E-03   3.4285932027E-04
   1   -88   0    0   1.2119127984E-01   7.9672353355E+00   2.3738826462E-04   2.0467932781E+00   2.3768830649E+00   2.0683628564E-04   2.1275742658E+00   2.3435631968E+00   6.2540858640E-04   2.2384208514E+00   2.3816225612E+00   1.6844512301E-03   2.2592710666E+00   2.3931999989E+00   1.9049390847E-03   2.3673662817E+00   2.4265920540E+00   2.0927555885E-03   2.2194394125E+00   2.3845291123E+00   1.5731253703E-03   3.4287747726E-04
   1   -89   0    0   1.1123631613E-01   7.9677915145E+00   2.3701934411E-04   2.0465355406E+00   2.3770212367E+00   2.0683628564E-04   2.1272720010E+00   2.3437410591E+00   6.2540858640E-04   2.2383805695E+00   2.3818004234E+00   1.6844512301E-03   2.2596885805E+00   2.3934614200E+00   1.9049390847E-03   2.3676632946E+00   2.4268808479E+00   2.0927555885E-03   2.2198569318E+00   2.3847905334E+00   1.5731253703E-03   3.4289591622E-04
   1   -90   0    0   1.0128273728E-01   7.9683561890E+00   2.3664564544E-04   2.0462737535E+00   2.3771618118E+00   2.0683628564E-04   2.1269650216E+00   2.3439218387E+00   6.2540858640E-04   2.2383394399E+00   2.3819812031E+00   1.6844512301E-03   2.2601124866E+00   2.3937268407E+00   1.9049390847E-03   2.3679647858E+00   2.4271739958E+00   2.0927555885E-03   2.2202803443E+00   2.3850559541E+00   1.5731253703E-03   3.4291463842E-04
   1   -91   0    0   9.1330569820E-02   7.9689293921E+00   2.3626718162E-04   2.0460078906E+00   2.3773048102E+00   2.0683628564E-04   2.1266533124E+00   2.3441055543E+00   6.2540858640E-04   2.2382974478E+00   2.3821649186E+00   1.6844512301E-03   2.2605428084E+00   2.3939962767E+00   1.9049390847E-03   2.3682707705E+00   2.4274715126E+00   2.0927555885E-03   2.2207096591E+00   2.3853253900E+00   1.5731253703E-03   3.4293364501E-04
   1   -92   0    0   8.1379839892E-02   7.9695111528E+00   2.3588396858E-04   2.0457379266E+00   2.3774502511E+00   2.0683628564E-04   2.1263368611E+00   2.3442922233E+00   6.2540858640E-04   2.2382545780E+00   2.3823515876E+00   1.6844512301E-03   2.2609795665E+00   2.3942697417E+00   1.9049390847E-03   2.3685812616E+00   2.4277734108E+00   2.0927555885E-03   2.2211448822E+00   2.3855988551E+00   1.5731253703E-03   3.4295293701E-04
   1   -93   0    0   7.1430573165E-02   7.9701014961E+00   2.3549602519E-04   2.0454638374E+00   2.3775981527E+00   2.0683628564E-04   2.1260156582E+00   2.3444818619E+00   6.2540858640E-04   2.2382108150E+00   2.3825412263E+00   1.6844512301E-03   2.2614227780E+00   2.3945472478E+00   1.9049390847E-03   2.3688962701E+00   2.4280797011E+00   2.0927555885E-03   2.2215860167E+00   2.3858763612E+00   1.5731253703E-03   3.4297251531E-04
   1   -94   0    0   6.1482794794E-02   7.9707004431E+00   2.3510337329E-04   2.0451856001E+00   2.3777485325E+00   2.0683628564E-04   2.1256896974E+00   2.3446744854E+00   6.2540858640E-04   2.2381661435E+00   2.3827338497E+00   1.6844512301E-03   2.2618724573E+00   2.3948288051E+00   1.9049390847E-03   2.3692158048E+00   2.4283903919E+00   2.0927555885E-03   2.2220330625E+00   2.3861579185E+00   1.5731253703E-03   3.4299238068E-04
   1   -95   0    0   5.1536529352E-02   7.9713080106E+00   2.3470603775E-04   2.0449031931E+00   2.3779014070E+00   2.0683628564E-04   2.1253589750E+00   2.3448701073E+00   6.2540858640E-04   2.2381205476E+00   2.3829294716E+00   1.6844512301E-03   2.2623286151E+00   2.3951144218E+00   1.9049390847E-03   2.3695398721E+00   2.4287054896E+00   2.0927555885E-03   2.2224860165E+00   2.3864435352E+00   1.5731253703E-03   3.4301253374E-04
   1   -96   0    0   4.1591800771E-02   7.9719242112E+00   2.3430404647E-04   2.0446165960E+00   2.3780567916E+00   2.0683628564E-04   2.1250234909E+00   2.3450687403E+00   6.2540858640E-04   2.2380740116E+00   2.3831281046E+00   1.6844512301E-03   2.2627912588E+00   2.3954041040E+00   1.9049390847E-03   2.3698684764E+00   2.4290249983E+00   2.0927555885E-03   2.2229448720E+00   2.3867332174E+00   1.5731253703E-03   3.4303297497E-04
   1   -97   0    0   3.1648632275E-02   7.9725490529E+00   2.3389743040E-04   2.0443257898E+00   2.3782147008E+00   2.0683628564E-04   2.1246832480E+00   2.3452703954E+00   6.2540858640E-04   2.2380265192E+00   2.3833297598E+00   1.6844512301E-03   2.2632603924E+00   2.3956978559E+00   1.9049390847E-03   2.3702016194E+00   2.4293489198E+00   2.0927555885E-03   2.2234096194E+00   2.3870269693E+00   1.5731253703E-03   3.4305370472E-04
   1   -98   0    0   2.1707046318E-02   7.9731825393E+00   2.3348622357E-04   2.0440307568E+00   2.3783751480E+00   2.0683628564E-04   2.1243382527E+00   2.3454750825E+00   6.2540858640E-04   2.2379780544E+00   2.3835344469E+00   1.6844512301E-03   2.2637360162E+00   2.3959956795E+00   1.9049390847E-03   2.3705393008E+00   2.4296772537E+00   2.0927555885E-03   2.2238802454E+00   2.3873247929E+00   1.5731253703E-03   3.4307472316E-04
   1   -99   0    0   1.1767064518E-02   7.9738246694E+00   2.3307046311E-04   2.0437314805E+00   2.3785381456E+00   2.0683628564E-04   2.1239885148E+00   2.3456828099E+00   6.2540858640E-04   2.2379286005E+00   2.3837421742E+00   1.6844512301E-03   2.2642181269E+00   2.3962975747E+00   1.9049390847E-03   2.3708815175E+00   2.4300099970E+00   2.0927555885E-03   2.2243567335E+00   2.3876266881E+00   1.5731253703E-03   3.4309603035E-04
   1  -100   0    0   1.8287075916E-03   7.9744754374E+00   2.3265018924E-04   2.0434279461E+00   2.3787037047E+00   2.0683628564E-04   2.1236340475E+00   2.3458935843E+00   6.2540858640E-04   2.2378781411E+00   2.3839529486E+00   1.6844512301E-03   2.2647067176E+00   2.3966035393E+00   1.9049390847E-03   2.3712282644E+00   2.4303471445E+00   2.0927555885E-03   2.2248390635E+00   2.3879326527E+00   1.5731253703E-03   3.4311762618E-04
   1  -101   0    0  -8.1080047110E-03   7.9751348328E+00   2.3222544527E-04   2.0431201401E+00   2.3788718352E+00   2.0683628564E-04   2.1232748679E+00   2.3461074111E+00   6.2540858640E-04   2.2378266594E+00   2.3841667754E+00   1.6844512301E-03   2.2652017774E+00   2.3969135687E+00   1.9049390847E-03   2.3715795333E+00   2.4306886886E+00   2.0927555885E-03   2.2253272120E+00   2.3882426821E+00   1.5731253703E-03   3.4313951037E-04
   1  -102   0    0  -1.8043053672E-02   7.9758028401E+00   2.3179627764E-04   2.0428080503E+00   2.3790425460E+00   2.0683628564E-04   2.1229109966E+00   2.3463242940E+00   6.2540858640E-04   2.2377741384E+00   2.3843836584E+00   1.6844512301E-03   2.2657032916E+00   2.3972276562E+00   1.9049390847E-03   2.3719353139E+00   2.4310346190E+00   2.0927555885E-03   2.2258211517E+00   2.3885567696E+00   1.5731253703E-03   3.4316168250E-04
   1  -103   0    0  -2.7976421670E-02   7.9764794388E+00   2.3136273585E-04   2.0424916663E+00   2.3792158446E+00   2.0683628564E-04   2.1225424580E+00   2.3465442353E+00   6.2540858640E-04   2.2377205611E+00   2.3846035997E+00   1.6844512301E-03   2.2662112416E+00   2.3975457928E+00   1.9049390847E-03   2.3722955932E+00   2.4313849230E+00   2.0927555885E-03   2.2263208517E+00   2.3888749062E+00   1.5731253703E-03   3.4318414198E-04
   1  -104   0    0  -3.7908092245E-02   7.9771646035E+00   2.3092487249E-04   2.0421709789E+00   2.3793917371E+00   2.0683628564E-04   2.1221692804E+00   2.3467672356E+00   6.2540858640E-04   2.2376659103E+00   2.3848265999E+00   1.6844512301E-03   2.2667256048E+00   2.3978679672E+00   1.9049390847E-03   2.3726603554E+00   2.4317395854E+00   2.0927555885E-03   2.2268262777E+00   2.3891970805E+00   1.5731253703E-03   3.4320688805E-04
   1  -105   0    0  -4.7838050166E-02   7.9778583036E+00   2.3048274322E-04   2.0418459808E+00   2.3795702285E+00   2.0683628564E-04   2.1217914960E+00   2.3469932936E+00   6.2540858640E-04   2.2376101686E+00   2.3850526579E+00   1.6844512301E-03   2.2672463546E+00   2.3981941655E+00   1.9049390847E-03   2.3730295823E+00   2.4320985883E+00   2.0927555885E-03   2.2273373915E+00   2.3895232789E+00   1.5731253703E-03   3.4322991980E-04
   1  -106   0    0  -5.7766281487E-02   7.9785605034E+00   2.3003640673E-04   2.0415166661E+00   2.3797513223E+00   2.0683628564E-04   2.1214091407E+00   2.3472224066E+00   6.2540858640E-04   2.2375533185E+00   2.3852817710E+00   1.6844512301E-03   2.2677734601E+00   2.3985243718E+00   1.9049390847E-03   2.3734032528E+00   2.4324619114E+00   2.0927555885E-03   2.2278541511E+00   2.3898534852E+00   1.5731253703E-03   3.4325323614E-04
   1  -107   0    0  -6.7692773615E-02   7.9792711617E+00   2.2958592475E-04   2.0411830304E+00   2.3799350206E+00   2.0683628564E-04   2.1210222548E+00   2.3474545702E+00   6.2540858640E-04   2.2374953424E+00   2.3855139345E+00   1.6844512301E-03   2.2683068866E+00   2.3988585675E+00   1.9049390847E-03   2.3737813432E+00   2.4328295314E+00   2.0927555885E-03   2.2283765111E+00   2.3901876809E+00   1.5731253703E-03   3.4327683581E-04
   1  -108   0    0  -7.7617515368E-02   7.9799902325E+00   2.2913136198E-04   2.0408450710E+00   2.3801213241E+00   2.0683628564E-04   2.1206308825E+00   2.3476897780E+00   6.2540858640E-04   2.2374362226E+00   2.3857491423E+00   1.6844512301E-03   2.2688465951E+00   2.3991967317E+00   1.9049390847E-03   2.3741638272E+00   2.4332014228E+00   2.0927555885E-03   2.2289044221E+00   2.3905258451E+00   1.5731253703E-03   3.4330071739E-04
   1  -109   0    0  -8.7540497033E-02   7.9807176641E+00   2.2867278605E-04   2.0405027871E+00   2.3803102320E+00   2.0683628564E-04   2.1202350718E+00   2.3479280221E+00   6.2540858640E-04   2.2373759414E+00   2.3859873864E+00   1.6844512301E-03   2.2693925422E+00   2.3995388412E+00   1.9049390847E-03   2.3745506756E+00   2.4335775571E+00   2.0927555885E-03   2.2294378310E+00   2.3908679546E+00   1.5731253703E-03   3.4332487927E-04
   1  -110   0    0  -9.7461710426E-02   7.9814533996E+00   2.2821026752E-04   2.0401561792E+00   2.3805017423E+00   2.0683628564E-04   2.1198348752E+00   2.3481692925E+00   6.2540858640E-04   2.2373144810E+00   2.3862286569E+00   1.6844512301E-03   2.2699446807E+00   2.3998848701E+00   1.9049390847E-03   2.3749418565E+00   2.4339579034E+00   2.0927555885E-03   2.2299766808E+00   2.3912139834E+00   1.5731253703E-03   3.4334931967E-04
   1  -111   0    0  -1.0738114894E-01   7.9821973768E+00   2.2774387983E-04   2.0398052498E+00   2.3806958511E+00   2.0683628564E-04   2.1194303490E+00   2.3484135778E+00   6.2540858640E-04   2.2372518234E+00   2.3864729422E+00   1.6844512301E-03   2.2705029588E+00   2.4002347901E+00   1.9049390847E-03   2.3753373352E+00   2.4343424279E+00   2.0927555885E-03   2.2305209111E+00   2.3915639034E+00   1.5731253703E-03   3.4337403666E-04
   1  -112   0    0  -1.1729880761E-01   7.9829495280E+00   2.2727369921E-04   2.0394500030E+00   2.3808925531E+00   2.0683628564E-04   2.1190215538E+00   2.3486608644E+00   6.2540858640E-04   2.2371879506E+00   2.3867202288E+00   1.6844512301E-03   2.2710673206E+00   2.4005885705E+00   1.9049390847E-03   2.3757370745E+00   2.4347310942E+00   2.0927555885E-03   2.2310704575E+00   2.3919176839E+00   1.5731253703E-03   3.4339902810E-04
   1  -113   0    0  -1.2721468316E-01   7.9837097803E+00   2.2679980467E-04   2.0390904448E+00   2.3810918417E+00   2.0683628564E-04   2.1186085542E+00   2.3489111371E+00   6.2540858640E-04   2.2371228449E+00   2.3869705015E+00   1.6844512301E-03   2.2716377061E+00   2.4009461782E+00   1.9049390847E-03   2.3761410340E+00   2.4351238634E+00   2.0927555885E-03   2.2316252518E+00   2.3922752916E+00   1.5731253703E-03   3.4342429169E-04
   1  -114   0    0  -1.3712877401E-01   7.9844780550E+00   2.2632227793E-04   2.0387265828E+00   2.3812937083E+00   2.0683628564E-04   2.1181914190E+00   2.3491643787E+00   6.2540858640E-04   2.2370564883E+00   2.3872237430E+00   1.6844512301E-03   2.2722140507E+00   2.4013075775E+00   1.9049390847E-03   2.3765491711E+00   2.4355206936E+00   2.0927555885E-03   2.2321852223E+00   2.3926366908E+00   1.5731253703E-03   3.4344982497E-04
   1  -115   0    0  -1.4704108040E-01   7.9852542686E+00   2.2584120335E-04   2.0383584266E+00   2.3814981432E+00   2.0683628564E-04   2.1177702210E+00   2.3494205701E+00   6.2540858640E-04   2.2369888629E+00   2.3874799345E+00   1.6844512301E-03   2.2727962860E+00   2.4016727301E+00   1.9049390847E-03   2.3769614399E+00   2.4359215405E+00   2.0927555885E-03   2.2327502934E+00   2.3930018435E+00   1.5731253703E-03   3.4347562528E-04
   1  -116   0    0  -1.5695160437E-01   7.9860383317E+00   2.2535666789E-04   2.0379859875E+00   2.3817051346E+00   2.0683628564E-04   2.1173450372E+00   2.3496796905E+00   6.2540858640E-04   2.2369199510E+00   2.3877390548E+00   1.6844512301E-03   2.2733843391E+00   2.4020415956E+00   1.9049390847E-03   2.3773777923E+00   2.4363263569E+00   2.0927555885E-03   2.2333203860E+00   2.3933707090E+00   1.5731253703E-03   3.4350168980E-04
   1  -117   0    0  -1.6686034981E-01   7.9868301498E+00   2.2486876104E-04   2.0376092788E+00   2.3819146695E+00   2.0683628564E-04   2.1169159483E+00   2.3499417170E+00   6.2540858640E-04   2.2368497349E+00   2.3880010814E+00   1.6844512301E-03   2.2739781330E+00   2.4024141309E+00   1.9049390847E-03   2.3777981769E+00   2.4367350933E+00   2.0927555885E-03   2.2338954173E+00   2.3937432443E+00   1.5731253703E-03   3.4352801552E-04
   1  -118   0    0  -1.7676732249E-01   7.9876296231E+00   2.2437757473E-04   2.0372283157E+00   2.3821267331E+00   2.0683628564E-04   2.1164830392E+00   2.3502066250E+00   6.2540858640E-04   2.2367781970E+00   2.3882659894E+00   1.6844512301E-03   2.2745775865E+00   2.4027902904E+00   1.9049390847E-03   2.3782225402E+00   2.4371476973E+00   2.0927555885E-03   2.2344753010E+00   2.3941194038E+00   1.5731253703E-03   3.4355459927E-04
   1  -119   0    0  -1.8667253012E-01   7.9884366464E+00   2.2388320330E-04   2.0368431153E+00   2.3823413088E+00   2.0683628564E-04   2.1160463987E+00   2.3504743879E+00   6.2540858640E-04   2.2367053200E+00   2.3885337523E+00   1.6844512301E-03   2.2751826143E+00   2.4031700262E+00   1.9049390847E-03   2.3786508255E+00   2.4375641139E+00   2.0927555885E-03   2.2350599471E+00   2.3944991396E+00   1.5731253703E-03   3.4358143771E-04
   1  -120   0    0  -1.9657598235E-01   7.9892511094E+00   2.2338574339E-04   2.0364536965E+00   2.3825583787E+00   2.0683628564E-04   2.1156061193E+00   2.3507449773E+00   6.2540858640E-04   2.2366310868E+00   2.3888043416E+00   1.6844512301E-03   2.2757931270E+00   2.4035532880E+00   1.9049390847E-03   2.3790829738E+00   2.4379842857E+00   2.0927555885E-03   2.2356492623E+00   2.3948824014E+00   1.5731253703E-03   3.4360852732E-04
   1  -121   0    0  -2.0647769079E-01   7.9900728963E+00   2.2288529388E-04   2.0360600806E+00   2.3827779231E+00   2.0683628564E-04   2.1151622973E+00   2.3510183627E+00   6.2540858640E-04   2.2365554804E+00   2.3890777270E+00   1.6844512301E-03   2.2764090312E+00   2.4039400230E+00   1.9049390847E-03   2.3795189232E+00   2.4384081524E+00   2.0927555885E-03   2.2362431497E+00   2.3952691364E+00   1.5731253703E-03   3.4363586441E-04
   1  -122   0    0  -2.1637766905E-01   7.9909018865E+00   2.2238195583E-04   2.0356622904E+00   2.3829999205E+00   2.0683628564E-04   2.1147150328E+00   2.3512945119E+00   6.2540858640E-04   2.2364784842E+00   2.3893538762E+00   1.6844512301E-03   2.2770302294E+00   2.4043301761E+00   1.9049390847E-03   2.3799586095E+00   2.4388356515E+00   2.0927555885E-03   2.2368415092E+00   2.3956592894E+00   1.5731253703E-03   3.4366344511E-04
   1  -123   0    0  -2.2627593273E-01   7.9917379540E+00   2.2187583237E-04   2.0352603513E+00   2.3832243480E+00   2.0683628564E-04   2.1142644292E+00   2.3515733909E+00   6.2540858640E-04   2.2364000820E+00   2.3896327552E+00   1.6844512301E-03   2.2776566202E+00   2.4047236897E+00   1.9049390847E-03   2.3804019656E+00   2.4392667180E+00   2.0927555885E-03   2.2374442373E+00   2.3960528031E+00   1.5731253703E-03   3.4369126542E-04
   1  -124   0    0  -2.3617249947E-01   7.9925809681E+00   2.2136702866E-04   2.0348542905E+00   2.3834511808E+00   2.0683628564E-04   2.1138105935E+00   2.3518549636E+00   6.2540858640E-04   2.2363202578E+00   2.3899143279E+00   1.6844512301E-03   2.2782880985E+00   2.4051205042E+00   1.9049390847E-03   2.3808489221E+00   2.4397012841E+00   2.0927555885E-03   2.2380512273E+00   2.3964496176E+00   1.5731253703E-03   3.4371932113E-04
   1  -125   0    0  -2.4606738890E-01   7.9934307929E+00   2.2085565178E-04   2.0344441372E+00   2.3836803928E+00   2.0683628564E-04   2.1133536360E+00   2.3521391922E+00   6.2540858640E-04   2.2362389963E+00   2.3901985565E+00   1.6844512301E-03   2.2789245552E+00   2.4055205574E+00   1.9049390847E-03   2.3812994070E+00   2.4401392798E+00   2.0927555885E-03   2.2386623694E+00   2.3968496708E+00   1.5731253703E-03   3.4374760789E-04
   1  -126   0    0  -2.5596062269E-01   7.9942872877E+00   2.2034181068E-04   2.0340299231E+00   2.3839119558E+00   2.0683628564E-04   2.1128936702E+00   2.3524260371E+00   6.2540858640E-04   2.2361562824E+00   2.3904854014E+00   1.6844512301E-03   2.2795658775E+00   2.4059237850E+00   1.9049390847E-03   2.3817533457E+00   2.4405806328E+00   2.0927555885E-03   2.2392775505E+00   2.3972528984E+00   1.5731253703E-03   3.4377612119E-04
   1  -127   0    0  -2.6585222455E-01   7.9951503070E+00   2.1982561607E-04   2.0336116819E+00   2.3841458405E+00   2.0683628564E-04   2.1124308128E+00   2.3527154567E+00   6.2540858640E-04   2.2360721016E+00   2.3907748210E+00   1.6844512301E-03   2.2802119490E+00   2.4063301204E+00   1.9049390847E-03   2.3822106615E+00   2.4410252682E+00   2.0927555885E-03   2.2398966548E+00   2.3976592338E+00   1.5731253703E-03   3.4380485635E-04
   1  -128   0    0  -2.7574222019E-01   7.9960197007E+00   2.1930718035E-04   2.0331894496E+00   2.3843820155E+00   2.0683628564E-04   2.1119651832E+00   2.3530074078E+00   6.2540858640E-04   2.2359864401E+00   2.3910667721E+00   1.6844512301E-03   2.2808626498E+00   2.4067394949E+00   1.9049390847E-03   2.3826712751E+00   2.4414731089E+00   2.0927555885E-03   2.2405195634E+00   2.3980686083E+00   1.5731253703E-03   3.4383380855E-04
   1  -129   0    0  -2.8563063732E-01   7.9968953139E+00   2.1878661755E-04   2.0327632645E+00   2.3846204480E+00   2.0683628564E-04   2.1114969039E+00   2.3533018452E+00   6.2540858640E-04   2.2358992846E+00   2.3913612096E+00   1.6844512301E-03   2.2815178563E+00   2.4071518375E+00   1.9049390847E-03   2.3831351048E+00   2.4419240756E+00   2.0927555885E-03   2.2411461546E+00   2.3984809509E+00   1.5731253703E-03   3.4386297280E-04
   1  -130   0    0  -2.9551750567E-01   7.9977769873E+00   2.1826404321E-04   2.0323331671E+00   2.3848611036E+00   2.0683628564E-04   2.1110260997E+00   2.3535987222E+00   6.2540858640E-04   2.2358106226E+00   2.3916580866E+00   1.6844512301E-03   2.2821774418E+00   2.4075670753E+00   1.9049390847E-03   2.3836020668E+00   2.4423780867E+00   2.0927555885E-03   2.2417763041E+00   2.3988961886E+00   1.5731253703E-03   3.4389234397E-04
   1  -131   0    0  -3.0540285692E-01   7.9986645572E+00   2.1773957433E-04   2.0318992003E+00   2.3851039463E+00   2.0683628564E-04   2.1105528981E+00   2.3538979901E+00   6.2540858640E-04   2.2357204423E+00   2.3919573545E+00   1.6844512301E-03   2.2828412760E+00   2.4079851330E+00   1.9049390847E-03   2.3840720749E+00   2.4428350584E+00   2.0927555885E-03   2.2424098848E+00   2.3993142464E+00   1.5731253703E-03   3.4392191677E-04
   1  -132   0    0  -3.1528672473E-01   7.9995578555E+00   2.1721332930E-04   2.0314614095E+00   2.3853489386E+00   2.0683628564E-04   2.1100774288E+00   2.3541995987E+00   6.2540858640E-04   2.2356287327E+00   2.3922589630E+00   1.6844512301E-03   2.2835092257E+00   2.4084059337E+00   1.9049390847E-03   2.3845450408E+00   2.4432949048E+00   2.0927555885E-03   2.2430467670E+00   2.3997350471E+00   1.5731253703E-03   3.4395168578E-04
   1  -133   0    0  -3.2516914468E-01   8.0004567101E+00   2.1668542775E-04   2.0310198425E+00   2.3855960413E+00   2.0683628564E-04   2.1095998236E+00   2.3545034958E+00   6.2540858640E-04   2.2355354836E+00   2.3925628602E+00   1.6844512301E-03   2.2841811543E+00   2.4088293982E+00   1.9049390847E-03   2.3850208740E+00   2.4437575380E+00   2.0927555885E-03   2.2436868189E+00   2.4001585116E+00   1.5731253703E-03   3.4398164543E-04
   1  -134   0    0  -3.3505015424E-01   8.0013609446E+00   2.1615599058E-04   2.0305745494E+00   2.3858452137E+00   2.0683628564E-04   2.1091202165E+00   2.3548096280E+00   6.2540858640E-04   2.2354406858E+00   2.3928689923E+00   1.6844512301E-03   2.2848569225E+00   2.4092554455E+00   1.9049390847E-03   2.3854994821E+00   2.4442228678E+00   2.0927555885E-03   2.2443299059E+00   2.4005845589E+00   1.5731253703E-03   3.4401179002E-04
   1  -135   0    0  -3.4492979275E-01   8.0022703786E+00   2.1562513978E-04   2.0301255831E+00   2.3860964137E+00   2.0683628564E-04   2.1086387430E+00   2.3551179397E+00   6.2540858640E-04   2.2353443311E+00   2.3931773041E+00   1.6844512301E-03   2.2855363879E+00   2.4096839926E+00   1.9049390847E-03   2.3859807703E+00   2.4446908023E+00   2.0927555885E-03   2.2449758915E+00   2.4010131060E+00   1.5731253703E-03   3.4404211369E-04
   1  -136   0    0  -3.5480810140E-01   8.0031848281E+00   2.1509299839E-04   2.0296729988E+00   2.3863495976E+00   2.0683628564E-04   2.1081555403E+00   2.3554283743E+00   6.2540858640E-04   2.2352464123E+00   2.3934877386E+00   1.6844512301E-03   2.2862194055E+00   2.4101149548E+00   1.9049390847E-03   2.3864646423E+00   2.4451612477E+00   2.0927555885E-03   2.2456246368E+00   2.4014440682E+00   1.5731253703E-03   3.4407261047E-04
   1  -137   0    0  -3.6468512315E-01   8.0041041052E+00   2.1455969043E-04   2.0292168544E+00   2.3866047202E+00   2.0683628564E-04   2.1076707470E+00   2.3557408731E+00   6.2540858640E-04   2.2351469232E+00   2.3938002374E+00   1.6844512301E-03   2.2869058273E+00   2.4105482455E+00   1.9049390847E-03   2.3869509994E+00   2.4456341082E+00   2.0927555885E-03   2.2462760011E+00   2.4018773589E+00   1.5731253703E-03   3.4410327427E-04
   1  -138   0    0  -3.7456090269E-01   8.0050280183E+00   2.1402534082E-04   2.0287572103E+00   2.3868617351E+00   2.0683628564E-04   2.1071845030E+00   2.3560553761E+00   6.2540858640E-04   2.2350458590E+00   2.3941147405E+00   1.6844512301E-03   2.2875955032E+00   2.4109837764E+00   1.9049390847E-03   2.3874397413E+00   2.4461092861E+00   2.0927555885E-03   2.2469298417E+00   2.4023128897E+00   1.5731253703E-03   3.4413409884E-04
   1  -139   0    0  -3.8443548644E-01   8.0059563725E+00   2.1349007526E-04   2.0282941298E+00   2.3871205941E+00   2.0683628564E-04   2.1066969492E+00   2.3563718219E+00   6.2540858640E-04   2.2349432158E+00   2.3944311862E+00   1.6844512301E-03   2.2882882803E+00   2.4114214574E+00   1.9049390847E-03   2.3879307660E+00   2.4465866821E+00   2.0927555885E-03   2.2475860139E+00   2.4027505708E+00   1.5731253703E-03   3.4416507785E-04
   1  -140   0    0  -3.9430892243E-01   8.0068889695E+00   2.1295402021E-04   2.0278276786E+00   2.3873812480E+00   2.0683628564E-04   2.1062082272E+00   2.3566901474E+00   6.2540858640E-04   2.2348389911E+00   2.3947495118E+00   1.6844512301E-03   2.2889840035E+00   2.4118611970E+00   1.9049390847E-03   2.3884239695E+00   2.4470661953E+00   2.0927555885E-03   2.2482443716E+00   2.4031903104E+00   1.5731253703E-03   3.4419620483E-04
   1  -141   0    0  -4.0418126030E-01   8.0078256077E+00   2.1241730274E-04   2.0273579253E+00   2.3876436459E+00   2.0683628564E-04   2.1057184795E+00   2.3570102883E+00   6.2540858640E-04   2.2347331839E+00   2.3950696526E+00   1.6844512301E-03   2.2896825156E+00   2.4123029020E+00   1.9049390847E-03   2.3889192463E+00   2.4475477230E+00   2.0927555885E-03   2.2489047667E+00   2.4036320154E+00   1.5731253703E-03   3.4422747319E-04
   1  -142   0    0  -4.1405255122E-01   8.0087660824E+00   2.1188005053E-04   2.0268849411E+00   2.3879077357E+00   2.0683628564E-04   2.1052278488E+00   2.3573321787E+00   6.2540858640E-04   2.2346257943E+00   2.3953915430E+00   1.6844512301E-03   2.2903836572E+00   2.4127464776E+00   1.9049390847E-03   2.3894164893E+00   2.4480311610E+00   2.0927555885E-03   2.2495670498E+00   2.4040755910E+00   1.5731253703E-03   3.4425887625E-04
   1  -143   0    0  -4.2392284783E-01   8.0097101862E+00   2.1134239172E-04   2.0264088001E+00   2.3881734642E+00   2.0683628564E-04   2.1047364784E+00   2.3576557513E+00   6.2540858640E-04   2.2345168240E+00   2.3957151157E+00   1.6844512301E-03   2.2910872669E+00   2.4131918276E+00   1.9049390847E-03   2.3899155896E+00   2.4485164036E+00   2.0927555885E-03   2.2502310703E+00   2.4045209410E+00   1.5731253703E-03   3.4429040720E-04
   1  -144   0    0  -4.3379220418E-01   8.0106577084E+00   2.1080445487E-04   2.0259295791E+00   2.3884407765E+00   2.0683628564E-04   2.1042445114E+00   2.3579809378E+00   6.2540858640E-04   2.2344062760E+00   2.3960403022E+00   1.6844512301E-03   2.2917931815E+00   2.4136388544E+00   1.9049390847E-03   2.3904164373E+00   2.4490033436E+00   2.0927555885E-03   2.2508966760E+00   2.4049679678E+00   1.5731253703E-03   3.4432205916E-04
   1  -145   0    0  -4.4366067566E-01   8.0116084362E+00   2.1026636885E-04   2.0254473576E+00   2.3887096169E+00   2.0683628564E-04   2.1037520910E+00   2.3583076684E+00   6.2540858640E-04   2.2342941549E+00   2.3963670328E+00   1.6844512301E-03   2.2925012363E+00   2.4140874591E+00   1.9049390847E-03   2.3909189206E+00   2.4494918725E+00   2.0927555885E-03   2.2515637137E+00   2.4054165724E+00   1.5731253703E-03   3.4435382513E-04
   1  -146   0    0  -4.5352831893E-01   8.0125621539E+00   2.0972826276E-04   2.0249622180E+00   2.3889799282E+00   2.0683628564E-04   2.1032593601E+00   2.3586358720E+00   6.2540858640E-04   2.2341804669E+00   2.3966952364E+00   1.6844512301E-03   2.2932112646E+00   2.4145375413E+00   1.9049390847E-03   2.3914229265E+00   2.4499818806E+00   2.0927555885E-03   2.2522320291E+00   2.4058666547E+00   1.5731253703E-03   3.4438569802E-04
   1  -147   0    0  -4.6339519184E-01   8.0135186435E+00   2.0919026590E-04   2.0244742456E+00   2.3892516521E+00   2.0683628564E-04   2.1027664612E+00   2.3589654766E+00   6.2540858640E-04   2.2340652198E+00   2.3970248409E+00   1.6844512301E-03   2.2939230985E+00   2.4149889997E+00   1.9049390847E-03   2.3919283410E+00   2.4504732566E+00   2.0927555885E-03   2.2529014669E+00   2.4063181131E+00   1.5731253703E-03   3.4441767066E-04
   1  -148   0    0  -4.7326135339E-01   8.0144776849E+00   2.0865250759E-04   2.0239835282E+00   2.3895247292E+00   2.0683628564E-04   2.1022735360E+00   2.3592964086E+00   6.2540858640E-04   2.2339484229E+00   2.3973557730E+00   1.6844512301E-03   2.2946365687E+00   2.4154417317E+00   1.9049390847E-03   2.3924350486E+00   2.4509658885E+00   2.0927555885E-03   2.2535718710E+00   2.4067708450E+00   1.5731253703E-03   3.4444973579E-04
   1  -149   0    0  -4.8312686361E-01   8.0154390556E+00   2.0811511716E-04   2.0234901568E+00   2.3897990991E+00   2.0683628564E-04   2.1017807257E+00   2.3596285938E+00   6.2540858640E-04   2.2338300874E+00   2.3976879581E+00   1.6844512301E-03   2.2953515048E+00   2.4158956334E+00   1.9049390847E-03   2.3929429328E+00   2.4514596629E+00   2.0927555885E-03   2.2542430847E+00   2.4072247468E+00   1.5731253703E-03   3.4448188607E-04
   1  -150   0    0  -4.9299178350E-01   8.0164025316E+00   2.0757822382E-04   2.0229942248E+00   2.3900747000E+00   2.0683628564E-04   2.1012881703E+00   2.3599619566E+00   6.2540858640E-04   2.2337102258E+00   2.3980213210E+00   1.6844512301E-03   2.2960677351E+00   2.4163506002E+00   1.9049390847E-03   2.3934518759E+00   2.4519544654E+00   2.0927555885E-03   2.2549149504E+00   2.4076797135E+00   1.5731253703E-03   3.4451411409E-04
   1  -151   0    0  -5.0285617496E-01   8.0173678868E+00   2.0704195662E-04   2.0224958287E+00   2.3903514695E+00   2.0683628564E-04   2.1007960090E+00   2.3602964207E+00   6.2540858640E-04   2.2335888528E+00   2.3983557850E+00   1.6844512301E-03   2.2967850872E+00   2.4168065263E+00   1.9049390847E-03   2.3939617594E+00   2.4524501809E+00   2.0927555885E-03   2.2555873103E+00   2.4081356397E+00   1.5731253703E-03   3.4454641237E-04
   1  -152   0    0  -5.1272010068E-01   8.0183348936E+00   2.0650644429E-04   2.0219950674E+00   2.3906293440E+00   2.0683628564E-04   2.1003043794E+00   2.3606319084E+00   6.2540858640E-04   2.2334659845E+00   2.3986912728E+00   1.6844512301E-03   2.2975033876E+00   2.4172633053E+00   1.9049390847E-03   2.3944724639E+00   2.4529466932E+00   2.0927555885E-03   2.2562600061E+00   2.4085924186E+00   1.5731253703E-03   3.4457877336E-04
   1  -153   0    0  -5.2258362409E-01   8.0193033229E+00   2.0597181521E-04   2.0214920428E+00   2.3909082590E+00   2.0683628564E-04   2.0998134181E+00   2.3609683417E+00   6.2540858640E-04   2.2333416388E+00   2.3990277060E+00   1.6844512301E-03   2.2982224623E+00   2.4177208296E+00   1.9049390847E-03   2.3949838692E+00   2.4534438853E+00   2.0927555885E-03   2.2569328791E+00   2.4090499430E+00   1.5731253703E-03   3.4461118946E-04
   1  -154   0    0  -5.3244680922E-01   8.0202729444E+00   2.0543819728E-04   2.0209868593E+00   2.3911881490E+00   2.0683628564E-04   2.0993232598E+00   2.3613056412E+00   6.2540858640E-04   2.2332158354E+00   2.3993650055E+00   1.6844512301E-03   2.2989421367E+00   2.4181789912E+00   1.9049390847E-03   2.3954958542E+00   2.4539416396E+00   2.0927555885E-03   2.2576057707E+00   2.4095081045E+00   1.5731253703E-03   3.4464365301E-04
   1  -155   0    0  -5.4230972067E-01   8.0212435267E+00   2.0490571784E-04   2.0204796240E+00   2.3914689478E+00   2.0683628564E-04   2.0988340377E+00   2.3616437270E+00   6.2540858640E-04   2.2330885958E+00   2.3997030913E+00   1.6844512301E-03   2.2996622357E+00   2.4186376812E+00   1.9049390847E-03   2.3960082974E+00   2.4544398379E+00   2.0927555885E-03   2.2582785220E+00   2.4099667946E+00   1.5731253703E-03   3.4467615629E-04
   1  -156   0    0  -5.5217242348E-01   8.0222148372E+00   2.0437450358E-04   2.0199704466E+00   2.3917505884E+00   2.0683628564E-04   2.0983458834E+00   2.3619825185E+00   6.2540858640E-04   2.2329599432E+00   2.4000418828E+00   1.6844512301E-03   2.3003825841E+00   2.4190967904E+00   1.9049390847E-03   2.3965210766E+00   2.4549383615E+00   2.0927555885E-03   2.2589509743E+00   2.4104259038E+00   1.5731253703E-03   3.4470869157E-04
   1  -157   0    0  -5.6203498305E-01   8.0231866428E+00   2.0384468043E-04   2.0194594393E+00   2.3920330030E+00   2.0683628564E-04   2.0978589263E+00   2.3623219343E+00   6.2540858640E-04   2.2328299027E+00   2.4003812986E+00   1.6844512301E-03   2.3011030062E+00   2.4195562087E+00   1.9049390847E-03   2.3970340691E+00   2.4554370910E+00   2.0927555885E-03   2.2596229691E+00   2.4108853221E+00   1.5731253703E-03   3.4474125105E-04
   1  -158   0    0  -5.7189746504E-01   8.0241587097E+00   2.0331637347E-04   2.0189467166E+00   2.3923161230E+00   2.0683628564E-04   2.0973732939E+00   2.3626618924E+00   6.2540858640E-04   2.2326985009E+00   2.4007212567E+00   1.6844512301E-03   2.3018233267E+00   2.4200158260E+00   1.9049390847E-03   2.3975471520E+00   2.4559359070E+00   2.0927555885E-03   2.2602943482E+00   2.4113449394E+00   1.5731253703E-03   3.4477382690E-04
   1  -159   0    0  -5.8175993529E-01   8.0251308036E+00   2.0278970683E-04   2.0184323955E+00   2.3925998792E+00   2.0683628564E-04   2.0968891115E+00   2.3630023103E+00   6.2540858640E-04   2.2325657664E+00   2.4010616746E+00   1.6844512301E-03   2.3025433700E+00   2.4204755316E+00   1.9049390847E-03   2.3980602019E+00   2.4564346895E+00   2.0927555885E-03   2.2609649538E+00   2.4118046449E+00   1.5731253703E-03   3.4480641130E-04
   1  -160   0    0  -5.9162245972E-01   8.0261026901E+00   2.0226480358E-04   2.0179165953E+00   2.3928842020E+00   2.0683628564E-04   2.0964065024E+00   2.3633431049E+00   6.2540858640E-04   2.2324317293E+00   2.4014024693E+00   1.6844512301E-03   2.3032629609E+00   2.4209352145E+00   1.9049390847E-03   2.3985730955E+00   2.4569333186E+00   2.0927555885E-03   2.2616346285E+00   2.4122643278E+00   1.5731253703E-03   3.4483899636E-04
   1  -161   0    0  -6.0148510420E-01   8.0270741344E+00   2.0174178564E-04   2.0173994375E+00   2.3931690209E+00   2.0683628564E-04   2.0959255874E+00   2.3636841929E+00   6.2540858640E-04   2.2322964216E+00   2.4017435573E+00   1.6844512301E-03   2.3039819247E+00   2.4213947637E+00   1.9049390847E-03   2.3990857092E+00   2.4574316741E+00   2.0927555885E-03   2.2623032159E+00   2.4127238771E+00   1.5731253703E-03   3.4487157421E-04
   1  -162   0    0  -6.1134793453E-01   8.0280449022E+00   2.0122077368E-04   2.0168810456E+00   2.3934542651E+00   2.0683628564E-04   2.0954464848E+00   2.3640254904E+00   6.2540858640E-04   2.2321598769E+00   2.4020848547E+00   1.6844512301E-03   2.3047000871E+00   2.4218540681E+00   1.9049390847E-03   2.3995979194E+00   2.4579296359E+00   2.0927555885E-03   2.2629705600E+00   2.4131831814E+00   1.5731253703E-03   3.4490413696E-04
   1  -163   0    0  -6.2121101624E-01   8.0290147592E+00   2.0070188701E-04   2.0163615452E+00   2.3937398633E+00   2.0683628564E-04   2.0949693107E+00   2.3643669133E+00   6.2540858640E-04   2.2320221304E+00   2.4024262776E+00   1.6844512301E-03   2.3054172745E+00   2.4223130165E+00   1.9049390847E-03   2.4001096027E+00   2.4584270840E+00   2.0927555885E-03   2.2636365058E+00   2.4136421298E+00   1.5731253703E-03   3.4493667673E-04
   1  -164   0    0  -6.3107441460E-01   8.0299834719E+00   2.0018524347E-04   2.0158410636E+00   2.3940257440E+00   2.0683628564E-04   2.0944941785E+00   2.3647083772E+00   6.2540858640E-04   2.2318832188E+00   2.4027677415E+00   1.6844512301E-03   2.3061333139E+00   2.4227714978E+00   1.9049390847E-03   2.4006206359E+00   2.4589238987E+00   2.0927555885E-03   2.2643008995E+00   2.4141006112E+00   1.5731253703E-03   3.4496918564E-04
   1  -165   0    0  -6.4093819442E-01   8.0309508071E+00   1.9967095936E-04   2.0153197301E+00   2.3943118350E+00   2.0683628564E-04   2.0940211988E+00   2.3650497977E+00   6.2540858640E-04   2.2317431806E+00   2.4031091620E+00   1.6844512301E-03   2.3068480335E+00   2.4232294014E+00   1.9049390847E-03   2.4011308961E+00   2.4594199605E+00   2.0927555885E-03   2.2649635882E+00   2.4145585147E+00   1.5731253703E-03   3.4500165580E-04
   1  -166   0    0  -6.5080242004E-01   8.0319165327E+00   1.9915914930E-04   2.0147976755E+00   2.3945980641E+00   2.0683628564E-04   2.0935504799E+00   2.3653910901E+00   6.2540858640E-04   2.2316020556E+00   2.4034504544E+00   1.6844512301E-03   2.3075612624E+00   2.4236866165E+00   1.9049390847E-03   2.4016402608E+00   2.4599151503E+00   2.0927555885E-03   2.2656244202E+00   2.4150157298E+00   1.5731253703E-03   3.4503407937E-04
   1  -167   0    0  -6.6066715516E-01   8.0328804177E+00   1.9864992615E-04   2.0142750321E+00   2.3948843588E+00   2.0683628564E-04   2.0930821270E+00   2.3657321698E+00   6.2540858640E-04   2.2314598851E+00   2.4037915341E+00   1.6844512301E-03   2.3082728309E+00   2.4241430330E+00   1.9049390847E-03   2.4021486081E+00   2.4604093495E+00   2.0927555885E-03   2.2662832454E+00   2.4154721463E+00   1.5731253703E-03   3.4506644853E-04
   1  -168   0    0  -6.7053246282E-01   8.0338422321E+00   1.9814340089E-04   2.0137519336E+00   2.3951706466E+00   2.0683628564E-04   2.0926162429E+00   2.3660729522E+00   6.2540858640E-04   2.2313167119E+00   2.4041323166E+00   1.6844512301E-03   2.3089825706E+00   2.4245985411E+00   1.9049390847E-03   2.4026558166E+00   2.4609024402E+00   2.0927555885E-03   2.2669399150E+00   2.4159276545E+00   1.5731253703E-03   3.4509875547E-04
   1  -169   0    0  -6.8039840523E-01   8.0348017475E+00   1.9763968256E-04   2.0132285149E+00   2.3954568546E+00   2.0683628564E-04   2.0921529272E+00   2.3664133530E+00   6.2540858640E-04   2.2311725801E+00   2.4044727174E+00   1.6844512301E-03   2.3096903147E+00   2.4250530319E+00   1.9049390847E-03   2.4031617658E+00   2.4613943053E+00   2.0927555885E-03   2.2675942818E+00   2.4163821452E+00   1.5731253703E-03   3.4513099244E-04
   1  -170   0    0  -6.9026504372E-01   8.0357587372E+00   1.9713887812E-04   2.0127049119E+00   2.3957429102E+00   2.0683628564E-04   2.0916922769E+00   2.3667532879E+00   6.2540858640E-04   2.2310275349E+00   2.4048126522E+00   1.6844512301E-03   2.3103958980E+00   2.4255063967E+00   1.9049390847E-03   2.4036663359E+00   2.4618848282E+00   2.0927555885E-03   2.2682462003E+00   2.4168355101E+00   1.5731253703E-03   3.4516315173E-04
   1  -171   0    0  -7.0013243864E-01   8.0367129762E+00   1.9664109237E-04   2.0121812616E+00   2.3960287407E+00   2.0683628564E-04   2.0912343859E+00   2.3670926728E+00   6.2540858640E-04   2.2308816229E+00   2.4051520372E+00   1.6844512301E-03   2.3110991568E+00   2.4259585279E+00   1.9049390847E-03   2.4041694080E+00   2.4623738935E+00   2.0927555885E-03   2.2688955269E+00   2.4172876413E+00   1.5731253703E-03   3.4519522568E-04
   1  -172   0    0  -7.1000064927E-01   8.0376642417E+00   1.9614642787E-04   2.0116577015E+00   2.3963142735E+00   2.0683628564E-04   2.0907793455E+00   2.3674314243E+00   6.2540858640E-04   2.2307348917E+00   2.4054907886E+00   1.6844512301E-03   2.3117999295E+00   2.4264093187E+00   1.9049390847E-03   2.4046708646E+00   2.4628613868E+00   2.0927555885E-03   2.2695421199E+00   2.4177384321E+00   1.5731253703E-03   3.4522720669E-04
   1  -173   0    0  -7.1986973371E-01   8.0386123128E+00   1.9565498483E-04   2.0111343699E+00   2.3965994362E+00   2.0683628564E-04   2.0903272438E+00   2.3677694590E+00   6.2540858640E-04   2.2305873902E+00   2.4058288234E+00   1.6844512301E-03   2.3124980564E+00   2.4268586631E+00   1.9049390847E-03   2.4051705889E+00   2.4633471947E+00   2.0927555885E-03   2.2701858395E+00   2.4181877765E+00   1.5731253703E-03   3.4525908723E-04
   1  -174   0    0  -7.2973974884E-01   8.0395569714E+00   1.9516686102E-04   2.0106114055E+00   2.3968841566E+00   2.0683628564E-04   2.0898781660E+00   2.3681066944E+00   6.2540858640E-04   2.2304391680E+00   2.4061660588E+00   1.6844512301E-03   2.3131933801E+00   2.4273064563E+00   1.9049390847E-03   2.4056684656E+00   2.4638312052E+00   2.0927555885E-03   2.2708265482E+00   2.4186355697E+00   1.5731253703E-03   3.4529085984E-04
   1  -175   0    0  -7.3961075019E-01   8.0404980017E+00   1.9468215169E-04   2.0100889472E+00   2.3971683628E+00   2.0683628564E-04   2.0894321944E+00   2.3684430483E+00   6.2540858640E-04   2.2302902757E+00   2.4065024126E+00   1.6844512301E-03   2.3138857451E+00   2.4277525947E+00   1.9049390847E-03   2.4061643809E+00   2.4643133075E+00   2.0927555885E-03   2.2714641108E+00   2.4190817081E+00   1.5731253703E-03   3.4532251714E-04
   1  -176   0    0  -7.4948279188E-01   8.0414351908E+00   1.9420094950E-04   2.0095671340E+00   2.3974519834E+00   2.0683628564E-04   2.0889894083E+00   2.3687784392E+00   6.2540858640E-04   2.2301407649E+00   2.4068378036E+00   1.6844512301E-03   2.3145749986E+00   2.4281969758E+00   1.9049390847E-03   2.4066582222E+00   2.4647933922E+00   2.0927555885E-03   2.2720983943E+00   2.4195260892E+00   1.5731253703E-03   3.4535405184E-04
   1  -177   0    0  -7.5935592655E-01   8.0423683288E+00   1.9372334443E-04   2.0090461049E+00   2.3977349474E+00   2.0683628564E-04   2.0885498841E+00   2.3691127865E+00   6.2540858640E-04   2.2299906876E+00   2.4071721508E+00   1.6844512301E-03   2.3152609902E+00   2.4286394985E+00   1.9049390847E-03   2.4071498787E+00   2.4652713517E+00   2.0927555885E-03   2.2727292684E+00   2.4199686119E+00   1.5731253703E-03   3.4538545673E-04
   1  -178   0    0  -7.6923020528E-01   8.0432972089E+00   1.9324942369E-04   2.0085259984E+00   2.3980171841E+00   2.0683628564E-04   2.0881136950E+00   2.3694460102E+00   6.2540858640E-04   2.2298400968E+00   2.4075053745E+00   1.6844512301E-03   2.3159435721E+00   2.4290800631E+00   1.9049390847E-03   2.4076392411E+00   2.4657470797E+00   2.0927555885E-03   2.2733566052E+00   2.4204091765E+00   1.5731253703E-03   3.4541672471E-04
   1  -179   0    0  -7.7910567750E-01   8.0442216276E+00   1.9277927168E-04   2.0080069530E+00   2.3982986237E+00   2.0683628564E-04   2.0876809115E+00   2.3697780312E+00   6.2540858640E-04   2.2296890458E+00   2.4078373956E+00   1.6844512301E-03   2.3166225992E+00   2.4295185715E+00   1.9049390847E-03   2.4081262021E+00   2.4662204719E+00   2.0927555885E-03   2.2739802794E+00   2.4208476849E+00   1.5731253703E-03   3.4544784880E-04
   1  -180   0    0  -7.8898239096E-01   8.0451413851E+00   1.9231296990E-04   2.0074891061E+00   2.3985791968E+00   2.0683628564E-04   2.0872516010E+00   2.3701087716E+00   6.2540858640E-04   2.2295375886E+00   2.4081681359E+00   1.6844512301E-03   2.3172979294E+00   2.4299549272E+00   1.9049390847E-03   2.4086106561E+00   2.4666914257E+00   2.0927555885E-03   2.2746001687E+00   2.4212840405E+00   1.5731253703E-03   3.4547882211E-04
   1  -181   0    0  -7.9886039164E-01   8.0460562850E+00   1.9185059691E-04   2.0069725948E+00   2.3988588348E+00   2.0683628564E-04   2.0868258280E+00   2.3704381542E+00   6.2540858640E-04   2.2293857794E+00   2.4084975186E+00   1.6844512301E-03   2.3179694235E+00   2.4303890352E+00   1.9049390847E-03   2.4090924995E+00   2.4671598403E+00   2.0927555885E-03   2.2752161535E+00   2.4217181486E+00   1.5731253703E-03   3.4550963788E-04
   1  -182   0    0  -8.0873972370E-01   8.0469661350E+00   1.9139222824E-04   2.0064575549E+00   2.3991374700E+00   2.0683628564E-04   2.0864036540E+00   2.3707661032E+00   6.2540858640E-04   2.2292336728E+00   2.4088254675E+00   1.6844512301E-03   2.3186369453E+00   2.4308208026E+00   1.9049390847E-03   2.4095716308E+00   2.4676256172E+00   2.0927555885E-03   2.2758281172E+00   2.4221499160E+00   1.5731253703E-03   3.4554028947E-04
   1  -183   0    0  -8.1862042942E-01   8.0478707466E+00   1.9093793638E-04   2.0059441213E+00   2.3994150353E+00   2.0683628564E-04   2.0859851376E+00   2.3710925436E+00   6.2540858640E-04   2.2290813238E+00   2.4091519080E+00   1.6844512301E-03   2.3193003619E+00   2.4312501381E+00   1.9049390847E-03   2.4100479506E+00   2.4680886597E+00   2.0927555885E-03   2.2764359462E+00   2.4225792515E+00   1.5731253703E-03   3.4557077037E-04
   1  -184   0    0  -8.2850254919E-01   8.0487699357E+00   1.9048779070E-04   2.0054324275E+00   2.3996914646E+00   2.0683628564E-04   2.0855703346E+00   2.3714174021E+00   6.2540858640E-04   2.2289287872E+00   2.4094767664E+00   1.6844512301E-03   2.3199595435E+00   2.4316769526E+00   1.9049390847E-03   2.4105213619E+00   2.4685488736E+00   2.0927555885E-03   2.2770395300E+00   2.4230060659E+00   1.5731253703E-03   3.4560107423E-04
   1  -185   0    0  -8.3838612140E-01   8.0496635222E+00   1.9004185741E-04   2.0049226055E+00   2.3999666930E+00   2.0683628564E-04   2.0851592977E+00   2.3717406063E+00   6.2540858640E-04   2.2287761180E+00   2.4097999706E+00   1.6844512301E-03   2.3206143638E+00   2.4321011587E+00   1.9049390847E-03   2.4109917697E+00   2.4690061665E+00   2.0927555885E-03   2.2776387615E+00   2.4234302721E+00   1.5731253703E-03   3.4563119481E-04
   1  -186   0    0  -8.4827118246E-01   8.0505513309E+00   1.8960019956E-04   2.0044147859E+00   2.4002406561E+00   2.0683628564E-04   2.0847520771E+00   2.3720620854E+00   6.2540858640E-04   2.2286233712E+00   2.4101214497E+00   1.6844512301E-03   2.3212647000E+00   2.4325226714E+00   1.9049390847E-03   2.4114590817E+00   2.4694604488E+00   2.0927555885E-03   2.2782335365E+00   2.4238517847E+00   1.5731253703E-03   3.4566112602E-04
   1  -187   0    0  -8.5815776672E-01   8.0514331907E+00   1.8916287698E-04   2.0039090974E+00   2.4005132913E+00   2.0683628564E-04   2.0843487197E+00   2.3723817700E+00   6.2540858640E-04   2.2284706017E+00   2.4104411344E+00   1.6844512301E-03   2.3219104328E+00   2.4329414076E+00   1.9049390847E-03   2.4119232080E+00   2.4699116330E+00   2.0927555885E-03   2.2788237544E+00   2.4242705210E+00   1.5731253703E-03   3.4569086196E-04
   1  -188   0    0  -8.6804590649E-01   8.0523089355E+00   1.8872994624E-04   2.0034056667E+00   2.4007845364E+00   2.0683628564E-04   2.0839492699E+00   2.3726995922E+00   6.2540858640E-04   2.2283178641E+00   2.4107589566E+00   1.6844512301E-03   2.3225514463E+00   2.4333572867E+00   1.9049390847E-03   2.4123840611E+00   2.4703596341E+00   2.0927555885E-03   2.2794093179E+00   2.4246864000E+00   1.5731253703E-03   3.4572039683E-04
   1  -189   0    0  -8.7793563198E-01   8.0531784041E+00   1.8830146068E-04   2.0029046186E+00   2.4010543311E+00   2.0683628564E-04   2.0835537694E+00   2.3730154856E+00   6.2540858640E-04   2.2281652127E+00   2.4110748500E+00   1.6844512301E-03   2.3231876287E+00   2.4337702301E+00   1.9049390847E-03   2.4128415563E+00   2.4708043699E+00   2.0927555885E-03   2.2799901333E+00   2.4250993435E+00   1.5731253703E-03   3.4574972505E-04
   1  -190   0    0  -8.8782697128E-01   8.0540414402E+00   1.8787747035E-04   2.0024060756E+00   2.4013226158E+00   2.0683628564E-04   2.0831622568E+00   2.3733293855E+00   6.2540858640E-04   2.2280127015E+00   2.4113887498E+00   1.6844512301E-03   2.3238188717E+00   2.4341801619E+00   1.9049390847E-03   2.4132956114E+00   2.4712457604E+00   2.0927555885E-03   2.2805661101E+00   2.4255092753E+00   1.5731253703E-03   3.4577884116E-04
   1  -191   0    0  -8.9771995037E-01   8.0548978924E+00   1.8745802202E-04   2.0019101578E+00   2.4015893325E+00   2.0683628564E-04   2.0827747684E+00   2.3736412288E+00   6.2540858640E-04   2.2278603840E+00   2.4117005931E+00   1.6844512301E-03   2.3244450708E+00   2.4345870084E+00   1.9049390847E-03   2.4137461471E+00   2.4716837286E+00   2.0927555885E-03   2.2811371617E+00   2.4259161217E+00   1.5731253703E-03   3.4580773990E-04
   1  -192   0    0  -9.0761459312E-01   8.0557476147E+00   1.8704315919E-04   2.0014169829E+00   2.4018544246E+00   2.0683628564E-04   2.0823913375E+00   2.3739509540E+00   6.2540858640E-04   2.2277083133E+00   2.4120103184E+00   1.6844512301E-03   2.3250661256E+00   2.4349906982E+00   1.9049390847E-03   2.4141930867E+00   2.4721181999E+00   2.0927555885E-03   2.2817032049E+00   2.4263198116E+00   1.5731253703E-03   3.4583641616E-04
   1  -193   0    0  -9.1751092122E-01   8.0565904662E+00   1.8663292208E-04   2.0009266659E+00   2.4021178368E+00   2.0683628564E-04   2.0820119950E+00   2.3742585017E+00   6.2540858640E-04   2.2275565416E+00   2.4123178661E+00   1.6844512301E-03   2.3256819393E+00   2.4353911628E+00   1.9049390847E-03   2.4146363565E+00   2.4725491028E+00   2.0927555885E-03   2.2822641602E+00   2.4267202762E+00   1.5731253703E-03   3.4586486503E-04
   1  -194   0    0  -9.2740895429E-01   8.0574263115E+00   1.8622734763E-04   2.0004393193E+00   2.4023795152E+00   2.0683628564E-04   2.0816367689E+00   2.3745638140E+00   6.2540858640E-04   2.2274051208E+00   2.4126231784E+00   1.6844512301E-03   2.3262924195E+00   2.4357883359E+00   1.9049390847E-03   2.4150758856E+00   2.4729763682E+00   2.0927555885E-03   2.2828199516E+00   2.4271174493E+00   1.5731253703E-03   3.4589308176E-04
   1  -195   0    0  -9.3730870980E-01   8.0582550205E+00   1.8582646954E-04   1.9999550525E+00   2.4026394076E+00   2.0683628564E-04   2.0812656850E+00   2.3748668350E+00   6.2540858640E-04   2.2272541018E+00   2.4129261994E+00   1.6844512301E-03   2.3268974776E+00   2.4361821540E+00   1.9049390847E-03   2.4155116059E+00   2.4733999302E+00   2.0927555885E-03   2.2833705072E+00   2.4275112674E+00   1.5731253703E-03   3.4592106180E-04
   1  -196   0    0  -9.4721020309E-01   8.0590764685E+00   1.8543031826E-04   1.9994739719E+00   2.4028974631E+00   2.0683628564E-04   2.0808987663E+00   2.3751675107E+00   6.2540858640E-04   2.2271035349E+00   2.4132268750E+00   1.6844512301E-03   2.3274970288E+00   2.4365725562E+00   1.9049390847E-03   2.4159434525E+00   2.4738197255E+00   2.0927555885E-03   2.2839157583E+00   2.4279016695E+00   1.5731253703E-03   3.4594880078E-04
   1  -197   0    0  -9.5711344746E-01   8.0598905365E+00   1.8503892103E-04   1.9989961812E+00   2.4031536327E+00   2.0683628564E-04   2.0805360335E+00   2.3754657888E+00   6.2540858640E-04   2.2269534693E+00   2.4135251532E+00   1.6844512301E-03   2.3280909929E+00   2.4369594840E+00   1.9049390847E-03   2.4163713631E+00   2.4742356938E+00   2.0927555885E-03   2.2844556404E+00   2.4282885974E+00   1.5731253703E-03   3.4597629452E-04
   1  -198   0    0  -9.6701845411E-01   8.0606971109E+00   1.8465230193E-04   1.9985217807E+00   2.4034078686E+00   2.0683628564E-04   2.0801775046E+00   2.3757616193E+00   6.2540858640E-04   2.2268039535E+00   2.4138209836E+00   1.6844512301E-03   2.3286792935E+00   2.4373428820E+00   1.9049390847E-03   2.4167952788E+00   2.4746477777E+00   2.0927555885E-03   2.2849900925E+00   2.4286719954E+00   1.5731253703E-03   3.4600353901E-04
   1  -199   0    0  -9.7692523219E-01   8.0614960839E+00   1.8427048187E-04   1.9980508674E+00   2.4036601249E+00   2.0683628564E-04   2.0798231955E+00   2.3760549539E+00   6.2540858640E-04   2.2266550349E+00   2.4141143183E+00   1.6844512301E-03   2.3292618582E+00   2.4377226972E+00   1.9049390847E-03   2.4172151435E+00   2.4750559227E+00   2.0927555885E-03   2.2855190573E+00   2.4290518106E+00   1.5731253703E-03   3.4603053045E-04
   1  -200   0    0  -9.8683378887E-01   8.0622873532E+00   1.8389347865E-04   1.9975835353E+00   2.4039103575E+00   2.0683628564E-04   2.0794731196E+00   2.3763457465E+00   6.2540858640E-04   2.2265067599E+00   2.4144051108E+00   1.6844512301E-03   2.3298386190E+00   2.4380988793E+00   1.9049390847E-03   2.4176309041E+00   2.4754600773E+00   2.0927555885E-03   2.2860424814E+00   2.4294279927E+00   1.5731253703E-03   3.4605726524E-04
   1  -201   0    0  -9.9674412931E-01   8.0630708222E+00   1.8352130703E-04   1.9971198748E+00   2.4041585236E+00   2.0683628564E-04   2.0791272880E+00   2.3766339529E+00   6.2540858640E-04   2.2263591738E+00   2.4146933172E+00   1.6844512301E-03   2.3304095119E+00   2.4384713809E+00   1.9049390847E-03   2.4180425106E+00   2.4758601928E+00   2.0927555885E-03   2.2865603150E+00   2.4298004943E+00   1.5731253703E-03   3.4608373995E-04
   1  -202  -4    6  -9.9999980242E-01   8.0633264535E+00   1.8340011480E-04   1.9969683906E+00   2.4042395818E+00   2.0683628564E-04   2.0790146191E+00   2.3767280496E+00   6.2540858640E-04   2.2263108535E+00   2.4147874139E+00   1.6844512301E-03   2.3305957445E+00   2.4385929271E+00   1.9049390847E-03   2.4181767980E+00   2.4759907311E+00   2.0927555885E-03   2.2867291819E+00   2.4299220405E+00   1.5731253703E-03   3.4609237890E-04
