       
   1    -1   0    0   9.9999999804E-01   7.9045693437E+00   2.6000282700E-04   2.0333580915E+00   2.3335390973E+00   2.0754691716E-04   2.1267275739E+00   2.3142349188E+00   6.2804704170E-04   2.2253073600E+00   2.3482234961E+00   1.6915575434E-03   2.2425362893E+00   2.3815429531E+00   1.9063171139E-03   2.3536676209E+00   2.4132486438E+00   2.0876080675E-03   2.2040483469E+00   2.3738971319E+00   1.5742633662E-03   3.4155154438E-04
   1    -2   0    0   9.8000122824E-01   7.9046492227E+00   2.5992847531E-04   2.0332758888E+00   2.3335405730E+00   2.0754348403E-04   2.1266368215E+00   2.3142397904E+00   6.2803429508E-04   2.2252753121E+00   2.3482436256E+00   1.6915232122E-03   2.2426242019E+00   2.3815946462E+00   1.9063109935E-03   2.3537402896E+00   2.4133191288E+00   2.0876322069E-03   2.2041450006E+00   2.3739503988E+00   1.5742583118E-03   3.4155523169E-04
   1    -3   0    0   9.7000188583E-01   7.9046905309E+00   2.5989005928E-04   2.0332334012E+00   2.3335413481E+00   2.0754171036E-04   2.1265898877E+00   2.3142423155E+00   6.2802770972E-04   2.2252587615E+00   2.3482540422E+00   1.6915054755E-03   2.2426696606E+00   2.3816213687E+00   1.9063078294E-03   2.3537778553E+00   2.4133555656E+00   2.0876446809E-03   2.2041949641E+00   2.3739779344E+00   1.5742556989E-03   3.4155713797E-04
   1    -4   0    0   9.6000257344E-01   7.9047327786E+00   2.5985079335E-04   2.0331899631E+00   2.3335421491E+00   2.0753989755E-04   2.1265418848E+00   2.3142449021E+00   6.2802097907E-04   2.2252418504E+00   2.3482647005E+00   1.6914873474E-03   2.2427161504E+00   2.3816486920E+00   1.9063045942E-03   2.3538162656E+00   2.4133928217E+00   2.0876574320E-03   2.2042460503E+00   2.3740060890E+00   1.5742530272E-03   3.4155908722E-04
   1    -5   0    0   9.5000329242E-01   7.9047759864E+00   2.5981065983E-04   2.0331455541E+00   2.3335429772E+00   2.0753804479E-04   2.1264927889E+00   2.3142475517E+00   6.2801410011E-04   2.2252245713E+00   2.3482756062E+00   1.6914688199E-03   2.2427636939E+00   2.3816766291E+00   1.9063012862E-03   2.3538555389E+00   2.4134309148E+00   2.0876704661E-03   2.2042982833E+00   2.3740348758E+00   1.5742502955E-03   3.4156108035E-04
   1    -6   0    0   9.4000404417E-01   7.9048201757E+00   2.5976964067E-04   2.0331001534E+00   2.3335438331E+00   2.0753615127E-04   2.1264425758E+00   2.3142502659E+00   6.2800706979E-04   2.2252069170E+00   2.3482867650E+00   1.6914498846E-03   2.2428123144E+00   2.3817051933E+00   1.9062979039E-03   2.3538956937E+00   2.4134698629E+00   2.0876837890E-03   2.2043516878E+00   2.3740643085E+00   1.5742475023E-03   3.4156311834E-04
   1    -7   0    0   9.3000483015E-01   7.9048653680E+00   2.5972771753E-04   2.0330537401E+00   2.3335447181E+00   2.0753421614E-04   2.1263912209E+00   2.3142530463E+00   6.2799988497E-04   2.2251888800E+00   2.3482981826E+00   1.6914305334E-03   2.2428620354E+00   2.3817343980E+00   1.9062944457E-03   2.3539367489E+00   2.4135096843E+00   2.0876974069E-03   2.2044062891E+00   2.3740944009E+00   1.5742446464E-03   3.4156520214E-04
   1    -8   0    0   9.2000565189E-01   7.9049115855E+00   2.5968487173E-04   2.0330062925E+00   2.3335456331E+00   2.0753223855E-04   2.1263386989E+00   2.3142558947E+00   6.2799254251E-04   2.2251704526E+00   2.3483098650E+00   1.6914107574E-03   2.2429128810E+00   2.3817642569E+00   1.9062909099E-03   2.3539787240E+00   2.4135503979E+00   2.0877113259E-03   2.2044621127E+00   2.3741251673E+00   1.5742417265E-03   3.4156733274E-04
   1    -9   0    0   9.1000651097E-01   7.9049588506E+00   2.5964108428E-04   2.0329577888E+00   2.3335465792E+00   2.0753021763E-04   2.1262849840E+00   2.3142588127E+00   6.2798503916E-04   2.2251516271E+00   2.3483218183E+00   1.6913905482E-03   2.2429648759E+00   2.3817947842E+00   1.9062872949E-03   2.3540216386E+00   2.4135920228E+00   2.0877255522E-03   2.2045191849E+00   2.3741566219E+00   1.5742387412E-03   3.4156951116E-04
   1   -10   0    0   9.0000740906E-01   7.9050071865E+00   2.5959633584E-04   2.0329082066E+00   2.3335475577E+00   2.0752815249E-04   2.1262300500E+00   2.3142618021E+00   6.2797737165E-04   2.2251323956E+00   2.3483340488E+00   1.6913698968E-03   2.2430180450E+00   2.3818259940E+00   1.9062835990E-03   2.3540655127E+00   2.4136345784E+00   2.0877400922E-03   2.2045775322E+00   2.3741887796E+00   1.5742356891E-03   3.4157173841E-04
   1   -11   0    0   8.9000834788E-01   7.9050566165E+00   2.5955060676E-04   2.0328575232E+00   2.3335485696E+00   2.0752604224E-04   2.1261738699E+00   2.3142648646E+00   6.2796953665E-04   2.2251127501E+00   2.3483465626E+00   1.6913487943E-03   2.2430724141E+00   2.3818579010E+00   1.9062798204E-03   2.3541103670E+00   2.4136780845E+00   2.0877549524E-03   2.2046371818E+00   2.3742216553E+00   1.5742325687E-03   3.4157401556E-04
   1   -12   0    0   8.8000932924E-01   7.9051071645E+00   2.5950387704E-04   2.0328057155E+00   2.3335496162E+00   2.0752388596E-04   2.1261164166E+00   2.3142680021E+00   6.2796153075E-04   2.2250926825E+00   2.3483593665E+00   1.6913272316E-03   2.2431280091E+00   2.3818905199E+00   1.9062759574E-03   2.3541562221E+00   2.4137225615E+00   2.0877701395E-03   2.2046981614E+00   2.3742552643E+00   1.5742293786E-03   3.4157634366E-04
   1   -13   0    0   8.7001035503E-01   7.9051588551E+00   2.5945612636E-04   2.0327527598E+00   2.3335506989E+00   2.0752168273E-04   2.1260576620E+00   2.3142712166E+00   6.2795335053E-04   2.2250721847E+00   2.3483724669E+00   1.6913051993E-03   2.2431848567E+00   2.3819238659E+00   1.9062720083E-03   2.3542030995E+00   2.4137680299E+00   2.0877856601E-03   2.2047604993E+00   2.3742896221E+00   1.5742261173E-03   3.4157872381E-04
   1   -14   0    0   8.6001142719E-01   7.9052117131E+00   2.5940733404E-04   2.0326986321E+00   2.3335518189E+00   2.0751943160E-04   2.1259975776E+00   2.3142745099E+00   6.2794499246E-04   2.2250512482E+00   2.3483858707E+00   1.6912826880E-03   2.2432429840E+00   2.3819579545E+00   1.9062679711E-03   2.3542510206E+00   2.4138145107E+00   2.0878015210E-03   2.2048242240E+00   2.3743247447E+00   1.5742227834E-03   3.4158115711E-04
   1   -15   0    0   8.5001254779E-01   7.9052657639E+00   2.5935747909E-04   2.0326433081E+00   2.3335529776E+00   2.0751713162E-04   2.1259361344E+00   2.3142778840E+00   6.2793645300E-04   2.2250298646E+00   2.3483995847E+00   1.6912596881E-03   2.2433024187E+00   2.3819928012E+00   1.9062638440E-03   2.3543000077E+00   2.4138620254E+00   2.0878177293E-03   2.2048893649E+00   2.3743606480E+00   1.5742193752E-03   3.4158364469E-04
   1   -16   0    0   8.4001371894E-01   7.9053210334E+00   2.5930654015E-04   2.0325867628E+00   2.3335541765E+00   2.0751478180E-04   2.1258733027E+00   2.3142813411E+00   6.2792772853E-04   2.2250080253E+00   2.3484136162E+00   1.6912361900E-03   2.2433631890E+00   2.3820284220E+00   1.9062596252E-03   2.3543500830E+00   2.4139105956E+00   2.0878342919E-03   2.2049559517E+00   2.3743973486E+00   1.5742158912E-03   3.4158618770E-04
   1   -17   0    0   8.3001494286E-01   7.9053775481E+00   2.5925449553E-04   2.0325289708E+00   2.3335554171E+00   2.0751238116E-04   2.1258090524E+00   2.3142848831E+00   6.2791881537E-04   2.2249857216E+00   2.3484279723E+00   1.6912121836E-03   2.2434253237E+00   2.3820648333E+00   1.9062553126E-03   2.3544012696E+00   2.4139602435E+00   2.0878512161E-03   2.2050240148E+00   2.3744348631E+00   1.5742123298E-03   3.4158878733E-04
   1   -18   0    0   8.2001622189E-01   7.9054353348E+00   2.5920132320E-04   2.0324699064E+00   2.3335567009E+00   2.0750992870E-04   2.1257433525E+00   2.3142885122E+00   6.2790970980E-04   2.2249629446E+00   2.3484426605E+00   1.6911876590E-03   2.2434888520E+00   2.3821020516E+00   1.9062509044E-03   2.3544535906E+00   2.4140109919E+00   2.0878685091E-03   2.2050935851E+00   2.3744732088E+00   1.5742086894E-03   3.4159144475E-04
   1   -19   0    0   8.1001755841E-01   7.9054944211E+00   2.5914700077E-04   2.0324095434E+00   2.3335580294E+00   2.0750742340E-04   2.1256761717E+00   2.3142922307E+00   6.2790040803E-04   2.2249396854E+00   2.3484576882E+00   1.6911626060E-03   2.2435538039E+00   2.3821400937E+00   1.9062463985E-03   2.3545070699E+00   2.4140628636E+00   2.0878861784E-03   2.2051646940E+00   2.3745124028E+00   1.5742049684E-03   3.4159416119E-04
   1   -20   0    0   8.0001895495E-01   7.9055548349E+00   2.5909150553E-04   2.0323478551E+00   2.3335594045E+00   2.0750486422E-04   2.1256074779E+00   2.3142960408E+00   6.2789090621E-04   2.2249159350E+00   2.3484730632E+00   1.6911370142E-03   2.2436202099E+00   2.3821789769E+00   1.9062417929E-03   2.3545617315E+00   2.4141158820E+00   2.0879042315E-03   2.2052373736E+00   2.3745524628E+00   1.5742011650E-03   3.4159693789E-04
   1   -21   0    0   7.9002041411E-01   7.9056166047E+00   2.5903481439E-04   2.0322848144E+00   2.3335608277E+00   2.0750225010E-04   2.1255372384E+00   2.3142999448E+00   6.2788120044E-04   2.2248916841E+00   2.3484887934E+00   1.6911108730E-03   2.2436881008E+00   2.3822187186E+00   1.9062370855E-03   2.3546176000E+00   2.4141700710E+00   2.0879226761E-03   2.2053116563E+00   2.3745934069E+00   1.5741972776E-03   3.4159977610E-04
   1   -22   0    0   7.8002193863E-01   7.9056797597E+00   2.5897690395E-04   2.0322203935E+00   2.3335623010E+00   2.0749957999E-04   2.1254654199E+00   2.3143039452E+00   6.2787128678E-04   2.2248669235E+00   2.3485048868E+00   1.6910841719E-03   2.2437575084E+00   2.3822593365E+00   1.9062322742E-03   2.3546747004E+00   2.4142254548E+00   2.0879415199E-03   2.2053875753E+00   2.3746352533E+00   1.5741933043E-03   3.4160267711E-04
   1   -23   0    0   7.7002353134E-01   7.9057443294E+00   2.5891775043E-04   2.0321545645E+00   2.3335638261E+00   2.0749685281E-04   2.1253919885E+00   2.3143080443E+00   6.2786116119E-04   2.2248416436E+00   2.3485213517E+00   1.6910569001E-03   2.2438284649E+00   2.3823008488E+00   1.9062273568E-03   2.3547330581E+00   2.4142820582E+00   2.0879607708E-03   2.2054651644E+00   2.3746780206E+00   1.5741892435E-03   3.4160564223E-04
   1   -24   0    0   7.6002519520E-01   7.9058103442E+00   2.5885732973E-04   2.0320872988E+00   2.3335654050E+00   2.0749406745E-04   2.1253169095E+00   2.3143122446E+00   6.2785081962E-04   2.2248158351E+00   2.3485381965E+00   1.6910290465E-03   2.2439010031E+00   2.3823432739E+00   1.9062223313E-03   2.3547926991E+00   2.4143399061E+00   2.0879804369E-03   2.2055444579E+00   2.3747217278E+00   1.5741850934E-03   3.4160867279E-04
   1   -25   0    0   7.5002693328E-01   7.9058778346E+00   2.5879561740E-04   2.0320185674E+00   2.3335670397E+00   2.0749122280E-04   2.1252401477E+00   2.3143165488E+00   6.2784025793E-04   2.2247894883E+00   2.3485554298E+00   1.6910006001E-03   2.2439751563E+00   2.3823866305E+00   1.9062171953E-03   2.3548536495E+00   2.4143990241E+00   2.0880005264E-03   2.2056254906E+00   2.3747663941E+00   1.5741808520E-03   3.4161177013E-04
   1   -26   0    0   7.4002874877E-01   7.9059468321E+00   2.5873258864E-04   2.0319483408E+00   2.3335687323E+00   2.0748831775E-04   2.1251616672E+00   2.3143209595E+00   6.2782947195E-04   2.2247625933E+00   2.3485730603E+00   1.6909715495E-03   2.2440509587E+00   2.3824309377E+00   1.9062119466E-03   2.3549159363E+00   2.4144594382E+00   2.0880210473E-03   2.2057082981E+00   2.3748120390E+00   1.5741765175E-03   3.4161493563E-04
   1   -27   0    0   7.3003064502E-01   7.9060173685E+00   2.5866821831E-04   2.0318765890E+00   2.3335704849E+00   2.0748535114E-04   2.1250814314E+00   2.3143254793E+00   6.2781845742E-04   2.2247351403E+00   2.3485910969E+00   1.6909418834E-03   2.2441284448E+00   2.3824762148E+00   1.9062065829E-03   2.3549795866E+00   2.4145211748E+00   2.0880420082E-03   2.2057929163E+00   2.3748586826E+00   1.5741720881E-03   3.4161817071E-04
   1   -28   0    0   7.2003262548E-01   7.9060894765E+00   2.5860248093E-04   2.0318032817E+00   2.3335722998E+00   2.0748232182E-04   2.1249994030E+00   2.3143301111E+00   6.2780721006E-04   2.2247071195E+00   2.3486095489E+00   1.6909115902E-03   2.2442076499E+00   2.3825224814E+00   1.9062011019E-03   2.3550446281E+00   2.4145842606E+00   2.0880634176E-03   2.2058793820E+00   2.3749063451E+00   1.5741675618E-03   3.4162147676E-04
   1   -29   0    0   7.1003469377E-01   7.9061631889E+00   2.5853535070E-04   2.0317283877E+00   2.3335741792E+00   2.0747922861E-04   2.1249155441E+00   2.3143348576E+00   6.2779572553E-04   2.2246785206E+00   2.3486284255E+00   1.6908806582E-03   2.2442886100E+00   2.3825697577E+00   1.9061955012E-03   2.3551110889E+00   2.4146487231E+00   2.0880852840E-03   2.2059677324E+00   2.3749550469E+00   1.5741629367E-03   3.4162485526E-04
   1   -30   0    0   7.0003685362E-01   7.9062385396E+00   2.5846680147E-04   2.0316518758E+00   2.3335761256E+00   2.0747607035E-04   2.1248298160E+00   2.3143397219E+00   6.2778399941E-04   2.2246493335E+00   2.3486477362E+00   1.6908490755E-03   2.2443713615E+00   2.3826180640E+00   1.9061897784E-03   2.3551789976E+00   2.4147145898E+00   2.0881076162E-03   2.2060580054E+00   2.3750048091E+00   1.5741582107E-03   3.4162830766E-04
   1   -31   0    0   6.9003910895E-01   7.9063155629E+00   2.5839680676E-04   2.0315737140E+00   2.3335781415E+00   2.0747284581E-04   2.1247421794E+00   2.3143447068E+00   6.2777202725E-04   2.2246195480E+00   2.3486674908E+00   1.6908168302E-03   2.2444559417E+00   2.3826674208E+00   1.9061839310E-03   2.3552483832E+00   2.4147818890E+00   2.0881304230E-03   2.2061502395E+00   2.3750556529E+00   1.5741533819E-03   3.4163183547E-04
   1   -32   0    0   6.8004146380E-01   7.9063942935E+00   2.5832533977E-04   2.0314938700E+00   2.3335802294E+00   2.0746955379E-04   2.1246525941E+00   2.3143498156E+00   6.2775980455E-04   2.2245891536E+00   2.3486876991E+00   1.6907839100E-03   2.2445423883E+00   2.3827178492E+00   1.9061779566E-03   2.3553192753E+00   2.4148506493E+00   2.0881537135E-03   2.2062444737E+00   2.3751075997E+00   1.5741484481E-03   3.4163544019E-04
   1   -33   0    0   6.7004392240E-01   7.9064747671E+00   2.5825237339E-04   2.0314123110E+00   2.3335823921E+00   2.0746619307E-04   2.1245610195E+00   2.3143550512E+00   6.2774732674E-04   2.2245581400E+00   2.3487083714E+00   1.6907503028E-03   2.2446307399E+00   2.3827693706E+00   1.9061718526E-03   2.3553917037E+00   2.4149208997E+00   2.0881774966E-03   2.2063407478E+00   2.3751606717E+00   1.5741434074E-03   3.4163912339E-04
   1   -34   0    0   6.6004648911E-01   7.9065570198E+00   2.5817788017E-04   2.0313290034E+00   2.3335846322E+00   2.0746276239E-04   2.1244674141E+00   2.3143604170E+00   6.2773458921E-04   2.2245264965E+00   2.3487295178E+00   1.6907159960E-03   2.2447210356E+00   2.3828220065E+00   1.9061656166E-03   2.3554656990E+00   2.4149926698E+00   2.0882017817E-03   2.2064391019E+00   2.3752148910E+00   1.5741382576E-03   3.4164288662E-04
   1   -35   0    0   6.5004916851E-01   7.9066410882E+00   2.5810183237E-04   2.0312439136E+00   2.3335869527E+00   2.0745926051E-04   2.1243717356E+00   2.3143659162E+00   6.2772158731E-04   2.2244942126E+00   2.3487511490E+00   1.6906809772E-03   2.2448133151E+00   2.3828757789E+00   1.9061592458E-03   2.3555412920E+00   2.4150659894E+00   2.0882265780E-03   2.2065395771E+00   2.3752702801E+00   1.5741329965E-03   3.4164673148E-04
   1   -36   0    0   6.4005196531E-01   7.9067270098E+00   2.5802420194E-04   2.0311570073E+00   2.3335893565E+00   2.0745568615E-04   2.1242739411E+00   2.3143715522E+00   6.2770831632E-04   2.2244612774E+00   2.3487732756E+00   1.6906452336E-03   2.2449076190E+00   2.3829307102E+00   1.9061527376E-03   2.3556185141E+00   2.4151408890E+00   2.0882518949E-03   2.2066422148E+00   2.3753268621E+00   1.5741276220E-03   3.4165065959E-04
   1   -37   0    0   6.3005488443E-01   7.9068148225E+00   2.5794496053E-04   2.0310682495E+00   2.3335918467E+00   2.0745203804E-04   2.1241739870E+00   2.3143773285E+00   6.2769477150E-04   2.2244276803E+00   2.3487959087E+00   1.6906087525E-03   2.2450039883E+00   2.3829868229E+00   1.9061460895E-03   2.3556973970E+00   2.4152173994E+00   2.0882777421E-03   2.2067470571E+00   2.3753846601E+00   1.5741221318E-03   3.4165467259E-04
   1   -38   0    0   6.2005793098E-01   7.9069045651E+00   2.5786407952E-04   2.0309776051E+00   2.3335944265E+00   2.0744831488E-04   2.1240718288E+00   2.3143832486E+00   6.2768094804E-04   2.2243934103E+00   2.3488190592E+00   1.6905715210E-03   2.2451024648E+00   2.3830441401E+00   1.9061392985E-03   2.3557779730E+00   2.4152955519E+00   2.0883041290E-03   2.2068541467E+00   2.3754436978E+00   1.5741165238E-03   3.4165877215E-04
   1   -39   0    0   6.1006111025E-01   7.9069962767E+00   2.5778152998E-04   2.0308850384E+00   2.3335970992E+00   2.0744451537E-04   2.1239674214E+00   2.3143893162E+00   6.2766684110E-04   2.2243584565E+00   2.3488427388E+00   1.6905335259E-03   2.2452030910E+00   2.3831026850E+00   1.9061323621E-03   2.3558602749E+00   2.4153753783E+00   2.0883310656E-03   2.2069635270E+00   2.3755039991E+00   1.5741107956E-03   3.4166295996E-04
   1   -40   0    0   6.0006442773E-01   7.9070899972E+00   2.5769728273E-04   2.0307905131E+00   2.3335998682E+00   2.0744063819E-04   2.1238607190E+00   2.3143955351E+00   6.2765244579E-04   2.2243228080E+00   2.3488669589E+00   1.6904947541E-03   2.2453059100E+00   2.3831624813E+00   1.9061252774E-03   2.3559443358E+00   2.4154569108E+00   2.0883585615E-03   2.2070752418E+00   2.3755655882E+00   1.5741049450E-03   3.4166723773E-04
   1   -41   0    0   5.9006788915E-01   7.9071857672E+00   2.5761130834E-04   2.0306939925E+00   2.3336027370E+00   2.0743668202E-04   2.1237516750E+00   2.3144019089E+00   6.2763775719E-04   2.2242864536E+00   2.3488917313E+00   1.6904551924E-03   2.2454109656E+00   2.3832235527E+00   1.9061180417E-03   2.3560301894E+00   2.4155401819E+00   2.0883866269E-03   2.2071893356E+00   2.3756284897E+00   1.5740989695E-03   3.4167160720E-04
   1   -42   0    0   5.8007150041E-01   7.9072836278E+00   2.5752357710E-04   2.0305954394E+00   2.3336057093E+00   2.0743264552E-04   2.1236402419E+00   2.3144084418E+00   6.2762277034E-04   2.2242493823E+00   2.3489170681E+00   1.6904148274E-03   2.2455183023E+00   2.3832859238E+00   1.9061106519E-03   2.3561178698E+00   2.4156252246E+00   2.0884152717E-03   2.2073058535E+00   2.3756927286E+00   1.5740928670E-03   3.4167607015E-04
   1   -43   0    0   5.7007526767E-01   7.9073836208E+00   2.5743405910E-04   2.0304948164E+00   2.3336087889E+00   2.0742852734E-04   2.1235263718E+00   2.3144151376E+00   6.2760748023E-04   2.2242115830E+00   2.3489429816E+00   1.6903736456E-03   2.2456279652E+00   2.3833496189E+00   1.9061031053E-03   2.3562074114E+00   2.4157120726E+00   2.0884445060E-03   2.2074248412E+00   2.3757583301E+00   1.5740866349E-03   3.4168062835E-04
   1   -44   0    0   5.6007919729E-01   7.9074857886E+00   2.5734272416E-04   2.0303920854E+00   2.3336119797E+00   2.0742432613E-04   2.1234100157E+00   2.3144220004E+00   6.2759188183E-04   2.2241730443E+00   2.3489694842E+00   1.6903316335E-03   2.2457400002E+00   2.3834146629E+00   1.9060953989E-03   2.3562988493E+00   2.4158007596E+00   2.0884743402E-03   2.2075463448E+00   2.3758253197E+00   1.5740802708E-03   3.4168528362E-04
   1   -45   0    0   5.5008329587E-01   7.9075901744E+00   2.5724954193E-04   2.0302872077E+00   2.3336152856E+00   2.0742004052E-04   2.1232911241E+00   2.3144290346E+00   6.2757597008E-04   2.2241337552E+00   2.3489965887E+00   1.6902887774E-03   2.2458544536E+00   2.3834810812E+00   1.9060875297E-03   2.3563922188E+00   2.4158913201E+00   2.0885047844E-03   2.2076704113E+00   2.3758937233E+00   1.5740737723E-03   3.4169003780E-04
   1   -46   0    0   5.4008757026E-01   7.9076968217E+00   2.5715448183E-04   2.0301801446E+00   2.3336187110E+00   2.0741566914E-04   2.1231696466E+00   2.3144362443E+00   6.2755973988E-04   2.2240937044E+00   2.3490243080E+00   1.6902450636E-03   2.2459713727E+00   2.3835488991E+00   1.9060794947E-03   2.3564875558E+00   2.4159837887E+00   2.0885358492E-03   2.2077970879E+00   2.3759635672E+00   1.5740671369E-03   3.4169489273E-04
   1   -47   0    0   5.3009202754E-01   7.9078057750E+00   2.5705751313E-04   2.0300708567E+00   2.3336222601E+00   2.0741121061E-04   2.1230455324E+00   2.3144436341E+00   6.2754318611E-04   2.2240528806E+00   2.3490526554E+00   1.6902004783E-03   2.2460908052E+00   2.3836181425E+00   1.9060712910E-03   2.3565848965E+00   2.4160782007E+00   2.0885675450E-03   2.2079264226E+00   2.3760348777E+00   1.5740603622E-03   3.4169985032E-04
   1   -48   0    0   5.2009667507E-01   7.9079170791E+00   2.5695860491E-04   2.0299593041E+00   2.3336259373E+00   2.0740666355E-04   2.1229187294E+00   2.3144512083E+00   6.2752630364E-04   2.2240112726E+00   2.3490816441E+00   1.6901550077E-03   2.2462127996E+00   2.3836888375E+00   1.9060629154E-03   2.3566842776E+00   2.4161745915E+00   2.0885998823E-03   2.2080584637E+00   2.3761076817E+00   1.5740534455E-03   3.4170491245E-04
   1   -49   0    0   5.1010152044E-01   7.9080307797E+00   2.5685772610E-04   2.0298454468E+00   2.3336297473E+00   2.0740202656E-04   2.1227891854E+00   2.3144589717E+00   6.2750908728E-04   2.2239688690E+00   2.3491112879E+00   1.6901086379E-03   2.2463374049E+00   2.3837610105E+00   1.9060543648E-03   2.3567857362E+00   2.4162729972E+00   2.0886328719E-03   2.2081932603E+00   2.3761820063E+00   1.5740463843E-03   3.4171008106E-04
   1   -50   0    0   5.0010657154E-01   7.9081469228E+00   2.5675484553E-04   2.0297292440E+00   2.3336336948E+00   2.0739729825E-04   2.1226568471E+00   2.3144669288E+00   6.2749153188E-04   2.2239256587E+00   2.3491416007E+00   1.6900613548E-03   2.2464646711E+00   2.3838346881E+00   1.9060456362E-03   2.3568893098E+00   2.4163734540E+00   2.0886665242E-03   2.2083308618E+00   2.3762578788E+00   1.5740391761E-03   3.4171535809E-04
   1   -51   0    0   4.9011183649E-01   7.9082655553E+00   2.5664993188E-04   2.0296106549E+00   2.3336377848E+00   2.0739247723E-04   2.1225216605E+00   2.3144750847E+00   6.2747363223E-04   2.2238816304E+00   2.3491725965E+00   1.6900131446E-03   2.2465946483E+00   2.3839098972E+00   1.9060367263E-03   2.3569950361E+00   2.4164759986E+00   2.0887008501E-03   2.2084713181E+00   2.3763353269E+00   1.5740318182E-03   3.4172074552E-04
   1   -52   0    0   4.8011732374E-01   7.9083867246E+00   2.5654295376E-04   2.0294896381E+00   2.3336420223E+00   2.0738756209E-04   2.1223835711E+00   2.3144834441E+00   6.2745538313E-04   2.2238367728E+00   2.3492042897E+00   1.6899639932E-03   2.2467273876E+00   2.3839866652E+00   1.9060276319E-03   2.3571029534E+00   2.4165806682E+00   2.0887358605E-03   2.2086146797E+00   2.3764143785E+00   1.5740243079E-03   3.4172624533E-04
   1   -53   0    0   4.7012304200E-01   7.9085104786E+00   2.5643387973E-04   2.0293661518E+00   2.3336464124E+00   2.0738255142E-04   2.1222425235E+00   2.3144920122E+00   6.2743677937E-04   2.2237910748E+00   2.3492366949E+00   1.6899138865E-03   2.2468629407E+00   2.3840650195E+00   1.9060183499E-03   2.3572131004E+00   2.4166875002E+00   2.0887715660E-03   2.2087609975E+00   2.3764950618E+00   1.5740166427E-03   3.4173185954E-04
   1   -54   0    0   4.6012900028E-01   7.9086368658E+00   2.5632267826E-04   2.0292401541E+00   2.3336509607E+00   2.0737744383E-04   2.1220984619E+00   2.3145007941E+00   6.2741781575E-04   2.2237445253E+00   2.3492698269E+00   1.6898628106E-03   2.2470013598E+00   2.3841449877E+00   1.9060088771E-03   2.3573255158E+00   2.4167965322E+00   2.0888079776E-03   2.2089103229E+00   2.3765774052E+00   1.5740088199E-03   3.4173759016E-04
   1   -55   0    0   4.5013520789E-01   7.9087659354E+00   2.5620931784E-04   2.0291116025E+00   2.3336556727E+00   2.0737223791E-04   2.1219513295E+00   2.3145097951E+00   6.2739848705E-04   2.2236971131E+00   2.3493037008E+00   1.6898107514E-03   2.2471426976E+00   2.3842265979E+00   1.9059992100E-03   2.3574402391E+00   2.4169078024E+00   2.0888451061E-03   2.2090627074E+00   2.3766614375E+00   1.5740008367E-03   3.4174343926E-04
   1   -56   0    0   4.4014167444E-01   7.9088977370E+00   2.5609376695E-04   2.0289804544E+00   2.3336605540E+00   2.0736693226E-04   2.1218010692E+00   2.3145190205E+00   6.2737878807E-04   2.2236488272E+00   2.3493383317E+00   1.6897576950E-03   2.2472870075E+00   2.3843098782E+00   1.9059893455E-03   2.3575573098E+00   2.4170213491E+00   2.0888829626E-03   2.2092182034E+00   2.3767471874E+00   1.5739926905E-03   3.4174940890E-04
   1   -57   0    0   4.3014840987E-01   7.9090323208E+00   2.5597599408E-04   2.0288466668E+00   2.3336656106E+00   2.0736152549E-04   2.1216476229E+00   2.3145284759E+00   6.2735871362E-04   2.2235996567E+00   2.3493737353E+00   1.6897036272E-03   2.2474343435E+00   2.3843948570E+00   1.9059792803E-03   2.3576767677E+00   2.4171372111E+00   2.0889215579E-03   2.2093768633E+00   2.3768346842E+00   1.5739843785E-03   3.4175550117E-04
   1   -58   0    0   4.2015542442E-01   7.9091697375E+00   2.5585596782E-04   2.0287101964E+00   2.3336708486E+00   2.0735601619E-04   2.1214909323E+00   2.3145381669E+00   6.2733825853E-04   2.2235495907E+00   2.3494099272E+00   1.6896485343E-03   2.2475847601E+00   2.3844815630E+00   1.9059690110E-03   2.3577986531E+00   2.4172554272E+00   2.0889609030E-03   2.2095387400E+00   2.3769239572E+00   1.5739758979E-03   3.4176171815E-04
   1   -59   0    0   4.1016272867E-01   7.9093100384E+00   2.5573365681E-04   2.0285709997E+00   2.3336762741E+00   2.0735040299E-04   2.1213309383E+00   2.3145480991E+00   6.2731741765E-04   2.2234986184E+00   2.3494469233E+00   1.6895924023E-03   2.2477383123E+00   2.3845700249E+00   1.9059585342E-03   2.3579230063E+00   2.4173760367E+00   2.0890010088E-03   2.2097038867E+00   2.3770150358E+00   1.5739672461E-03   3.4176806198E-04
   1   -60   0    0   4.0017033353E-01   7.9094532751E+00   2.5560902983E-04   2.0284290329E+00   2.3336818937E+00   2.0734468450E-04   2.1211675811E+00   2.3145582786E+00   6.2729618585E-04   2.2234467293E+00   2.3494847400E+00   1.6895352174E-03   2.2478950556E+00   2.3846602717E+00   1.9059478467E-03   2.3580498681E+00   2.4174990790E+00   2.0890418862E-03   2.2098723568E+00   2.3771079498E+00   1.5739584201E-03   3.4177453477E-04
   1   -61   0    0   3.9017825024E-01   7.9095994999E+00   2.5548205579E-04   2.0282842521E+00   2.3336877139E+00   2.0733885934E-04   2.1210008007E+00   2.3145687111E+00   6.2727455804E-04   2.2233939127E+00   2.3495233934E+00   1.6894769659E-03   2.2480550460E+00   2.3847523326E+00   1.9059369450E-03   2.3581792793E+00   2.4176245937E+00   2.0890835462E-03   2.2100442041E+00   2.3772027290E+00   1.5739494174E-03   3.4178113868E-04
   1   -62   0    0   3.8018649039E-01   7.9097487653E+00   2.5535270381E-04   2.0281366131E+00   2.3336937415E+00   2.0733292617E-04   2.1208305363E+00   2.3145794029E+00   6.2725252916E-04   2.2233401583E+00   2.3495629004E+00   1.6894176341E-03   2.2482183400E+00   2.3848462367E+00   1.9059258258E-03   2.3583112810E+00   2.4177526208E+00   2.0891259996E-03   2.2102194825E+00   2.3772994034E+00   1.5739402350E-03   3.4178787586E-04
   1   -63   0    0   3.7019506590E-01   7.9099011244E+00   2.5522094320E-04   2.0279860716E+00   2.3336999835E+00   2.0732688362E-04   2.1206567267E+00   2.3145903601E+00   6.2723009420E-04   2.2232854558E+00   2.3496032775E+00   1.6893572087E-03   2.2483849943E+00   2.3849420135E+00   1.9059144856E-03   2.3584459145E+00   2.4178832002E+00   2.0891692573E-03   2.2103982462E+00   2.3773980031E+00   1.5739308701E-03   3.4179474847E-04
   1   -64   0    0   3.6020398904E-01   7.9100566306E+00   2.5508674354E-04   2.0278325832E+00   2.3337064471E+00   2.0732073037E-04   2.1204793105E+00   2.3146015891E+00   6.2720724819E-04   2.2232297952E+00   2.3496445419E+00   1.6892956761E-03   2.2485550664E+00   2.3850396926E+00   1.9059029211E-03   2.3585832212E+00   2.4180163720E+00   2.0892133300E-03   2.2105805495E+00   2.3774985583E+00   1.5739213200E-03   3.4180175869E-04
   1   -65   0    0   3.5021327247E-01   7.9102153378E+00   2.5495007468E-04   2.0276761033E+00   2.3337131396E+00   2.0731446508E-04   2.1202982254E+00   2.3146130962E+00   6.2718398624E-04   2.2231731664E+00   2.3496867108E+00   1.6892330233E-03   2.2487286138E+00   2.3851393034E+00   1.9058911288E-03   2.3587232427E+00   2.4181521765E+00   2.0892582284E-03   2.2107664467E+00   2.3776010992E+00   1.5739115818E-03   3.4180890871E-04
   1   -66   0    0   3.4022292917E-01   7.9103772999E+00   2.5481090683E-04   2.0275165873E+00   2.3337200686E+00   2.0730808646E-04   2.1201134092E+00   2.3146248881E+00   6.2716030350E-04   2.2231155598E+00   2.3497298016E+00   1.6891692371E-03   2.2489056946E+00   2.3852408756E+00   1.9058791055E-03   2.3588660205E+00   2.4182906542E+00   2.0893039632E-03   2.2109559924E+00   2.3777056564E+00   1.5739016527E-03   3.4181620072E-04
   1   -67   0    0   3.3023297248E-01   7.9105425716E+00   2.5466921052E-04   2.0273539904E+00   2.3337272419E+00   2.0730159322E-04   2.1199247991E+00   2.3146369715E+00   6.2713619519E-04   2.2230569658E+00   2.3497738317E+00   1.6891043047E-03   2.2490863670E+00   2.3853444390E+00   1.9058668475E-03   2.3590115963E+00   2.4184318453E+00   2.0893505449E-03   2.2111492411E+00   2.3778122601E+00   1.5738915299E-03   3.4182363691E-04
   1   -68   0    0   3.2024341613E-01   7.9107112074E+00   2.5452495674E-04   2.0271882680E+00   2.3337346672E+00   2.0729498410E-04   2.1197323322E+00   2.3146493530E+00   6.2711165663E-04   2.2229973752E+00   2.3498188191E+00   1.6890382135E-03   2.2492706897E+00   2.3854500232E+00   1.9058543517E-03   2.3591600119E+00   2.4185757903E+00   2.0893979840E-03   2.2113462472E+00   2.3779209407E+00   1.5738812107E-03   3.4183121949E-04
   1   -69   0    0   3.1025427420E-01   7.9108832623E+00   2.5437811689E-04   2.0270193754E+00   2.3337423529E+00   2.0728825785E-04   2.1195359450E+00   2.3146620398E+00   6.2708668318E-04   2.2229367787E+00   2.3498647815E+00   1.6889709510E-03   2.2494587215E+00   2.3855576580E+00   1.9058416145E-03   2.3593113090E+00   2.4187225297E+00   2.0894462907E-03   2.2115470652E+00   2.3780317287E+00   1.5738706921E-03   3.4183895066E-04
   1   -70   0    0   3.0026556113E-01   7.9110587914E+00   2.5422866289E-04   2.0268472679E+00   2.3337503072E+00   2.0728141325E-04   2.1193355742E+00   2.3146750387E+00   6.2706127034E-04   2.2228751676E+00   2.3499117372E+00   1.6889025050E-03   2.2496505213E+00   2.3856673731E+00   1.9058286326E-03   2.3594655291E+00   2.4188721038E+00   2.0894954754E-03   2.2117517493E+00   2.3781446543E+00   1.5738599715E-03   3.4184683262E-04
   1   -71   0    0   2.9027729172E-01   7.9112378501E+00   2.5407656718E-04   2.0266719010E+00   2.3337585385E+00   2.0727444911E-04   2.1191311562E+00   2.3146883569E+00   6.2703541368E-04   2.2228125332E+00   2.3499597042E+00   1.6888328637E-03   2.2498461483E+00   2.3857791981E+00   1.9058154027E-03   2.3596227139E+00   2.4190245530E+00   2.0895455479E-03   2.2119603538E+00   2.3782597480E+00   1.5738490461E-03   3.4185486757E-04
   1   -72   0    0   2.8028948116E-01   7.9114204937E+00   2.5392180280E-04   2.0264932302E+00   2.3337670557E+00   2.0726736428E-04   2.1189226273E+00   2.3147020018E+00   6.2700910889E-04   2.2227488671E+00   2.3500087010E+00   1.6887620154E-03   2.2500456617E+00   2.3858931626E+00   1.9058019214E-03   2.3597829049E+00   2.4191799174E+00   2.0895965183E-03   2.2121729325E+00   2.3783770399E+00   1.5738379130E-03   3.4186305771E-04
   1   -73   0    0   2.7030214499E-01   7.9116067776E+00   2.5376434342E-04   2.0263112113E+00   2.3337758676E+00   2.0726015762E-04   2.1187099237E+00   2.3147159806E+00   6.2698235175E-04   2.2226841614E+00   2.3500587461E+00   1.6886899488E-03   2.2502491209E+00   2.3860092960E+00   1.9057881854E-03   2.3599461434E+00   2.4193382371E+00   2.0896483962E-03   2.2123895390E+00   2.3784965601E+00   1.5738265696E-03   3.4187140524E-04
   1   -74   0    0   2.6031529910E-01   7.9117967575E+00   2.5360416337E-04   2.0261258001E+00   2.3337849833E+00   2.0725282802E-04   2.1184929818E+00   2.3147303008E+00   6.2695513820E-04   2.2226184082E+00   2.3501098580E+00   1.6886166528E-03   2.2504565852E+00   2.3861276276E+00   1.9057741914E-03   2.3601124704E+00   2.4194995520E+00   2.0897011912E-03   2.2126102266E+00   2.3786183386E+00   1.5738150132E-03   3.4187991233E-04
   1   -75   0    0   2.5032895976E-01   7.9119904886E+00   2.5344123774E-04   2.0259369529E+00   2.3337944120E+00   2.0724537443E-04   2.1182717380E+00   2.3147449701E+00   6.2692746427E-04   2.2225516001E+00   2.3501620554E+00   1.6885421170E-03   2.2506681139E+00   2.3862481867E+00   1.9057599362E-03   2.3602819269E+00   2.4196639017E+00   2.0897549126E-03   2.2128350482E+00   2.3787424050E+00   1.5738032410E-03   3.4188858117E-04
   1   -76   0    0   2.4034314358E-01   7.9121880264E+00   2.5327554238E-04   2.0257446260E+00   2.3338041631E+00   2.0723779582E-04   2.1180461288E+00   2.3147599961E+00   6.2689932618E-04   2.2224837299E+00   2.3502153572E+00   1.6884663309E-03   2.2508837661E+00   2.3863710020E+00   1.9057454165E-03   2.3604545535E+00   2.4198313256E+00   2.0898095694E-03   2.2130640561E+00   2.3788687889E+00   1.5737912504E-03   3.4189741392E-04
   1   -77   0    0   2.3035786752E-01   7.9123894261E+00   2.5310705397E-04   2.0255487762E+00   2.3338142464E+00   2.0723009121E-04   2.1178160910E+00   2.3147753866E+00   6.2687072024E-04   2.2224147907E+00   2.3502697821E+00   1.6883892848E-03   2.2511036008E+00   2.3864961024E+00   1.9057306291E-03   2.3606303904E+00   2.4200018626E+00   2.0898651706E-03   2.2132973022E+00   2.3789975197E+00   1.5737790388E-03   3.4190641272E-04
   1   -78   0    0   2.2037314888E-01   7.9125947428E+00   2.5293575009E-04   2.0253493606E+00   2.3338246716E+00   2.0722225965E-04   2.1175815619E+00   2.3147911495E+00   6.2684164297E-04   2.2223447762E+00   2.3503253490E+00   1.6883109692E-03   2.2513276768E+00   2.3866235162E+00   1.9057155710E-03   2.3608094775E+00   2.4201755514E+00   2.0899217248E-03   2.2135348378E+00   2.3791286262E+00   1.5737666036E-03   3.4191557970E-04
   1   -79   0    0   2.1038900532E-01   7.9128040311E+00   2.5276160925E-04   2.0251463367E+00   2.3338354486E+00   2.0721430024E-04   2.1173424788E+00   2.3148072927E+00   6.2681209102E-04   2.2222736802E+00   2.3503820770E+00   1.6882313751E-03   2.2515560526E+00   2.3867532716E+00   1.9057002390E-03   2.3609918542E+00   2.4203524302E+00   2.0899792402E-03   2.2137767134E+00   2.3792621371E+00   1.5737539423E-03   3.4192491699E-04
   1   -80   0    0   2.0040545478E-01   7.9130173456E+00   2.5258461095E-04   2.0249396625E+00   2.3338465875E+00   2.0720621213E-04   2.1170987797E+00   2.3148238245E+00   6.2678206123E-04   2.2222014968E+00   2.3504399848E+00   1.6881504940E-03   2.2517887864E+00   2.3868853965E+00   1.9056846301E-03   2.3611775595E+00   2.4205325369E+00   2.0900377250E-03   2.2140229787E+00   2.3793980808E+00   1.5737410522E-03   3.4193442666E-04
   1   -81   0    0   1.9042251557E-01   7.9132347403E+00   2.5240473571E-04   2.0247292966E+00   2.3338580987E+00   2.0719799452E-04   2.1168504033E+00   2.3148407528E+00   6.2675155061E-04   2.2221282209E+00   2.3504990916E+00   1.6880683179E-03   2.2520259359E+00   2.3870199181E+00   1.9056687413E-03   2.3613666318E+00   2.4207159085E+00   2.0900971869E-03   2.2142736828E+00   2.3795364852E+00   1.5737279310E-03   3.4194411077E-04
   1   -82   0    0   1.8044020625E-01   7.9134562688E+00   2.5222196520E-04   2.0245151979E+00   2.3338699926E+00   2.0718964665E-04   2.1165972887E+00   2.3148580860E+00   6.2672055639E-04   2.2220538473E+00   2.3505594162E+00   1.6879848393E-03   2.2522675584E+00   2.3871568635E+00   1.9056525698E-03   2.3615591090E+00   2.4209025820E+00   2.0901576332E-03   2.2145288736E+00   2.3796773777E+00   1.5737145764E-03   3.4195397138E-04
   1   -83   0    0   1.7045854570E-01   7.9136819841E+00   2.5203628221E-04   2.0242973260E+00   2.3338822796E+00   2.0718116783E-04   2.1163393759E+00   2.3148758323E+00   6.2668907598E-04   2.2219783715E+00   2.3506209774E+00   1.6879000511E-03   2.2525137104E+00   2.3872962593E+00   1.9056361126E-03   2.3617550282E+00   2.4210925932E+00   2.0902190711E-03   2.2147885983E+00   2.3798207852E+00   1.5737009858E-03   3.4196401048E-04
   1   -84   0    0   1.6047755308E-01   7.9139119388E+00   2.5184767073E-04   2.0240756413E+00   2.3338949705E+00   2.0717255743E-04   2.1160766056E+00   2.3148940002E+00   6.2665710699E-04   2.2219017893E+00   2.3506837942E+00   1.6878139471E-03   2.2527644481E+00   2.3874381314E+00   1.9056193671E-03   2.3619544260E+00   2.4212859775E+00   2.0902815073E-03   2.2150529026E+00   2.3799667343E+00   1.5736871571E-03   3.4197423004E-04
   1   -85   0    0   1.5049724779E-01   7.9141461846E+00   2.5165611606E-04   2.0238501047E+00   2.3339080762E+00   2.0716381486E-04   2.1158089197E+00   2.3149125980E+00   6.2662464729E-04   2.2218240969E+00   2.3507478851E+00   1.6877265214E-03   2.2530198268E+00   2.3875825054E+00   1.9056023305E-03   2.3621573381E+00   2.4214827696E+00   2.0903449480E-03   2.2153218315E+00   2.3801152508E+00   1.5736730880E-03   3.4198463200E-04
   1   -86   0    0   1.4051764949E-01   7.9143847726E+00   2.5146160477E-04   2.0236206779E+00   2.3339216074E+00   2.0715493960E-04   2.1155362608E+00   2.3149316344E+00   6.2659169494E-04   2.2217452910E+00   2.3508132689E+00   1.6876377688E-03   2.2532799009E+00   2.3877294062E+00   1.9055850002E-03   2.3623637993E+00   2.4216830032E+00   2.0904093992E-03   2.2155954284E+00   2.3802663599E+00   1.5736587764E-03   3.4199521825E-04
   1   -87   0    0   1.3053877806E-01   7.9146277529E+00   2.5126412484E-04   2.0233873235E+00   2.3339355753E+00   2.0714593120E-04   2.1152585730E+00   2.3149511178E+00   6.2655824826E-04   2.2216653686E+00   2.3508799639E+00   1.6875476848E-03   2.2535447241E+00   2.3878788580E+00   1.9055673737E-03   2.3625738437E+00   2.4218867114E+00   2.0904748664E-03   2.2158737355E+00   2.3804200863E+00   1.5736442202E-03   3.4200599065E-04
   1   -88   0    0   1.2056065356E-01   7.9148751749E+00   2.5106366568E-04   2.0231500048E+00   2.3339499908E+00   2.0713678927E-04   2.1149758015E+00   2.3149710568E+00   6.2652430582E-04   2.2215843274E+00   2.3509479886E+00   1.6874562656E-03   2.2538143490E+00   2.3880308844E+00   1.9055494487E-03   2.3627875044E+00   2.4220939263E+00   2.0905413546E-03   2.2161567934E+00   2.3805764539E+00   1.5736294175E-03   3.4201695100E-04
   1   -89   0    0   1.1058329625E-01   7.9151270869E+00   2.5086021816E-04   2.0229086861E+00   2.3339648653E+00   2.0712751349E-04   2.1146878930E+00   2.3149914601E+00   6.2648986641E-04   2.2215021652E+00   2.3510173609E+00   1.6873635078E-03   2.2540888272E+00   2.3881855084E+00   1.9055312227E-03   2.3630048135E+00   2.4223046788E+00   2.0906088685E-03   2.2164446414E+00   2.3807354857E+00   1.5736143663E-03   3.4202810105E-04
   1   -90   0    0   1.0060672653E-01   7.9153835360E+00   2.5065377472E-04   2.0226633326E+00   2.3339802099E+00   2.0711810362E-04   2.1143947955E+00   2.3150123364E+00   6.2645492914E-04   2.2214188806E+00   2.3510880987E+00   1.6872694091E-03   2.2543682091E+00   2.3883427520E+00   1.9055126937E-03   2.3632258019E+00   2.4225189990E+00   2.0906774121E-03   2.2167373171E+00   2.3808972042E+00   1.5735990647E-03   3.4203944251E-04
   1   -91   0    0   9.0630964940E-02   7.9156445681E+00   2.5044432938E-04   2.0224139106E+00   2.3339960358E+00   2.0710855948E-04   2.1140964589E+00   2.3150336942E+00   6.2641949335E-04   2.2213344722E+00   2.3511602197E+00   1.6871739677E-03   2.2546525439E+00   2.3885026366E+00   1.9054938595E-03   2.3634504996E+00   2.4227369159E+00   2.0907469891E-03   2.2170348561E+00   2.3810616307E+00   1.5735835111E-03   3.4205097703E-04
   1   -92   0    0   8.0656032102E-02   7.9159102281E+00   2.5023187780E-04   2.0221603873E+00   2.3340123544E+00   2.0709888097E-04   2.1137928347E+00   2.3150555424E+00   6.2638355869E-04   2.2212489395E+00   2.3512337413E+00   1.6870771827E-03   2.2549418794E+00   2.3886651826E+00   1.9054747181E-03   2.3636789351E+00   2.4229584572E+00   2.0908176027E-03   2.2173372925E+00   2.3812287860E+00   1.5735677039E-03   3.4206270618E-04
   1   -93   0    0   7.0681948713E-02   7.9161805592E+00   2.5001641733E-04   2.0219027311E+00   2.3340291770E+00   2.0708906808E-04   2.1134838763E+00   2.3150778896E+00   6.2634712507E-04   2.2211622823E+00   2.3513086803E+00   1.6869790538E-03   2.2552362620E+00   2.3888304096E+00   1.9054552677E-03   2.3639111359E+00   2.4231836494E+00   2.0908892554E-03   2.2176446583E+00   2.3813986895E+00   1.5735516415E-03   3.4207463149E-04
   1   -94   0    0   6.0708735500E-02   7.9164556034E+00   2.4979794707E-04   2.0216409116E+00   2.3340465148E+00   2.0707912086E-04   2.1131695393E+00   2.3151007444E+00   6.2631019272E-04   2.2210745006E+00   2.3513850536E+00   1.6868795816E-03   2.2555357366E+00   2.3889983361E+00   1.9054355066E-03   2.3641471280E+00   2.4234125178E+00   2.0909619493E-03   2.2179569835E+00   2.3815713601E+00   1.5735353225E-03   3.4208675441E-04
   1   -95   0    0   5.0736413191E-02   7.9167354009E+00   2.4957646793E-04   2.0213748995E+00   2.3340643790E+00   2.0706903946E-04   2.1128497813E+00   2.3151241156E+00   6.2627276217E-04   2.2209855953E+00   2.3514628773E+00   1.6867787677E-03   2.2558403463E+00   2.3891689797E+00   1.9054154332E-03   2.3643869360E+00   2.4236450862E+00   2.0910356858E-03   2.2182742961E+00   2.3817468151E+00   1.5735187457E-03   3.4209907633E-04
   1   -96   0    0   4.0765002479E-02   7.9170199904E+00   2.4935198263E-04   2.0211046668E+00   2.3340827810E+00   2.0705882410E-04   2.1125245622E+00   2.3151480117E+00   6.2623483427E-04   2.2208955673E+00   2.3515421674E+00   1.6866766141E-03   2.2561501326E+00   2.3893423570E+00   1.9053950461E-03   2.3646305833E+00   2.4238813772E+00   2.0911104659E-03   2.2185966216E+00   2.3819250712E+00   1.5735019097E-03   3.4211159855E-04
   1   -97   0    0   3.0794523980E-02   7.9173094088E+00   2.4912449577E-04   2.0208301869E+00   2.3341017318E+00   2.0704847510E-04   2.1121938444E+00   2.3151724414E+00   6.2619641016E-04   2.2208044182E+00   2.3516229393E+00   1.6865731241E-03   2.2564651350E+00   2.3895184833E+00   1.9053743441E-03   2.3648780913E+00   2.4241214116E+00   2.0911862898E-03   2.2189239833E+00   2.3821061437E+00   1.5734848136E-03   3.4212432231E-04
   1   -98   0    0   2.0824998197E-02   7.9176036911E+00   2.4889401388E-04   2.0205514344E+00   2.3341212424E+00   2.0703799285E-04   2.1118575929E+00   2.3151974133E+00   6.2615749134E-04   2.2207121500E+00   2.3517052079E+00   1.6864683017E-03   2.2567853913E+00   2.3896973730E+00   1.9053533258E-03   2.3651294802E+00   2.4243652088E+00   2.0912631573E-03   2.2192564023E+00   2.3822900466E+00   1.5734674565E-03   3.4213724875E-04
   1   -99   0    0   1.0856445474E-02   7.9179028704E+00   2.4866054546E-04   2.0202683853E+00   2.3341413238E+00   2.0702737785E-04   2.1115157753E+00   2.3152229357E+00   6.2611807963E-04   2.2206187650E+00   2.3517889876E+00   1.6863621517E-03   2.2571109369E+00   2.3898790391E+00   1.9053319905E-03   2.3653847683E+00   2.4246127867E+00   2.0913410673E-03   2.2195938967E+00   2.3824767930E+00   1.5734498375E-03   3.4215037894E-04
   1  -100   0    0   8.8888595809E-04   7.9182069776E+00   2.4842410098E-04   2.0199810172E+00   2.3341619867E+00   2.0701663067E-04   2.1111683623E+00   2.3152490171E+00   6.2607817716E-04   2.2205242661E+00   2.3518742922E+00   1.6862546799E-03   2.2574418054E+00   2.3900634935E+00   1.9053103372E-03   2.3656439723E+00   2.4248641614E+00   2.0914200185E-03   2.2199364824E+00   2.3826663943E+00   1.5734319559E-03   3.4216371384E-04
   1  -101   0    0  -9.0776604514E-03   7.9185160415E+00   2.4818469297E-04   2.0196893092E+00   2.3341832417E+00   2.0700575199E-04   2.1108153274E+00   2.3152756658E+00   6.2603778644E-04   2.2204286564E+00   2.3519611350E+00   1.6861458931E-03   2.2577780278E+00   2.3902507466E+00   1.9052883654E-03   2.3659071071E+00   2.4251193471E+00   2.0915000084E-03   2.2202841722E+00   2.3828588608E+00   1.5734138113E-03   3.4217725435E-04
   1  -102   0    0  -1.9043174147E-02   7.9188300888E+00   2.4794233598E-04   2.0193932417E+00   2.3342050993E+00   2.0699474257E-04   2.1104566473E+00   2.3153028901E+00   6.2599691031E-04   2.2203319396E+00   2.3520495287E+00   1.6860357989E-03   2.2581196329E+00   2.3904408078E+00   1.9052660746E-03   2.3661741855E+00   2.4253783566E+00   2.0915810342E-03   2.2206369764E+00   2.3830542014E+00   1.5733954032E-03   3.4219100125E-04
   1  -103   0    0  -2.9007635861E-02   7.9191491436E+00   2.4769704667E-04   2.0190927968E+00   2.3342275696E+00   2.0698360326E-04   2.1100923021E+00   2.3153306980E+00   6.2595555195E-04   2.2202341195E+00   2.3521394851E+00   1.6859244059E-03   2.2584666470E+00   2.3906336848E+00   1.9052434645E-03   2.3664452187E+00   2.4256412003E+00   2.0916630923E-03   2.2209949022E+00   2.3832524235E+00   1.5733767315E-03   3.4220495522E-04
   1  -104   0    0  -3.8971026719E-02   7.9194732275E+00   2.4744884382E-04   2.0187879583E+00   2.3342506625E+00   2.0697233503E-04   2.1097222753E+00   2.3153590975E+00   6.2591371491E-04   2.2201352006E+00   2.3522310155E+00   1.6858117237E-03   2.2588190937E+00   2.3908293841E+00   1.9052205350E-03   2.3667202157E+00   2.4259078872E+00   2.0917461786E-03   2.2213579538E+00   2.3834535330E+00   1.5733577959E-03   3.4221911685E-04
   1  -105   0    0  -4.8933328287E-02   7.9198023598E+00   2.4719774830E-04   2.0184787116E+00   2.3342743878E+00   2.0696093893E-04   2.1093465540E+00   2.3153880965E+00   6.2587140308E-04   2.2200351874E+00   2.3523241303E+00   1.6856977626E-03   2.2591769941E+00   2.3910279104E+00   1.9051972861E-03   2.3669991836E+00   2.4261784239E+00   2.0918302879E-03   2.2217261323E+00   2.3836575343E+00   1.5733385967E-03   3.4223348662E-04
   1  -106   0    0  -5.8894522624E-02   7.9201365568E+00   2.4694378315E-04   2.0181650437E+00   2.3342987548E+00   2.0694941609E-04   2.1089651290E+00   2.3154177026E+00   6.2582862072E-04   2.2199340850E+00   2.3524188393E+00   1.6855825342E-03   2.2595403663E+00   2.3912292673E+00   1.9051737182E-03   2.3672821272E+00   2.4264528152E+00   2.0919154148E-03   2.2220994356E+00   2.3838644302E+00   1.5733191340E-03   3.4224806488E-04
   1  -107   0    0  -6.8854592340E-02   7.9204758323E+00   2.4668697355E-04   2.0178469434E+00   2.3343237726E+00   2.0693776776E-04   2.1085779950E+00   2.3154479233E+00   6.2578537243E-04   2.2198318986E+00   2.3525151513E+00   1.6854660510E-03   2.2599092257E+00   2.3914334566E+00   1.9051498317E-03   2.3675690495E+00   2.4267310638E+00   2.0920015527E-03   2.2224778583E+00   2.3840742219E+00   1.5732994082E-03   3.4226285191E-04
   1  -108   0    0  -7.8813520645E-02   7.9208201971E+00   2.4642734687E-04   2.0175244012E+00   2.3343494497E+00   2.0692599528E-04   2.1081851509E+00   2.3154787661E+00   6.2574166318E-04   2.2197286337E+00   2.3526130743E+00   1.6853483262E-03   2.2602835844E+00   2.3916404786E+00   1.9051256273E-03   2.3678599508E+00   2.4270131702E+00   2.0920886946E-03   2.2228613917E+00   2.3842869089E+00   1.5732794199E-03   3.4227784783E-04
   1  -109   0    0  -8.8771291408E-02   7.9211696591E+00   2.4616493260E-04   2.0171974095E+00   2.3343757946E+00   2.0691410008E-04   2.1077865994E+00   2.3155102381E+00   6.2569749831E-04   2.2196242964E+00   2.3527126153E+00   1.6852293742E-03   2.2606634518E+00   2.3918503318E+00   1.9051011059E-03   2.3681548296E+00   2.4272991326E+00   2.0921768328E-03   2.2232500237E+00   2.3845024891E+00   1.5732591698E-03   3.4229305267E-04
   1  -110   0    0  -9.8727889209E-02   7.9215242230E+00   2.4589976244E-04   2.0168659625E+00   2.3344028150E+00   2.0690208370E-04   2.1073823476E+00   2.3155423461E+00   6.2565288350E-04   2.2195188925E+00   2.3528137807E+00   1.6851092104E-03   2.2610488338E+00   2.3920630132E+00   1.9050762685E-03   2.3684536818E+00   2.4275889471E+00   2.0922659586E-03   2.2236437386E+00   2.3847209587E+00   1.5732386587E-03   3.4230846632E-04
   1  -111   0    0  -1.0868329940E-01   7.9218838907E+00   2.4563187021E-04   2.0165300560E+00   2.3344305184E+00   2.0688994776E-04   2.1069724073E+00   2.3155750969E+00   6.2560782480E-04   2.2194124284E+00   2.3529165754E+00   1.6849878511E-03   2.2614397331E+00   2.3922785180E+00   1.9050511165E-03   2.3687565010E+00   2.4278826075E+00   2.0923560628E-03   2.2240425171E+00   2.3849423118E+00   1.5732178878E-03   3.4232408858E-04
   1  -112   0    0  -1.1863750816E-01   7.9222486605E+00   2.4536129190E-04   2.0161896879E+00   2.3344589118E+00   2.0687769398E-04   2.1065567944E+00   2.3156084970E+00   6.2556232859E-04   2.2193049105E+00   2.3530210039E+00   1.6848653133E-03   2.2618361492E+00   2.3924968398E+00   1.9050256513E-03   2.3690632786E+00   2.4281801053E+00   2.0924471355E-03   2.2244463363E+00   2.3851665412E+00   1.5731968583E-03   3.4233991907E-04
   1  -113   0    0  -1.2859050253E-01   7.9226185277E+00   2.4508806564E-04   2.0158448579E+00   2.3344880016E+00   2.0686532419E-04   2.1061355296E+00   2.3156425526E+00   6.2551640163E-04   2.2191963456E+00   2.3531270690E+00   1.6847416154E-03   2.2622380779E+00   2.3927179704E+00   1.9049998746E-03   2.3693740032E+00   2.4284814295E+00   2.0925391660E-03   2.2248551698E+00   2.3853936374E+00   1.5731755715E-03   3.4235595733E-04
   1  -114   0    0  -1.3854227053E-01   7.9229934841E+00   2.4481223165E-04   2.0154955676E+00   2.3345177936E+00   2.0685284028E-04   2.1057086385E+00   2.3156772698E+00   6.2547005100E-04   2.2190867403E+00   2.3532347731E+00   1.6846167764E-03   2.2626455115E+00   2.3929418997E+00   1.9049737884E-03   2.3696886613E+00   2.4287865669E+00   2.0926321428E-03   2.2252689871E+00   2.3856235894E+00   1.5731540292E-03   3.4237220275E-04
   1  -115   0    0  -1.4849280112E-01   7.9233735181E+00   2.4453383228E-04   2.0151418205E+00   2.3345482933E+00   2.0684024427E-04   2.1052761514E+00   2.3157126541E+00   6.2542328413E-04   2.2189761016E+00   2.3533441169E+00   1.6844908164E-03   2.2630584388E+00   2.3931686157E+00   1.9049473947E-03   2.3700072366E+00   2.4290955017E+00   2.0927260539E-03   2.2256877541E+00   2.3858563842E+00   1.5731322329E-03   3.4238865457E-04
   1  -116   0    0  -1.5844208436E-01   7.9237586145E+00   2.4425291189E-04   2.0147836221E+00   2.3345795054E+00   2.0682753825E-04   2.1048381035E+00   2.3157487109E+00   6.2537610881E-04   2.2188644364E+00   2.3534551004E+00   1.6843637562E-03   2.2634768450E+00   2.3933981050E+00   1.9049206961E-03   2.3703297104E+00   2.4294082157E+00   2.0928208863E-03   2.2261114329E+00   2.3860920068E+00   1.5731101848E-03   3.4240531194E-04
   1  -117   0    0  -1.6839011136E-01   7.9241487547E+00   2.4396951693E-04   2.0144209798E+00   2.3346114341E+00   2.0681472440E-04   2.1043945351E+00   2.3157854455E+00   6.2532853312E-04   2.2187517519E+00   2.3535677221E+00   1.6842356177E-03   2.2639007113E+00   2.3936303518E+00   1.9048936949E-03   2.3706560616E+00   2.4297246883E+00   2.0929166265E-03   2.2265399816E+00   2.3863304405E+00   1.5730878868E-03   3.4242217382E-04
   1  -118   0    0  -1.7833687443E-01   7.9245439164E+00   2.4368369580E-04   2.0140539029E+00   2.3346440828E+00   2.0680180498E-04   2.1039454916E+00   2.3158228625E+00   6.2528056549E-04   2.2186380551E+00   2.3536819797E+00   1.6841064235E-03   2.2643300153E+00   2.3938653389E+00   1.9048663940E-03   2.3709862662E+00   2.4300448964E+00   2.0930132604E-03   2.2269733546E+00   2.3865716663E+00   1.5730653414E-03   3.4243923907E-04
   1  -119   0    0  -1.8828236705E-01   7.9249440735E+00   2.4339549888E-04   2.0136824026E+00   2.3346774544E+00   2.0678878235E-04   2.1034910236E+00   2.3158609663E+00   6.2523221466E-04   2.2185233531E+00   2.3537978693E+00   1.6839761972E-03   2.2647647306E+00   2.3941030468E+00   1.9048387964E-03   2.3713202978E+00   2.4303688141E+00   2.0931107730E-03   2.2274115023E+00   2.3868156636E+00   1.5730425509E-03   3.4245650640E-04
   1  -120   0    0  -1.9822658396E-01   7.9253491964E+00   2.4310497845E-04   2.0133064924E+00   2.3347115511E+00   2.0677565894E-04   2.1030311868E+00   2.3158997612E+00   6.2518348966E-04   2.2184076530E+00   2.3539153861E+00   1.6838449632E-03   2.2652048269E+00   2.3943434545E+00   1.9048109052E-03   2.3716581275E+00   2.4306964133E+00   2.0932091486E-03   2.2278543710E+00   2.3870624098E+00   1.5730195180E-03   3.4247397439E-04
   1  -121   0    0  -2.0816952122E-01   7.9257592517E+00   2.4281218863E-04   2.0129261873E+00   2.3347463742E+00   2.0676243728E-04   2.1025660424E+00   2.3159392508E+00   6.2513439985E-04   2.2182909619E+00   2.3540345237E+00   1.6837127466E-03   2.2656502701E+00   2.3945865388E+00   1.9047827240E-03   2.3719997235E+00   2.4310276634E+00   2.0933083711E-03   2.2283019034E+00   2.3873118802E+00   1.5729962455E-03   3.4249164145E-04
   1  -122   0    0  -2.1811117620E-01   7.9261742020E+00   2.4251718539E-04   2.0125415047E+00   2.3347819246E+00   2.0674911995E-04   2.1020956567E+00   2.3159794385E+00   6.2508495485E-04   2.2181732868E+00   2.3541552746E+00   1.6835795734E-03   2.2661010220E+00   2.3948322747E+00   1.9047542563E-03   2.3723450515E+00   2.4313625309E+00   2.0934084236E-03   2.2287540380E+00   2.3875640481E+00   1.5729727365E-03   3.4250950589E-04
   1  -123   0    0  -2.2805154770E-01   7.9265940064E+00   2.4222002641E-04   2.0121524636E+00   2.3348182021E+00   2.0673570963E-04   2.1016201015E+00   2.3160203273E+00   6.2503516458E-04   2.2180546347E+00   2.3542776301E+00   1.6834454702E-03   2.2665570404E+00   2.3950806353E+00   1.9047255059E-03   2.3726940747E+00   2.4317009800E+00   2.0935092885E-03   2.2292107095E+00   2.3878188851E+00   1.5729489941E-03   3.4252756584E-04
   1  -124   0    0  -2.3799063591E-01   7.9270186200E+00   2.4192077109E-04   2.0117590854E+00   2.3348552060E+00   2.0672220906E-04   2.1011394536E+00   2.3160619197E+00   6.2498503921E-04   2.2179350125E+00   2.3544015802E+00   1.6833104645E-03   2.2670182789E+00   2.3953315918E+00   1.9046964770E-03   2.3730467536E+00   2.4320429724E+00   2.0936109478E-03   2.2296718488E+00   2.3880763604E+00   1.5729250216E-03   3.4254581932E-04
   1  -125   0    0  -2.4792844250E-01   7.9274479941E+00   2.4161948043E-04   2.0113613932E+00   2.3348929346E+00   2.0670862104E-04   2.1006537957E+00   2.3161042181E+00   6.2493458919E-04   2.2178144269E+00   2.3545271133E+00   1.6831745843E-03   2.2674846874E+00   2.3955851135E+00   1.9046671738E-03   2.3734030461E+00   2.4323884672E+00   2.0937133826E-03   2.2301373828E+00   2.3883364418E+00   1.5729008225E-03   3.4256426419E-04
   1  -126   0    0  -2.5786497064E-01   7.9278820761E+00   2.4131621701E-04   2.0109594120E+00   2.3349313856E+00   2.0669494845E-04   2.1001632154E+00   2.3161472242E+00   6.2488382518E-04   2.2176928846E+00   2.3546542168E+00   1.6830378585E-03   2.2679562113E+00   2.3958411677E+00   1.9046376006E-03   2.3737629073E+00   2.4327374210E+00   2.0938165737E-03   2.2306072345E+00   2.3885990946E+00   1.5728764006E-03   3.4258289818E-04
   1  -127   0    0  -2.6780022502E-01   7.9283208096E+00   2.4101104491E-04   2.0105531690E+00   2.3349705557E+00   2.0668119424E-04   2.0996678057E+00   2.3161909393E+00   6.2483275811E-04   2.2175703920E+00   2.3547828766E+00   1.6829003165E-03   2.2684327924E+00   2.3960997201E+00   1.9046077622E-03   2.3741262901E+00   2.4330897878E+00   2.0939205013E-03   2.2310813234E+00   2.3888642826E+00   1.5728517596E-03   3.4260171888E-04
   1  -128   0    0  -2.7773421189E-01   7.9287641345E+00   2.4070402962E-04   2.0101426934E+00   2.3350104411E+00   2.0666736141E-04   2.0991676649E+00   2.3162353643E+00   6.2478139911E-04   2.2174469556E+00   2.3549130773E+00   1.6827619881E-03   2.2689143680E+00   2.3963607341E+00   1.9045776633E-03   2.3744931446E+00   2.4334455193E+00   2.0940251449E-03   2.2315595649E+00   2.3891319674E+00   1.5728269036E-03   3.4262072372E-04
   1  -129   0    0  -2.8766693907E-01   7.9292119867E+00   2.4039523798E-04   2.0097280163E+00   2.3350510367E+00   2.0665345300E-04   2.0986628966E+00   2.3162804999E+00   6.2472975954E-04   2.2173225817E+00   2.3550448022E+00   1.6826229041E-03   2.2694008716E+00   2.3966241718E+00   1.9045473091E-03   2.3748634183E+00   2.4338045645E+00   2.0941304837E-03   2.2320418709E+00   2.3894021087E+00   1.5728018366E-03   3.4263991002E-04
   1  -130   0    0  -2.9759841600E-01   7.9296642984E+00   2.4008473813E-04   2.0093091706E+00   2.3350923371E+00   2.0663947213E-04   2.0981536094E+00   2.3163263459E+00   6.2467785092E-04   2.2171972762E+00   2.3551780332E+00   1.6824830954E-03   2.2698922326E+00   2.3968899929E+00   1.9045167047E-03   2.3752370564E+00   2.4341668702E+00   2.0942364962E-03   2.2325281498E+00   2.3896746647E+00   1.5727765631E-03   3.4265927496E-04
   1  -131   0    0  -3.0752865369E-01   7.9301209979E+00   2.3977259939E-04   2.0088861915E+00   2.3351343356E+00   2.0662542196E-04   2.0976399170E+00   2.3163729020E+00   6.2462568499E-04   2.2170710452E+00   2.3553127511E+00   1.6823425937E-03   2.2703883766E+00   2.3971581557E+00   1.9044858554E-03   2.3756140014E+00   2.4345323807E+00   2.0943431605E-03   2.2330183062E+00   2.3899495912E+00   1.5727510873E-03   3.4267881556E-04
   1  -132   0    0  -3.1745766482E-01   7.9305820101E+00   2.3945889222E-04   2.0084591160E+00   2.3351770249E+00   2.0661130568E-04   2.0971219380E+00   2.3164201672E+00   6.2457327365E-04   2.2169438945E+00   2.3554489350E+00   1.6822014310E-03   2.2708892248E+00   2.3974286165E+00   1.9044547670E-03   2.3759941936E+00   2.4349010379E+00   2.0944504544E-03   2.2335122414E+00   2.3902268426E+00   1.5727254140E-03   3.4269852873E-04
   1  -133   0    0  -3.2738546366E-01   7.9310472560E+00   2.3914368813E-04   2.0080279831E+00   2.3352203969E+00   2.0659712656E-04   2.0965997961E+00   2.3164681403E+00   6.2452062894E-04   2.2168158297E+00   2.3555865630E+00   1.6820596398E-03   2.2713946949E+00   2.3977013300E+00   1.9044234450E-03   2.3763775707E+00   2.4352727814E+00   2.0945583550E-03   2.2340098531E+00   2.3905063713E+00   1.5726995479E-03   3.4271841124E-04
   1  -134   0    0  -3.3731206614E-01   7.9315166529E+00   2.3882705958E-04   2.0075928339E+00   2.3352644426E+00   2.0658288787E-04   2.0960736195E+00   2.3165168193E+00   6.2446776307E-04   2.2166868564E+00   2.3557256119E+00   1.6819172529E-03   2.2719047006E+00   2.3979762490E+00   1.9043918953E-03   2.3767640680E+00   2.4356475484E+00   2.0946668393E-03   2.2345110361E+00   2.3907881279E+00   1.5726734938E-03   3.4273845974E-04
   1  -135   0    0  -3.4723748982E-01   7.9319901148E+00   2.3850907996E-04   2.0071537113E+00   2.3353091522E+00   2.0656859293E-04   2.0955435412E+00   2.3165662019E+00   6.2441468837E-04   2.2165569800E+00   2.3558660570E+00   1.6817743036E-03   2.2724191517E+00   2.3982533248E+00   1.9043601242E-03   2.3771536187E+00   2.4360252741E+00   2.0947758837E-03   2.2350156816E+00   2.3910720616E+00   1.5726472567E-03   3.4275867074E-04
   1  -136   0    0  -3.5716175385E-01   7.9324675519E+00   2.3818982346E-04   2.0067106603E+00   2.3353545152E+00   2.0655424510E-04   2.0950096984E+00   2.3166162853E+00   6.2436141728E-04   2.2164262058E+00   2.3560078726E+00   1.6816308253E-03   2.2729379543E+00   2.3985325070E+00   1.9043281376E-03   2.3775461536E+00   2.4364058913E+00   2.0948854643E-03   2.2355236779E+00   2.3913581195E+00   1.5726208417E-03   3.4277904063E-04
   1  -137   0    0  -3.6708487904E-01   7.9329488712E+00   2.3786936502E-04   2.0062637281E+00   2.3354005200E+00   2.0653984775E-04   2.0944722329E+00   2.3166670662E+00   6.2430796236E-04   2.2162945391E+00   2.3561510316E+00   1.6814868519E-03   2.2734610109E+00   2.3988137435E+00   1.9042959421E-03   2.3779416013E+00   2.4367893307E+00   2.0949955569E-03   2.2360349104E+00   2.3916462472E+00   1.5725942542E-03   3.4279956568E-04
   1  -138   0    0  -3.7700688777E-01   7.9334339763E+00   2.3754778023E-04   2.0058129635E+00   2.3354471545E+00   2.0652540430E-04   2.0939312905E+00   2.3167185407E+00   6.2425433625E-04   2.2161619850E+00   2.3562955058E+00   1.6813424174E-03   2.2739882203E+00   2.3990969806E+00   1.9042635440E-03   2.3783398880E+00   2.4371755208E+00   2.0951061369E-03   2.2365492614E+00   2.3919363889E+00   1.5725674994E-03   3.4282024205E-04
   1  -139   0    0  -3.8692780402E-01   7.9339227675E+00   2.3722514529E-04   2.0053584177E+00   2.3354944058E+00   2.0651091817E-04   2.0933870209E+00   2.3167707045E+00   6.2420055169E-04   2.2160285487E+00   2.3564412656E+00   1.6811975562E-03   2.2745194779E+00   2.3993821632E+00   1.9042309501E-03   2.3787409383E+00   2.4375643883E+00   2.0952171796E-03   2.2370666106E+00   2.3922284871E+00   1.5725405829E-03   3.4284106575E-04
   1  -140   0    0  -3.9684765331E-01   7.9344151419E+00   2.3690153692E-04   2.0049001436E+00   2.3355422602E+00   2.0649639281E-04   2.0928395776E+00   2.3168235528E+00   6.2414662146E-04   2.2158942354E+00   2.3565882806E+00   1.6810523026E-03   2.2750546754E+00   2.3996692346E+00   1.9041981670E-03   2.3791446742E+00   2.4379558576E+00   2.0953286599E-03   2.2375868352E+00   2.3925224826E+00   1.5725135102E-03   3.4286203272E-04
   1  -141   0    0  -4.0676646270E-01   7.9349109937E+00   2.3657703227E-04   2.0044381965E+00   2.3355907033E+00   2.0648183167E-04   2.0922891177E+00   2.3168770802E+00   6.2409255842E-04   2.2157590502E+00   2.3567365189E+00   1.6809066913E-03   2.2755937015E+00   2.3999581367E+00   1.9041652018E-03   2.3795510160E+00   2.4383498514E+00   2.0954405525E-03   2.2381098096E+00   2.3928183149E+00   1.5724862870E-03   3.4288313877E-04
   1  -142   0    0  -4.1668426074E-01   7.9354102137E+00   2.3625170888E-04   2.0039726334E+00   2.3356397199E+00   2.0646723824E-04   2.0917358016E+00   2.3169312808E+00   6.2403837547E-04   2.2156229983E+00   2.3568859478E+00   1.6807607570E-03   2.2761364415E+00   2.4002488100E+00   1.9041320613E-03   2.3799598820E+00   2.4387462903E+00   2.0955528317E-03   2.2386354060E+00   2.3931159223E+00   1.5724589192E-03   3.4290437959E-04
   1  -143   0    0  -4.2660107746E-01   7.9359126902E+00   2.3592564461E-04   2.0035035137E+00   2.3356892943E+00   2.0645261600E-04   2.0911797930E+00   2.3169861481E+00   6.2398408552E-04   2.2154860852E+00   2.3570365333E+00   1.6806145346E-03   2.2766827776E+00   2.4005411937E+00   1.9040987528E-03   2.3803711887E+00   2.4391450934E+00   2.0956654720E-03   2.2391634945E+00   2.3934152414E+00   1.5724314126E-03   3.4292575079E-04
   1  -144   0    0  -4.3651694429E-01   7.9364183087E+00   2.3559891752E-04   2.0030308985E+00   2.3357394102E+00   2.0643796842E-04   2.0906212581E+00   2.3170416754E+00   6.2392970155E-04   2.2153483163E+00   2.3571882407E+00   1.6804680589E-03   2.2772325889E+00   2.4008352256E+00   1.9040652835E-03   2.3807848505E+00   2.4395461777E+00   2.0957784473E-03   2.2396939430E+00   2.3937162077E+00   1.5724037731E-03   3.4294724788E-04
   1  -145   0    0  -4.4643189407E-01   7.9369269518E+00   2.3527160590E-04   2.0025548515E+00   2.3357900503E+00   2.0642329902E-04   2.0900603662E+00   2.3170978552E+00   6.2387523651E-04   2.2152096973E+00   2.3573410339E+00   1.6803213648E-03   2.2777857517E+00   2.4011308423E+00   1.9040316606E-03   2.3812007805E+00   2.4399494587E+00   2.0958917316E-03   2.2402266174E+00   2.3940187554E+00   1.5723760069E-03   3.4296886624E-04
   1  -146   0    0  -4.5634596094E-01   7.9374384997E+00   2.3494378813E-04   2.0020754380E+00   2.3358411972E+00   2.0640861127E-04   2.0894972887E+00   2.3171546795E+00   6.2382070337E-04   2.2150702340E+00   2.3574948762E+00   1.6801744874E-03   2.2783421394E+00   2.4014279792E+00   1.9039978917E-03   2.3816188898E+00   2.4403548503E+00   2.0960052988E-03   2.2407613817E+00   2.3943228174E+00   1.5723481200E-03   3.4299060121E-04
   1  -147   0    0  -4.6625918035E-01   7.9379528301E+00   2.3461554264E-04   2.0015927258E+00   2.3358928325E+00   2.0639390867E-04   2.0889321995E+00   2.3172121398E+00   6.2376611509E-04   2.2149299328E+00   2.3576497299E+00   1.6800274614E-03   2.2789016229E+00   2.4017265706E+00   1.9039639843E-03   2.3820390879E+00   2.4407622647E+00   2.0961191224E-03   2.2412980986E+00   2.3946283255E+00   1.5723201188E-03   3.4301244800E-04
   1  -148   0    0  -4.7617158898E-01   7.9384698185E+00   2.3428694787E-04   2.0011067846E+00   2.3359449378E+00   2.0637919470E-04   2.0883652740E+00   2.3172702271E+00   6.2371148461E-04   2.2147888000E+00   2.3578055563E+00   1.6798803218E-03   2.2794640704E+00   2.4020265495E+00   1.9039299459E-03   2.3824612829E+00   2.4411716127E+00   2.0962331762E-03   2.2418366290E+00   2.3949352106E+00   1.5722920095E-03   3.4303440176E-04
   1  -149   0    0  -4.8608322467E-01   7.9389893381E+00   2.3395808220E-04   2.0006176866E+00   2.3359974936E+00   2.0636447285E-04   2.0877966895E+00   2.3173289320E+00   6.2365682485E-04   2.2146468426E+00   2.3579623160E+00   1.6797331033E-03   2.2800293476E+00   2.4023278481E+00   1.9038957844E-03   2.3828853813E+00   2.4415828037E+00   2.0963474335E-03   2.2423768325E+00   2.3952434024E+00   1.5722637984E-03   3.4305645754E-04
   1  -150   0    0  -4.9599412639E-01   7.9395112601E+00   2.3362902390E-04   2.0001255058E+00   2.3360504805E+00   2.0634974659E-04   2.0872266249E+00   2.3173882444E+00   6.2360214870E-04   2.2145040679E+00   2.3581199689E+00   1.6795858407E-03   2.2805973183E+00   2.4026303975E+00   1.9038615074E-03   2.3833112884E+00   2.4419957456E+00   2.0964618678E-03   2.2429185675E+00   2.3955528295E+00   1.5722354920E-03   3.4307861032E-04
   1  -151   0    0  -5.0590433417E-01   7.9400354537E+00   2.3329985107E-04   1.9996303187E+00   2.3361038784E+00   2.0633501936E-04   2.0866552598E+00   2.3174481537E+00   6.2354746899E-04   2.2143604836E+00   2.3582784741E+00   1.6794385685E-03   2.2811678437E+00   2.4029341280E+00   1.9038271228E-03   2.3837389078E+00   2.4424103452E+00   2.0965764525E-03   2.2434616912E+00   2.3958634200E+00   1.5722070967E-03   3.4310085502E-04
   1  -152   0    0  -5.1581388903E-01   7.9405617862E+00   2.3297064162E-04   1.9991322038E+00   2.3361576669E+00   2.0632029462E-04   2.0860827751E+00   2.3175086489E+00   6.2349279851E-04   2.2142160981E+00   2.3584377899E+00   1.6792913211E-03   2.2817407831E+00   2.4032389687E+00   1.9037926386E-03   2.3841681422E+00   2.4428265080E+00   2.0966911611E-03   2.2440060601E+00   2.3961751007E+00   1.5721786192E-03   3.4312318648E-04
   1  -153   0    0  -5.2572283291E-01   7.9410901235E+00   2.3264147317E-04   1.9986312421E+00   2.3362118251E+00   2.0630557580E-04   2.0855093520E+00   2.3175697184E+00   6.2343815000E-04   2.2140709202E+00   2.3585978741E+00   1.6791441329E-03   2.2823159942E+00   2.4035448484E+00   1.9037580627E-03   2.3845988931E+00   2.4432441384E+00   2.0968059667E-03   2.2445515298E+00   2.3964877979E+00   1.5721500659E-03   3.4314559947E-04
   1  -154   0    0  -5.3563120862E-01   7.9416203296E+00   2.3231242307E-04   1.9981275165E+00   2.3362663322E+00   2.0629086630E-04   2.0849351724E+00   2.3176313502E+00   6.2338353612E-04   2.2139249595E+00   2.3587586840E+00   1.6789970380E-03   2.2828933326E+00   2.4038516947E+00   1.9037234032E-03   2.3850310605E+00   2.4436631395E+00   2.0969208429E-03   2.2450979552E+00   2.3968014370E+00   1.5721214436E-03   3.4316808871E-04
   1  -155   0    0  -5.4553905975E-01   7.9421522674E+00   2.3198356831E-04   1.9976211125E+00   2.3363211667E+00   2.0627616953E-04   2.0843604180E+00   2.3176935316E+00   6.2332896947E-04   2.2137782262E+00   2.3589201762E+00   1.6788500703E-03   2.2834726524E+00   2.4041594346E+00   1.9036886681E-03   2.3854645438E+00   2.4440834137E+00   2.0970357629E-03   2.2456451909E+00   2.3971159428E+00   1.5720927588E-03   3.4319064887E-04
   1  -156   0    0  -5.5544643063E-01   7.9426857984E+00   2.3165498547E-04   1.9971121176E+00   2.3363763072E+00   2.0626148885E-04   2.0837852705E+00   2.3177562497E+00   6.2327446258E-04   2.2136307311E+00   2.3590823068E+00   1.6787032636E-03   2.2840538063E+00   2.4044679945E+00   1.9036538656E-03   2.3858992413E+00   2.4445048623E+00   2.0971507002E-03   2.2461930910E+00   2.3974312396E+00   1.5720640184E-03   3.4321327455E-04
   1  -157   0    0  -5.6535336623E-01   7.9432207829E+00   2.3132675073E-04   1.9966006217E+00   2.3364317319E+00   2.0624682761E-04   2.0832099112E+00   2.3178194908E+00   6.2322002786E-04   2.2134824859E+00   2.3592450316E+00   1.6785566512E-03   2.2846366456E+00   2.4047773004E+00   1.9036190038E-03   2.3863350504E+00   2.4449273858E+00   2.0972656282E-03   2.2467415094E+00   2.3977472510E+00   1.5720352291E-03   3.4323596031E-04
   1  -158   0    0  -5.7525991208E-01   7.9437570801E+00   2.3099893978E-04   1.9960867169E+00   2.3364874191E+00   2.0623218914E-04   2.0826345207E+00   2.3178832410E+00   6.2316567768E-04   2.2133335032E+00   2.3594083058E+00   1.6784102666E-03   2.2852210205E+00   2.4050872773E+00   1.9035840911E-03   2.3867718675E+00   2.4453508839E+00   2.0973805204E-03   2.2472903001E+00   2.3980639000E+00   1.5720063977E-03   3.4325870067E-04
   1  -159   0    0  -5.8516611423E-01   7.9442945486E+00   2.3067162783E-04   1.9955704977E+00   2.3365433466E+00   2.0621757674E-04   2.0820592788E+00   2.3179474857E+00   6.2311142428E-04   2.2131837962E+00   2.3595720844E+00   1.6782641425E-03   2.2858067801E+00   2.4053978503E+00   1.9035491356E-03   2.3872095886E+00   2.4457752555E+00   2.0974953505E-03   2.2478393169E+00   2.3983811095E+00   1.5719775310E-03   3.4328149011E-04
   1  -160   0    0  -5.9507201917E-01   7.9448330459E+00   2.3034488952E-04   1.9950520606E+00   2.3365994926E+00   2.0620299367E-04   2.0814843641E+00   2.3180122100E+00   6.2305727980E-04   2.2130333793E+00   2.3597363221E+00   1.6781183119E-03   2.2863937726E+00   2.4057089436E+00   1.9035141456E-03   2.3876481087E+00   2.4462003991E+00   2.0976100920E-03   2.2483884142E+00   2.3986988018E+00   1.5719486358E-03   3.4330432307E-04
   1  -161   0    0  -6.0497767373E-01   7.9453724293E+00   2.3001879890E-04   1.9945315046E+00   2.3366558349E+00   2.0618844318E-04   2.0809099538E+00   2.3180773985E+00   6.2300325628E-04   2.2128822676E+00   2.3599009733E+00   1.6779728071E-03   2.2869818454E+00   2.4060204814E+00   1.9034791295E-03   2.3880873226E+00   2.4466262123E+00   2.0977247188E-03   2.2489374463E+00   2.3990168988E+00   1.5719197190E-03   3.4332719398E-04
   1  -162   0    0  -6.1488312501E-01   7.9459125553E+00   2.2969342945E-04   1.9940089309E+00   2.3367123515E+00   2.0617392849E-04   2.0803362237E+00   2.3181430353E+00   6.2294936566E-04   2.2127304772E+00   2.3600659921E+00   1.6778276601E-03   2.2875708454E+00   2.4063323874E+00   1.9034440955E-03   2.3885271243E+00   2.4470525926E+00   2.0978392046E-03   2.2494862684E+00   2.3993353225E+00   1.5718907874E-03   3.4335009721E-04
   1  -163   0    0  -6.2478842034E-01   7.9464532801E+00   2.2936885395E-04   1.9934844426E+00   2.3367690204E+00   2.0615945276E-04   2.0797633476E+00   2.3182091041E+00   6.2289561974E-04   2.2125780252E+00   2.3602313327E+00   1.6776829029E-03   2.2881606189E+00   2.4066445850E+00   1.9034090521E-03   2.3889674075E+00   2.4474794367E+00   2.0979535237E-03   2.2500347361E+00   2.3996539944E+00   1.5718618481E-03   3.4337302713E-04
   1  -164   0    0  -6.3469360715E-01   7.9469944598E+00   2.2904514451E-04   1.9929581454E+00   2.3368258197E+00   2.0614501916E-04   2.0791914975E+00   2.3182755881E+00   6.2284203020E-04   2.2124249299E+00   2.3603969489E+00   1.6775385670E-03   2.2887510119E+00   2.4069569978E+00   1.9033740076E-03   2.3894080654E+00   2.4479066413E+00   2.0980676499E-03   2.2505827057E+00   2.3999728361E+00   1.5718329078E-03   3.4339597809E-04
   1  -165   0    0  -6.4459873295E-01   7.9475359504E+00   2.2872237253E-04   1.9924301469E+00   2.3368827274E+00   2.0613063079E-04   2.0786208430E+00   2.3183424704E+00   6.2278860860E-04   2.2122712104E+00   2.3605627946E+00   1.6773946833E-03   2.2893418703E+00   2.4072695489E+00   1.9033389702E-03   2.3898489912E+00   2.4483341027E+00   2.0981815578E-03   2.2511300346E+00   2.4002917688E+00   1.5718039735E-03   3.4341894443E-04
   1  -166   0    0  -6.5450384522E-01   7.9480776079E+00   2.2840060865E-04   1.9919005567E+00   2.3369397219E+00   2.0611629073E-04   2.0780515514E+00   2.3184097333E+00   6.2273536638E-04   2.2121168870E+00   2.3607288236E+00   1.6772512828E-03   2.2899330398E+00   2.4075821614E+00   1.9033039485E-03   2.3902900777E+00   2.4487617169E+00   2.0982952217E-03   2.2516765809E+00   2.4006107141E+00   1.5717750520E-03   3.4344192047E-04
   1  -167   0    0  -6.6440899135E-01   7.9486192884E+00   2.2807992270E-04   1.9913694867E+00   2.3369967817E+00   2.0610200202E-04   2.0774837874E+00   2.3184773590E+00   6.2268231481E-04   2.2119619810E+00   2.3608949897E+00   1.6771083957E-03   2.2905243663E+00   2.4078947586E+00   1.9032689508E-03   2.3907312175E+00   2.4491893800E+00   2.0984086163E-03   2.2522222039E+00   2.4009295935E+00   1.5717461504E-03   3.4346490054E-04
   1  -168   0    0  -6.7431421855E-01   7.9491608485E+00   2.2776038370E-04   1.9908370507E+00   2.3370538854E+00   2.0608776767E-04   2.0769177131E+00   2.3185453291E+00   6.2262946503E-04   2.2118065149E+00   2.3610612468E+00   1.6769660522E-03   2.2911156958E+00   2.4082072638E+00   1.9032339853E-03   2.3911723036E+00   2.4496169880E+00   2.0985217163E-03   2.2527667644E+00   2.4012483285E+00   1.5717172754E-03   3.4348787897E-04
   1  -169   0    0  -6.8421957382E-01   7.9497021451E+00   2.2744205983E-04   1.9903033644E+00   2.3371110118E+00   2.0607359062E-04   2.0763534875E+00   2.3186136252E+00   6.2257682804E-04   2.2116505121E+00   2.3612275490E+00   1.6768242817E-03   2.2917068748E+00   2.4085196002E+00   1.9031990605E-03   2.3916132286E+00   2.4500444370E+00   2.0986344969E-03   2.2533101241E+00   2.4015668409E+00   1.5716884340E-03   3.4351085007E-04
   1  -170   0    0  -6.9412510384E-01   7.9502430357E+00   2.2712501833E-04   1.9897685454E+00   2.3371681402E+00   2.0605947380E-04   2.0757912666E+00   2.3186822282E+00   6.2252441468E-04   2.2114939973E+00   2.3613938505E+00   1.6766831136E-03   2.2922977501E+00   2.4088316916E+00   1.9031641846E-03   2.3920538856E+00   2.4504716231E+00   2.0987469333E-03   2.2538521464E+00   2.4018850528E+00   1.5716596330E-03   3.4353380819E-04
   1  -171   0    0  -7.0403085489E-01   7.9507833786E+00   2.2680932555E-04   1.9892327130E+00   2.3372252499E+00   2.0604542010E-04   2.0752312032E+00   2.3187511188E+00   6.2247223562E-04   2.2113369961E+00   2.3615601054E+00   1.6765425766E-03   2.2928881693E+00   2.4091434616E+00   1.9031293659E-03   2.3924941675E+00   2.4508984427E+00   2.0988590010E-03   2.2543926963E+00   2.4022028866E+00   1.5716308793E-03   3.4355674769E-04
   1  -172   0    0  -7.1393687283E-01   7.9513230327E+00   2.2649504686E-04   1.9886959883E+00   2.3372823205E+00   2.0603143233E-04   2.0746734468E+00   2.3188202777E+00   6.2242030138E-04   2.2111795354E+00   2.3617262685E+00   1.6764026989E-03   2.2934779806E+00   2.4094548344E+00   1.9030946127E-03   2.3929339679E+00   2.4513247927E+00   2.0989706757E-03   2.2549316404E+00   2.4025202649E+00   1.5716021796E-03   3.4357966293E-04
   1  -173   0    0  -7.2384320301E-01   7.9518618579E+00   2.2618224661E-04   1.9881584942E+00   2.3373393322E+00   2.0601751328E-04   2.0741181436E+00   2.3188896848E+00   6.2236862231E-04   2.2110216430E+00   2.3618922945E+00   1.6762635085E-03   2.2940670332E+00   2.4097657345E+00   1.9030599333E-03   2.3933731807E+00   2.4517505700E+00   2.0990819335E-03   2.2554688470E+00   2.4028371108E+00   1.5715735408E-03   3.4360254830E-04
   1  -174   0    0  -7.3374989017E-01   7.9523997153E+00   2.2587098816E-04   1.9876203548E+00   2.3373962653E+00   2.0600366570E-04   2.0735654358E+00   2.3189593201E+00   6.2231720856E-04   2.2108633477E+00   2.3620581386E+00   1.6761250327E-03   2.2946551773E+00   2.4100760868E+00   1.9030253357E-03   2.3938117001E+00   2.4521756722E+00   2.0991927505E-03   2.2560041863E+00   2.4031533481E+00   1.5715449696E-03   3.4362539823E-04
   1  -175   0    0  -7.4365697843E-01   7.9529364670E+00   2.2556133375E-04   1.9870816958E+00   2.3374531004E+00   2.0598989227E-04   2.0730154623E+00   2.3190291633E+00   6.2226607014E-04   2.2107046796E+00   2.3622237563E+00   1.6759872984E-03   2.2952422641E+00   2.4103858167E+00   1.9029908280E-03   2.3942494210E+00   2.4525999975E+00   2.0993031035E-03   2.2565375306E+00   2.4034689009E+00   1.5715164728E-03   3.4364820717E-04
   1  -176   0    0  -7.5356451120E-01   7.9534719765E+00   2.2525334452E-04   1.9865426443E+00   2.3375098186E+00   2.0597619563E-04   2.0724683583E+00   2.3190991938E+00   6.2221521683E-04   2.2105456695E+00   2.3623891035E+00   1.6758503321E-03   2.2958281462E+00   2.4106948500E+00   1.9029564184E-03   2.3946862389E+00   2.4530234445E+00   2.0994129693E-03   2.2570687540E+00   2.4037836939E+00   1.5714880569E-03   3.4367096961E-04
   1  -177   0    0  -7.6347253113E-01   7.9540061086E+00   2.2494708049E-04   1.9860033283E+00   2.3375664014E+00   2.0596257838E-04   2.0719242548E+00   2.3191693909E+00   6.2216465825E-04   2.2103863494E+00   2.3625541364E+00   1.6757141596E-03   2.2964126774E+00   2.4110031135E+00   1.9029221149E-03   2.3951220501E+00   2.4534459127E+00   2.0995223250E-03   2.2575977331E+00   2.4040976526E+00   1.5714597285E-03   3.4369368007E-04
   1  -178   0    0  -7.7338108002E-01   7.9545387297E+00   2.2464260046E-04   1.9854638774E+00   2.3376228307E+00   2.0594904304E-04   2.0713832791E+00   2.3192397338E+00   6.2211440380E-04   2.2102267521E+00   2.3627188119E+00   1.6755788062E-03   2.2969957133E+00   2.4113105342E+00   1.9028879254E-03   2.3955567516E+00   2.4538673022E+00   2.0996311482E-03   2.2581243463E+00   2.4044107032E+00   1.5714314943E-03   3.4371633314E-04
   1  -179   0    0  -7.8329019883E-01   7.9550697078E+00   2.2433996203E-04   1.9849244217E+00   2.3376790888E+00   2.0593559209E-04   2.0708455547E+00   2.3193102013E+00   6.2206446270E-04   2.2100669114E+00   2.3628830871E+00   1.6754442968E-03   2.2975771108E+00   2.4116170401E+00   1.9028538576E-03   2.3959902413E+00   2.4542875143E+00   2.0997394169E-03   2.2586484746E+00   2.4047227728E+00   1.5714033607E-03   3.4373892345E-04
   1  -180   0    0  -7.9319992755E-01   7.9555989126E+00   2.2403922156E-04   1.9843850923E+00   2.3377351583E+00   2.0592222796E-04   2.0703112008E+00   2.3193807723E+00   6.2201484394E-04   2.2099068619E+00   2.3630469198E+00   1.6753106555E-03   2.2981567287E+00   2.4119225599E+00   1.9028199195E-03   2.3964224182E+00   2.4547064508E+00   2.0998471094E-03   2.2591700013E+00   2.4050337890E+00   1.5713753341E-03   3.4376144566E-04
   1  -181   0    0  -8.0311030520E-01   7.9561262157E+00   2.2374043407E-04   1.9838460211E+00   2.3377910225E+00   2.0590895302E-04   2.0697803325E+00   2.3194514255E+00   6.2196555631E-04   2.2097466390E+00   2.3632102684E+00   1.6751779061E-03   2.2987344275E+00   2.4122270232E+00   1.9027861187E-03   2.3968531822E+00   2.4551240150E+00   2.0999542041E-03   2.2596888123E+00   2.4053436806E+00   1.5713474209E-03   3.4378389451E-04
   1  -182   0    0  -8.1302136977E-01   7.9566514906E+00   2.2344365331E-04   1.9833073404E+00   2.3378466649E+00   2.0589576957E-04   2.0692530611E+00   2.3195221395E+00   6.2191660836E-04   2.2095862789E+00   2.3633730918E+00   1.6750460716E-03   2.2993100698E+00   2.4125303604E+00   1.9027524628E-03   2.3972824345E+00   2.4555401108E+00   2.1000606803E-03   2.2602047959E+00   2.4056523773E+00   1.5713196274E-03   3.4380626481E-04
   1  -183   0    0  -8.2293315816E-01   7.9571746128E+00   2.2314893162E-04   1.9827691829E+00   2.3379020695E+00   2.0588267985E-04   2.0687294935E+00   2.3195928931E+00   6.2186800845E-04   2.2094258186E+00   2.3635353494E+00   1.6749151745E-03   2.2998835203E+00   2.4128325029E+00   1.9027189592E-03   2.3977100774E+00   2.4559546438E+00   2.1001665175E-03   2.2607178431E+00   2.4059598097E+00   1.5712919597E-03   3.4382855142E-04
   1  -184   0    0  -8.3284570614E-01   7.9576954599E+00   2.2285631996E-04   1.9822316819E+00   2.3379572209E+00   2.0586968605E-04   2.0682097325E+00   2.3196636646E+00   6.2181976467E-04   2.2092652956E+00   2.3636970015E+00   1.6747852366E-03   2.3004546455E+00   2.4131333831E+00   1.9026856154E-03   2.3981360145E+00   2.4563675206E+00   2.1002716954E-03   2.2612278474E+00   2.4062659097E+00   1.5712644239E-03   3.4385074929E-04
   1  -185   0    0  -8.4275904832E-01   7.9582139119E+00   2.2256586788E-04   1.9816949703E+00   2.3380121041E+00   2.0585679030E-04   2.0676938769E+00   2.3197344328E+00   6.2177188491E-04   2.2091047482E+00   2.3638580089E+00   1.6746562791E-03   2.3010233146E+00   2.4134329344E+00   1.9026524385E-03   2.3985601510E+00   2.4567786491E+00   2.1003761946E-03   2.2617347052E+00   2.4065706101E+00   1.5712370260E-03   3.4387285341E-04
   1  -186   0    0  -8.5267321812E-01   7.9587298509E+00   2.2227762343E-04   1.9811591814E+00   2.3380667046E+00   2.0584399464E-04   2.0671820210E+00   2.3198051763E+00   6.2172437679E-04   2.2089442150E+00   2.3640183332E+00   1.6745283225E-03   2.3015893988E+00   2.4137310914E+00   1.9026194359E-03   2.3989823932E+00   2.4571879387E+00   2.1004799958E-03   2.2622383158E+00   2.4068738449E+00   1.5712097719E-03   3.4389485890E-04
   1  -187   0    0  -8.6258824768E-01   7.9592431617E+00   2.2199163320E-04   1.9806244480E+00   2.3381210081E+00   2.0583130107E-04   2.0666742553E+00   2.3198758736E+00   6.2167724770E-04   2.2087837354E+00   2.3641779366E+00   1.6744013869E-03   2.3021527719E+00   2.4140277898E+00   1.9025866143E-03   2.3994026492E+00   2.4575953004E+00   2.1005830803E-03   2.2627385811E+00   2.4071755494E+00   1.5711826674E-03   3.4391676091E-04
   1  -188   0    0  -8.7250416791E-01   7.9597537311E+00   2.2170794223E-04   1.9800909029E+00   2.3381750012E+00   2.0581871152E-04   2.0661706658E+00   2.3199465036E+00   6.2163050479E-04   2.2086233490E+00   2.3643367823E+00   1.6742754913E-03   2.3027133103E+00   2.4143229666E+00   1.9025539809E-03   2.3998208286E+00   2.4580006465E+00   2.1006854299E-03   2.2632354061E+00   2.4074756602E+00   1.5711557183E-03   3.4393855471E-04
   1  -189   0    0  -8.8242100837E-01   7.9602614490E+00   2.2142659401E-04   1.9795586781E+00   2.3382286707E+00   2.0580622782E-04   2.0656713348E+00   2.3200170450E+00   6.2158415493E-04   2.2084630959E+00   2.3644948340E+00   1.6741506544E-03   2.3032708930E+00   2.4146165600E+00   1.9025215422E-03   2.4002368429E+00   2.4584038911E+00   2.1007870269E-03   2.2637286987E+00   2.4077741150E+00   1.5711289299E-03   3.4396023566E-04
   1  -190   0    0  -8.9233879732E-01   7.9607662076E+00   2.2114763047E-04   1.9790279050E+00   2.3382820040E+00   2.0579385178E-04   2.0651763399E+00   2.3200874768E+00   6.2153820476E-04   2.2083030163E+00   2.3646520564E+00   1.6740268940E-03   2.3038254014E+00   2.4149085094E+00   1.9024893048E-03   2.4006506049E+00   2.4588049501E+00   2.1008878542E-03   2.2642183697E+00   2.4080708532E+00   1.5711023079E-03   3.4398179920E-04
   1  -191   0    0  -9.0225756167E-01   7.9612679019E+00   2.2087109192E-04   1.9784987143E+00   2.3383349888E+00   2.0578158510E-04   2.0646857552E+00   2.3201577783E+00   6.2149266064E-04   2.2081431509E+00   2.3648084150E+00   1.6739042272E-03   2.3043767202E+00   2.4151987557E+00   1.9024572753E-03   2.4010620298E+00   2.4592037410E+00   2.1009878952E-03   2.2647043331E+00   2.4083658153E+00   1.5710758574E-03   3.4400324088E-04
   1  -192   0    0  -9.1217732692E-01   7.9617664296E+00   2.2059701703E-04   1.9779712356E+00   2.3383876136E+00   2.0576942942E-04   2.0641996503E+00   2.3202279285E+00   6.2144752867E-04   2.2079835403E+00   2.3649638760E+00   1.6737826705E-03   2.3049247365E+00   2.4154872412E+00   1.9024254598E-03   2.4014710342E+00   2.4596001833E+00   2.1010871336E-03   2.2651865058E+00   2.4086589435E+00   1.5710495838E-03   3.4402455634E-04
   1  -193   0    0  -9.2209811722E-01   7.9622616915E+00   2.2032544284E-04   1.9774455975E+00   2.3384398671E+00   2.0575738633E-04   2.0637180911E+00   2.3202979071E+00   6.2140281467E-04   2.2078242255E+00   2.3651184067E+00   1.6736622396E-03   2.3054693405E+00   2.4157739095E+00   1.9023938646E-03   2.4018775369E+00   2.4599941981E+00   2.1011855540E-03   2.2656648079E+00   2.4089501813E+00   1.5710234920E-03   3.4404574132E-04
   1  -194   0    0  -9.3201995527E-01   7.9627535909E+00   2.2005640471E-04   1.9769219271E+00   2.3384917386E+00   2.0574545730E-04   2.0632411393E+00   2.3203676938E+00   6.2135852422E-04   2.2076652472E+00   2.3652719750E+00   1.6735429494E-03   2.3060104254E+00   2.4160587058E+00   1.9023624955E-03   2.4022814587E+00   2.4603857088E+00   2.1012831414E-03   2.2661391627E+00   2.4092394737E+00   1.5709975869E-03   3.4406679169E-04
   1  -195   0    0  -9.4194286237E-01   7.9632420345E+00   2.1978993632E-04   1.9764003504E+00   2.3385432177E+00   2.0573364378E-04   2.0627688528E+00   2.3204372686E+00   6.2131466259E-04   2.2075066465E+00   2.3654245501E+00   1.6734248142E-03   2.3065478876E+00   2.4163415767E+00   1.9023313583E-03   2.4026827223E+00   2.4607746405E+00   2.1013798813E-03   2.2666094965E+00   2.4095267675E+00   1.5709718734E-03   3.4408770342E-04
   1  -196   0    0  -9.5186685839E-01   7.9637269316E+00   2.1952606964E-04   1.9758809916E+00   2.3385942947E+00   2.0572194710E-04   2.0623012855E+00   2.3205066116E+00   6.2127123479E-04   2.2073484639E+00   2.3655761017E+00   1.6733078474E-03   2.3070816262E+00   2.4166224705E+00   1.9023004586E-03   2.4030812529E+00   2.4611609207E+00   2.1014757601E-03   2.2670757389E+00   2.4098120110E+00   1.5709463560E-03   3.4410847257E-04
   1  -197   0    0  -9.6179196178E-01   7.9642081948E+00   2.1926483492E-04   1.9753639731E+00   2.3386449603E+00   2.0571036854E-04   2.0618384877E+00   2.3205757034E+00   6.2122824555E-04   2.2071907401E+00   2.3657266007E+00   1.6731920619E-03   2.3076115440E+00   2.4169013369E+00   1.9022698018E-03   2.4034769774E+00   2.4615444787E+00   2.1015707644E-03   2.2675378226E+00   2.4100951539E+00   1.5709210393E-03   3.4412909535E-04
   1  -198   0    0  -9.7171818954E-01   7.9646857398E+00   2.1900626069E-04   1.9748494155E+00   2.3386952054E+00   2.0569890931E-04   2.0613805056E+00   2.3206445249E+00   6.2118569933E-04   2.2070335155E+00   2.3658760189E+00   1.6730774695E-03   2.3081375465E+00   2.4171781274E+00   1.9022393932E-03   2.4038698253E+00   2.4619252462E+00   2.1016648817E-03   2.2679956836E+00   2.4103761479E+00   1.5708959274E-03   3.4414956807E-04
   1  -199   0    0  -9.8164555722E-01   7.9651594852E+00   2.1875037377E-04   1.9743374376E+00   2.3387450218E+00   2.0568757051E-04   2.0609273822E+00   2.3207130572E+00   6.2114360028E-04   2.2068768302E+00   2.3660243290E+00   1.6729640816E-03   2.3086595428E+00   2.4174527949E+00   1.9022092378E-03   2.4042597281E+00   2.4623031568E+00   2.1017580998E-03   2.2684492609E+00   2.4106549462E+00   1.5708710246E-03   3.4416988716E-04
   1  -200   0    0  -9.9157407898E-01   7.9656293530E+00   2.1849719919E-04   1.9738281559E+00   2.3387944014E+00   2.0567635320E-04   2.0604791563E+00   2.3207812820E+00   6.2110195231E-04   2.2067207238E+00   2.3661715047E+00   1.6728519086E-03   2.3091774451E+00   2.4177252941E+00   1.9021793404E-03   2.4046466199E+00   2.4626781467E+00   2.1018504076E-03   2.2688984970E+00   2.4109315037E+00   1.5708463350E-03   3.4419004916E-04
   1  -201  -4    5  -9.9999992434E-01   7.9660249662E+00   2.1828451051E-04   1.9733982002E+00   2.3388359547E+00   2.0566693067E-04   2.0601026782E+00   2.3208389199E+00   6.2106696805E-04   2.2065887419E+00   2.3662954833E+00   1.6727576833E-03   2.3096136417E+00   2.4179547925E+00   1.9021541766E-03   2.4049725110E+00   2.4629940108E+00   2.1019280139E-03   2.2692762545E+00   2.4111643891E+00   1.5708255543E-03   3.4420703213E-04
