      
   1    -1   0    0   9.9999999778E-01   7.9404794596E+00   2.5568233066E-04   2.0591357627E+00   2.3702300127E+00   2.0734804777E-04   2.1417507912E+00   2.3349237175E+00   6.2730867313E-04   2.2415819843E+00   2.3730851614E+00   1.6895688501E-03   2.2395700898E+00   2.3806394092E+00   1.9059541342E-03   2.3520286564E+00   2.4116899793E+00   2.0890178422E-03   2.2000796662E+00   2.3719665738E+00   1.5739636125E-03   3.4196392567E-04
   1    -2   0    0   9.8000135364E-01   7.9406100313E+00   2.5559752056E-04   2.0590661755E+00   2.3702639337E+00   2.0734415645E-04   2.1416809849E+00   2.3349668990E+00   6.2729422529E-04   2.2415588215E+00   2.3731275693E+00   1.6895299369E-03   2.2396646877E+00   2.3807010946E+00   1.9059468591E-03   2.3521061138E+00   2.4117652210E+00   2.0890456619E-03   2.2001846354E+00   2.3720282722E+00   1.5739576046E-03   3.4196847544E-04
   1    -3   0    0   9.7000207866E-01   7.9406775617E+00   2.5555369722E-04   2.0590302078E+00   2.3702814876E+00   2.0734214589E-04   2.1416448726E+00   2.3349892381E+00   6.2728676043E-04   2.2415468671E+00   2.3731495087E+00   1.6895098313E-03   2.2397136121E+00   2.3807329891E+00   1.9059430976E-03   2.3521461597E+00   2.4118041212E+00   2.0890600392E-03   2.2002389060E+00   2.3720601734E+00   1.5739544983E-03   3.4197082799E-04
   1    -4   0    0   9.6000283698E-01   7.9407466331E+00   2.5550890182E-04   2.0589934349E+00   2.3702994493E+00   2.0734009087E-04   2.1416079298E+00   2.3350120911E+00   6.2727913047E-04   2.2415346577E+00   2.3731719531E+00   1.6894892811E-03   2.2397636523E+00   2.3807656053E+00   1.9059392510E-03   2.3521871091E+00   2.4118438993E+00   2.0890747370E-03   2.2002944021E+00   2.3720927965E+00   1.5739513217E-03   3.4197323383E-04
   1    -5   0    0   9.5000363009E-01   7.9408172797E+00   2.5546311397E-04   2.0589558397E+00   2.3703178283E+00   2.0733799045E-04   2.1415701378E+00   2.3350354698E+00   6.2727133196E-04   2.2415221884E+00   2.3731949142E+00   1.6894682769E-03   2.2398148332E+00   2.3807989590E+00   1.9059353176E-03   2.3522289819E+00   2.4118845742E+00   2.0890897621E-03   2.2003511503E+00   2.3721261572E+00   1.5739480734E-03   3.4197569412E-04
   1    -6   0    0   9.4000445958E-01   7.9408895365E+00   2.5541631297E-04   2.0589174045E+00   2.3703366342E+00   2.0733584369E-04   2.1415314772E+00   2.3350593859E+00   6.2726336141E-04   2.2415094542E+00   2.3732184035E+00   1.6894468093E-03   2.2398671802E+00   2.3808330663E+00   1.9059312954E-03   2.3522717980E+00   2.4119261655E+00   2.0891051214E-03   2.2004091779E+00   2.3721602718E+00   1.5739447518E-03   3.4197821008E-04
   1    -7   0    0   9.3000532707E-01   7.9409634395E+00   2.5536847768E-04   2.0588781114E+00   2.3703558767E+00   2.0733364964E-04   2.1414919287E+00   2.3350838517E+00   6.2725521526E-04   2.2414964502E+00   2.3732424330E+00   1.6894248688E-03   2.2399207191E+00   2.3808679437E+00   1.9059271824E-03   2.3523155779E+00   2.4119686930E+00   2.0891208219E-03   2.2004685127E+00   2.3721951565E+00   1.5739413553E-03   3.4198078290E-04
   1    -8   0    0   9.2000623428E-01   7.9410390250E+00   2.5531958664E-04   2.0588379422E+00   2.3703755660E+00   2.0733140731E-04   2.1414514720E+00   2.3351088796E+00   6.2724688988E-04   2.2414831713E+00   2.3732670150E+00   1.6894024455E-03   2.2399754763E+00   2.3809036080E+00   1.9059229768E-03   2.3523603424E+00   2.4120121771E+00   2.0891368709E-03   2.2005291829E+00   2.3722308283E+00   1.5739378823E-03   3.4198341383E-04
   1    -9   0    0   9.1000718299E-01   7.9411163303E+00   2.5526961798E-04   2.0587968784E+00   2.3703957123E+00   2.0732911572E-04   2.1414100867E+00   2.3351344821E+00   6.2723838160E-04   2.2414696124E+00   2.3732921619E+00   1.6893795296E-03   2.2400314788E+00   2.3809400761E+00   1.9059186765E-03   2.3524061128E+00   2.4120566382E+00   2.0891532755E-03   2.2005912176E+00   2.3722673042E+00   1.5739343310E-03   3.4198610414E-04
   1   -10   0    0   9.0000817506E-01   7.9411953935E+00   2.5521854946E-04   2.0587549011E+00   2.3704163263E+00   2.0732677386E-04   2.1413677520E+00   2.3351606723E+00   6.2722968665E-04   2.2414557682E+00   2.3733178864E+00   1.6893561110E-03   2.2400887540E+00   2.3809773657E+00   1.9059142794E-03   2.3524529108E+00   2.4121020975E+00   2.0891700433E-03   2.2006546460E+00   2.3723046016E+00   1.5739306998E-03   3.4198885512E-04
   1   -11   0    0   8.9000921244E-01   7.9412762534E+00   2.5516635845E-04   2.0587119908E+00   2.3704374185E+00   2.0732438069E-04   2.1413244466E+00   2.3351874635E+00   6.2722080123E-04   2.2414416335E+00   2.3733442016E+00   1.6893321794E-03   2.2401473302E+00   2.3810154944E+00   1.9059097836E-03   2.3525007585E+00   2.4121485765E+00   2.0891871818E-03   2.2007194984E+00   2.3723427384E+00   1.5739269871E-03   3.4199166808E-04
   1   -12   0    0   8.8001029715E-01   7.9413589495E+00   2.5511302193E-04   2.0586681282E+00   2.3704590000E+00   2.0732193518E-04   2.1412801485E+00   2.3352148690E+00   6.2721172146E-04   2.2414272030E+00   2.3733711208E+00   1.6893077242E-03   2.2402072359E+00   2.3810544804E+00   1.9059051867E-03   2.3525496783E+00   2.4121960970E+00   2.0892046987E-03   2.2007858052E+00   2.3723817327E+00   1.5739231910E-03   3.4199454437E-04
   1   -13   0    0   8.7001143131E-01   7.9414435224E+00   2.5505851648E-04   2.0586232930E+00   2.3704810821E+00   2.0731943626E-04   2.1412348356E+00   2.3352429027E+00   6.2720244340E-04   2.2414124713E+00   2.3733986575E+00   1.6892827351E-03   2.2402685004E+00   2.3810943422E+00   1.9059004868E-03   2.3525996933E+00   2.4122446813E+00   2.0892226019E-03   2.2008535978E+00   2.3724216029E+00   1.5739193097E-03   3.4199748535E-04
   1   -14   0    0   8.6001261713E-01   7.9415300133E+00   2.5500281830E-04   2.0585774651E+00   2.3705036762E+00   2.0731688286E-04   2.1411884852E+00   2.3352715786E+00   6.2719296303E-04   2.2413974329E+00   2.3734268257E+00   1.6892572010E-03   2.2403311535E+00   2.3811350986E+00   1.9058956815E-03   2.3526508268E+00   2.4122943522E+00   2.0892408993E-03   2.2009229078E+00   2.3724623680E+00   1.5739153414E-03   3.4200049243E-04
   1   -15   0    0   8.5001385691E-01   7.9416184643E+00   2.5494590320E-04   2.0585306236E+00   2.3705267940E+00   2.0731427387E-04   2.1411410739E+00   2.3353009113E+00   6.2718327630E-04   2.2413820823E+00   2.3734556395E+00   1.6892311112E-03   2.2403952256E+00   2.3811767689E+00   1.9058907687E-03   2.3527031027E+00   2.4123451327E+00   2.0892595991E-03   2.2009937678E+00   2.3725040471E+00   1.5739112843E-03   3.4200356703E-04
   1   -16   0    0   8.4001515305E-01   7.9417089182E+00   2.5488774656E-04   2.0584827475E+00   2.3705504477E+00   2.0731160818E-04   2.1410925782E+00   2.3353309153E+00   6.2717337905E-04   2.2413664140E+00   2.3734851133E+00   1.6892044543E-03   2.2404607479E+00   2.3812193726E+00   1.9058857460E-03   2.3527565452E+00   2.4123970466E+00   2.0892787094E-03   2.2010662107E+00   2.3725466599E+00   1.5739071365E-03   3.4200671059E-04
   1   -17   0    0   8.3001650805E-01   7.9418014190E+00   2.5482832340E-04   2.0584338153E+00   2.3705746493E+00   2.0730888467E-04   2.1410429737E+00   2.3353616056E+00   6.2716326710E-04   2.2413504225E+00   2.3735152619E+00   1.6891772191E-03   2.2405277520E+00   2.3812629296E+00   1.9058806110E-03   2.3528111791E+00   2.4124501178E+00   2.0892982387E-03   2.2011402702E+00   2.3725902262E+00   1.5739028960E-03   3.4200992459E-04
   1   -18   0    0   8.2001792454E-01   7.9418960112E+00   2.5476760830E-04   2.0583838053E+00   2.3705994116E+00   2.0730610217E-04   2.1409922359E+00   2.3353929976E+00   6.2715293616E-04   2.2413341019E+00   2.3735461004E+00   1.6891493942E-03   2.2405962702E+00   2.3813074604E+00   1.9058753615E-03   2.3528670296E+00   2.4125043707E+00   2.0893181956E-03   2.2012159806E+00   2.3726347664E+00   1.5738985609E-03   3.4201321055E-04
   1   -19   0    0   8.1001940522E-01   7.9419927405E+00   2.5470557546E-04   2.0583326950E+00   2.3706247472E+00   2.0730325953E-04   2.1409403396E+00   2.3354251068E+00   6.2714238190E-04   2.2413174466E+00   2.3735776442E+00   1.6891209678E-03   2.2406663354E+00   2.3813529856E+00   1.9058699950E-03   2.3529241224E+00   2.4125598304E+00   2.0893385886E-03   2.2012933767E+00   2.3726803013E+00   1.5738941291E-03   3.4201657000E-04
   1   -20   0    0   8.0002095294E-01   7.9420916534E+00   2.5464219866E-04   2.0582804620E+00   2.3706506693E+00   2.0730035555E-04   2.1408872589E+00   2.3354579493E+00   6.2713159992E-04   2.2413004509E+00   2.3736099090E+00   1.6890919280E-03   2.2407379813E+00   2.3813995263E+00   1.9058645089E-03   2.3529824835E+00   2.4126165223E+00   2.0893594267E-03   2.2013724943E+00   2.3727268520E+00   1.5738895987E-03   3.4202000449E-04
   1   -21   0    0   7.9002257066E-01   7.9421927971E+00   2.5457745130E-04   2.0582270833E+00   2.3706771912E+00   2.0729738903E-04   2.1408329676E+00   2.3354915413E+00   6.2712058575E-04   2.2412831088E+00   2.3736429109E+00   1.6890622628E-03   2.2408112421E+00   2.3814471040E+00   1.9058589009E-03   2.3530421396E+00   2.4126744720E+00   2.0893807188E-03   2.2014533694E+00   2.3727744398E+00   1.5738849675E-03   3.4202351564E-04
   1   -22   0    0   7.8002426146E-01   7.9422962200E+00   2.5451130634E-04   2.0581725354E+00   2.3707043267E+00   2.0729435876E-04   2.1407774390E+00   2.3355258995E+00   6.2710933485E-04   2.2412654147E+00   2.3736766662E+00   1.6890319601E-03   2.2408861528E+00   2.3814957407E+00   1.9058531684E-03   2.3531031178E+00   2.4127337061E+00   2.0894024739E-03   2.2015360389E+00   2.3728230869E+00   1.5738802335E-03   3.4202710504E-04
   1   -23   0    0   7.7002602856E-01   7.9424019713E+00   2.5444373637E-04   2.0581167946E+00   2.3707320896E+00   2.0729126349E-04   2.1407206456E+00   2.3355610407E+00   6.2709784264E-04   2.2412473625E+00   2.3737111917E+00   1.6890010074E-03   2.2409627490E+00   2.3815454586E+00   1.9058473086E-03   2.3531654457E+00   2.4127942512E+00   2.0894247014E-03   2.2016205404E+00   2.3728728154E+00   1.5738753944E-03   3.4203077437E-04
   1   -24   0    0   7.6002787530E-01   7.9425101014E+00   2.5437471355E-04   2.0580598367E+00   2.3707604942E+00   2.0728810197E-04   2.1406625596E+00   2.3355969823E+00   6.2708610443E-04   2.2412289463E+00   2.3737465043E+00   1.6889693922E-03   2.2410410669E+00   2.3815962804E+00   1.9058413191E-03   2.3532291513E+00   2.4128561347E+00   2.0894474106E-03   2.2017069122E+00   2.3729236481E+00   1.5738704482E-03   3.4203452531E-04
   1   -25   0    0   7.5002980518E-01   7.9426206612E+00   2.5430420965E-04   2.0580016372E+00   2.3707895552E+00   2.0728487291E-04   2.1406031525E+00   2.3356337420E+00   6.2707411550E-04   2.2412101602E+00   2.3737826215E+00   1.6889371017E-03   2.2411211435E+00   2.3816482292E+00   1.9058351970E-03   2.3532942631E+00   2.4129193842E+00   2.0894706110E-03   2.2017951930E+00   2.3729756080E+00   1.5738653925E-03   3.4203835956E-04
   1   -26   0    0   7.4003182184E-01   7.9427337030E+00   2.5423219603E-04   2.0579421710E+00   2.3708192873E+00   2.0728157504E-04   2.1405423953E+00   2.3356713377E+00   6.2706187105E-04   2.2411909982E+00   2.3738195611E+00   1.6889041230E-03   2.2412030166E+00   2.3817013285E+00   1.9058289397E-03   2.3533608102E+00   2.4129840280E+00   2.0894943124E-03   2.2018854224E+00   2.3730287187E+00   1.5738602251E-03   3.4204227888E-04
   1   -27   0    0   7.3003392905E-01   7.9428492799E+00   2.5415864365E-04   2.0578814128E+00   2.3708497058E+00   2.0727820704E-04   2.1404802583E+00   2.3357097879E+00   6.2704936622E-04   2.2411714542E+00   2.3738573411E+00   1.6888704429E-03   2.2412867246E+00   2.3817556023E+00   1.9058225444E-03   2.3534288222E+00   2.4130500948E+00   2.0895185246E-03   2.2019776408E+00   2.3730830042E+00   1.5738549438E-03   3.4204628503E-04
   1   -28   0    0   7.2003613077E-01   7.9429674460E+00   2.5408352309E-04   2.0578193369E+00   2.3708808263E+00   2.0727476758E-04   2.1404167115E+00   2.3357491112E+00   6.2703659609E-04   2.2411515221E+00   2.3738959800E+00   1.6888360484E-03   2.2413723066E+00   2.3818110750E+00   1.9058160082E-03   2.3534983292E+00   2.4131176137E+00   2.0895432575E-03   2.2020718891E+00   2.3731384888E+00   1.5738495461E-03   3.4205037983E-04
   1   -29   0    0   7.1003843109E-01   7.9430882564E+00   2.5400680450E-04   2.0577559170E+00   2.3709126644E+00   2.0727125532E-04   2.1403517239E+00   2.3357893269E+00   6.2702355566E-04   2.2411311960E+00   2.3739354967E+00   1.6888009258E-03   2.2414598025E+00   2.3818677713E+00   1.9058093282E-03   2.3535693616E+00   2.4131866146E+00   2.0895685213E-03   2.2021682088E+00   2.3731951972E+00   1.5738440296E-03   3.4205456512E-04
   1   -30   0    0   7.0004083430E-01   7.9432117674E+00   2.5392845766E-04   2.0576911265E+00   2.3709452366E+00   2.0726766890E-04   2.1402852641E+00   2.3358304542E+00   6.2701023988E-04   2.2411104696E+00   2.3739759104E+00   1.6887650616E-03   2.2415492528E+00   2.3819257164E+00   1.9058025015E-03   2.3536419505E+00   2.4132571274E+00   2.0895943262E-03   2.2022666425E+00   2.3732531548E+00   1.5738383921E-03   3.4205884276E-04
   1   -31   0    0   6.9004334485E-01   7.9433380360E+00   2.5384845198E-04   2.0576249385E+00   2.3709785592E+00   2.0726400694E-04   2.1402173003E+00   2.3358725132E+00   6.2699664363E-04   2.2410893369E+00   2.3740172406E+00   1.6887284420E-03   2.2416406989E+00   2.3819849360E+00   1.9057955251E-03   2.3537161276E+00   2.4133291831E+00   2.0896206826E-03   2.2023672330E+00   2.3733123871E+00   1.5738326309E-03   3.4206321466E-04
   1   -32   0    0   6.8004596736E-01   7.9434671206E+00   2.5376675645E-04   2.0575573256E+00   2.3710126491E+00   2.0726026804E-04   2.1401477997E+00   2.3359155241E+00   6.2698276176E-04   2.2410677918E+00   2.3740595073E+00   1.6886910530E-03   2.2417341829E+00   2.3820454561E+00   1.9057883961E-03   2.3537919249E+00   2.4134028126E+00   2.0896476010E-03   2.2024700243E+00   2.3733729203E+00   1.5738267436E-03   3.4206768275E-04
   1   -33   0    0   6.7004870666E-01   7.9435990804E+00   2.5368333972E-04   2.0574882600E+00   2.3710475236E+00   2.0725645081E-04   2.1400767291E+00   2.3359595075E+00   6.2696858900E-04   2.2410458281E+00   2.3741027309E+00   1.6886528807E-03   2.2418297476E+00   2.3821073032E+00   1.9057811112E-03   2.3538693751E+00   2.4134780477E+00   2.0896750922E-03   2.2025750607E+00   2.3734347807E+00   1.5738207276E-03   3.4207224901E-04
   1   -34   0    0   6.6005156776E-01   7.9437339758E+00   2.5359817003E-04   2.0574177135E+00   2.3710832002E+00   2.0725255380E-04   2.1400040546E+00   2.3360044844E+00   6.2695412008E-04   2.2410234397E+00   2.3741469322E+00   1.6886139107E-03   2.2419274367E+00   2.3821705043E+00   1.9057736674E-03   2.3539485112E+00   2.4135549206E+00   2.0897031670E-03   2.2026823875E+00   2.3734979955E+00   1.5738145805E-03   3.4207691543E-04
   1   -35   0    0   6.5005455587E-01   7.9438718682E+00   2.5351121528E-04   2.0573456575E+00   2.3711196968E+00   2.0724857559E-04   2.1399297418E+00   2.3360504764E+00   6.2693934964E-04   2.2410006205E+00   2.3741921323E+00   1.6885741285E-03   2.2420272946E+00   2.3822350867E+00   1.9057660615E-03   2.3540293669E+00   2.4136334640E+00   2.0897318363E-03   2.2027920505E+00   2.3735625919E+00   1.5738082994E-03   3.4208168404E-04
   1   -36   0    0   6.4005767643E-01   7.9440128200E+00   2.5342244302E-04   2.0572720631E+00   2.3711570318E+00   2.0724451471E-04   2.1398537554E+00   2.3360975052E+00   6.2692427227E-04   2.2409773644E+00   2.3742383527E+00   1.6885335197E-03   2.2421293664E+00   2.3823010783E+00   1.9057582903E-03   2.3541119764E+00   2.4137137110E+00   2.0897611111E-03   2.2029040965E+00   2.3736285978E+00   1.5738018819E-03   3.4208655692E-04
   1   -37   0    0   6.3006093507E-01   7.9441568949E+00   2.5333182044E-04   2.0571969007E+00   2.3711952237E+00   2.0724036969E-04   2.1397760597E+00   2.3361455930E+00   6.2690888251E-04   2.2409536654E+00   2.3742856154E+00   1.6884920695E-03   2.2422336980E+00   2.3823685073E+00   1.9057503506E-03   2.3541963744E+00   2.4137956953E+00   2.0897910028E-03   2.2030185726E+00   2.3736960414E+00   1.5737953251E-03   3.4209153615E-04
   1   -38   0    0   6.2006433765E-01   7.9443041574E+00   2.5323931438E-04   2.0571201407E+00   2.3712342918E+00   2.0723613905E-04   2.1396966181E+00   2.3361947627E+00   6.2689317484E-04   2.2409295173E+00   2.3743339427E+00   1.6884497631E-03   2.2423403362E+00   2.3824374024E+00   1.9057422389E-03   2.3542825960E+00   2.4138794512E+00   2.0898215227E-03   2.2031355271E+00   2.3737649514E+00   1.5737886263E-03   3.4209662389E-04
   1   -39   0    0   6.1006789028E-01   7.9444546734E+00   2.5314489137E-04   2.0570417527E+00   2.3712742553E+00   2.0723182128E-04   2.1396153937E+00   2.3362450371E+00   6.2687714371E-04   2.2409049141E+00   2.3743833575E+00   1.6884065855E-03   2.2424493286E+00   2.3825077927E+00   1.9057339519E-03   2.3543706770E+00   2.4139650132E+00   2.0898526822E-03   2.2032550087E+00   2.3738353570E+00   1.5737817829E-03   3.4210182227E-04
   1   -40   0    0   6.0007159927E-01   7.9446085097E+00   2.5304851762E-04   2.0569617064E+00   2.3713151340E+00   2.0722741488E-04   2.1395323486E+00   2.3362964398E+00   6.2686078348E-04   2.2408798498E+00   2.3744338829E+00   1.6883625215E-03   2.2425607233E+00   2.3825797078E+00   1.9057254863E-03   2.3544606535E+00   2.4140524167E+00   2.0898844931E-03   2.2033770668E+00   2.3739072878E+00   1.5737747918E-03   3.4210713352E-04
   1   -41   0    0   5.9007547122E-01   7.9447657342E+00   2.5295015902E-04   2.0568799707E+00   2.3713569482E+00   2.0722291832E-04   2.1394474443E+00   2.3363489948E+00   6.2684408850E-04   2.2408543186E+00   2.3744855425E+00   1.6883175559E-03   2.2426745696E+00   2.3826531778E+00   1.9057168385E-03   2.3545525623E+00   2.4141416973E+00   2.0899169669E-03   2.2035017516E+00   2.3739807737E+00   1.5737676504E-03   3.4211255985E-04
   1   -42   0    0   5.8007951296E-01   7.9449264161E+00   2.5284978118E-04   2.0567965143E+00   2.3713997185E+00   2.0721833006E-04   2.1393606418E+00   2.3364027264E+00   6.2682705306E-04   2.2408283144E+00   2.3745383604E+00   1.6882716733E-03   2.2427909173E+00   2.3827282329E+00   1.9057080051E-03   2.3546464408E+00   2.4142328912E+00   2.0899501156E-03   2.2036291141E+00   2.3740558452E+00   1.5737603556E-03   3.4211810354E-04
   1   -43   0    0   5.7008373159E-01   7.9450906255E+00   2.5274734941E-04   2.0567113055E+00   2.3714434657E+00   2.0721364855E-04   2.1392719012E+00   2.3364576593E+00   6.2680967141E-04   2.2408018315E+00   2.3745923610E+00   1.6882248582E-03   2.2429098171E+00   2.3828049042E+00   1.9056989824E-03   2.3547423265E+00   2.4143260350E+00   2.0899839511E-03   2.2037592058E+00   2.3741325332E+00   1.5737529045E-03   3.4212376687E-04
   1   -44   0    0   5.6008813447E-01   7.9452584336E+00   2.5264282879E-04   2.0566243122E+00   2.3714882114E+00   2.0720887224E-04   2.1391811821E+00   2.3365138187E+00   6.2679193777E-04   2.2407748640E+00   2.3746475692E+00   1.6881770951E-03   2.2430313206E+00   2.3828832229E+00   1.9056897670E-03   2.3548402577E+00   2.4144211658E+00   2.0900184855E-03   2.2038920791E+00   2.3742108691E+00   1.5737452943E-03   3.4212955218E-04
   1   -45   0    0   5.5009272925E-01   7.9454299129E+00   2.5253618413E-04   2.0565355019E+00   2.3715339773E+00   2.0720399955E-04   2.1390884433E+00   2.3365712303E+00   6.2677384630E-04   2.2407474064E+00   2.3747040103E+00   1.6881283682E-03   2.2431554800E+00   2.3829632208E+00   1.9056803550E-03   2.3549402733E+00   2.4145183214E+00   2.0900537310E-03   2.2040277868E+00   2.3742908845E+00   1.5737375218E-03   3.4213546183E-04
   1   -46   0    0   5.4009752386E-01   7.9456051368E+00   2.5242738000E-04   2.0564448420E+00   2.3715807855E+00   2.0719902891E-04   2.1389936430E+00   2.3366299202E+00   6.2675539116E-04   2.2407194529E+00   2.3747617101E+00   1.6880786619E-03   2.2432823485E+00   2.3830449300E+00   1.9056707430E-03   2.3550424123E+00   2.4146175399E+00   2.0900896998E-03   2.2041663827E+00   2.3743726116E+00   1.5737295840E-03   3.4214149821E-04
   1   -47   0    0   5.3010252655E-01   7.9457841800E+00   2.5231638078E-04   2.0563522993E+00   2.3716286587E+00   2.0719395874E-04   2.1388967388E+00   2.3366899147E+00   6.2673656644E-04   2.2406909981E+00   2.3748206946E+00   1.6880279601E-03   2.2434119799E+00   2.3831283832E+00   1.9056609271E-03   2.3551467146E+00   2.4147188597E+00   2.0901264044E-03   2.2043079211E+00   2.3744560830E+00   1.5737214779E-03   3.4214766375E-04
   1   -48   0    0   5.2010774584E-01   7.9459671181E+00   2.5220315064E-04   2.0562578402E+00   2.3716776199E+00   2.0718878743E-04   2.1387976874E+00   2.3367512409E+00   6.2671736624E-04   2.2406620365E+00   2.3748809907E+00   1.6879762470E-03   2.2435444289E+00   2.3832136132E+00   1.9056509035E-03   2.3552532202E+00   2.4148223200E+00   2.0901638572E-03   2.2044524570E+00   2.3745413318E+00   1.5737132003E-03   3.4215396090E-04
   1   -49   0    0   5.1011319058E-01   7.9461540280E+00   2.5208765357E-04   2.0561614311E+00   2.3717276925E+00   2.0718351339E-04   2.1386964450E+00   2.3368139262E+00   6.2669778462E-04   2.2406325629E+00   2.3749426252E+00   1.6879235067E-03   2.2436797510E+00   2.3833006536E+00   1.9056406685E-03   2.3553619698E+00   2.4149279601E+00   2.0902020708E-03   2.2046000460E+00   2.3746283914E+00   1.5737047481E-03   3.4216039216E-04
   1   -50   0    0   5.0011886996E-01   7.9463449874E+00   2.5196985345E-04   2.0560630378E+00   2.3717789003E+00   2.0717813501E-04   2.1385929670E+00   2.3368779982E+00   6.2667781562E-04   2.2406025721E+00   2.3750056256E+00   1.6878697229E-03   2.2438180025E+00   2.3833895382E+00   1.9056302182E-03   2.3554730045E+00   2.4150358201E+00   2.0902410577E-03   2.2047507444E+00   2.3747172955E+00   1.5736961181E-03   3.4216696004E-04
   1   -51   0    0   4.9012479347E-01   7.9465400754E+00   2.5184971398E-04   2.0559626260E+00   2.3718312677E+00   2.0717265070E-04   2.1384872084E+00   2.3369434853E+00   6.2665745327E-04   2.2405720590E+00   2.3750700200E+00   1.6878148798E-03   2.2439592403E+00   2.3834803011E+00   1.9056195486E-03   2.3555863659E+00   2.4151459402E+00   2.0902808308E-03   2.2049046090E+00   2.3748080784E+00   1.5736873070E-03   3.4217366709E-04
   1   -52   0    0   4.8013097096E-01   7.9467393719E+00   2.5172719879E-04   2.0558601609E+00   2.3718848193E+00   2.0716705882E-04   2.1383791231E+00   2.3370104161E+00   6.2663669159E-04   2.2405410187E+00   2.3751358365E+00   1.6877589611E-03   2.2441035223E+00   2.3835729769E+00   1.9056086560E-03   2.3557020958E+00   2.4152583612E+00   2.0903214026E-03   2.2050616973E+00   2.3749007747E+00   1.5736783117E-03   3.4218051589E-04
   1   -53   0    0   4.7013741264E-01   7.9469429580E+00   2.5160227144E-04   2.0557556075E+00   2.3719395803E+00   2.0716135778E-04   2.1382686648E+00   2.3370788196E+00   6.2661552458E-04   2.2405094464E+00   2.3752031040E+00   1.6877019507E-03   2.2442509070E+00   2.3836676007E+00   1.9055975362E-03   2.3558202366E+00   2.4153731243E+00   2.0903627862E-03   2.2052220675E+00   2.3749954194E+00   1.5736691288E-03   3.4218750904E-04
   1   -54   0    0   4.6014412904E-01   7.9471509159E+00   2.5147489542E-04   2.0556489307E+00   2.3719955761E+00   2.0715554596E-04   2.1381557862E+00   2.3371487255E+00   6.2659394626E-04   2.2404773377E+00   2.3752718516E+00   1.6876438324E-03   2.2444014538E+00   2.3837642077E+00   1.9055861853E-03   2.3559408311E+00   2.4154902710E+00   2.0904049943E-03   2.2053857780E+00   2.3750920479E+00   1.5736597551E-03   3.4219464918E-04
   1   -55   0    0   4.5015113109E-01   7.9473633285E+00   2.5134503422E-04   2.0555400950E+00   2.3720528327E+00   2.0714962174E-04   2.1380404395E+00   2.3372201637E+00   6.2657195064E-04   2.2404446880E+00   2.3753421090E+00   1.6875845903E-03   2.2445552226E+00   2.3838628337E+00   1.9055745993E-03   2.3560639225E+00   2.4156098432E+00   2.0904480399E-03   2.2055528882E+00   2.3751906957E+00   1.5736501872E-03   3.4220193897E-04
   1   -56   0    0   4.4015843010E-01   7.9475802801E+00   2.5121265133E-04   2.0554290646E+00   2.3721113765E+00   2.0714358352E-04   2.1379225764E+00   2.3372931645E+00   6.2654953174E-04   2.2404114931E+00   2.3754139062E+00   1.6875242081E-03   2.2447122742E+00   2.3839635147E+00   1.9055627741E-03   2.3561895543E+00   2.4157318832E+00   2.0904919359E-03   2.2057234576E+00   2.3752913991E+00   1.5736404218E-03   3.4220938110E-04
   1   -57   0    0   4.3016603773E-01   7.9478018557E+00   2.5107771029E-04   2.0553158036E+00   2.3721712342E+00   2.0713742969E-04   2.1378021478E+00   2.3373677586E+00   6.2652668361E-04   2.2403777490E+00   2.3754872736E+00   1.6874626698E-03   2.2448726700E+00   2.3840662870E+00   1.9055507056E-03   2.3563177702E+00   2.4158564336E+00   2.0905366952E-03   2.2058975465E+00   2.3753941943E+00   1.5736304555E-03   3.4221697828E-04
   1   -58   0    0   4.2017396606E-01   7.9480281413E+00   2.5094017472E-04   2.0552002760E+00   2.3722324332E+00   2.0713115865E-04   2.1376791039E+00   2.3374439774E+00   6.2650340030E-04   2.2403434519E+00   2.3755622422E+00   1.6873999595E-03   2.2450364723E+00   2.3841711874E+00   1.9055383897E-03   2.3564486146E+00   2.4159835374E+00   2.0905823308E-03   2.2060752154E+00   2.3754991180E+00   1.5736202849E-03   3.4222473325E-04
   1   -59   0    0   4.1018222756E-01   7.9482592239E+00   2.5080000834E-04   2.0550824454E+00   2.3722950009E+00   2.0712476881E-04   2.1375533947E+00   2.3375218523E+00   6.2647967589E-04   2.2403085981E+00   2.3756388431E+00   1.6873360611E-03   2.2452037438E+00   2.3842782529E+00   1.9055258223E-03   2.3565821319E+00   2.4161132377E+00   2.0906288557E-03   2.2062565255E+00   2.3756062074E+00   1.5736099065E-03   3.4223264877E-04
   1   -60   0    0   4.0019083512E-01   7.9484951915E+00   2.5065717506E-04   2.0549622754E+00   2.3723589655E+00   2.0711825859E-04   2.1374249693E+00   2.3376014153E+00   6.2645550452E-04   2.2402731844E+00   2.3757171081E+00   1.6872709588E-03   2.2453745479E+00   2.3843875206E+00   1.9055129992E-03   2.3567183669E+00   2.4162455782E+00   2.0906762828E-03   2.2064415381E+00   2.3757154995E+00   1.5735993170E-03   3.4224072762E-04
   1   -61   0    0   3.9019980204E-01   7.9487361326E+00   2.5051163894E-04   2.0548397295E+00   2.3724243553E+00   2.0711162640E-04   2.1372937763E+00   2.3376826989E+00   6.2643088033E-04   2.2402372075E+00   2.3757970691E+00   1.6872046370E-03   2.2455489487E+00   2.3844990282E+00   1.9054999161E-03   2.3568573645E+00   2.4163806024E+00   2.0907246251E-03   2.2066303153E+00   2.3758270321E+00   1.5735885128E-03   3.4224897261E-04
   1   -62   0    0   3.8020914203E-01   7.9489821369E+00   2.5036336428E-04   2.0547147709E+00   2.3724911992E+00   2.0710487069E-04   2.1371597638E+00   2.3377657357E+00   6.2640579753E-04   2.2402006647E+00   2.3758787586E+00   1.6871370799E-03   2.2457270110E+00   2.3846128134E+00   1.9054865691E-03   2.3569991702E+00   2.4165183545E+00   2.0907738954E-03   2.2068229190E+00   2.3759408428E+00   1.5735774906E-03   3.4225738655E-04
   1   -63   0    0   3.7021886925E-01   7.9492332947E+00   2.5021231567E-04   2.0545873628E+00   2.3725595265E+00   2.0709798992E-04   2.1370228795E+00   2.3378505588E+00   6.2638025038E-04   2.2401635533E+00   2.3759622094E+00   1.6870682722E-03   2.2459087999E+00   2.3847289143E+00   1.9054729537E-03   2.3571438293E+00   2.4166588785E+00   2.0908241066E-03   2.2070194119E+00   2.3760569697E+00   1.5735662469E-03   3.4226597229E-04
   1   -64   0    0   3.6022899829E-01   7.9494896971E+00   2.5005845799E-04   2.0544574685E+00   2.3726293667E+00   2.0709098256E-04   2.1368830704E+00   2.3379372018E+00   6.2635423321E-04   2.2401258710E+00   2.3760474547E+00   1.6869981986E-03   2.2460943811E+00   2.3848473690E+00   1.9054590659E-03   2.3572913875E+00   2.4168022188E+00   2.0908752715E-03   2.2072198564E+00   2.3761754511E+00   1.5735547781E-03   3.4227473268E-04
   1   -65   0    0   3.5023954418E-01   7.9497514359E+00   2.4990175652E-04   2.0543250512E+00   2.3727007499E+00   2.0708384709E-04   2.1367402833E+00   2.3380256984E+00   6.2632774040E-04   2.2400876159E+00   2.3761345279E+00   1.6869268439E-03   2.2462838211E+00   2.3849682160E+00   1.9054449013E-03   2.3574418906E+00   2.4169484199E+00   2.0909274026E-03   2.2074243157E+00   2.3762963253E+00   1.5735430808E-03   3.4228367059E-04
   1   -66   0    0   3.4025052240E-01   7.9500186036E+00   2.4974217691E-04   2.0541900738E+00   2.3727737064E+00   2.0707658202E-04   2.1365944643E+00   2.3381160827E+00   6.2630076643E-04   2.2400487862E+00   2.3762234628E+00   1.6868541932E-03   2.2464771865E+00   2.3850914938E+00   1.9054304558E-03   2.3575953844E+00   2.4170975265E+00   2.0909805128E-03   2.2076328528E+00   2.3764196309E+00   1.5735311515E-03   3.4229278891E-04
   1   -67   0    0   3.3026194889E-01   7.9502912932E+00   2.4957968530E-04   2.0540524996E+00   2.3728482670E+00   2.0706918589E-04   2.1364455593E+00   2.3382083892E+00   6.2627330584E-04   2.2400093806E+00   2.3763142936E+00   1.6867802319E-03   2.2466745445E+00   2.3852172410E+00   1.9054157251E-03   2.3577519150E+00   2.4172495830E+00   2.0910346144E-03   2.2078455307E+00   2.3765454065E+00   1.5735189867E-03   3.4230209052E-04
   1   -68   0    0   3.2027384004E-01   7.9505695983E+00   2.4941424832E-04   2.0539122918E+00   2.3729244627E+00   2.0706165725E-04   2.1362935139E+00   2.3383026526E+00   6.2624535329E-04   2.2399693979E+00   2.3764070548E+00   1.6867049456E-03   2.2468759627E+00   2.3853454965E+00   1.9054007051E-03   2.3579115283E+00   2.4174046344E+00   2.0910897198E-03   2.2080624129E+00   2.3766736910E+00   1.5735065830E-03   3.4231157833E-04
   1   -69   0    0   3.1028621270E-01   7.9508536130E+00   2.4924583317E-04   2.0537694137E+00   2.3730023250E+00   2.0705399470E-04   2.1361382732E+00   2.3383989079E+00   6.2621690352E-04   2.2399288376E+00   2.3765017810E+00   1.6866283201E-03   2.2470815091E+00   2.3854762991E+00   1.9053853915E-03   2.3580742704E+00   2.4175627252E+00   2.0911458412E-03   2.2082835624E+00   2.3768045233E+00   1.5734939368E-03   3.4232125525E-04
   1   -70   0    0   3.0029908420E-01   7.9511434319E+00   2.4907440766E-04   2.0536238287E+00   2.3730818857E+00   2.0704619685E-04   2.1359797821E+00   2.3384971904E+00   6.2618795141E-04   2.2398876993E+00   2.3765985072E+00   1.6865503416E-03   2.2472912517E+00   2.3856096877E+00   1.9053697801E-03   2.3582401872E+00   2.4177239001E+00   2.0912029907E-03   2.2085090425E+00   2.3769379422E+00   1.5734810447E-03   3.4233112418E-04
   1   -71   0    0   2.9031247231E-01   7.9514391498E+00   2.4889994029E-04   2.0534755003E+00   2.3731631767E+00   2.0703826234E-04   2.1358179854E+00   2.3385975356E+00   6.2615849193E-04   2.2398459830E+00   2.3766972687E+00   1.6864709966E-03   2.2475052592E+00   2.3857457012E+00   1.9053538668E-03   2.3584093246E+00   2.4178882037E+00   2.0912611802E-03   2.2087389162E+00   2.3770739867E+00   1.5734679033E-03   3.4234118805E-04
   1   -72   0    0   2.8032639530E-01   7.9517408619E+00   2.4872240027E-04   2.0533243923E+00   2.3732462305E+00   2.0703018987E-04   2.1356528274E+00   2.3386999792E+00   6.2612852020E-04   2.2398036891E+00   2.3767981009E+00   1.6863902719E-03   2.2477236003E+00   2.3858843786E+00   1.9053376474E-03   2.3585817284E+00   2.4180556804E+00   2.0913204214E-03   2.2089732465E+00   2.3772126956E+00   1.5734545091E-03   3.4235144976E-04
   1   -73   0    0   2.7034087188E-01   7.9520486637E+00   2.4854175759E-04   2.0531704687E+00   2.3733310796E+00   2.0702197816E-04   2.1354842526E+00   2.3388045571E+00   6.2609803148E-04   2.2397608185E+00   2.3769010395E+00   1.6863081548E-03   2.2479463436E+00   2.3860257585E+00   1.9053211179E-03   2.3587574441E+00   2.4182263746E+00   2.0913807257E-03   2.2092120958E+00   2.3773541078E+00   1.5734408587E-03   3.4236191222E-04
   1   -74   0    0   2.6035592123E-01   7.9523626506E+00   2.4835798312E-04   2.0530136936E+00   2.3734177570E+00   2.0701362596E-04   2.1353122052E+00   2.3389113055E+00   6.2606702117E-04   2.2397173723E+00   2.3770061202E+00   1.6862246328E-03   2.2481735582E+00   2.3861698797E+00   1.9053042740E-03   2.3589365171E+00   2.4184003303E+00   2.0914421045E-03   2.2094555266E+00   2.3774982620E+00   1.5734269488E-03   3.4237257834E-04
   1   -75   0    0   2.5037156301E-01   7.9526829182E+00   2.4817104861E-04   2.0528540316E+00   2.3735062958E+00   2.0700513209E-04   2.1351366296E+00   2.3390202605E+00   6.2603548485E-04   2.2396733522E+00   2.3771133791E+00   1.6861396941E-03   2.2484053131E+00   2.3863167809E+00   1.9052871118E-03   2.3591189925E+00   2.4185775912E+00   2.0915045687E-03   2.2097036007E+00   2.3776451968E+00   1.5734127760E-03   3.4238345101E-04
   1   -76   0    0   2.4038781732E-01   7.9530095620E+00   2.4798092680E-04   2.0526914475E+00   2.3735967293E+00   2.0699649539E-04   2.1349574700E+00   2.3391314584E+00   6.2600341826E-04   2.2396287604E+00   2.3772228522E+00   1.6860533272E-03   2.2486416771E+00   2.3864665004E+00   1.9052696273E-03   2.3593049150E+00   2.4187582010E+00   2.0915681289E-03   2.2099563795E+00   2.3777949506E+00   1.5733983371E-03   3.4239453310E-04
   1   -77   0    0   2.3040470474E-01   7.9533426775E+00   2.4778759145E-04   2.0525259065E+00   2.3736890910E+00   2.0698771478E-04   2.1347746709E+00   2.3392449357E+00   6.2597081732E-04   2.2395835991E+00   2.3773345758E+00   1.6859655211E-03   2.2488827191E+00   2.3866190764E+00   1.9052518165E-03   2.3594943290E+00   2.4189422027E+00   2.0916327957E-03   2.2102139240E+00   2.3779475617E+00   1.5733836287E-03   3.4240582748E-04
   1   -78   0    0   2.2042224627E-01   7.9536823599E+00   2.4759101743E-04   2.0523573743E+00   2.3737834147E+00   2.0697878920E-04   2.1345881769E+00   2.3393607288E+00   6.2593767814E-04   2.2395378714E+00   2.3774485860E+00   1.6858762653E-03   2.2491285076E+00   2.3867745468E+00   1.9052336755E-03   2.3596872785E+00   2.4191296390E+00   2.0916985792E-03   2.2104762944E+00   2.3781030679E+00   1.5733686476E-03   3.4241733701E-04
   1   -79   0    0   2.1044046336E-01   7.9540287039E+00   2.4739118077E-04   2.0521858169E+00   2.3738797343E+00   2.0696971766E-04   2.1343979328E+00   2.3394788741E+00   6.2590399704E-04   2.2394915807E+00   2.3775649191E+00   1.6857855499E-03   2.2493791112E+00   2.3869329492E+00   1.9052152006E-03   2.3598838069E+00   2.4193205521E+00   2.0917654891E-03   2.2107435502E+00   2.3782615069E+00   1.5733533908E-03   3.4242906450E-04
   1   -80   0    0   2.0045937791E-01   7.9543818041E+00   2.4718805875E-04   2.0520112010E+00   2.3739780836E+00   2.0696049923E-04   2.1342038837E+00   2.3395994082E+00   6.2586977056E-04   2.2394447308E+00   2.3776836114E+00   1.6856933657E-03   2.2496345978E+00   2.3870943209E+00   1.9051963879E-03   2.3600839570E+00   2.4195149836E+00   2.0918335347E-03   2.2110157501E+00   2.3784229159E+00   1.5733378550E-03   3.4244101275E-04
   1   -81   0    0   1.9047901222E-01   7.9547417543E+00   2.4698162994E-04   2.0518334935E+00   2.3740784966E+00   2.0695113304E-04   2.1340059753E+00   2.3397223674E+00   6.2583499547E-04   2.2393973260E+00   2.3778046990E+00   1.6855997038E-03   2.2498950351E+00   2.3872586987E+00   1.9051772338E-03   2.3602877712E+00   2.4197129748E+00   2.0919027253E-03   2.2112929519E+00   2.3785873317E+00   1.5733220372E-03   3.4245318453E-04
   1   -82   0    0   1.8049938901E-01   7.9551086477E+00   2.4677187427E-04   2.0516526623E+00   2.3741810076E+00   2.0694161828E-04   2.1338041536E+00   2.3398477880E+00   6.2579966875E-04   2.2393493711E+00   2.3779282181E+00   1.6855045561E-03   2.2501604902E+00   2.3874261190E+00   1.9051577346E-03   2.3604952911E+00   2.4199145659E+00   2.0919730692E-03   2.2115752124E+00   2.3787547908E+00   1.5733059345E-03   3.4246558257E-04
   1   -83   0    0   1.7052053137E-01   7.9554825768E+00   2.4655877313E-04   2.0514686756E+00   2.3742856506E+00   2.0693195420E-04   2.1335983653E+00   2.3399757061E+00   6.2576378766E-04   2.2393008712E+00   2.3780542047E+00   1.6854079154E-03   2.2504310298E+00   2.3875966176E+00   1.9051378869E-03   2.3607065574E+00   2.4201197966E+00   2.0920445748E-03   2.2118625874E+00   2.3789253291E+00   1.5732895440E-03   3.4247820958E-04
   1   -84   0    0   1.6054246280E-01   7.9558636330E+00   2.4634230940E-04   2.0512815024E+00   2.3743924597E+00   2.0692214014E-04   2.1333885577E+00   2.3401061578E+00   6.2572734970E-04   2.2392518322E+00   2.3781826946E+00   1.6853097748E-03   2.2507067198E+00   2.3877702299E+00   1.9051176872E-03   2.3609216102E+00   2.4203287059E+00   2.0921172498E-03   2.2121551313E+00   2.3790989818E+00   1.5732728629E-03   3.4249106821E-04
   1   -85   0    0   1.5056520712E-01   7.9562519068E+00   2.4612246754E-04   2.0510911125E+00   2.3745014689E+00   2.0691217549E-04   2.1331746789E+00   2.3402391787E+00   6.2569035264E-04   2.2392022600E+00   2.3783137233E+00   1.6852101284E-03   2.2509876252E+00   2.3879469904E+00   1.9050971323E-03   2.3611404886E+00   2.4205413318E+00   2.0921911014E-03   2.2124528973E+00   2.3792757836E+00   1.5732558883E-03   3.4250416107E-04
   1   -86   0    0   1.4058878852E-01   7.9566474876E+00   2.4589923367E-04   2.0508974763E+00   2.3746127121E+00   2.0690205974E-04   2.1329566779E+00   2.3403748043E+00   6.2565279455E-04   2.2391521615E+00   2.3784473263E+00   1.6851089709E-03   2.2512738104E+00   2.3881269333E+00   1.9050762189E-03   2.3613632309E+00   2.4207577113E+00   2.0922661364E-03   2.2127559372E+00   2.3794557685E+00   1.5732386178E-03   3.4251749072E-04
   1   -87   0    0   1.3061323148E-01   7.9570504633E+00   2.4567259559E-04   2.0507005651E+00   2.3747262233E+00   2.0689179243E-04   2.1327345045E+00   2.3405130698E+00   6.2561467378E-04   2.2391015438E+00   2.3785835386E+00   1.6850062979E-03   2.2515653386E+00   2.3883100918E+00   1.9050549440E-03   2.3615898741E+00   2.4209778806E+00   2.0923423609E-03   2.2130643012E+00   2.3796389699E+00   1.5732210486E-03   3.4253105967E-04
   1   -88   0    0   1.2063856077E-01   7.9574609205E+00   2.4544254292E-04   2.0505003510E+00   2.3748420359E+00   2.0688137322E-04   2.1325081098E+00   2.3406540098E+00   6.2557598899E-04   2.2390504143E+00   2.3787223949E+00   1.6849021057E-03   2.2518622720E+00   2.3884964983E+00   1.9050333046E-03   2.3618204544E+00   2.4212018747E+00   2.0924197808E-03   2.2133780381E+00   2.3798254201E+00   1.5732031785E-03   3.4254487036E-04
   1   -89   0    0   1.1066480142E-01   7.9578789440E+00   2.4520906710E-04   2.0502968070E+00   2.3749601834E+00   2.0687080181E-04   2.1322774462E+00   2.3407976589E+00   6.2553673913E-04   2.2389987811E+00   2.3788639294E+00   1.6847963917E-03   2.2521646716E+00   2.3886861845E+00   1.9050112978E-03   2.3620550065E+00   2.4214297275E+00   2.0924984010E-03   2.2136971945E+00   2.3800151508E+00   1.5731850050E-03   3.4255892519E-04
   1   -90   0    0   1.0069197869E-01   7.9583046172E+00   2.4497216149E-04   2.0500899072E+00   2.3750806989E+00   2.0686007803E-04   2.1320424669E+00   2.3409440508E+00   6.2549692352E-04   2.2389466527E+00   2.3790081759E+00   1.6846891539E-03   2.2524725973E+00   2.3888791809E+00   1.9049889211E-03   2.3622935642E+00   2.4216614717E+00   2.0925782261E-03   2.2140218156E+00   2.3802081927E+00   1.5731665260E-03   3.4257322647E-04
   1   -91   0    0   9.0720118033E-02   7.9587380213E+00   2.4473182144E-04   2.0498796264E+00   2.3752036153E+00   2.0684920176E-04   2.1318031272E+00   2.3410932189E+00   6.2545654177E-04   2.2388940380E+00   2.3791551679E+00   1.6845803912E-03   2.2527861072E+00   2.3890755173E+00   1.9049661718E-03   2.3625361596E+00   2.4218971386E+00   2.0926592600E-03   2.2143519443E+00   2.3804045754E+00   1.5731477393E-03   3.4258777644E-04
   1   -92   0    0   8.0749245073E-02   7.9591792354E+00   2.4448804433E-04   2.0496659406E+00   2.3753289650E+00   2.0683817301E-04   2.1315593835E+00   2.3412451958E+00   6.2541559388E-04   2.2388409464E+00   2.3793049379E+00   1.6844701037E-03   2.2531052582E+00   2.3892752224E+00   1.9049430476E-03   2.3627828238E+00   2.4221367583E+00   2.0927415060E-03   2.2146876215E+00   2.3806043276E+00   1.5731286430E-03   3.4260257727E-04
   1   -93   0    0   7.0779385542E-02   7.9596283366E+00   2.4424082964E-04   2.0494488269E+00   2.3754567800E+00   2.0682699186E-04   2.1313111941E+00   2.3414000138E+00   6.2537408016E-04   2.2387873877E+00   2.3794575181E+00   1.6843582923E-03   2.2534301054E+00   2.3894783236E+00   1.9049195463E-03   2.3630335860E+00   2.4223803594E+00   2.0928249666E-03   2.2150288858E+00   2.3808074769E+00   1.5731092353E-03   3.4261763105E-04
   1   -94   0    0   6.0810565261E-02   7.9600853995E+00   2.4399017903E-04   2.0492282634E+00   2.3755870919E+00   2.0681565851E-04   2.1310585190E+00   2.3415577042E+00   6.2533200131E-04   2.2387333720E+00   2.3796129399E+00   1.6842449588E-03   2.2537607021E+00   2.3896848473E+00   1.9048956658E-03   2.3632884742E+00   2.4226279688E+00   2.0929096437E-03   2.2153757736E+00   2.3810140496E+00   1.5730895144E-03   3.4263293977E-04
   1   -95   0    0   5.0842810088E-02   7.9605504961E+00   2.4373609636E-04   2.0490042294E+00   2.3757199317E+00   2.0680417323E-04   2.1308013202E+00   2.3417182976E+00   6.2528935841E-04   2.2386789098E+00   2.3797712340E+00   1.6841301060E-03   2.2540970999E+00   2.3898948185E+00   1.9048714043E-03   2.3635475144E+00   2.4228796121E+00   2.0929955386E-03   2.2157283187E+00   2.3812240708E+00   1.5730694790E-03   3.4264850533E-04
   1   -96   0    0   4.0876145876E-02   7.9610236956E+00   2.4347858777E-04   2.0487767055E+00   2.3758553298E+00   2.0679253642E-04   2.1305395619E+00   2.3418818238E+00   6.2524615290E-04   2.2386240122E+00   2.3799324302E+00   1.6840137380E-03   2.2544393480E+00   2.3901082612E+00   1.9048467601E-03   2.3638107313E+00   2.4231353130E+00   2.0930826517E-03   2.2160865523E+00   2.3814375642E+00   1.5730491274E-03   3.4266432954E-04
   1   -97   0    0   3.0910598421E-02   7.9615050645E+00   2.4321766172E-04   2.0485456734E+00   2.3759933162E+00   2.0678074858E-04   2.1302732105E+00   2.3420483116E+00   6.2520238662E-04   2.2385686903E+00   2.3800965575E+00   1.6838958596E-03   2.2547874939E+00   2.3903251976E+00   1.9048217317E-03   2.3640781474E+00   2.4233950936E+00   2.0931709828E-03   2.2164505029E+00   2.3816545524E+00   1.5730284587E-03   3.4268041411E-04
   1   -98   0    0   2.0946193415E-02   7.9619946661E+00   2.4295332906E-04   2.0483111160E+00   2.3761339197E+00   2.0676881030E-04   2.1300022346E+00   2.3422177891E+00   6.2515806180E-04   2.2385129557E+00   2.3802636439E+00   1.6837764768E-03   2.2551415825E+00   2.3905456487E+00   1.9047963179E-03   2.3643497835E+00   2.4236589741E+00   2.0932605307E-03   2.2168201961E+00   2.3818750562E+00   1.5730074716E-03   3.4269676063E-04
   1   -99   0    0   1.0982956391E-02   7.9624925605E+00   2.4268560302E-04   2.0480730177E+00   2.3762771689E+00   2.0675672230E-04   2.1297266056E+00   2.3423902831E+00   6.2511318110E-04   2.2384568204E+00   2.3804337165E+00   1.6836555969E-03   2.2555016564E+00   2.3907696340E+00   1.9047705175E-03   2.3646256586E+00   2.4239269728E+00   2.0933512937E-03   2.2171956545E+00   2.3820990951E+00   1.5729861653E-03   3.4271337059E-04
   1  -100   0    0   1.0209126653E-03   7.9629988042E+00   2.4241449933E-04   2.0478313641E+00   2.3764230912E+00   2.0674448540E-04   2.1294462975E+00   2.3425658194E+00   6.2506774754E-04   2.2384002964E+00   2.3806068012E+00   1.6835332279E-03   2.2558677556E+00   2.3909971713E+00   1.9047443298E-03   2.3649057893E+00   2.4241991060E+00   2.0934432692E-03   2.2175768978E+00   2.3823266869E+00   1.5729645391E-03   3.4273024535E-04
   1  -101   0    0  -8.9399127153E-03   7.9635134504E+00   2.4214003617E-04   2.0475861423E+00   2.3765717132E+00   2.0673210053E-04   2.1291612868E+00   2.3427444227E+00   6.2502176461E-04   2.2383433961E+00   2.3807829228E+00   1.6834093792E-03   2.2562399175E+00   2.3912282768E+00   1.9047177540E-03   2.3651901905E+00   2.4244753881E+00   2.0935364536E-03   2.2179639421E+00   2.3825578479E+00   1.5729425924E-03   3.4274738616E-04
   1  -102   0    0  -1.8899495039E-02   7.9640365483E+00   2.4186223428E-04   2.0473373406E+00   2.3767230607E+00   2.0671956874E-04   2.1288715535E+00   2.3429261163E+00   6.2497523617E-04   2.2382861322E+00   2.3809621050E+00   1.6832840613E-03   2.2566181766E+00   2.3914629650E+00   1.9046907898E-03   2.3654788745E+00   2.4247558311E+00   2.0936308429E-03   2.2183568005E+00   2.3827925926E+00   1.5729203250E-03   3.4276479413E-04
   1  -103   0    0  -2.8857809989E-02   7.9645681432E+00   2.4158111694E-04   2.0470849490E+00   2.3768771583E+00   2.0670689118E-04   2.1285770804E+00   2.3431109226E+00   6.2492816652E-04   2.2382285173E+00   2.3811443701E+00   1.6831572858E-03   2.2570025644E+00   2.3917012486E+00   1.9046634370E-03   2.3657718517E+00   2.4250404452E+00   2.0937264318E-03   2.2187554826E+00   2.3830309337E+00   1.5728977367E-03   3.4278247025E-04
   1  -104   0    0  -3.8814833709E-02   7.9651082762E+00   2.4129670999E-04   2.0468289585E+00   2.3770340296E+00   2.0669406913E-04   2.1282778535E+00   2.3432988621E+00   6.2488056041E-04   2.2381705643E+00   2.3813297392E+00   1.6830290653E-03   2.2573931097E+00   2.3919431385E+00   1.9046356957E-03   2.3660691301E+00   2.4253292381E+00   2.0938232143E-03   2.2191599941E+00   2.3832728821E+00   1.5728748275E-03   3.4280041537E-04
   1  -105   0    0  -4.8770542867E-02   7.9656569842E+00   2.4100904188E-04   2.0465693621E+00   2.3771936970E+00   2.0668110398E-04   2.1279738625E+00   2.3434899543E+00   6.2483242298E-04   2.2381122862E+00   2.3815182318E+00   1.6828994138E-03   2.2577898376E+00   2.3921886437E+00   1.9046075661E-03   2.3663707151E+00   2.4256222150E+00   2.0939211837E-03   2.2195703374E+00   2.3835184467E+00   1.5728515977E-03   3.4281863019E-04
   1  -106   0    0  -5.8724914729E-02   7.9662142997E+00   2.4071814365E-04   2.0463061540E+00   2.3773561818E+00   2.0666799723E-04   2.1276651004E+00   2.3436842170E+00   6.2478375982E-04   2.2380536960E+00   2.3817098661E+00   1.6827683463E-03   2.2581927701E+00   2.3924377712E+00   1.9045790488E-03   2.3666766100E+00   2.4259193792E+00   2.0940203323E-03   2.2199865109E+00   2.3837676346E+00   1.5728280477E-03   3.4283711527E-04
   1  -107   0    0  -6.8677927221E-02   7.9667802504E+00   2.4042404898E-04   2.0460393300E+00   2.3775215039E+00   2.0665475050E-04   2.1273515640E+00   2.3438816666E+00   6.2473457693E-04   2.2379948067E+00   2.3819046587E+00   1.6826358791E-03   2.2586019259E+00   2.3926905261E+00   1.9045501447E-03   2.3669868152E+00   2.4262207311E+00   2.0941206515E-03   2.2204085091E+00   2.3840204508E+00   1.5728041783E-03   3.4285587102E-04
   1  -108   0    0  -7.8629559008E-02   7.9673548593E+00   2.4012679412E-04   2.0457688872E+00   2.3776896820E+00   2.0664136552E-04   2.1270332540E+00   2.3440823177E+00   6.2468488077E-04   2.2379356314E+00   2.3821026246E+00   1.6825020293E-03   2.2590173198E+00   2.3929469111E+00   1.9045208548E-03   2.3673013287E+00   2.4265262688E+00   2.0942221318E-03   2.2208363226E+00   2.3842768983E+00   1.5727799902E-03   3.4287489770E-04
   1  -109   0    0  -8.8579789558E-02   7.9679381443E+00   2.3982641797E-04   2.0454948246E+00   2.3778607334E+00   2.0662784415E-04   2.1267101749E+00   2.3442861832E+00   6.2463467819E-04   2.2378761830E+00   2.3823037773E+00   1.6823668157E-03   2.2594389631E+00   2.3932069272E+00   1.9044911804E-03   2.3676201460E+00   2.4268359878E+00   2.0943247629E-03   2.2212699378E+00   2.3845369778E+00   1.5727554847E-03   3.4289419539E-04
   1  -110   0    0  -9.8528599221E-02   7.9685301184E+00   2.3952296199E-04   2.0452171426E+00   2.3780346737E+00   2.0661418835E-04   2.1263823356E+00   2.3444932745E+00   6.2458397649E-04   2.2378164742E+00   2.3825081282E+00   1.6822302577E-03   2.2598668633E+00   2.3934705730E+00   1.9044611232E-03   2.3679432597E+00   2.4271498811E+00   2.0944285336E-03   2.2217093369E+00   2.3848006879E+00   1.5727306631E-03   3.4291376405E-04
   1  -111   0    0  -1.0847596930E-01   7.9691307892E+00   2.3921647024E-04   2.0449358430E+00   2.3782115172E+00   2.0660040019E-04   2.1260497490E+00   2.3447036010E+00   6.2453278337E-04   2.2377565178E+00   2.3827156873E+00   1.6820923761E-03   2.2603010238E+00   2.3937378448E+00   1.9044306849E-03   2.3682706598E+00   2.4274679389E+00   2.0945334318E-03   2.2221544980E+00   2.3850680251E+00   1.5727055268E-03   3.4293360342E-04
   1  -112   0    0  -1.1842188212E-01   7.9697401590E+00   2.3890698935E-04   2.0446509293E+00   2.3783912766E+00   2.0658648186E-04   2.1257124325E+00   2.3449171702E+00   6.2448110697E-04   2.2376963261E+00   2.3829264624E+00   1.6819531929E-03   2.2607414442E+00   2.3940087368E+00   1.9043998679E-03   2.3686023335E+00   2.4277901488E+00   2.0946394444E-03   2.2226053946E+00   2.3853389835E+00   1.5726800776E-03   3.4295371311E-04
   1  -113   0    0  -1.2836632111E-01   7.9703582244E+00   2.3859456844E-04   2.0443624067E+00   2.3785739629E+00   2.0657243567E-04   2.1253704080E+00   2.3451339878E+00   6.2442895581E-04   2.2376359113E+00   2.3831404598E+00   1.6818127310E-03   2.2611881197E+00   2.3942832408E+00   1.9043686744E-03   2.3689382650E+00   2.4281164955E+00   2.0947465576E-03   2.2230619960E+00   2.3856135548E+00   1.5726543176E-03   3.4297409255E-04
   1  -114   0    0  -1.3830927088E-01   7.9709849764E+00   2.3827925917E-04   2.0440702817E+00   2.3787595852E+00   2.0655826401E-04   2.1250237018E+00   2.3453540574E+00   6.2437633883E-04   2.2375752853E+00   2.3833576836E+00   1.6816710144E-03   2.2616410415E+00   2.3945613462E+00   1.9043371071E-03   2.3692784360E+00   2.4284469611E+00   2.0948547567E-03   2.2235242668E+00   2.3858917287E+00   1.5726282489E-03   3.4299474097E-04
   1  -115   0    0  -1.4825071727E-01   7.9716204003E+00   2.3796111562E-04   2.0437745625E+00   2.3789481513E+00   2.0654396940E-04   2.1246723451E+00   2.3455773807E+00   6.2432326536E-04   2.2375144595E+00   2.3835781357E+00   1.6815280684E-03   2.2621001962E+00   2.3948430402E+00   1.9043051690E-03   2.3696228250E+00   2.4287815248E+00   2.0949640260E-03   2.2239921674E+00   2.3861734920E+00   1.5726018740E-03   3.4301565746E-04
   1  -116   0    0  -1.5819064745E-01   7.9722644755E+00   2.3764019430E-04   2.0434752588E+00   2.3791396667E+00   2.0652955447E-04   2.1243163738E+00   2.3458039571E+00   6.2426974513E-04   2.2374534450E+00   2.3838018164E+00   1.6813839191E-03   2.2625655663E+00   2.3951283074E+00   1.9042728634E-03   2.3699714076E+00   2.4291201630E+00   2.0950743491E-03   2.2244656534E+00   2.3864588296E+00   1.5725751955E-03   3.4303684090E-04
   1  -117   0    0  -1.6812904996E-01   7.9729171752E+00   2.3731655406E-04   2.0431723820E+00   2.3793341352E+00   2.0651502192E-04   2.1239558287E+00   2.3460337842E+00   6.2421578822E-04   2.2373922525E+00   2.3840287235E+00   1.6812385936E-03   2.2630371295E+00   2.3954171299E+00   1.9042401937E-03   2.3703241568E+00   2.4294628493E+00   2.0951857087E-03   2.2249446756E+00   2.3867477235E+00   1.5725482164E-03   3.4305828999E-04
   1  -118   0    0  -1.7806591483E-01   7.9735784667E+00   2.3699025606E-04   2.0428659447E+00   2.3795315589E+00   2.0650037458E-04   2.1235907556E+00   2.3462668571E+00   6.2416140510E-04   2.2373308922E+00   2.3842588529E+00   1.6810921203E-03   2.2635148592E+00   2.3957094876E+00   1.9042071637E-03   2.3706810422E+00   2.4298095544E+00   2.0952980867E-03   2.2254291807E+00   2.3870401535E+00   1.5725209398E-03   3.4308000326E-04
   1  -119   0    0  -1.8800123357E-01   7.9742483110E+00   2.3666136369E-04   2.0425559616E+00   2.3797319376E+00   2.0648561536E-04   2.1232212052E+00   2.3465031688E+00   6.2410660660E-04   2.2372693735E+00   2.3844921980E+00   1.6809445281E-03   2.2639987240E+00   2.3960053577E+00   1.9041737775E-03   2.3710420308E+00   2.4301602460E+00   2.0954114641E-03   2.2259191101E+00   2.3873360970E+00   1.5724933690E-03   3.4310197904E-04
   1  -120   0    0  -1.9793499931E-01   7.9749266629E+00   2.3632994251E-04   2.0422424482E+00   2.3799352693E+00   2.0647074726E-04   2.1228472334E+00   2.3467427102E+00   6.2405140386E-04   2.2372077056E+00   2.3847287504E+00   1.6807958472E-03   2.2644886877E+00   2.3963047148E+00   1.9041400393E-03   2.3714070863E+00   2.4305148890E+00   2.0955258213E-03   2.2264144010E+00   2.3876355284E+00   1.5724655076E-03   3.4312421548E-04
   1  -121   0    0  -2.0786720682E-01   7.9756134709E+00   2.3599606018E-04   2.0419254222E+00   2.3801415498E+00   2.0645577339E-04   2.1224689011E+00   2.3469854696E+00   6.2399580839E-04   2.2371458969E+00   2.3849684990E+00   1.6806461085E-03   2.2649847097E+00   2.3966075313E+00   1.9041059538E-03   2.3717761698E+00   2.4308734456E+00   2.0956411377E-03   2.2269149858E+00   2.3879384203E+00   1.5724373593E-03   3.4314671054E-04
   1  -122   0    0  -2.1779785257E-01   7.9763086771E+00   2.3565978637E-04   2.0416049023E+00   2.3803507728E+00   2.0644069692E-04   2.1220862744E+00   2.3472314333E+00   6.2393983199E-04   2.2370839550E+00   2.3852114307E+00   1.6804953438E-03   2.2654867444E+00   2.3969137768E+00   1.9040715258E-03   2.3721492390E+00   2.4312358747E+00   2.0957573921E-03   2.2274207920E+00   2.3882447420E+00   1.5724089281E-03   3.4316946199E-04
   1  -123   0    0  -2.2772693479E-01   7.9770122171E+00   2.3532119269E-04   2.0412809090E+00   2.3805629301E+00   2.0642552111E-04   2.1216994244E+00   2.3474805851E+00   6.2388348677E-04   2.2370218871E+00   2.3854575299E+00   1.6803435858E-03   2.2659947413E+00   2.3972234185E+00   1.9040367604E-03   2.3725262491E+00   2.4316021327E+00   2.0958745625E-03   2.2279317429E+00   2.3885544610E+00   1.5723802184E-03   3.4319246741E-04
   1  -124   0    0  -2.3765445353E-01   7.9777240202E+00   2.3498035260E-04   2.0409534640E+00   2.3807780111E+00   2.0641024931E-04   2.1213084276E+00   2.3477329065E+00   6.2382678515E-04   2.2369596995E+00   2.3857067788E+00   1.6801908678E-03   2.2665086452E+00   2.3975364210E+00   1.9040016629E-03   2.3729071519E+00   2.4319721729E+00   2.0959926263E-03   2.2284477567E+00   2.3888675417E+00   1.5723512344E-03   3.4321572419E-04
   1  -125   0    0  -2.4758041072E-01   7.9784440091E+00   2.3463734133E-04   2.0406225906E+00   2.3809960031E+00   2.0639488493E-04   2.1209133654E+00   2.3479883764E+00   6.2376973979E-04   2.2368973978E+00   2.3859591571E+00   1.6800372241E-03   2.2670283962E+00   2.3978527465E+00   1.9039662390E-03   2.3732918967E+00   2.4323459459E+00   2.0961115601E-03   2.2289687474E+00   2.3891839463E+00   1.5723219808E-03   3.4323922952E-04
   1  -126   0    0  -2.5750481016E-01   7.9791721000E+00   2.3429223577E-04   2.0402883136E+00   2.3812168911E+00   2.0637943145E-04   2.1205143246E+00   2.3482469717E+00   6.2371236363E-04   2.2368349867E+00   2.3862146421E+00   1.6798826893E-03   2.2675539292E+00   2.3981723544E+00   1.9039304944E-03   2.3736804296E+00   2.4327233995E+00   2.0962313399E-03   2.2294946242E+00   2.3895036344E+00   1.5722924624E-03   3.4326298043E-04
   1  -127   0    0  -2.6742765761E-01   7.9799082028E+00   2.3394511441E-04   2.0399506592E+00   2.3814406580E+00   2.0636389243E-04   2.1201113967E+00   2.3485086665E+00   6.2365466984E-04   2.2367724702E+00   2.3864732089E+00   1.6797272991E-03   2.2680851745E+00   2.3984952021E+00   1.9038944354E-03   2.3740726939E+00   2.4331044785E+00   2.0963519411E-03   2.2300252921E+00   2.3898265631E+00   1.5722626843E-03   3.4328697375E-04
   1  -128   0    0  -2.7734896081E-01   7.9806522209E+00   2.3359605720E-04   2.0396096549E+00   2.3816672845E+00   2.0634827146E-04   2.1197046785E+00   2.3487734328E+00   6.2359667182E-04   2.2367098516E+00   2.3867348301E+00   1.6795710895E-03   2.2686220577E+00   2.3988212439E+00   1.9038580681E-03   2.3744686301E+00   2.4334891251E+00   2.0964733385E-03   2.2305606514E+00   2.3901526869E+00   1.5722326517E-03   3.4331120611E-04
   1  -129   0    0  -2.8726872949E-01   7.9814040511E+00   2.3324514547E-04   2.0392653296E+00   2.3818967487E+00   2.0633257223E-04   2.1192942716E+00   2.3490412400E+00   6.2353838319E-04   2.2366471331E+00   2.3869994758E+00   1.6794140972E-03   2.2691644992E+00   2.3991504322E+00   1.9038213991E-03   2.3748681758E+00   2.4338772788E+00   2.0965955062E-03   2.2311005982E+00   2.3904819581E+00   1.5722023700E-03   3.4333567396E-04
   1  -130   0    0  -2.9718697544E-01   7.9821635839E+00   2.3289246187E-04   2.0389177138E+00   2.3821290268E+00   2.0631679843E-04   2.1188802825E+00   2.3493120551E+00   6.2347981775E-04   2.2365843163E+00   2.3872671138E+00   1.6792563593E-03   2.2697124149E+00   2.3994827167E+00   1.9037844353E-03   2.3752712660E+00   2.4342688763E+00   2.0967184181E-03   2.2316450245E+00   2.3908143263E+00   1.5721718447E-03   3.4336037360E-04
   1  -131   0    0  -3.0710371248E-01   7.9829307036E+00   2.3253809021E-04   2.0385668392E+00   2.3823640926E+00   2.0630095385E-04   2.1184628226E+00   2.3495858428E+00   6.2342098947E-04   2.2365214019E+00   2.3875377095E+00   1.6790979134E-03   2.2702657159E+00   2.3998180446E+00   1.9037471835E-03   2.3756778328E+00   2.4346638516E+00   2.0968420471E-03   2.2321938179E+00   2.3911497389E+00   1.5721410817E-03   3.4338530110E-04
   1  -132   0    0  -3.1701895648E-01   7.9837052881E+00   2.3218211539E-04   2.0382127390E+00   2.3826019176E+00   2.0628504228E-04   2.1180420076E+00   2.3498625653E+00   6.2336191249E-04   2.2364583896E+00   2.3878112258E+00   1.6789387978E-03   2.2708243088E+00   2.4001563609E+00   1.9037096510E-03   2.3760878057E+00   2.4350621364E+00   2.0969663662E-03   2.2327468620E+00   2.3914881407E+00   1.5721100868E-03   3.4341045239E-04
   1  -133   0    0  -3.2693272539E-01   7.9844872089E+00   2.3182462330E-04   2.0378554477E+00   2.3828424711E+00   2.0626906757E-04   2.1176179580E+00   2.3501421825E+00   6.2330260110E-04   2.2363952785E+00   2.3880876235E+00   1.6787790508E-03   2.2713880953E+00   2.4004976083E+00   1.9036718451E-03   2.3765011117E+00   2.4354636597E+00   2.0970913473E-03   2.2333040367E+00   2.3918294745E+00   1.5720788662E-03   3.4343582320E-04
   1  -134   0    0  -3.3684503925E-01   7.9852763318E+00   2.3146570071E-04   2.0374950012E+00   2.3830857200E+00   2.0625303361E-04   2.1171907986E+00   2.3504246519E+00   6.2324306969E-04   2.2363320668E+00   2.3883668609E+00   1.6786187112E-03   2.2719569728E+00   2.4008417270E+00   1.9036337734E-03   2.3769176751E+00   2.4358683478E+00   2.0972169625E-03   2.2338652179E+00   2.3921736805E+00   1.5720474261E-03   3.4346140911E-04
   1  -135   0    0  -3.4675592013E-01   7.9860725162E+00   2.3110543520E-04   2.0371314368E+00   2.3833316290E+00   2.0623694430E-04   2.1167606584E+00   2.3507099286E+00   6.2318333279E-04   2.2362687518E+00   2.3886488938E+00   1.6784578181E-03   2.2725308340E+00   2.4011886552E+00   1.9035954437E-03   2.3773374177E+00   2.4362761248E+00   2.0973431832E-03   2.2344302777E+00   2.3925206968E+00   1.5720157728E-03   3.4348720553E-04
   1  -136   0    0  -3.5666539219E-01   7.9868756156E+00   2.3074391504E-04   2.0367647931E+00   2.3835801607E+00   2.0622080358E-04   2.1163276703E+00   2.3509979656E+00   6.2312340500E-04   2.2362053301E+00   2.3889336759E+00   1.6782964110E-03   2.2731095674E+00   2.4015383288E+00   1.9035568638E-03   2.3777602590E+00   2.4366869126E+00   2.0974699804E-03   2.2349990849E+00   2.3928704593E+00   1.5719839130E-03   3.4351320767E-04
   1  -137   0    0  -3.6657348161E-01   7.9876854780E+00   2.3038122907E-04   2.0363951103E+00   2.3838312753E+00   2.0620461540E-04   2.1158919713E+00   2.3512887135E+00   6.2306330102E-04   2.2361417976E+00   2.3892211587E+00   1.6781345292E-03   2.2736930572E+00   2.4018906813E+00   1.9035180419E-03   2.3781861159E+00   2.4371006303E+00   2.0975973250E-03   2.2355715047E+00   2.3932229016E+00   1.5719518534E-03   3.4353941063E-04
   1  -138   0    0  -3.7648021661E-01   7.9885019453E+00   2.3001746669E-04   2.0360224297E+00   2.3840849311E+00   2.0618838374E-04   2.1154537018E+00   2.3515821205E+00   6.2300303560E-04   2.2360781494E+00   2.3895112912E+00   1.6779722127E-03   2.2742811834E+00   2.4022456446E+00   1.9034789862E-03   2.3786149033E+00   2.4375171953E+00   2.0977251873E-03   2.2361473990E+00   2.3935779553E+00   1.5719196007E-03   3.4356580932E-04
   1  -139   0    0  -3.8638562737E-01   7.9893248541E+00   2.2965271767E-04   2.0356467943E+00   2.3843410838E+00   2.0617211259E-04   2.1150130057E+00   2.3518781328E+00   6.2294262354E-04   2.2360143798E+00   2.3898040203E+00   1.6778095012E-03   2.2748738218E+00   2.4026031480E+00   1.9034397052E-03   2.3790465337E+00   2.4379365225E+00   2.0978535376E-03   2.2367266268E+00   2.3939355500E+00   1.5718871618E-03   3.4359239850E-04
   1  -140   0    0  -3.9628974608E-01   7.9901540354E+00   2.2928707213E-04   2.0352682483E+00   2.3845996874E+00   2.0615580594E-04   2.1145700303E+00   2.3521766943E+00   6.2288207968E-04   2.2359504827E+00   2.3900992910E+00   1.6776464347E-03   2.2754708445E+00   2.4029631193E+00   1.9034002074E-03   2.3794809173E+00   2.4383585247E+00   2.0979823459E-03   2.2373090440E+00   2.3942956133E+00   1.5718545440E-03   3.4361917278E-04
   1  -141   0    0  -4.0619260683E-01   7.9909893149E+00   2.2892062045E-04   2.0348868377E+00   2.3848606934E+00   2.0613946778E-04   2.1141249258E+00   2.3524777470E+00   6.2282141887E-04   2.2358864512E+00   2.3903970457E+00   1.6774830532E-03   2.2760721195E+00   2.4033254840E+00   1.9033605015E-03   2.3799179625E+00   2.4387831129E+00   2.0981115818E-03   2.2378945036E+00   2.3946580708E+00   1.5718217543E-03   3.4364612664E-04
   1  -142   0    0  -4.1609424557E-01   7.9918305134E+00   2.2855345314E-04   2.0345026095E+00   2.3851240517E+00   2.0612310214E-04   2.1136778448E+00   2.3527812306E+00   6.2276065599E-04   2.2358222780E+00   2.3906972251E+00   1.6773193968E-03   2.2766775114E+00   2.4036901659E+00   1.9033205963E-03   2.3803575756E+00   2.4392101960E+00   2.0982412151E-03   2.2384828561E+00   2.3950228462E+00   1.5717888000E-03   3.4367325440E-04
   1  -143   0    0  -4.2599470014E-01   7.9926774465E+00   2.2818566083E-04   2.0341156125E+00   2.3853897098E+00   2.0610671300E-04   2.1132289430E+00   2.3530870828E+00   6.2269980588E-04   2.2357579551E+00   2.3909997678E+00   1.6771555055E-03   2.2772868808E+00   2.4040570870E+00   1.9032805007E-03   2.3807996608E+00   2.4396396810E+00   2.0983712149E-03   2.2390739495E+00   2.3953898614E+00   1.5717556885E-03   3.4370055026E-04
   1  -144   0    0  -4.3589401011E-01   7.9935299249E+00   2.2781733415E-04   2.0337258970E+00   2.3856576134E+00   2.0609030438E-04   2.1127783779E+00   2.3533952394E+00   6.2263888341E-04   2.2356934744E+00   2.3913046102E+00   1.6769914193E-03   2.2779000853E+00   2.4044261674E+00   1.9032402239E-03   2.3812441207E+00   2.4400714731E+00   2.0985015507E-03   2.2396676295E+00   2.3957590367E+00   1.5717224273E-03   3.4372800827E-04
   1  -145   0    0  -4.4579221680E-01   7.9943877550E+00   2.2744856366E-04   2.0333335148E+00   2.3859277062E+00   2.0607388025E-04   2.1123263092E+00   2.3537056342E+00   6.2257790337E-04   2.2356288271E+00   2.3916116871E+00   1.6768271780E-03   2.2785169789E+00   2.4047973258E+00   1.9031997749E-03   2.3816908559E+00   2.4405054758E+00   2.0986321915E-03   2.2402637395E+00   2.3961302905E+00   1.5716890241E-03   3.4375562238E-04
   1  -146   0    0  -4.5568936320E-01   7.9952507384E+00   2.2707943980E-04   2.0329385194E+00   2.3861999301E+00   2.0605744460E-04   2.1118728981E+00   2.3540181993E+00   6.2251688057E-04   2.2355640041E+00   2.3919209311E+00   1.6766628215E-03   2.2791374126E+00   2.4051704789E+00   1.9031591632E-03   2.3821397654E+00   2.4409415910E+00   2.0987631065E-03   2.2408621213E+00   2.3965035398E+00   1.5716554863E-03   3.4378338639E-04
   1  -147   0    0  -4.6558549389E-01   7.9961186725E+00   2.2671005282E-04   2.0325409656E+00   2.3864742251E+00   2.0604100139E-04   2.1114183075E+00   2.3543328646E+00   6.2245582971E-04   2.2354989963E+00   2.3922322734E+00   1.6764983895E-03   2.2797612344E+00   2.4055455422E+00   1.9031183980E-03   2.3825907466E+00   2.4413797190E+00   2.0988942645E-03   2.2414626146E+00   2.3968786999E+00   1.5716218219E-03   3.4381129401E-04
   1  -148   0    0  -4.7548065497E-01   7.9969913507E+00   2.2634049273E-04   2.0321409102E+00   2.3867505294E+00   2.0602455458E-04   2.1109627013E+00   2.3546495587E+00   6.2239476548E-04   2.2354337943E+00   2.3925456430E+00   1.6763339215E-03   2.2803882894E+00   2.4059224296E+00   1.9030774889E-03   2.3830436955E+00   2.4418197586E+00   2.0990256345E-03   2.2420650576E+00   2.3972556845E+00   1.5715880385E-03   3.4383933882E-04
   1  -149   0    0  -4.8537489402E-01   7.9978685624E+00   2.2597084920E-04   2.0317384115E+00   2.3870287796E+00   2.0600810811E-04   2.1105062443E+00   2.3549682083E+00   6.2233370249E-04   2.2353683884E+00   2.3928609674E+00   1.6761694568E-03   2.2810184202E+00   2.4063010534E+00   1.9030364453E-03   2.3834985063E+00   2.4422616072E+00   2.0991571854E-03   2.2426692870E+00   2.3976344063E+00   1.5715541441E-03   3.4386751429E-04
   1  -150   0    0  -4.9526825997E-01   7.9987500933E+00   2.2560121156E-04   2.0313335296E+00   2.3873089105E+00   2.0599166588E-04   2.1100491020E+00   2.3552887385E+00   6.2227265525E-04   2.2353027692E+00   2.3931781727E+00   1.6760050345E-03   2.2816514666E+00   2.4066813249E+00   1.9029952769E-03   2.3839550721E+00   2.4427051607E+00   2.0992888861E-03   2.2432751383E+00   2.3980147762E+00   1.5715201467E-03   3.4389581381E-04
   1  -151   0    0  -5.0516080309E-01   7.9996357256E+00   2.2523166870E-04   2.0309263263E+00   2.3875908554E+00   2.0597523179E-04   2.1095914402E+00   2.3556110728E+00   6.2221163823E-04   2.2352369270E+00   2.3934971831E+00   1.6758406936E-03   2.2822872663E+00   2.4070631539E+00   1.9029539935E-03   2.3844132846E+00   2.4431503141E+00   2.0994207054E-03   2.2438824461E+00   2.3983967042E+00   1.5714860543E-03   3.4392423067E-04
   1  -152   0    0  -5.1505257483E-01   8.0005252379E+00   2.2486230907E-04   2.0305168651E+00   2.3878745460E+00   2.0595880969E-04   2.1091334247E+00   2.3559351333E+00   6.2215066576E-04   2.2351708525E+00   2.3938179214E+00   1.6756764728E-03   2.2829256546E+00   2.4074464490E+00   1.9029126047E-03   2.3848730344E+00   2.4435969609E+00   2.0995526124E-03   2.2444910437E+00   2.3987800988E+00   1.5714518748E-03   3.4395275805E-04
   1  -153   0    0  -5.2494362780E-01   8.0014184061E+00   2.2449322060E-04   2.0301052115E+00   2.3881599125E+00   2.0594240345E-04   2.1086752211E+00   2.3562608407E+00   6.2208975212E-04   2.2351045363E+00   2.3941403091E+00   1.6755124103E-03   2.2835664649E+00   2.4078311179E+00   1.9028711204E-03   2.3853342109E+00   2.4440449936E+00   2.0996845759E-03   2.2451007640E+00   2.3991648676E+00   1.5714176165E-03   3.4398138907E-04
   1  -154   0    0  -5.3483401564E-01   8.0023150030E+00   2.2412449063E-04   2.0296914328E+00   2.3884468838E+00   2.0592601685E-04   2.1082169947E+00   2.3565881141E+00   6.2202891145E-04   2.2350379696E+00   2.3944642663E+00   1.6753485444E-03   2.2842095288E+00   2.4082170669E+00   1.9028295505E-03   2.3857967024E+00   2.4444943038E+00   2.0998165649E-03   2.2457114391E+00   2.3995509170E+00   1.5713832876E-03   3.4401011674E-04
   1  -155   0    0  -5.4472379296E-01   8.0032147985E+00   2.2375620596E-04   2.0292755979E+00   2.3887353873E+00   2.0590965369E-04   2.1077589098E+00   2.3569168716E+00   6.2196815780E-04   2.2349711436E+00   2.3947897116E+00   1.6751849129E-03   2.2848546759E+00   2.4086042015E+00   1.9027879050E-03   2.3862603964E+00   2.4449447821E+00   2.0999485485E-03   2.2463229009E+00   2.3999381525E+00   1.5713488961E-03   3.4403893404E-04
   1  -156   0    0  -5.5461301524E-01   8.0041175602E+00   2.2338845269E-04   2.0288577781E+00   2.3890253493E+00   2.0589331772E-04   2.1073011298E+00   2.3572470299E+00   6.2190750509E-04   2.2349040501E+00   2.3951165626E+00   1.6750215532E-03   2.2855017348E+00   2.4089924265E+00   1.9027461938E-03   2.3867251793E+00   2.4453963182E+00   2.1000804958E-03   2.2469349809E+00   2.4003264787E+00   1.5713144504E-03   3.4406783384E-04
   1  -157   0    0  -5.6450173872E-01   8.0050230533E+00   2.2302131629E-04   2.0284380460E+00   2.3893166947E+00   2.0587701266E-04   2.1068438169E+00   2.3575785048E+00   6.2184696712E-04   2.2348366811E+00   2.3954447357E+00   1.6748585026E-03   2.2861505322E+00   2.4093816455E+00   1.9027044269E-03   2.3871909370E+00   2.4458488011E+00   2.1002123761E-03   2.2475475108E+00   2.4007157993E+00   1.5712799587E-03   3.4409680897E-04
   1  -158   0    0  -5.7439002033E-01   8.0059310410E+00   2.2265488150E-04   2.0280164767E+00   2.3896093473E+00   2.0586074218E-04   2.1063871317E+00   2.3579112108E+00   6.2178655758E-04   2.2347690295E+00   2.3957741463E+00   1.6746957979E-03   2.2868008940E+00   2.4097717616E+00   1.9026626145E-03   2.3876575544E+00   2.4463021190E+00   2.1003441588E-03   2.2481603220E+00   2.4011060174E+00   1.5712454294E-03   3.4412585219E-04
   1  -159   0    0  -5.8427791759E-01   8.0068412844E+00   2.2228923229E-04   2.0275931470E+00   2.3899032301E+00   2.0584450994E-04   2.1059312332E+00   2.3582450614E+00   6.2172629000E-04   2.2347010885E+00   2.3961047087E+00   1.6745334755E-03   2.2874526448E+00   2.4101626771E+00   1.9026207665E-03   2.3881249159E+00   2.4467561596E+00   2.1004758134E-03   2.2487732465E+00   2.4014970351E+00   1.5712108708E-03   3.4415495623E-04
   1  -160   0    0  -5.9416548851E-01   8.0077535433E+00   2.2192445186E-04   2.0271681356E+00   2.3901982646E+00   2.0582831955E-04   2.1054762781E+00   2.3585799694E+00   6.2166617778E-04   2.2346328521E+00   2.3964363363E+00   1.6743715716E-03   2.2881056087E+00   2.4105542937E+00   1.9025788932E-03   2.3885929055E+00   2.4472108102E+00   2.1006073094E-03   2.2493861166E+00   2.4018887544E+00   1.5711762912E-03   3.4418411374E-04
   1  -161   0    0  -6.0405279150E-01   8.0086675756E+00   2.2156062261E-04   2.0267415232E+00   2.3904943718E+00   2.0581217457E-04   2.1050224214E+00   2.3589158467E+00   6.2160623420E-04   2.2345643149E+00   2.3967689417E+00   1.6742101219E-03   2.2887596087E+00   2.4109465128E+00   1.9025370046E-03   2.3890614066E+00   2.4476659573E+00   2.1007386166E-03   2.2499987652E+00   2.4022810763E+00   1.5711416990E-03   3.4421331736E-04
   1  -162   0    0  -6.1393988525E-01   8.0095831384E+00   2.2119782606E-04   2.0263133925E+00   2.3907914717E+00   2.0579607854E-04   2.1045698152E+00   2.3592526042E+00   6.2154647235E-04   2.2344954724E+00   2.3971024366E+00   1.6740491616E-03   2.2894144675E+00   2.4113392349E+00   1.9024951109E-03   2.3895303022E+00   2.4481214875E+00   2.1008697051E-03   2.2506110259E+00   2.4026739016E+00   1.5711071026E-03   3.4424255969E-04
   1  -163   0    0  -6.2382682868E-01   8.0104999873E+00   2.2083614283E-04   2.0258838281E+00   2.3910894834E+00   2.0578003495E-04   2.1041186093E+00   2.3595901523E+00   6.2148690521E-04   2.2344263206E+00   2.3974367322E+00   1.6738887258E-03   2.2900700077E+00   2.4117323607E+00   1.9024532222E-03   2.3899994751E+00   2.4485772868E+00   2.1010005448E-03   2.2512227331E+00   2.4030671307E+00   1.5710725104E-03   3.4427183329E-04
   1  -164   0    0  -6.3371368081E-01   8.0114178776E+00   2.2047565266E-04   2.0254529166E+00   2.3913883255E+00   2.0576404726E-04   2.1036689505E+00   2.3599284010E+00   6.2142754558E-04   2.2343568568E+00   2.3977717390E+00   1.6737288489E-03   2.2907260512E+00   2.4121257901E+00   1.9024113488E-03   2.3904688080E+00   2.4490332412E+00   2.1011311061E-03   2.2518337224E+00   2.4034606636E+00   1.5710379307E-03   3.4430113070E-04
   1  -165   0    0  -6.4360050067E-01   8.0123365636E+00   2.2011643429E-04   2.0250207466E+00   2.3916879159E+00   2.0574811885E-04   2.1032209830E+00   2.3602672594E+00   6.2136840609E-04   2.2342870788E+00   2.3981073670E+00   1.6735695648E-03   2.2913824202E+00   2.4125194230E+00   1.9023695007E-03   2.3909381834E+00   2.4494892364E+00   2.1012613596E-03   2.2524438305E+00   2.4038544003E+00   1.5710033720E-03   3.4433044446E-04
   1  -166   0    0  -6.5348734720E-01   8.0132557994E+00   2.1975856549E-04   2.0245874082E+00   2.3919881719E+00   2.0573225310E-04   2.1027748473E+00   2.3606066364E+00   6.2130949921E-04   2.2342169856E+00   2.3984435257E+00   1.6734109073E-03   2.2920389370E+00   2.4129131594E+00   1.9023276881E-03   2.3914074836E+00   2.4499451583E+00   2.1013912759E-03   2.2530528952E+00   2.4042482405E+00   1.5709688425E-03   3.4435976707E-04
   1  -167   0    0  -6.6337427918E-01   8.0141753390E+00   2.1940212300E-04   2.0241529938E+00   2.3922890104E+00   2.0571645331E-04   2.1023306811E+00   2.3609464404E+00   6.2125083725E-04   2.2341465769E+00   2.3987801241E+00   1.6732529095E-03   2.2926954243E+00   2.4133068989E+00   1.9022859212E-03   2.3918765914E+00   2.4504008929E+00   2.1015208261E-03   2.2536607561E+00   2.4046420839E+00   1.5709343508E-03   3.4438909105E-04
   1  -168   0    0  -6.7326135510E-01   8.0150949363E+00   2.1904718251E-04   2.0237175973E+00   2.3925903478E+00   2.0570072275E-04   2.1018886183E+00   2.3612865797E+00   6.2119243233E-04   2.2340758537E+00   2.3991170713E+00   1.6730956039E-03   2.2933517051E+00   2.4137005412E+00   1.9022442099E-03   2.3923453895E+00   2.4508563261E+00   2.1016499814E-03   2.2542672541E+00   2.4050358302E+00   1.5708999051E-03   3.4441840892E-04
   1  -169   0    0  -6.8314863311E-01   8.0160143456E+00   2.1869381858E-04   2.0232813145E+00   2.3928921003E+00   2.0568506463E-04   2.1014487895E+00   2.3616269622E+00   6.2113429637E-04   2.2340048178E+00   2.3994542758E+00   1.6729390228E-03   2.2940076030E+00   2.4140939862E+00   1.9022025646E-03   2.3928137609E+00   2.4513113444E+00   2.1017787132E-03   2.2548722318E+00   2.4054293794E+00   1.5708655138E-03   3.4444771319E-04
   1  -170   0    0  -6.9303617089E-01   8.0169333217E+00   2.1834210468E-04   2.0228442429E+00   2.3931941838E+00   2.0566948212E-04   2.1010113214E+00   2.3619674958E+00   6.2107644114E-04   2.2339334720E+00   2.3997916461E+00   1.6727831978E-03   2.2946629426E+00   2.4144871341E+00   1.9021609950E-03   2.3932815890E+00   2.4517658343E+00   2.1019069934E-03   2.2554755339E+00   2.4058226314E+00   1.5708311851E-03   3.4447699639E-04
   1  -171   0    0  -7.0292402558E-01   8.0178516200E+00   2.1799211307E-04   2.0224064816E+00   2.3934965140E+00   2.0565397833E-04   2.1005763370E+00   2.3623080883E+00   6.2101887818E-04   2.2338618203E+00   2.4001290908E+00   1.6726281599E-03   2.2953175492E+00   2.4148798852E+00   1.9021195113E-03   2.3937487575E+00   2.4522196831E+00   2.1020347940E-03   2.2560770068E+00   2.4062154866E+00   1.5707969273E-03   3.4450625110E-04
   1  -172   0    0  -7.1281225370E-01   8.0187689970E+00   2.1764391481E-04   2.0219681311E+00   2.3937990067E+00   2.0563855632E-04   2.1001439554E+00   2.3626486476E+00   6.2096161886E-04   2.2337898676E+00   2.4004665184E+00   1.6724739399E-03   2.2959712494E+00   2.4152721402E+00   1.9020781235E-03   2.3942151509E+00   2.4526727784E+00   2.1021620875E-03   2.2566764991E+00   2.4066078458E+00   1.5707627486E-03   3.4453546987E-04
   1  -173   0    0  -7.2270091104E-01   8.0196852102E+00   2.1729757973E-04   2.0215292937E+00   2.3941015773E+00   2.0562321910E-04   2.0997142918E+00   2.3629890818E+00   6.2090467430E-04   2.2337176199E+00   2.4008038374E+00   1.6723205676E-03   2.2966238707E+00   2.4156638003E+00   1.9020368413E-03   2.3946806542E+00   2.4531250084E+00   2.1022888464E-03   2.2572738614E+00   2.4069996099E+00   1.5707286572E-03   3.4456464533E-04
   1  -174   0    0  -7.3259005260E-01   8.0206000186E+00   2.1695317634E-04   2.0210900729E+00   2.3944041418E+00   2.0560796959E-04   2.0992874571E+00   2.3633292991E+00   6.2084805546E-04   2.2336450842E+00   2.4011409568E+00   1.6721680726E-03   2.2972752425E+00   2.4160547672E+00   1.9019956747E-03   2.3951451530E+00   2.4535762621E+00   2.1024150440E-03   2.2578689468E+00   2.4073906807E+00   1.5706946612E-03   3.4459377013E-04
   1  -175   0    0  -7.4247973248E-01   8.0215131825E+00   2.1661077185E-04   2.0206505734E+00   2.3947066160E+00   2.0559281070E-04   2.0988635583E+00   2.3636692080E+00   6.2079177305E-04   2.2335722687E+00   2.4014777856E+00   1.6720164837E-03   2.2979251952E+00   2.4164449432E+00   1.9019546334E-03   2.3956085340E+00   2.4540264293E+00   2.1025406537E-03   2.2584616108E+00   2.4077809605E+00   1.5706607687E-03   3.4462283697E-04
   1  -176   0    0  -7.5237000383E-01   8.0224244644E+00   2.1627043209E-04   2.0202109014E+00   2.3950089159E+00   2.0557774525E-04   2.0984426982E+00   2.3640087174E+00   6.2073583757E-04   2.2334991823E+00   2.4018142334E+00   1.6718658293E-03   2.2985735613E+00   2.4168342312E+00   1.9019137270E-03   2.3960706846E+00   2.4544754007E+00   2.1026656493E-03   2.2590517114E+00   2.4081703523E+00   1.5706269877E-03   3.4465183858E-04
   1  -177   0    0  -7.6226091878E-01   8.0233336285E+00   2.1593222147E-04   2.0197711638E+00   2.3953109582E+00   2.0556277601E-04   2.0980249754E+00   2.3643477367E+00   6.2068025927E-04   2.2334258353E+00   2.4021502102E+00   1.6717161369E-03   2.2992201749E+00   2.4172225352E+00   1.9018729652E-03   2.3965314934E+00   2.4549230679E+00   2.1027900050E-03   2.2596391091E+00   2.4085587598E+00   1.5705933260E-03   3.4468076778E-04
   1  -178   0    0  -7.7215252832E-01   8.0242404412E+00   2.1559620296E-04   2.0193314689E+00   2.3956126595E+00   2.0554790566E-04   2.0976104843E+00   2.3646861760E+00   6.2062504820E-04   2.2333522387E+00   2.4024856265E+00   1.6715674335E-03   2.2998648720E+00   2.4176097597E+00   1.9018323574E-03   2.3969908498E+00   2.4553693236E+00   2.1029136955E-03   2.2602236673E+00   2.4089460877E+00   1.5705597915E-03   3.4470961743E-04
   1  -179   0    0  -7.8204488225E-01   8.0251446716E+00   2.1526243806E-04   2.0188919255E+00   2.3959139372E+00   2.0553313686E-04   2.0971993149E+00   2.3650239457E+00   6.2057021412E-04   2.2332784046E+00   2.4028203933E+00   1.6714197455E-03   2.3005074909E+00   2.4179958103E+00   1.9017919131E-03   2.3974486447E+00   2.4558140618E+00   2.1030366960E-03   2.2608052521E+00   2.4093322414E+00   1.5705263920E-03   3.4473838047E-04
   1  -180   0    0  -7.9193802916E-01   8.0260460911E+00   2.1493098671E-04   2.0184526434E+00   2.3962147092E+00   2.0551847217E-04   2.0967915531E+00   2.3653609571E+00   6.2051576659E-04   2.2332043460E+00   2.4031544225E+00   1.6712730986E-03   2.3011478719E+00   2.4183805936E+00   1.9017516414E-03   2.3979047701E+00   2.4562571776E+00   2.1031589819E-03   2.2613837324E+00   2.4097171277E+00   1.5704931351E-03   3.4476704991E-04
   1  -181   0    0  -8.0183201627E-01   8.0269444740E+00   2.1460190729E-04   2.0180137328E+00   2.3965148939E+00   2.0550391409E-04   2.0963872807E+00   2.3656971224E+00   6.2046171488E-04   2.2331300768E+00   2.4034876267E+00   1.6711275179E-03   2.3017858578E+00   2.4187640175E+00   1.9017115517E-03   2.3983591196E+00   2.4566985675E+00   2.1032805293E-03   2.2619589804E+00   2.4101006541E+00   1.5704600284E-03   3.4479561885E-04
   1  -182   0    0  -8.1172688945E-01   8.0278395978E+00   2.1427525658E-04   2.0175753045E+00   2.3968144105E+00   2.0548946505E-04   2.0959865748E+00   2.3660323545E+00   6.2040806802E-04   2.2330556118E+00   2.4038199195E+00   1.6709830275E-03   2.3024212939E+00   2.4191459907E+00   1.9016716528E-03   2.3988115882E+00   2.4571381295E+00   2.1034013148E-03   2.2625308711E+00   2.4104827296E+00   1.5704270794E-03   3.4482408047E-04
   1  -183   0    0  -8.2162269314E-01   8.0287312430E+00   2.1395108971E-04   2.0171374697E+00   2.3971131790E+00   2.0547512741E-04   2.0955895087E+00   2.3663665673E+00   6.2035483477E-04   2.2329809665E+00   2.4041512151E+00   1.6708396511E-03   2.3030540280E+00   2.4195264234E+00   1.9016319536E-03   2.3992620722E+00   2.4575757630E+00   2.1035213155E-03   2.2630992828E+00   2.4108632643E+00   1.5703942953E-03   3.4485242805E-04
   1  -184   0    0  -8.3151947025E-01   8.0296191935E+00   2.1362946011E-04   2.0167003397E+00   2.3974111202E+00   2.0546090345E-04   2.0951961514E+00   2.3666996758E+00   6.2030202360E-04   2.2329061573E+00   2.4044814290E+00   1.6706974115E-03   2.3036839106E+00   2.4199052272E+00   1.9015924630E-03   2.3997104699E+00   2.4580113692E+00   2.1036405089E-03   2.2636640969E+00   2.4112421698E+00   1.5703616833E-03   3.4488065496E-04
   1  -185   0    0  -8.4141726220E-01   8.0305032368E+00   2.1331041951E-04   2.0162640258E+00   2.3977081559E+00   2.0544679538E-04   2.0948065676E+00   2.3670315961E+00   6.2024964273E-04   2.2328312015E+00   2.4048104779E+00   1.6705563309E-03   2.3043107951E+00   2.4202823151E+00   1.9015531894E-03   2.4001566812E+00   2.4584448507E+00   2.1037588732E-03   2.2642251982E+00   2.4116193588E+00   1.5703292507E-03   3.4490875469E-04
   1  -186   0    0  -8.5131610877E-01   8.0313831644E+00   2.1299401788E-04   2.0158286393E+00   2.3980042087E+00   2.0543280535E-04   2.0944208181E+00   2.3673622454E+00   6.2019770007E-04   2.2327561168E+00   2.4051382793E+00   1.6704164306E-03   2.3049345378E+00   2.4206576013E+00   1.9015141413E-03   2.4006006078E+00   2.4588761121E+00   2.1038763871E-03   2.2647824748E+00   2.4119947459E+00   1.5702970042E-03   3.4493672083E-04
   1  -187   0    0  -8.6121604812E-01   8.0322587714E+00   2.1268030338E-04   2.0153942913E+00   2.3982992025E+00   2.0541893539E-04   2.0940389595E+00   2.3676915423E+00   6.2014620327E-04   2.2326809217E+00   2.4054647523E+00   1.6702777311E-03   2.3055549981E+00   2.4210310020E+00   1.9014753270E-03   2.4010421534E+00   2.4593050598E+00   2.1039930300E-03   2.2653358183E+00   2.4123682470E+00   1.5702649508E-03   3.4496454708E-04
   1  -188   0    0  -8.7111711675E-01   8.0331298571E+00   2.1236932239E-04   2.0149610926E+00   2.3985930622E+00   2.0540518750E-04   2.0936610444E+00   2.3680194067E+00   6.2009515966E-04   2.2326056354E+00   2.4057898172E+00   1.6701402522E-03   2.3061720386E+00   2.4214024347E+00   1.9014367545E-03   2.4014812236E+00   2.4597316021E+00   2.1041087818E-03   2.2658851237E+00   2.4127397796E+00   1.5702330971E-03   3.4499222728E-04
   1  -189   0    0  -8.8101934944E-01   8.0339962251E+00   2.1206111941E-04   2.0145291532E+00   2.3988857140E+00   2.0539156357E-04   2.0932871215E+00   2.3683457597E+00   6.2004457629E-04   2.2325302776E+00   2.4061133955E+00   1.6700040129E-03   2.3067855249E+00   2.4217718187E+00   1.9013984317E-03   2.4019177261E+00   2.4601556494E+00   2.1042236230E-03   2.2664302896E+00   2.4131092631E+00   1.5702014496E-03   3.4501975538E-04
   1  -190   0    0  -8.9092277923E-01   8.0348576834E+00   2.1175573708E-04   2.0140985826E+00   2.3991770853E+00   2.0537806541E-04   2.0929172354E+00   2.3686705242E+00   6.1999445990E-04   2.2324548683E+00   2.4064354105E+00   1.6698690314E-03   2.3073953261E+00   2.4221390753E+00   1.9013603663E-03   2.4023515707E+00   2.4605771141E+00   2.1043375348E-03   2.2669712180E+00   2.4134766186E+00   1.5701700147E-03   3.4504712548E-04
   1  -191   0    0  -9.0082743739E-01   8.0357140446E+00   2.1145321611E-04   2.0136694896E+00   2.3994671049E+00   2.0536469476E-04   2.0925514273E+00   2.3689936245E+00   6.1994481693E-04   2.2323794283E+00   2.4067557868E+00   1.6697353249E-03   2.3080013149E+00   2.4225041272E+00   1.9013225658E-03   2.4027826695E+00   2.4609959107E+00   2.1044504990E-03   2.2675078148E+00   2.4138417689E+00   1.5701387985E-03   3.4507433179E-04
   1  -192   0    0  -9.1073335341E-01   8.0365651260E+00   2.1115359534E-04   2.0132419819E+00   2.3997557028E+00   2.0535145327E-04   2.0921897344E+00   2.3693149863E+00   6.1989565351E-04   2.2323039785E+00   2.4070744506E+00   1.6696029101E-03   2.3086033672E+00   2.4228668992E+00   1.9012850375E-03   2.4032109368E+00   2.4614119561E+00   2.1045624983E-03   2.2680399893E+00   2.4142046389E+00   1.5701078071E-03   3.4510136869E-04
   1  -193   0    0  -9.2064055497E-01   8.0374107496E+00   2.1085691160E-04   2.0128161660E+00   2.4000428108E+00   2.0533834251E-04   2.0918321900E+00   2.3696345374E+00   6.1984697544E-04   2.2322285403E+00   2.4073913298E+00   1.6694718024E-03   2.3092013626E+00   2.4232273183E+00   1.9012477885E-03   2.4036362892E+00   2.4618251692E+00   2.1046735156E-03   2.2685676547E+00   2.4145651552E+00   1.5700770463E-03   3.4512823069E-04
   1  -194   0    0  -9.3054906792E-01   8.0382507425E+00   2.1056319983E-04   2.0123921474E+00   2.4003283618E+00   2.0532536395E-04   2.0914788243E+00   2.3699522069E+00   6.1979878824E-04   2.2321531354E+00   2.4077063540E+00   1.6693420169E-03   2.3097951843E+00   2.4235853131E+00   1.9012108255E-03   2.4040586459E+00   2.4622354714E+00   2.1047835350E-03   2.2690907277E+00   2.4149232467E+00   1.5700465218E-03   3.4515491245E-04
   1  -195   0    0  -9.4045891627E-01   8.0390849369E+00   2.1027249293E-04   2.0119700301E+00   2.4006122905E+00   2.0531251900E-04   2.0911296638E+00   2.3702679259E+00   6.1975109708E-04   2.2320777857E+00   2.4080194546E+00   1.6692135674E-03   2.3103847195E+00   2.4239408144E+00   1.9011741552E-03   2.4044779283E+00   2.4626427866E+00   2.1048925409E-03   2.2696091290E+00   2.4152788441E+00   1.5700162389E-03   3.4518140879E-04
   1  -196   0    0  -9.5037012223E-01   8.0399131702E+00   2.0998482186E-04   2.0115499166E+00   2.4008945333E+00   2.0529980895E-04   2.0907847314E+00   2.3705816273E+00   6.1970390683E-04   2.2320025134E+00   2.4083305647E+00   1.6690864670E-03   2.3109698587E+00   2.4242937552E+00   1.9011377841E-03   2.4048940606E+00   2.4630470410E+00   2.1050005187E-03   2.2701227828E+00   2.4156318803E+00   1.5699862031E-03   3.4520771467E-04
   1  -197   0    0  -9.6028270614E-01   8.0407352849E+00   2.0970021557E-04   2.0111319076E+00   2.4011750281E+00   2.0528723505E-04   2.0904440469E+00   2.3708932459E+00   6.1965722203E-04   2.2319273406E+00   2.4086396194E+00   1.6689607280E-03   2.3115504966E+00   2.4246440705E+00   1.9011017182E-03   2.4053069693E+00   2.4634481632E+00   2.1051074544E-03   2.2706316172E+00   2.4159822905E+00   1.5699564195E-03   3.4523382523E-04
   1  -198   0    0  -9.7019668652E-01   8.0415511291E+00   2.0941870100E-04   2.0107161023E+00   2.4014537145E+00   2.0527479842E-04   2.0901076268E+00   2.3712027184E+00   6.1961104691E-04   2.2318522896E+00   2.4089465555E+00   1.6688363617E-03   2.3121265316E+00   2.4249916977E+00   1.9010659636E-03   2.4057165836E+00   2.4638460846E+00   2.1052133346E-03   2.2711355640E+00   2.4163300117E+00   1.5699268927E-03   3.4525973577E-04
   1  -199   0    0  -9.8011208005E-01   8.0423605562E+00   2.0914030310E-04   2.0103025979E+00   2.4017305339E+00   2.0526250011E-04   2.0897754845E+00   2.3715099833E+00   6.1956538536E-04   2.2317773829E+00   2.4092513119E+00   1.6687133786E-03   2.3126978662E+00   2.4253365761E+00   1.9010305258E-03   2.4061228355E+00   2.4642407390E+00   2.1053181468E-03   2.2716345589E+00   2.4166749835E+00   1.5698976277E-03   3.4528544175E-04
   1  -200   0    0  -9.9002890160E-01   8.0431634253E+00   2.0886504481E-04   2.0098914895E+00   2.4020054295E+00   2.0525034109E-04   2.0894476303E+00   2.3718149814E+00   6.1952024097E-04   2.2317026428E+00   2.4095538296E+00   1.6685917885E-03   2.3132644067E+00   2.4256786475E+00   1.9009954103E-03   2.4065256594E+00   2.4646320627E+00   2.1054218793E-03   2.2721285413E+00   2.4170171475E+00   1.5698686288E-03   3.4531093879E-04
   1  -201   0    0  -9.9994716425E-01   8.0439596010E+00   2.0859294709E-04   2.0094828702E+00   2.4022783462E+00   2.0523832224E-04   2.0891240717E+00   2.3721176554E+00   6.1947561700E-04   2.2316280915E+00   2.4098540514E+00   1.6684716000E-03   2.3138260634E+00   2.4260178559E+00   1.9009606222E-03   2.4069249927E+00   2.4650199950E+00   2.1055245209E-03   2.2726174543E+00   2.4173564479E+00   1.5698399004E-03   3.4533622271E-04
   1  -202  -4    4  -9.9999999516E-01   8.0439638235E+00   2.0859150633E-04   2.0094807006E+00   2.4022797944E+00   2.0523825860E-04   2.0891223598E+00   2.3721192611E+00   6.1947538072E-04   2.2316276950E+00   2.4098556442E+00   1.6684709636E-03   2.3138290416E+00   2.4260196549E+00   1.9009604378E-03   2.4069271102E+00   2.4650220520E+00   2.1055250647E-03   2.2726200447E+00   2.4173582473E+00   1.5698397481E-03   3.4533635680E-04
