          
   1    -1   9    1 -4.1600000858E-001  8.7091041542E+000  1.7361184291E-004  2.2022488117E+000  2.6629791260E+000  2.2334058940E-006  2.3029727936E+000  2.6319048405E+000  5.0321902381E-004  2.4075975418E+000  2.6365728378E+000  1.5649189008E-003  2.4414885044E+000  2.6264398098E+000  1.8762474647E-003  2.5461862087E+000  2.6322600842E+000  2.1199397743E-003  2.3983609676E+000  2.6278185844E+000  1.4854412293E-003  3.6767913844E-004
   1    -2   0    0 -4.0738224244E-001  8.6920391059E+000  1.7644709769E-004  2.2006853633E+000  2.6563885863E+000  1.1386304486E-005  2.3007118079E+000  2.6251305211E+000  5.0871067549E-004  2.4051403459E+000  2.6299648681E+000  1.5705007130E-003  2.4375442022E+000  2.6197434858E+000  1.8776353670E-003  2.5421292756E+000  2.6256030366E+000  2.1187107755E-003  2.3948253355E+000  2.6210752224E+000  1.4896861836E-003  3.6719807584E-004
   1    -3   0    0 -4.0303106607E-001  8.6835274848E+000  1.7788971054E-004  2.1999109144E+000  2.6531024567E+000  1.6006857148E-005  2.2995840683E+000  2.6217508563E+000  5.1148196864E-004  2.4039152493E+000  2.6266697798E+000  1.5733093164E-003  2.4355739804E+000  2.6164029942E+000  1.8783319164E-003  2.5401012747E+000  2.6222824253E+000  2.1180908718E-003  2.3930592236E+000  2.6177110932E+000  1.4918164391E-003  3.6695812145E-004
   1    -4   0    0 -3.9865155138E-001  8.6750299622E+000  1.7934922708E-004  2.1991412565E+000  2.6498225482E+000  2.0656878219E-005  2.2984580817E+000  2.6183762696E+000  5.1427026048E-004  2.4026924891E+000  2.6233807127E+000  1.5761296524E-003  2.4336050906E+000  2.6130677509E+000  1.8790301724E-003  2.5380736040E+000  2.6189671621E+000  2.1174673538E-003  2.3912942713E+000  2.6143520731E+000  1.4939517876E-003  3.6671856346E-004
   1    -5   0    0 -3.9424357905E-001  8.6665466733E+000  1.8082584037E-004  2.1983763655E+000  2.6465489417E+000  2.5336428731E-005  2.2973338009E+000  2.6150068290E+000  5.1707558029E-004  2.4014720501E+000  2.6200977451E+000  1.5789616888E-003  2.4316375761E+000  2.6097378264E+000  1.8797301124E-003  2.5360462899E+000  2.6156573170E+000  2.1168402172E-003  2.3895305032E+000  2.6109982323E+000  1.4960921615E-003  3.6647940704E-004
   1    -6   0    0 -3.8980703338E-001  8.6580777525E+000  1.8231974431E-004  2.1976162156E+000  2.6432817184E+000  3.0045564668E-005  2.2962111781E+000  2.6116426025E+000  5.1989795432E-004  2.4002539162E+000  2.6168209555E+000  1.5818053901E-003  2.4296714807E+000  2.6064132917E+000  1.8804317128E-003  2.5340193593E+000  2.6123529601E+000  2.1162094584E-003  2.3877679443E+000  2.6076496416E+000  1.4982374914E-003  3.6624065736E-004
   1    -7   0    0 -3.8534180239E-001  8.6496233340E+000  1.8383113354E-004  2.1968607799E+000  2.6400209593E+000  3.4784336824E-005  2.2950901642E+000  2.6082836582E+000  5.2273740575E-004  2.3990380708E+000  2.6135504226E+000  1.5846607180E-003  2.4277068483E+000  2.6030942176E+000  1.8811349494E-003  2.5319928393E+000  2.6090541616E+000  2.1155750743E-003  2.3860066195E+000  2.6043063715E+000  1.5003877056E-003  3.6600231959E-004
   1    -8   0    0 -3.8084777793E-001  8.6411835506E+000  1.8536020341E-004  2.1961100298E+000  2.6367667458E+000  3.9552790677E-005  2.2939707091E+000  2.6049300642E+000  5.2559395461E-004  2.3978244962E+000  2.6102862249E+000  1.5875276313E-003  2.4257437229E+000  2.5997806753E+000  1.8818397973E-003  2.5299667571E+000  2.6057609919E+000  2.1149370627E-003  2.3842465538E+000  2.6009684930E+000  1.5025427304E-003  3.6576439893E-004
   1    -9   0    0 -3.7632485586E-001  8.6327585349E+000  1.8690714987E-004  2.1953639352E+000  2.6335191590E+000  4.4350966258E-005  2.2928527617E+000  2.6015818886E+000  5.2846761767E-004  2.3966131741E+000  2.6070284413E+000  1.5904060857E-003  2.4237821489E+000  2.5964727361E+000  1.8825462309E-003  2.5279411402E+000  2.6024735214E+000  2.1142954219E-003  2.3824877721E+000  2.5976360771E+000  1.5047024900E-003  3.6552690055E-004
   1   -10   0    0 -3.7177293611E-001  8.6243484181E+000  1.8847216947E-004  2.1946224647E+000  2.6302782802E+000  4.9178898017E-005  2.2917362699E+000  2.5982391996E+000  5.3135840843E-004  2.3954040851E+000  2.6037771503E+000  1.5932960338E-003  2.4218221708E+000  2.5931704712E+000  1.8832542238E-003  2.5259160163E+000  2.5991918203E+000  2.1136501513E-003  2.3807302994E+000  2.5943091950E+000  1.5068669062E-003  3.6528982964E-004
   1   -11   0    0 -3.6719192285E-001  8.6159533306E+000  1.9005545927E-004  2.1938855853E+000  2.6270441904E+000  5.4036614698E-005  2.2906211808E+000  2.5949020650E+000  5.3426633700E-004  2.3941972092E+000  2.6005324307E+000  1.5961974251E-003  2.4198638333E+000  2.5898739520E+000  1.8839637490E-003  2.5238914132E+000  2.5959159590E+000  2.1130012506E-003  2.3789741608E+000  2.5909879178E+000  1.5090358989E-003  3.6505319139E-004
   1   -12   0    0 -3.6258172458E-001  8.6075734016E+000  1.9165721675E-004  2.1931532624E+000  2.6238169707E+000  5.8924139209E-005  2.2895074400E+000  2.5915705528E+000  5.3719141002E-004  2.3929925255E+000  2.5972943608E+000  1.5991102060E-003  2.4179071810E+000  2.5865832497E+000  1.8846747785E-003  2.5218673590E+000  2.5926460079E+000  2.1123487206E-003  2.3772193812E+000  2.5876723166E+000  1.5112093860E-003  3.6481699097E-004
   1   -13   0    0 -3.5794225431E-001  8.5992087589E+000  1.9327763977E-004  2.1924254600E+000  2.6205967018E+000  6.3841488503E-005  2.2883949926E+000  2.5882447307E+000  5.4013363063E-004  2.3917900121E+000  2.5940630192E+000  1.6020343197E-003  2.4159522589E+000  2.5832984357E+000  1.8853872839E-003  2.5198438817E+000  2.5893820371E+000  2.1116925627E-003  2.3754659854E+000  2.5843624628E+000  1.5133872828E-003  3.6458123356E-004
   1   -14   0    0 -3.5327342959E-001  8.5908595293E+000  1.9491692651E-004  2.1917021402E+000  2.6173834644E+000  6.8788673449E-005  2.2872837826E+000  2.5849246661E+000  5.4309299839E-004  2.3905896464E+000  2.5908384839E+000  1.6049697061E-003  2.4139991118E+000  2.5800195811E+000  1.8861012358E-003  2.5178210097E+000  2.5861241165E+000  2.1110327791E-003  2.3737139984E+000  2.5810584273E+000  1.5155695029E-003  3.6434592429E-004
   1   -15   0    0 -3.4857517273E-001  8.5825258378E+000  1.9657527536E-004  2.1909832640E+000  2.6141773389E+000  7.3765698715E-005  2.2861737529E+000  2.5816104263E+000  5.4606950918E-004  2.3893914049E+000  2.5876208330E+000  1.6079163020E-003  2.4120477846E+000  2.5767467569E+000  1.8868166044E-003  2.5157987713E+000  2.5828723162E+000  2.1103693729E-003  2.3719634448E+000  2.5777602811E+000  1.5177559576E-003  3.6411106832E-004
   1   -16   0    0 -3.4384741084E-001  8.5742078080E+000  1.9825288487E-004  2.1902687905E+000  2.6109784050E+000  7.8772562651E-005  2.2850648455E+000  2.5783020783E+000  5.4906315517E-004  2.3881952631E+000  2.5844101439E+000  1.6108740408E-003  2.4100983224E+000  2.5734800339E+000  1.8875333587E-003  2.5137771950E+000  2.5796267055E+000  2.1097023480E-003  2.3702143494E+000  2.5744680952E+000  1.5199465560E-003  3.6387667076E-004
   1   -17   0    0 -3.3909007600E-001  8.5659055619E+000  1.9994995369E-004  2.1895586772E+000  2.6077867426E+000  8.3809257170E-005  2.2839570017E+000  2.5749996886E+000  5.5207392475E-004  2.3870011955E+000  2.5812064939E+000  1.6138428526E-003  2.4081507698E+000  2.5702194829E+000  1.8882514675E-003  2.5117563094E+000  2.5763873540E+000  2.1090317090E-003  2.3684667364E+000  2.5711819402E+000  1.5221412051E-003  3.6364273672E-004
   1   -18   0    0 -3.3430310533E-001  8.5576192194E+000  2.0166668045E-004  2.1888528801E+000  2.6046024306E+000  8.8875767644E-005  2.2828501617E+000  2.5717033234E+000  5.5510180244E-004  2.3858091760E+000  2.5780099601E+000  1.6168226644E-003  2.4062051719E+000  2.5669651741E+000  1.8889708984E-003  2.5097361430E+000  2.5731543305E+000  2.1083574615E-003  2.3667206303E+000  2.5679018864E+000  1.5243398098E-003  3.6340927126E-004
   1   -19   0    0 -3.2948644116E-001  8.5493488990E+000  2.0340326371E-004  2.1881513534E+000  2.6014255478E+000  9.3972072789E-005  2.2817442648E+000  2.5684130485E+000  5.5814676886E-004  2.3846191773E+000  2.5748206186E+000  1.6198133995E-003  2.4042615732E+000  2.5637171776E+000  1.8896916186E-003  2.5077167244E+000  2.5699277036E+000  2.1076796119E-003  2.3649760553E+000  2.5646280041E+000  1.5265422730E-003  3.6317627942E-004
   1   -20   0    0 -3.2464003108E-001  8.5410947166E+000  2.0515990190E-004  2.1874540500E+000  2.5982561722E+000  9.9098144561E-005  2.2806392495E+000  2.5651289292E+000  5.6120880068E-004  2.3834311713E+000  2.5716385455E+000  1.6228149781E-003  2.4023200183E+000  2.5604755632E+000  1.8904135945E-003  2.5056980823E+000  2.5667075417E+000  2.1069981674E-003  2.3632330352E+000  2.5613603631E+000  1.5287484952E-003  3.6294376623E-004
   1   -21   0    0 -3.1976382807E-001  8.5328567865E+000  2.0693679318E-004  2.1867609207E+000  2.5950943814E+000  1.0425394806E-004  2.2795350534E+000  2.5618510301E+000  5.6428787053E-004  2.3822451288E+000  2.5684638160E+000  1.6258273169E-003  2.4003805516E+000  2.5572404000E+000  1.8911367918E-003  2.5036802453E+000  2.5634939123E+000  2.1063131361E-003  2.3614915936E+000  2.5580990328E+000  1.5309583752E-003  3.6271173664E-004
   1   -22   0    0 -3.1485779062E-001  8.5246352204E+000  2.0873413541E-004  2.1860719151E+000  2.5919402522E+000  1.0943944143E-004  2.2784316133E+000  2.5585794154E+000  5.6738394696E-004  2.3810610200E+000  2.5652965049E+000  1.6288503292E-003  2.3984432174E+000  2.5540117570E+000  1.8918611754E-003  2.5016632419E+000  2.5602868827E+000  2.1056245272E-003  2.3597517542E+000  2.5548440823E+000  1.5331718095E-003  3.6248019560E-004
   1   -23   0    0 -3.0992188283E-001  8.5164301277E+000  2.1055212603E-004  2.1853869807E+000  2.5887938605E+000  1.1465457577E-004  2.2773288654E+000  2.5553141486E+000  5.7049699441E-004  2.3798788138E+000  2.5621366862E+000  1.6318839249E-003  2.3965080594E+000  2.5507897024E+000  1.8925867097E-003  2.4996471006E+000  2.5570865195E+000  2.1049323505E-003  2.3580135399E+000  2.5515955801E+000  1.5353886926E-003  3.6224914799E-004
   1   -24   0    0 -3.0495607446E-001  8.5082416156E+000  2.1239096200E-004  2.1847060636E+000  2.5856552818E+000  1.1989929504E-004  2.2762267446E+000  2.5520552924E+000  5.7362697314E-004  2.3786984783E+000  2.5589844332E+000  1.6349280106E-003  2.3945751214E+000  2.5475743041E+000  1.8933133581E-003  2.4976318498E+000  2.5538928889E+000  2.1042366168E-003  2.3562769737E+000  2.5483535943E+000  1.5376089170E-003  3.6201859867E-004
   1   -25   0    0 -2.9674005288E-001  8.5029926586E+000  2.1356143860E-004  2.1837440994E+000  2.5829614112E+000  1.2322208317E-004  2.2750383431E+000  2.5493555700E+000  5.7560959352E-004  2.3776743220E+000  2.5566244536E+000  1.6368531263E-003  2.3936577437E+000  2.5459454628E+000  1.8937721782E-003  2.4968453873E+000  2.5527526881E+000  2.1037960257E-003  2.3554363846E+000  2.5466578357E+000  1.5390107795E-003  3.6190640456E-004
   1   -26   0    0 -2.8779701586E-001  8.4992327436E+000  2.1439248992E-004  2.1827228549E+000  2.5806018208E+000  1.2557398263E-004  2.2738827686E+000  2.5470371117E+000  5.7701273516E-004  2.3767717533E+000  2.5547199841E+000  1.6382141260E-003  2.3932039001E+000  2.5450509698E+000  1.8940962135E-003  2.4966007254E+000  2.5525069278E+000  2.1034842602E-003  2.3550066275E+000  2.5456840730E+000  1.5400008116E-003  3.6184843920E-004
   1   -27   0    0 -2.7887769855E-001  8.4954332586E+000  2.1523736105E-004  2.1816905927E+000  2.5782178604E+000  1.2795880703E-004  2.2727139346E+000  2.5446946852E+000  5.7843537234E-004  2.3758591728E+000  2.5527957778E+000  1.6395928178E-003  2.3927453643E+000  2.5441468441E+000  1.8944241764E-003  2.4963526565E+000  2.5522577774E+000  2.1031682051E-003  2.3545724040E+000  2.5446999061E+000  1.5410028329E-003  3.6178983242E-004
   1   -28   0    0 -2.6998224828E-001  8.4915944687E+000  2.1609618680E-004  2.1806473720E+000  2.5758097192E+000  1.3037666832E-004  2.2715318822E+000  2.5423284754E+000  5.7987756624E-004  2.3749366235E+000  2.5508519846E+000  1.6409892145E-003  2.3922821713E+000  2.5432331428E+000  1.8947560591E-003  2.4961011669E+000  2.5520052244E+000  2.1028478484E-003  2.3541337453E+000  2.5437053992E+000  1.5420168192E-003  3.6173058724E-004
   1   -29   0    0 -2.6111079982E-001  8.4877166527E+000  2.1696910140E-004  2.1795932557E+000  2.5733775954E+000  1.3282767127E-004  2.2703366566E+000  2.5399386759E+000  5.8133937370E-004  2.3740041516E+000  2.5488887617E+000  1.6424033242E-003  2.3918143576E+000  2.5423099259E+000  1.8950918523E-003  2.4958462435E+000  2.5517492570E+000  2.1025231792E-003  2.3536906839E+000  2.5427006201E+000  1.5430427424E-003  3.6167070689E-004
   1   -30   0    0 -2.5226347514E-001  8.4838001026E+000  2.1785623855E-004  2.1785283097E+000  2.5709216962E+000  1.3531191351E-004  2.2691283065E+000  2.5375254891E+000  5.8282084724E-004  2.3730618057E+000  2.5469062734E+000  1.6438351502E-003  2.3913419614E+000  2.5413772570E+000  1.8954315456E-003  2.4955878737E+000  2.5514898637E+000  2.1021941874E-003  2.3532432537E+000  2.5416856404E+000  1.5440805704E-003  3.6161019480E-004
   1   -31   0    0 -2.4344038329E-001  8.4798451233E+000  2.1875773142E-004  2.1774526032E+000  2.5684422375E+000  1.3782948562E-004  2.2679068844E+000  2.5350891261E+000  5.8432203510E-004  2.3721096377E+000  2.5449046908E+000  1.6452846910E-003  2.3908650222E+000  2.5404352026E+000  1.8957751271E-003  2.4953260454E+000  2.5512270337E+000  2.1018608639E-003  2.3527914900E+000  2.5406605346E+000  1.5451302674E-003  3.6154905458E-004
   1   -32   0    0 -2.3464162028E-001  8.4758520317E+000  2.1967371265E-004  2.1763662085E+000  2.5659394434E+000  1.4038047117E-004  2.2666724460E+000  2.5326298057E+000  5.8584298130E-004  2.3711477015E+000  2.5428841919E+000  1.6467519407E-003  2.3903835813E+000  2.5394838322E+000  1.8961225839E-003  2.4950607472E+000  2.5509607567E+000  2.1015232008E-003  2.3523354293E+000  2.5396253807E+000  1.5461917938E-003  3.6148729004E-004
   1   -33   0    0 -2.2586726903E-001  8.4718211567E+000  2.2060431442E-004  2.1752692005E+000  2.5634135460E+000  1.4296494685E-004  2.2654250506E+000  2.5301477548E+000  5.8738372568E-004  2.3701760541E+000  2.5408449609E+000  1.6482368887E-003  2.3898976811E+000  2.5385232182E+000  1.8964739019E-003  2.4947919678E+000  2.5506910228E+000  2.1011811908E-003  2.3518751096E+000  2.5385802599E+000  1.5472651066E-003  3.6142490517E-004
   1   -34   0    0 -2.1711739925E-001  8.4677528387E+000  2.2154966843E-004  2.1741616572E+000  2.5608647851E+000  1.4558298256E-004  2.2641647606E+000  2.5276432078E+000  5.8894430397E-004  2.3691947545E+000  2.5387871882E+000  1.6497395200E-003  2.3894073656E+000  2.5375534358E+000  1.8968290657E-003  2.4945196967E+000  2.5504178226E+000  2.1008348277E-003  2.3514105697E+000  2.5375252562E+000  1.5483501589E-003  3.6136190411E-004
   1   -35   0    0 -2.0839206747E-001  8.4636474284E+000  2.2250990595E-004  2.1730436589E+000  2.5582934080E+000  1.4823464145E-004  2.2628916415E+000  2.5251164063E+000  5.9052474785E-004  2.3682038643E+000  2.5367110701E+000  1.6512598153E-003  2.3889126798E+000  2.5365745631E+000  1.8971880587E-003  2.4942439237E+000  2.5501411471E+000  2.1004841064E-003  2.3509418497E+000  2.5364604566E+000  1.5494469004E-003  3.6129829120E-004
   1   -36   0    0 -1.9969131696E-001  8.4595052871E+000  2.2348515781E-004  2.1719152885E+000  2.5556996687E+000  1.5091998010E-004  2.2616057619E+000  2.5225675987E+000  5.9212508500E-004  2.3672034470E+000  2.5346168086E+000  1.6527977510E-003  2.3884136700E+000  2.5355866802E+000  1.8975508633E-003  2.4939646389E+000  2.5498609880E+000  2.1001290223E-003  2.3504689908E+000  2.5353859508E+000  1.5505552775E-003  3.6123407089E-004
   1   -37   0    0 -1.9101517785E-001  8.4553267858E+000  2.2447555449E-004  2.1707766311E+000  2.5530838283E+000  1.5363904858E-004  2.2603071930E+000  2.5199970401E+000  5.9374533919E-004  2.3661935682E+000  2.5325046110E+000  1.6543532990E-003  2.3879103838E+000  2.5345898703E+000  1.8979174608E-003  2.4936818329E+000  2.5495773371E+000  2.0997695719E-003  2.3499920351E+000  2.5343018312E+000  1.5516752331E-003  3.6116924782E-004
   1   -38   0    0 -1.8236366706E-001  8.4511123044E+000  2.2548122609E-004  2.1696277741E+000  2.5504461539E+000  1.5639189059E-004  2.2589960089E+000  2.5174049915E+000  5.9538553035E-004  2.3651742956E+000  2.5303746897E+000  1.6559264276E-003  2.3874028696E+000  2.5335842183E+000  1.8982878313E-003  2.4933954968E+000  2.5492901867E+000  2.0994057527E-003  2.3495110254E+000  2.5332081925E+000  1.5528067069E-003  3.6110382676E-004
   1   -39   0    0 -1.7373678847E-001  8.4468622318E+000  2.2650230239E-004  2.1684688068E+000  2.5477869188E+000  1.5917854358E-004  2.2576722860E+000  2.5147917202E+000  5.9704567463E-004  2.3641456984E+000  2.5282272619E+000  1.6575171007E-003  2.3868911770E+000  2.5325698117E+000  1.8986619540E-003  2.4931056220E+000  2.5489995294E+000  2.0990375628E-003  2.3490260056E+000  2.5321051318E+000  1.5539496355E-003  3.6103781261E-004
   1   -40   0    0 -1.6513453295E-001  8.4425769647E+000  2.2753891285E-004  2.1672998205E+000  2.5451064019E+000  1.6199903883E-004  2.2563361034E+000  2.5121574988E+000  5.9872578448E-004  2.3631078477E+000  2.5260625492E+000  1.6591252785E-003  2.3863753563E+000  2.5315467399E+000  1.8990398070E-003  2.4928122000E+000  2.5487053584E+000  2.0986650014E-003  2.3485370202E+000  2.5309927487E+000  1.5551039524E-003  3.6097121040E-004
   1   -41   0    0 -1.5655687851E-001  8.4382569076E+000  2.2859118671E-004  2.1661209080E+000  2.5424048875E+000  1.6485340165E-004  2.2549875423E+000  2.5095026050E+000  6.0042586874E-004  2.3620608162E+000  2.5238807778E+000  1.6607509173E-003  2.3858554588E+000  2.5305150943E+000  1.8994213673E-003  2.4925152229E+000  2.5484076669E+000  2.0982880682E-003  2.3480441146E+000  2.5298711444E+000  1.5562695881E-003  3.6090402526E-004
   1   -42   0    0 -1.4800379043E-001  8.4339024718E+000  2.2965925293E-004  2.1649321639E+000  2.5396826649E+000  1.6774165142E-004  2.2536266860E+000  2.5068273217E+000  6.0214593269E-004  2.3610046776E+000  2.5216821775E+000  1.6623939698E-003  2.3853315366E+000  2.5294749680E+000  1.8998066112E-003  2.4922146829E+000  2.5481064487E+000  2.0979067639E-003  2.3475473345E+000  2.5287404224E+000  1.5574464703E-003  3.6083626246E-004
   1   -43   0    0 -1.3947522143E-001  8.4295140751E+000  2.3074324028E-004  2.1637336840E+000  2.5369400278E+000  1.7066380181E-004  2.2522536200E+000  2.5041319361E+000  6.0388597818E-004  2.3599395075E+000  2.5194669822E+000  1.6640543848E-003  2.3848036423E+000  2.5284264560E+000  1.9001955139E-003  2.4919105727E+000  2.5478016975E+000  2.0975210900E-003  2.3470467265E+000  2.5276006878E+000  1.5586345236E-003  3.6076792737E-004
   1   -44   0    0 -1.3097111184E-001  8.4250921414E+000  2.3184327738E-004  2.1625255655E+000  2.5341772745E+000  1.7361986080E-004  2.2508684313E+000  2.5014167397E+000  6.0564600363E-004  2.3588653822E+000  2.5172354288E+000  1.6657321080E-003  2.3842718294E+000  2.5273696548E+000  1.9005880497E-003  2.4916028851E+000  2.5474934077E+000  2.0971310486E-003  2.3465423374E+000  2.5264520474E+000  1.5598336703E-003  3.6069902543E-004
   1   -45   0    0 -1.2249138979E-001  8.4206370999E+000  2.3295949269E-004  2.1613079068E+000  2.5313947071E+000  1.7660983092E-004  2.2494712091E+000  2.4986820277E+000  6.0742600420E-004  2.3577823792E+000  2.5149877576E+000  1.6674270814E-003  2.3837361518E+000  2.5263046622E+000  1.9009841920E-003  2.4912916130E+000  2.5471815737E+000  2.0967366428E-003  2.3460342146E+000  2.5252946098E+000  1.5610438299E-003  3.6062956219E-004
   1   -46   0    0 -1.1403597148E-001  8.4161493845E+000  2.3409201455E-004  2.1600808070E+000  2.5285926313E+000  1.7963370930E-004  2.2480620437E+000  2.4959280991E+000  6.0922597181E-004  2.3566905769E+000  2.5127242119E+000  1.6691392438E-003  2.3831966638E+000  2.5252315776E+000  1.9013839136E-003  2.4909767498E+000  2.5468661900E+000  2.0963378761E-003  2.3455224057E+000  2.5241284847E+000  1.5622649192E-003  3.6055954327E-004
   1   -47   0    0 -1.0560476135E-001  8.4116294338E+000  2.3524097125E-004  2.1588443663E+000  2.5257713563E+000  1.8269148782E-004  2.2466410273E+000  2.4931552561E+000  6.1104589522E-004  2.3555900547E+000  2.5104450375E+000  1.6708685309E-003  2.3826534204E+000  2.5241505016E+000  1.9017871861E-003  2.4906582889E+000  2.5465472516E+000  2.0959347530E-003  2.3450069588E+000  2.5229537831E+000  1.5634968528E-003  3.6048897438E-004
   1   -48   0    0 -9.7197652392E-002  8.4070776900E+000  2.3640649101E-004  2.1575986856E+000  2.5229311941E+000  1.8578315324E-004  2.2452082531E+000  2.4903638036E+000  6.1288576015E-004  2.3544808925E+000  2.5081504825E+000  1.6726148751E-003  2.3821064768E+000  2.5230615356E+000  1.9021939807E-003  2.4903362238E+000  2.5462247534E+000  2.0955272785E-003  2.3444879221E+000  2.5217706173E+000  1.5647395429E-003  3.6041786127E-004
   1   -49   0    0 -8.8814526379E-002  8.4024945988E+000  2.3758870205E-004  2.1563438663E+000  2.5200724594E+000  1.8890868731E-004  2.2437638157E+000  2.4875540492E+000  6.1474554929E-004  2.3533631708E+000  2.5058407973E+000  1.6743782059E-003  2.3815558883E+000  2.5219647824E+000  1.9026042676E-003  2.4900105485E+000  2.5458986907E+000  2.0951154584E-003  2.3439653439E+000  2.5205791006E+000  1.5659928994E-003  3.6034620977E-004
   1   -50   0    0 -8.0455254165E-002  8.3978806088E+000  2.3878773256E-004  2.1550800101E+000  2.5171954692E+000  1.9206806692E-004  2.2423078107E+000  2.4847263030E+000  6.1662524244E-004  2.3522369707E+000  2.5035162340E+000  1.6761584499E-003  2.3810017108E+000  2.5208603455E+000  1.9030180163E-003  2.4896812566E+000  2.5455690587E+000  2.0946992989E-003  2.3434392727E+000  2.5193793473E+000  1.5672568300E-003  3.6027402576E-004
   1   -51   0    0 -7.2119695973E-002  8.3932361709E+000  2.4000371081E-004  2.1538072193E+000  2.5143005428E+000  1.9526126417E-004  2.2408403348E+000  2.4818808769E+000  6.1852481655E-004  2.3511023734E+000  2.5011770465E+000  1.6779555309E-003  2.3804440001E+000  2.5197483291E+000  1.9034351957E-003  2.4893483423E+000  2.5452358528E+000  2.0942788072E-003  2.3429097571E+000  2.5181714722E+000  1.5685312404E-003  3.6020131514E-004
   1   -52   0    0 -6.3807701699E-002  8.3885617380E+000  2.4123676509E-004  2.1525255961E+000  2.5113880008E+000  1.9848824652E-004  2.2393614852E+000  2.4790180846E+000  6.2044424579E-004  2.3499594606E+000  2.4988234900E+000  1.6797693698E-003  2.3798828123E+000  2.5186288383E+000  1.9038557739E-003  2.4890117995E+000  2.5448990685E+000  2.0938539909E-003  2.3423768455E+000  2.5169555910E+000  1.5698160343E-003  3.6012808387E-004
   1   -53   0    0 -5.5519111233E-002  8.3838577644E+000  2.4248702379E-004  2.1512352429E+000  2.5084581658E+000  2.0174897690E-004  2.2378713603E+000  2.4761382411E+000  6.2238350162E-004  2.3488083141E+000  2.4964558207E+000  1.6815998850E-003  2.3793182032E+000  2.5175019787E+000  1.9042797185E-003  2.4886716225E+000  2.5445587014E+000  2.0934248582E-003  2.3418405863E+000  2.5157318201E+000  1.5711111133E-003  3.6005433796E-004
   1   -54   0    0 -4.7253754775E-002  8.3791247057E+000  2.4375461541E-004  2.1499362620E+000  2.5055113611E+000  2.0504341377E-004  2.2363700589E+000  2.4732416628E+000  6.2434255286E-004  2.3476490157E+000  2.4940742961E+000  1.6834469924E-003  2.3787502290E+000  2.5163678562E+000  1.9047069964E-003  2.4883278054E+000  2.5442147472E+000  2.0929914179E-003  2.3413010279E+000  2.5145002760E+000  1.5724163773E-003  3.5998008339E-004
   1   -55   0    0 -3.9011453176E-002  8.3743630179E+000  2.4503966856E-004  2.1486287556E+000  2.5025479111E+000  2.0837151129E-004  2.2348576802E+000  2.4703286669E+000  6.2632136576E-004  2.3464816472E+000  2.4916791740E+000  1.6853106054E-003  2.3781789456E+000  2.5152265774E+000  1.9051375739E-003  2.4879803425E+000  2.5438672015E+000  2.0925536794E-003  2.3407582183E+000  2.5132610759E+000  1.5737317245E-003  3.5990532622E-004
   1   -56   0    0 -3.0792018266E-002  8.3695731574E+000  2.4634231200E-004  2.1473128255E+000  2.4995681411E+000  2.1173321936E-004  2.2333343241E+000  2.4673995710E+000  6.2831990403E-004  2.3453062902E+000  2.4892707130E+000  1.6871906350E-003  2.3776044087E+000  2.5140782488E+000  1.9055714167E-003  2.4876292281E+000  2.5435160600E+000  2.0921116528E-003  2.3402122054E+000  2.5120143370E+000  1.5750570512E-003  3.5983007248E-004
   1   -57   0    0 -2.2595253210E-002  8.3647555802E+000  2.4766267463E-004  2.1459885731E+000  2.4965723762E+000  2.1512848374E-004  2.2318000906E+000  2.4644546936E+000  6.3033812894E-004  2.3441230262E+000  2.4868491720E+000  1.6890869897E-003  2.3770266740E+000  2.5129229776E+000  1.9060084900E-003  2.4872744563E+000  2.5431613185E+000  2.0916653485E-003  2.3396630368E+000  2.5107601769E+000  1.5763922523E-003  3.5975432823E-004
   1   -58   0    0 -1.4420952846E-002  8.3599107421E+000  2.4900088554E-004  2.1446560993E+000  2.4935609423E+000  2.1855724612E-004  2.2302550801E+000  2.4614943529E+000  6.3237599936E-004  2.3429319361E+000  2.4844148097E+000  1.6909995761E-003  2.3764457968E+000  2.5117608706E+000  1.9064487585E-003  2.4869160214E+000  2.5428029725E+000  2.0912147775E-003  2.3391107597E+000  2.5094987129E+000  1.5777372209E-003  3.5967809952E-004
   1   -59   0    0 -6.2689040445E-003  8.3550390976E+000  2.5035707399E-004  2.1433155046E+000  2.4905341647E+000  2.2201944423E-004  2.2286993931E+000  2.4585188673E+000  6.3443347177E-004  2.3417331008E+000  2.4819678849E+000  1.6929282984E-003  2.3758618323E+000  2.5105920350E+000  1.9068921864E-003  2.4865539177E+000  2.5424410178E+000  2.0907599514E-003  2.3385554211E+000  2.5082300627E+000  1.5790918488E-003  3.5960139240E-004
   1   -60   0    0  1.8611139410E-003  8.3501411004E+000  2.5173136943E-004  2.1419668886E+000  2.4874923686E+000  2.2551501188E-004  2.2271331301E+000  2.4555285548E+000  6.3651050037E-004  2.3405266004E+000  2.4795086563E+000  1.6948730589E-003  2.3752748352E+000  2.5094165777E+000  1.9073387373E-003  2.4861881394E+000  2.5420754499E+000  2.0903008822E-003  2.3379970672E+000  2.5069543436E+000  1.5804560263E-003  3.5952421292E-004
   1   -61   0    0  9.9693291152E-003  8.3452172023E+000  2.5312390153E-004  2.1406103501E+000  2.4844358786E+000  2.2904387904E-004  2.2255563917E+000  2.4525237329E+000  6.3860703709E-004  2.3393125147E+000  2.4770373819E+000  1.6968337575E-003  2.3746848599E+000  2.5082346058E+000  1.9077883745E-003  2.4858186804E+000  2.5417062646E+000  2.0898375826E-003  2.3374357442E+000  2.5056716728E+000  1.5818296425E-003  3.5944656711E-004
   1   -62   0    0  1.8055976385E-002  8.3402678532E+000  2.5453480013E-004  2.1392459871E+000  2.4813650186E+000  2.3260597192E-004  2.2239692782E+000  2.4495047185E+000  6.4072303163E-004  2.3380909225E+000  2.4745543192E+000  1.6988102925E-003  2.3740919604E+000  2.5070462259E+000  1.9082410607E-003  2.4854455350E+000  2.5413334572E+000  2.0893700656E-003  2.3368714975E+000  2.5043821672E+000  1.5832125849E-003  3.5936846097E-004
   1   -63   0    0  2.6121297201E-002  8.3352935010E+000  2.5596419528E-004  2.1378738967E+000  2.4782801116E+000  2.3620121303E-004  2.2223718902E+000  2.4464718276E+000  6.4285843153E-004  2.3368619024E+000  2.4720597248E+000  1.7008025602E-003  2.3734961902E+000  2.5058515445E+000  1.9086967583E-003  2.4850686972E+000  2.5409570232E+000  2.0888983446E-003  2.3363043719E+000  2.5030859433E+000  1.5846047401E-003  3.5928990051E-004
   1   -64   0    0  3.4165539205E-002  8.3302945910E+000  2.5741221725E-004  2.1364941748E+000  2.4751814792E+000  2.3982952121E-004  2.2207643275E+000  2.4434253749E+000  6.4501318214E-004  2.3356255319E+000  2.4695538546E+000  1.7028104549E-003  2.3728976022E+000  2.5046506678E+000  1.9091554292E-003  2.4846881607E+000  2.5405769579E+000  2.0884224338E-003  2.3357344118E+000  2.5017831174E+000  1.5860059931E-003  3.5921089167E-004
   1   -65   0    0  4.2188955871E-002  8.3252715658E+000  2.5887899649E-004  2.1351069164E+000  2.4720694419E+000  2.4349081168E-004  2.2191466901E+000  2.4403656742E+000  6.4718722672E-004  2.3343818877E+000  2.4670369632E+000  1.7048338693E-003  2.3722962490E+000  2.5034437015E+000  1.9096170350E-003  2.4843039194E+000  2.5401932567E+000  2.0879423476E-003  2.3351616608E+000  2.5004738050E+000  1.5874162282E-003  3.5913144040E-004
   1   -66   0    0  5.0191806154E-002  8.3202248649E+000  2.6036466365E-004  2.1337122152E+000  2.4689443187E+000  2.4718499612E-004  2.2175190773E+000  2.4372930378E+000  6.4938050643E-004  2.3331310458E+000  2.4645093041E+000  1.7068726941E-003  2.3716921824E+000  2.5022307508E+000  1.9100815369E-003  2.4839159671E+000  2.5398059145E+000  2.0874581009E-003  2.3345861622E+000  2.4991581213E+000  1.5888353284E-003  3.5905155260E-004
   1   -67   0    0  5.8174354145E-002  8.3151549247E+000  2.6186934955E-004  2.1323101636E+000  2.4658064267E+000  2.5091198267E-004  2.2158815884E+000  2.4342077762E+000  6.5159296036E-004  2.3318730811E+000  2.4619711295E+000  1.7089268184E-003  2.3710854537E+000  2.5010119207E+000  1.9105488957E-003  2.4835242973E+000  2.5394149266E+000  2.0869697090E-003  2.3340079581E+000  2.4978361806E+000  1.5902631756E-003  3.5897123412E-004
   1   -68   0    0  6.6136868719E-002  8.3100621780E+000  2.6339318521E-004  2.1309008529E+000  2.4626560815E+000  2.5467167597E-004  2.2142343218E+000  2.4311101984E+000  6.5382452557E-004  2.3306080675E+000  2.4594226899E+000  1.7109961297E-003  2.3704761135E+000  2.4997873154E+000  1.9110190720E-003  2.4831289035E+000  2.5390202877E+000  2.0864771879E-003  2.3334270902E+000  2.4965080970E+000  1.5916996508E-003  3.5889049079E-004
   1   -69   0    0  7.4079623198E-002  8.3049470538E+000  2.6493630177E-004  2.1294843728E+000  2.4594935966E+000  2.5846397717E-004  2.2125773759E+000  2.4280006116E+000  6.5607513707E-004  2.3293360781E+000  2.4568642345E+000  1.7130805138E-003  2.3698642118E+000  2.4985570385E+000  1.9114920257E-003  2.4827297790E+000  2.5386219928E+000  2.0859805537E-003  2.3328435995E+000  2.4951739834E+000  1.5931446340E-003  3.5880932839E-004
   1   -70   0    0  8.2002895015E-002  8.2998099776E+000  2.6649883053E-004  2.1280608118E+000  2.4563192832E+000  2.6228878400E-004  2.2109108481E+000  2.4248793209E+000  6.5834472786E-004  2.3280571847E+000  2.4542960107E+000  1.7151798548E-003  2.3692497978E+000  2.4973211931E+000  1.9119677169E-003  2.4823269171E+000  2.5382200363E+000  2.0854798232E-003  2.3322575260E+000  2.4938339522E+000  1.5945980044E-003  3.5872775264E-004
   1   -71   0    0  8.9906965377E-002  8.2946513705E+000  2.6808090292E-004  2.1266302567E+000  2.4531334505E+000  2.6614599074E-004  2.2092348357E+000  2.4217466294E+000  6.6063322896E-004  2.3267714580E+000  2.4517182640E+000  1.7172940353E-003  2.3686329201E+000  2.4960798816E+000  1.9124461050E-003  2.4819203108E+000  2.5378144129E+000  2.0849750135E-003  2.3316689092E+000  2.4924881150E+000  1.5960596402E-003  3.5864576922E-004
   1   -72   0    0  9.7792118945E-002  8.2894716494E+000  2.6968265043E-004  2.1251927930E+000  2.4499364051E+000  2.7003548824E-004  2.2075494350E+000  2.4186028379E+000  6.6294056938E-004  2.3254789677E+000  2.4491312382E+000  1.7194229364E-003  2.3680136264E+000  2.4948332055E+000  1.9129271493E-003  2.4815099531E+000  2.5374051169E+000  2.0844661421E-003  2.3310777875E+000  2.4911365823E+000  1.5975294187E-003  3.5856338376E-004
   1   -73   0    0  1.0565864351E-001  8.2842712268E+000  2.7130420465E-004  2.1237485046E+000  2.4467284515E+000  2.7395716393E-004  2.2058547419E+000  2.4154482450E+000  6.6526667614E-004  2.3241797821E+000  2.4465351748E+000  1.7215664377E-003  2.3673919639E+000  2.4935812658E+000  1.9134108088E-003  2.4810958369E+000  2.5369921425E+000  2.0839532270E-003  2.3304841986E+000  2.4897794640E+000  1.5990072166E-003  3.5848060184E-004
   1   -74   0    0  1.1350682968E-001  8.2790505109E+000  2.7294569721E-004  2.1222974736E+000  2.4435098911E+000  2.7791090184E-004  2.2041508516E+000  2.4122831468E+000  6.6761147428E-004  2.3228739686E+000  2.4439303136E+000  1.7237244171E-003  2.3667679785E+000  2.4923241625E+000  1.9138970420E-003  2.4806779547E+000  2.5365754838E+000  2.0834362867E-003  2.3298881794E+000  2.4884168688E+000  1.6004929097E-003  3.5839742897E-004
   1   -75   0    0  1.2133697058E-001  8.2738099048E+000  2.7460725973E-004  2.1208397807E+000  2.4402810229E+000  2.8189658256E-004  2.2024378588E+000  2.4091078369E+000  6.6997488687E-004  2.3215615929E+000  2.4413168919E+000  1.7258967513E-003  2.3661417159E+000  2.4910619948E+000  1.9143858076E-003  2.4802562991E+000  2.5361551348E+000  2.0829153400E-003  2.3292897659E+000  2.4870489048E+000  1.6019863730E-003  3.5831387061E-004
   1   -76   0    0  1.2914936153E-001  8.2685498072E+000  2.7628902384E-004  2.1193755049E+000  2.4370421431E+000  2.8591408326E-004  2.2007158571E+000  2.4059226063E+000  6.7235683498E-004  2.3202427199E+000  2.4386951450E+000  1.7280833154E-003  2.3655132204E+000  2.4897948612E+000  1.9148770636E-003  2.4798308625E+000  2.5357310893E+000  2.0823904062E-003  2.3286889930E+000  2.4856756787E+000  1.6034874808E-003  3.5822993216E-004
   1   -77   0    0  1.3694429978E-001  8.2632706115E+000  2.7799112107E-004  2.1179047235E+000  2.4337935449E+000  2.8996327767E-004  2.1989849398E+000  2.4027277435E+000  6.7475723770E-004  2.3189174128E+000  2.4360653058E+000  1.7302839830E-003  2.3648825359E+000  2.4885228592E+000  1.9153707679E-003  2.4794016372E+000  2.5353033408E+000  2.0818615049E-003  2.3280858951E+000  2.4842972964E+000  1.6049961069E-003  3.5814561895E-004
   1   -78   0    0  1.4472208421E-001  8.2579727064E+000  2.7971368288E-004  2.1164275118E+000  2.4305355186E+000  2.9404403607E-004  2.1972451992E+000  2.3995235341E+000  6.7717601212E-004  2.3175857338E+000  2.4334276047E+000  1.7324986264E-003  2.3642497051E+000  2.4872460854E+000  1.9158668783E-003  2.4789686152E+000  2.5348718829E+000  2.0813286563E-003  2.3274805052E+000  2.4829138627E+000  1.6065121242E-003  3.5806093627E-004
   1   -79   0    0  1.5248301505E-001  8.2526564754E+000  2.8145684059E-004  2.1149439438E+000  2.4272683513E+000  2.9815622524E-004  2.1954967271E+000  2.3963102609E+000  6.7961307333E-004  2.3162477435E+000  2.4307822700E+000  1.7347271164E-003  2.3636147700E+000  2.4859646357E+000  1.9163653523E-003  2.4785317884E+000  2.5344367090E+000  2.0807918809E-003  2.3268728560E+000  2.4815254815E+000  1.6080354051E-003  3.5797588930E-004
   1   -80   0    0  1.6022739361E-001  8.2473222967E+000  2.8322072531E-004  2.1134540915E+000  2.4239923273E+000  3.0229970851E-004  2.1937396144E+000  2.3930882039E+000  6.8206833438E-004  2.3149035014E+000  2.4281295272E+000  1.7369693224E-003  2.3629777717E+000  2.4846786046E+000  1.9168661471E-003  2.4780911488E+000  2.5339978122E+000  2.0802511997E-003  2.3262629786E+000  2.4801322553E+000  1.6095658212E-003  3.5789048321E-004
   1   -81   0    0  1.6795552202E-001  8.2419705432E+000  2.8500546793E-004  2.1119580250E+000  2.4207077274E+000  3.0647434565E-004  2.1919739513E+000  2.3898576403E+000  6.8454170634E-004  2.3135530655E+000  2.4254695994E+000  1.7392251125E-003  2.3623387505E+000  2.4833880862E+000  1.9173692198E-003  2.4776466880E+000  2.5335551856E+000  2.0797066341E-003  2.3256509036E+000  2.4787342857E+000  1.6111032436E-003  3.5780472307E-004
   1   -82   0    0  1.7566770298E-001  8.2366015829E+000  2.8681119906E-004  2.1104558128E+000  2.4174148293E+000  3.1067999290E-004  2.1901998273E+000  2.3866188442E+000  6.8703309819E-004  2.3121964923E+000  2.4228027071E+000  1.7414943532E-003  2.3616977454E+000  2.4820931732E+000  1.9178745271E-003  2.4771983976E+000  2.5331088222E+000  2.0791582059E-003  2.3250366605E+000  2.4773316732E+000  1.6126475429E-003  3.5771861387E-004
   1   -83   0    0  1.8336423951E-001  8.2312157778E+000  2.8863804898E-004  2.1089475215E+000  2.4141139072E+000  3.1491650291E-004  2.1884173310E+000  2.3833720867E+000  6.8954241688E-004  2.3108338373E+000  2.4201290682E+000  1.7437769099E-003  2.3610547950E+000  2.4807939577E+000  1.9183820257E-003  2.4767462690E+000  2.5326587147E+000  2.0786059375E-003  2.3244202780E+000  2.4759245171E+000  1.6141985891E-003  3.5763216057E-004
   1   -84   0    0  1.9104543468E-001  8.2258134850E+000  2.9048614757E-004  2.1074332157E+000  2.4108052322E+000  3.1918372472E-004  2.1866265505E+000  2.3801176359E+000  6.9206956727E-004  2.3094651541E+000  2.4174488978E+000  1.7460726464E-003  2.3604099365E+000  2.4794905304E+000  1.9188916720E-003  2.4762902936E+000  2.5322048559E+000  2.0780498516E-003  2.3238017835E+000  2.4745129156E+000  1.6157562515E-003  3.5754536804E-004
   1   -85   0    0  1.9871159144E-001  8.2203950559E+000  2.9235562425E-004  2.1059129585E+000  2.4074890718E+000  3.2348150372E-004  2.1848275729E+000  2.3768557569E+000  6.9461445213E-004  2.3080904954E+000  2.4147624084E+000  1.7483814251E-003  2.3597632066E+000  2.4781829814E+000  1.9194034223E-003  2.4758304626E+000  2.5317472382E+000  2.0774899713E-003  2.3231812039E+000  2.4730969657E+000  1.6173203990E-003  3.5745824107E-004
   1   -86   0    0  2.0636301235E-001  8.2149608365E+000  2.9424660797E-004  2.1043868110E+000  2.4041656901E+000  3.2780968160E-004  2.1830204848E+000  2.3735867116E+000  6.9717697210E-004  2.3067099122E+000  2.4120698099E+000  1.7507031072E-003  2.3591146408E+000  2.4768713996E+000  1.9199172327E-003  2.4753667671E+000  2.5312858542E+000  2.0769263202E-003  2.3225585647E+000  2.4716767634E+000  1.6188909000E-003  3.5737078440E-004
   1   -87   0    0  2.1399999936E-001  8.2095111673E+000  2.9615922707E-004  2.1028548322E+000  2.4008353477E+000  3.3216809634E-004  2.1812053719E+000  2.3703107590E+000  6.9975702571E-004  2.3053234542E+000  2.4093713091E+000  1.7530375523E-003  2.3584642737E+000  2.4755558730E+000  1.9204330590E-003  2.4748991981E+000  2.5308206963E+000  2.0763589225E-003  2.3219338908E+000  2.4702524033E+000  1.6204676223E-003  3.5728300269E-004
   1   -88   0    0  2.2162285366E-001  8.2040463831E+000  2.9809360928E-004  2.1013170796E+000  2.3974983017E+000  3.3655658215E-004  2.1793823194E+000  2.3670281546E+000  7.0235450930E-004  2.3039311697E+000  2.4066671104E+000  1.7553846188E-003  2.3578121390E+000  2.4742364884E+000  1.9209508568E-003  2.4744277466E+000  2.5303517566E+000  2.0757878026E-003  2.3213072059E+000  2.4688239790E+000  1.6220504333E-003  3.5719490054E-004
   1   -89   0    0  2.2923187540E-001  8.1985668135E+000  3.0004988163E-004  2.0997736086E+000  2.3941548056E+000  3.4097496942E-004  2.1775514115E+000  2.3637391512E+000  7.0496931706E-004  2.3025331056E+000  2.4039574150E+000  1.7577441637E-003  2.3571582695E+000  2.4729133318E+000  1.9214705819E-003  2.4739524034E+000  2.5298790273E+000  2.0752129854E-003  2.3206785330E+000  2.4673915831E+000  1.6236391998E-003  3.5710648246E-004
   1   -90   0    0  2.3682736355E-001  8.1930727823E+000  3.0202817038E-004  2.0982244729E+000  2.3908051092E+000  3.4542308468E-004  2.1757127319E+000  2.3604439981E+000  7.0760134094E-004  2.3011293074E+000  2.4012424216E+000  1.7601160424E-003  2.3565026971E+000  2.4715864881E+000  1.9219921895E-003  2.4734731594E+000  2.5294025006E+000  2.0746344966E-003  2.3200478938E+000  2.4659553066E+000  1.6252337883E-003  3.5701775291E-004
   1   -91   0    0  2.4440961572E-001  8.1875646079E+000  3.0402860094E-004  2.0966697243E+000  2.3874494589E+000  3.4990075058E-004  2.1738663636E+000  2.3571429415E+000  7.1025047069E-004  2.2997198192E+000  2.3985223259E+000  1.7625001092E-003  2.3558454526E+000  2.4702560414E+000  1.9225156348E-003  2.4729900053E+000  2.5289221685E+000  2.0740523620E-003  2.3194153093E+000  2.4645152397E+000  1.6268340647E-003  3.5692871627E-004
   1   -92   0    0  2.5197892796E-001  8.1820426032E+000  3.0605129783E-004  2.0951094126E+000  2.3840880973E+000  3.5440778580E-004  2.1720123889E+000  2.3538362245E+000  7.1291659379E-004  2.2983046838E+000  2.3957973206E+000  1.7648962167E-003  2.3551865661E+000  2.4689220744E+000  1.9230408728E-003  2.4725029319E+000  2.5284380230E+000  2.0734666079E-003  2.3187807995E+000  2.4630714715E+000  1.6284398945E-003  3.5683937686E-004
   1   -93   0    0  2.5953559458E-001  8.1765070756E+000  3.0809638456E-004  2.0935435860E+000  2.3807212633E+000  3.5894400506E-004  2.1701508895E+000  2.3505240871E+000  7.1559959544E-004  2.2968839425E+000  2.3930675957E+000  1.7673042165E-003  2.3545260666E+000  2.4675846692E+000  1.9235678586E-003  2.4720119297E+000  2.5279500560E+000  2.0728772612E-003  2.3181443836E+000  2.4616240896E+000  1.6300511429E-003  3.5674973893E-004
   1   -94   0    0  2.6707990803E-001  8.1709583269E+000  3.1016398359E-004  2.0919722906E+000  2.3773491922E+000  3.6350921902E-004  2.1682819466E+000  2.3472067659E+000  7.1829935854E-004  2.2954576355E+000  2.3903333383E+000  1.7697239584E-003  2.3538639822E+000  2.4662439068E+000  1.9240965468E-003  2.4715169894E+000  2.5274582594E+000  2.0722843494E-003  2.3175060797E+000  2.4601731809E+000  1.6316676745E-003  3.5665980664E-004
   1   -95   0    0  2.7461215872E-001  8.1653966538E+000  3.1225421623E-004  2.0903955708E+000  2.3739721156E+000  3.6810323427E-004  2.1664056404E+000  2.3438844945E+000  7.2101576366E-004  2.2940258013E+000  2.3875947326E+000  1.7721552910E-003  2.3532003401E+000  2.4648998670E+000  1.9246268920E-003  2.4710181018E+000  2.5269626251E+000  2.0716879002E-003  2.3168659050E+000  2.4587188307E+000  1.6332893537E-003  3.5656958410E-004
   1   -96   0    0  2.8213263487E-001  8.1598223471E+000  3.1436720260E-004  2.0888134693E+000  2.3705902612E+000  3.7272585327E-004  2.1645220509E+000  2.3405575034E+000  7.2374868902E-004  2.2925884774E+000  2.3848519598E+000  1.7745980615E-003  2.3525351668E+000  2.4635526290E+000  1.9251588487E-003  2.4705152575E+000  2.5264631450E+000  2.0710879420E-003  2.3162238759E+000  2.4572611236E+000  1.6349160442E-003  3.5647907537E-004
   1   -97   0    0  2.8964162238E-001  8.1542356926E+000  3.1650306147E-004  2.0872260266E+000  2.3672038532E+000  3.7737687432E-004  2.1626312575E+000  2.3372260199E+000  7.2649801046E-004  2.2911456998E+000  2.3821051983E+000  1.7770521156E-003  2.3518684877E+000  2.4622022708E+000  1.9256923713E-003  2.4700084471E+000  2.5259598111E+000  2.0704845036E-003  2.3155800078E+000  2.4558001429E+000  1.6365476097E-003  3.5638828440E-004
   1   -98   0    0  2.9713940469E-001  8.1486369707E+000  3.1866191025E-004  2.0856332818E+000  2.3638131120E+000  3.8205609149E-004  2.1607333388E+000  2.3338902679E+000  7.2926360141E-004  2.2896975031E+000  2.3793546234E+000  1.7795172977E-003  2.3512003273E+000  2.4608488694E+000  1.9262274139E-003  2.4694976615E+000  2.5254526152E+000  2.0698776144E-003  2.3149343154E+000  2.4543359707E+000  1.6381839132E-003  3.5629721512E-004
   1   -99   0    0  3.0462626266E-001  8.1430264562E+000  3.2084386488E-004  2.0840352719E+000  2.3604182540E+000  3.8676329460E-004  2.1588283732E+000  2.3305504685E+000  7.3204533289E-004  2.2882439209E+000  2.3766004077E+000  1.7819934506E-003  2.3505307093E+000  2.4594925010E+000  1.9267639306E-003  2.4689828913E+000  2.5249415493E+000  2.0692673041E-003  2.3142868122E+000  2.4528686883E+000  1.6398248176E-003  3.5620587135E-004
   1  -100   0    0  3.1210247446E-001  8.1374044191E+000  3.2304903974E-004  2.0824320323E+000  2.3570194923E+000  3.9149826917E-004  2.1569164383E+000  2.3272068397E+000  7.3484307347E-004  2.2867849852E+000  2.3738427207E+000  1.7844804159E-003  2.3498596565E+000  2.4581332409E+000  1.9273018753E-003  2.4684641274E+000  2.5244266055E+000  2.0686536032E-003  2.3136375113E+000  2.4513983756E+000  1.6414701853E-003  3.5611425690E-004
   1  -101   0    0  3.1956831543E-001  8.1317711239E+000  3.2527754754E-004  2.0808235966E+000  2.3536170357E+000  3.9626079637E-004  2.1549976114E+000  2.3238595962E+000  7.3765668923E-004  2.2853207270E+000  2.3710817291E+000  1.7869780336E-003  2.3491871910E+000  2.4567711634E+000  1.9278412019E-003  2.4679413609E+000  2.5239077758E+000  2.0680365426E-003  2.3129864245E+000  2.4499251116E+000  1.6431198783E-003  3.5602237546E-004
   1  -102   0    0  3.2702405800E-001  8.1261268300E+000  3.2752949929E-004  2.0792099965E+000  2.3502110897E+000  4.0105065300E-004  2.1530719694E+000  2.3205089497E+000  7.4048604377E-004  2.2838511760E+000  2.3683175966E+000  1.7894861423E-003  2.3485133338E+000  2.4554063418E+000  1.9283818642E-003  2.4674145827E+000  2.5233850524E+000  2.0674161535E-003  2.3123335632E+000  2.4484489743E+000  1.6447737586E-003  3.5593023069E-004
   1  -103   0    0  3.3447001880E-001  8.1204718866E+000  3.2980494666E-004  2.0775912339E+000  2.3468018549E+000  4.0586748999E-004  2.1511395745E+000  2.3171551176E+000  7.4333092647E-004  2.2823763615E+000  2.3655505084E+000  1.7920045160E-003  2.3478381614E+000  2.4540389311E+000  1.9289238021E-003  2.4668838118E+000  2.5228584556E+000  2.0667924837E-003  2.3116789873E+000  2.4469701194E+000  1.6464316459E-003  3.5583783005E-004
   1  -104   0    0  3.4190642937E-001  8.1148064747E+000  3.3210403697E-004  2.0759673567E+000  2.3433895287E+000  4.1071116127E-004  2.1492005122E+000  2.3137982985E+000  7.4619124669E-004  2.2808963098E+000  2.3627806044E+000  1.7945330354E-003  2.3471616536E+000  2.4526689444E+000  1.9294669788E-003  2.4663490201E+000  2.5223279581E+000  2.0661655545E-003  2.3110226713E+000  2.4454885667E+000  1.6480934313E-003  3.5574517432E-004
   1  -105   0    0  3.4933357809E-001  8.1091308906E+000  3.3442684282E-004  2.0743383753E+000  2.3399743037E+000  4.1558136249E-004  2.1472548500E+000  2.3104386991E+000  7.4906682044E-004  2.2794110473E+000  2.3600080523E+000  1.7970714998E-003  2.3464838605E+000  2.4512964982E+000  1.9300113403E-003  2.4658102147E+000  2.5217935682E+000  2.0655354075E-003  2.3103646517E+000  2.4440044350E+000  1.6497589526E-003  3.5565226912E-004
   1  -106   0    0  3.5304374153E-001  8.1062893215E+000  3.3559719429E-004  2.0735219898E+000  2.3382656642E+000  4.1802638493E-004  2.1462795732E+000  2.3087579160E+000  7.5051031019E-004  2.2786664694E+000  2.3586208214E+000  1.7983444344E-003  2.3461444651E+000  2.4506093418E+000  1.9302839562E-003  2.4655392931E+000  2.5215249002E+000  2.0652191316E-003  2.3100349859E+000  2.4432613936E+000  1.6505930873E-003  3.5560572251E-004
   1  -107   0    0  3.5675169102E-001  8.1034453080E+000  3.3677350706E-004  2.0727043343E+000  2.3365563706E+000  4.2047793676E-004  2.1453026730E+000  2.3070765131E+000  7.5195755088E-004  2.2779205981E+000  2.3572329875E+000  1.7996197862E-003  2.3458047609E+000  2.4499216051E+000  1.9305568494E-003  2.4652673678E+000  2.5212552593E+000  2.0649020655E-003  2.3097049022E+000  2.4425177431E+000  1.6514280996E-003  3.5555911519E-004
   1  -108   0    0  3.6045744822E-001  8.1005988584E+000  3.3795580648E-004  2.0718854182E+000  2.3348464463E+000  4.2293601396E-004  2.1443241620E+000  2.3053945129E+000  7.5340853965E-004  2.2771734360E+000  2.3558445639E+000  1.8008975479E-003  2.3454647373E+000  2.4492332783E+000  1.9308300171E-003  2.4649944317E+000  2.5209846384E+000  2.0645842099E-003  2.3093743906E+000  2.4417734750E+000  1.6522639813E-003  3.5551244673E-004
   1  -109   0    0  3.6416103949E-001  8.0977499906E+000  3.3914411180E-004  2.0710652475E+000  2.3331359145E+000  4.2540059969E-004  2.1433440513E+000  2.3037119391E+000  7.5486326602E-004  2.2764249860E+000  2.3544555661E+000  1.8021777060E-003  2.3451243900E+000  2.4485443604E+000  1.9311034550E-003  2.4647204805E+000  2.5207130333E+000  2.0642655674E-003  2.3090434461E+000  2.4410285892E+000  1.6531007196E-003  3.5546571710E-004
   1  -110   0    0  3.6786249524E-001  8.0948987310E+000  3.4033843676E-004  2.0702438255E+000  2.3314247981E+000  4.2787166559E-004  2.1423623506E+000  2.3020288154E+000  7.5632171277E-004  2.2756752508E+000  2.3530660119E+000  1.8034602406E-003  2.3447837196E+000  2.4478548579E+000  1.9313771576E-003  2.4644455124E+000  2.5204404425E+000  2.0639461418E-003  2.3087120683E+000  2.4402830926E+000  1.6539382983E-003  3.5541892661E-004
   1  -111   0    0  3.7156184741E-001  8.0920451090E+000  3.4153879272E-004  2.0694211546E+000  2.3297131195E+000  4.3034917832E-004  2.1413790690E+000  2.3003451661E+000  7.5778385972E-004  2.2749242332E+000  2.3516759196E+000  1.8047451296E-003  2.3444427287E+000  2.4471647803E+000  1.9316511189E-003  2.4641695268E+000  2.5201668655E+000  2.0636259377E-003  2.3083802586E+000  2.4395369952E+000  1.6547766992E-003  3.5537207572E-004
   1  -112   0    0  3.7525912787E-001  8.0891891542E+000  3.4274519064E-004  2.0685972366E+000  2.3280009009E+000  4.3283310385E-004  2.1403942155E+000  2.2986610149E+000  7.5924968629E-004  2.2741719358E+000  2.3502853074E+000  1.8060323504E-003  2.3441014203E+000  2.4464741373E+000  1.9319253327E-003  2.4638925234E+000  2.5198923019E+000  2.0633049600E-003  2.3080480186E+000  2.4387903072E+000  1.6556159042E-003  3.5532516490E-004
   1  -113   0    0  3.7895436787E-001  8.0863308952E+000  3.4395764183E-004  2.0677720736E+000  2.3262881643E+000  4.3532340886E-004  2.1394077993E+000  2.2969763857E+000  7.6071917233E-004  2.2734183612E+000  2.3488941931E+000  1.8073218809E-003  2.3437597968E+000  2.4457829382E+000  1.9321997932E-003  2.4636145013E+000  2.5196167512E+000  2.0629832130E-003  2.3077153493E+000  2.4380430381E+000  1.6564558953E-003  3.5527819459E-004
   1  -114   0    0  3.8264759807E-001  8.0834703593E+000  3.4517615792E-004  2.0669456679E+000  2.3245749315E+000  4.3782006075E-004  2.1384198297E+000  2.2952913017E+000  7.6219229813E-004  2.2726635120E+000  2.3475025943E+000  1.8086136996E-003  2.3434178600E+000  2.4450911911E+000  1.9324744943E-003  2.4633354596E+000  2.5193402125E+000  2.0626607012E-003  2.3073822515E+000  2.4372951966E+000  1.6572966550E-003  3.5523116517E-004
   1  -115   0    0  3.8633884874E-001  8.0806075734E+000  3.4640075062E-004  2.0661180218E+000  2.3228612240E+000  4.4032302709E-004  2.1374303159E+000  2.2936057862E+000  7.6366904407E-004  2.2719073906E+000  2.3461105282E+000  1.8099077850E-003  2.3430756115E+000  2.4443989040E+000  1.9327494303E-003  2.4630553974E+000  2.5190626850E+000  2.0623374293E-003  2.3070487255E+000  2.4365467912E+000  1.6581381660E-003  3.5518407704E-004
   1  -116   0    0  3.9002814991E-001  8.0777425640E+000  3.4763143148E-004  2.0652891373E+000  2.3211470631E+000  4.4283227521E-004  2.1364392673E+000  2.2919198623E+000  7.6514939042E-004  2.2711499994E+000  2.3447180117E+000  1.8112041154E-003  2.3427330529E+000  2.4437060849E+000  1.9330245954E-003  2.4627743137E+000  2.5187841679E+000  2.0620134015E-003  2.3067147718E+000  2.4357978301E+000  1.6589804108E-003  3.5513693057E-004
   1  -117   0    0  3.9371553145E-001  8.0748753574E+000  3.4886821181E-004  2.0644590165E+000  2.3194324700E+000  4.4534777198E-004  2.1354466932E+000  2.2902335529E+000  7.6663331715E-004  2.2703913407E+000  2.3433250619E+000  1.8125026692E-003  2.3423901857E+000  2.4430127418E+000  1.9332999837E-003  2.4624922074E+000  2.5185046602E+000  2.0616886225E-003  2.3063803907E+000  2.4350483218E+000  1.6598233721E-003  3.5508972613E-004
   1  -118   0    0  3.9740102305E-001  8.0720059798E+000  3.5011110267E-004  2.0636276613E+000  2.3177174654E+000  4.4786948378E-004  2.1344526028E+000  2.2885468806E+000  7.6812080398E-004  2.2696314168E+000  2.3419316954E+000  1.8138034244E-003  2.3420470117E+000  2.4423188826E+000  1.9335755893E-003  2.4622090778E+000  2.5182241612E+000  2.0613630968E-003  2.3060455827E+000  2.4342982746E+000  1.6606670321E-003  3.5504246412E-004
   1  -119   0    0  4.0108465425E-001  8.0691344573E+000  3.5136011485E-004  2.0627950734E+000  2.3160020700E+000  4.5039737657E-004  2.1334570052E+000  2.2868598680E+000  7.6961183037E-004  2.2688702299E+000  2.3405379288E+000  1.8151063590E-003  2.3417035324E+000  2.4416245154E+000  1.9338514063E-003  2.4619249239E+000  2.5179426702E+000  2.0610368291E-003  2.3057103482E+000  2.4335476971E+000  1.6615113735E-003  3.5499514490E-004
   1  -120   0    0  4.0476645436E-001  8.0662608156E+000  3.5261525896E-004  2.0619612545E+000  2.3142863041E+000  4.5293141594E-004  2.1324599097E+000  2.2851725376E+000  7.7110637559E-004  2.2681077822E+000  2.3391437786E+000  1.8164114508E-003  2.3413597495E+000  2.4409296484E+000  1.9341274288E-003  2.4616397450E+000  2.5176601865E+000  2.0607098241E-003  2.3053746877E+000  2.4327965977E+000  1.6623563785E-003  3.5494776888E-004
   1  -121   0    0  4.0844645245E-001  8.0633850804E+000  3.5387654542E-004  2.0611262061E+000  2.3125701879E+000  4.5547156721E-004  2.1314613255E+000  2.2834849115E+000  7.7260441873E-004  2.2673440756E+000  2.3377492610E+000  1.8177186775E-003  2.3410156646E+000  2.4402342896E+000  1.9344036509E-003  2.4613535404E+000  2.5173767095E+000  2.0603820865E-003  2.3050386016E+000  2.4320449850E+000  1.6632020295E-003  3.5490033641E-004
   1  -122   0    0  4.1212467736E-001  8.0605072768E+000  3.5514398448E-004  2.0602899297E+000  2.3108537413E+000  4.5801779541E-004  2.1304612616E+000  2.2817970117E+000  7.7410593874E-004  2.2665791122E+000  2.3363543921E+000  1.8190280168E-003  2.3406712793E+000  2.4395384470E+000  1.9346800668E-003  2.4610663092E+000  2.5170922385E+000  2.0600536211E-003  2.3047020903E+000  2.4312928671E+000  1.6640483090E-003  3.5485284789E-004
   1  -123   0    0  4.1580115768E-001  8.0576274299E+000  3.5641758620E-004  2.0594524265E+000  2.3091369838E+000  4.6057006532E-004  2.1294597274E+000  2.2801088602E+000  7.7561091442E-004  2.2658128940E+000  2.3349591877E+000  1.8203394462E-003  2.3403265950E+000  2.4388421285E+000  1.9349566705E-003  2.4607780508E+000  2.5168067729E+000  2.0597244326E-003  2.3043651541E+000  2.4305402524E+000  1.6648951993E-003  3.5480530367E-004
   1  -124   0    0  4.1947604806E-001  8.0547458391E+000  3.5769717386E-004  2.0586136040E+000  2.3074199172E+000  4.6312796880E-004  2.1284566818E+000  2.2784204917E+000  7.7711910470E-004  2.2650454215E+000  2.3335637265E+000  1.8216527521E-003  2.3399817859E+000  2.4381455919E+000  1.9352334157E-003  2.4604888526E+000  2.5165204003E+000  2.0593945739E-003  2.3040279456E+000  2.4297873872E+000  1.6657425594E-003  3.5475771583E-004
   1  -125   0    0  4.2351631266E-001  8.0515734263E+000  3.5911210521E-004  2.0576896080E+000  2.3055308531E+000  4.6594904509E-004  2.1273517204E+000  2.2765630287E+000  7.7878234269E-004  2.2641997584E+000  2.3320282856E+000  1.8231000004E-003  2.3396019280E+000  2.4373785430E+000  1.9355380914E-003  2.4601694310E+000  2.5162041248E+000  2.0590308427E-003  2.3036563266E+000  2.4289583690E+000  1.6666754813E-003  3.5470529042E-004
   1  -126   0    0  4.2755463077E-001  8.0483987617E+000  3.6053444158E-004  2.0567640876E+000  2.3036414761E+000  4.6877712201E-004  2.1262449903E+000  2.2747053477E+000  7.8044957780E-004  2.2633525831E+000  2.3304925263E+000  1.8245496031E-003  2.3392217950E+000  2.4366110653E+000  1.9358429533E-003  2.4598488054E+000  2.5158866853E+000  2.0586662773E-003  2.3032842662E+000  2.4281288923E+000  1.6676090183E-003  3.5465280450E-004
   1  -127   0    0  4.3159101027E-001  8.0452218154E+000  3.6196423650E-004  2.0558370649E+000  2.3017518145E+000  4.7161223408E-004  2.1251365148E+000  2.2728474734E+000  7.8212082984E-004  2.2625038979E+000  2.3289564544E+000  1.8260015727E-003  2.3388413503E+000  2.4358431132E+000  1.9361480025E-003  2.4595269554E+000  2.5155680615E+000  2.0583008738E-003  2.3029117308E+000  2.4272989148E+000  1.6685431745E-003  3.5460025595E-004
   1  -128   0    0  4.3562532561E-001  8.0420422609E+000  3.6340174938E-004  2.0549086657E+000  2.2998619196E+000  4.7445482159E-004  2.1240263731E+000  2.2709894196E+000  7.8379635781E-004  2.2616537079E+000  2.3274200097E+000  1.8274561291E-003  2.3384603690E+000  2.4350743696E+000  1.9364532837E-003  2.4592037637E+000  2.5152481362E+000  2.0579345756E-003  2.3025385202E+000  2.4264681354E+000  1.6694780873E-003  3.5454762990E-004
   1  -129   0    0  4.3965781108E-001  8.0388605664E+000  3.6484669055E-004  2.0539787391E+000  2.2979717834E+000  4.7730423830E-004  2.1229144958E+000  2.2691312317E+000  7.8547578027E-004  2.2608020119E+000  2.3258833100E+000  1.8289129362E-003  2.3380791293E+000  2.4343052442E+000  1.9367587248E-003  2.4588793717E+000  2.5149270509E+000  2.0575674663E-003  2.3021648791E+000  2.4256369451E+000  1.6704135368E-003  3.5449494553E-004
   1  -130   0    0  4.4368848329E-001  8.0356767220E+000  3.6629909822E-004  2.0530472993E+000  2.2960814320E+000  4.8016048867E-004  2.1218009021E+000  2.2672729351E+000  7.8715909934E-004  2.2599488120E+000  2.3243463651E+000  1.8303719914E-003  2.3376976079E+000  2.4335357109E+000  1.9370643240E-003  2.4585537657E+000  2.5146047921E+000  2.0571995457E-003  2.3017907852E+000  2.4248053197E+000  1.6713495176E-003  3.5444220161E-004
   1  -131   0    0  4.4771735134E-001  8.0324907007E+000  3.6775902272E-004  2.0521143670E+000  2.2941908928E+000  4.8302360046E-004  2.1206856147E+000  2.2654145543E+000  7.8884633089E-004  2.2590941105E+000  2.3228091812E+000  1.8318333039E-003  2.3373157702E+000  2.4327657273E+000  1.9373700818E-003  2.4582269266E+000  2.5142813408E+000  2.0568308103E-003  2.3014162068E+000  2.4239732200E+000  1.6722860320E-003  3.5438939615E-004
   1  -132   0    0  4.5174442680E-001  8.0293024805E+000  3.6922651123E-004  2.0511799610E+000  2.2923001930E+000  4.8589359458E-004  2.1195686558E+000  2.2635561146E+000  7.9053748676E-004  2.2582379097E+000  2.3212717656E+000  1.8332968794E-003  2.3369335846E+000  2.4319952557E+000  1.9376759980E-003  2.4578988367E+000  2.5139566794E+000  2.0564612579E-003  2.3010411147E+000  2.4231406108E+000  1.6732230801E-003  3.5433652738E-004
   1  -133   0    0  4.5576972910E-001  8.0261120564E+000  3.7070159883E-004  2.0502440943E+000  2.2904093588E+000  4.8877046782E-004  2.1184500442E+000  2.2616976417E+000  7.9223256456E-004  2.2573802120E+000  2.3197341295E+000  1.8347627113E-003  2.3365510304E+000  2.4312242741E+000  1.9379820697E-003  2.4575694839E+000  2.5136307960E+000  2.0560908891E-003  2.3006654893E+000  2.4223074720E+000  1.6741606538E-003  3.5428359425E-004
   1  -134   0    0  4.5979328678E-001  8.0229194442E+000  3.7218430586E-004  2.0493067724E+000  2.2885184140E+000  4.9165418801E-004  2.1173297951E+000  2.2598391622E+000  7.9393154485E-004  2.2565210191E+000  2.3181962884E+000  1.8362307781E-003  2.3361681002E+000  2.4304527795E+000  1.9382882912E-003  2.4572388629E+000  2.5133036853E+000  2.0557197084E-003  2.3002893226E+000  2.4214738019E+000  1.6750987360E-003  3.5423059662E-004
   1  -135   0    0  4.6381513581E-001  8.0197246766E+000  3.7367463992E-004  2.0483679944E+000  2.2866273809E+000  4.9454469829E-004  2.1162079200E+000  2.2579807026E+000  7.9563439364E-004  2.2556603329E+000  2.3166582616E+000  1.8377010462E-003  2.3357847976E+000  2.4296807853E+000  1.9385946541E-003  2.4569069744E+000  2.5129753482E+000  2.0553477232E-003  2.2999126166E+000  2.4206396139E+000  1.6760373015E-003  3.5417753510E-004
   1  -136   0    0  4.6783531650E-001  8.0165277971E+000  3.7517260034E-004  2.0474277553E+000  2.2847362802E+000  4.9744192611E-004  2.1150844284E+000  2.2561222899E+000  7.9734106773E-004  2.2547981547E+000  2.3151200703E+000  1.8391734738E-003  2.3354011335E+000  2.4289083148E+000  1.9389011482E-003  2.4565738226E+000  2.5126457891E+000  2.0549749433E-003  2.2995353794E+000  2.4198049310E+000  1.6769763201E-003  3.5412441077E-004
   1  -137   0    0  4.7185400670E-001  8.0133291682E+000  3.7667795389E-004  2.0464859323E+000  2.2828451001E+000  5.0034535141E-004  2.1139592652E+000  2.2542639568E+000  7.9905126035E-004  2.2539344813E+000  2.3135818028E+000  1.8406477923E-003  2.3350173261E+000  2.4281356889E+000  1.9392077164E-003  2.4562395199E+000  2.5123151204E+000  2.0546014358E-003  2.2991578026E+000  2.4189700591E+000  1.6779156173E-003  3.5407123865E-004
   1  -138   0    0  4.7627258968E-001  8.0098080107E+000  3.7834288400E-004  2.0454483463E+000  2.2807648026E+000  5.0354716206E-004  2.1127198059E+000  2.2522198985E+000  8.0093705670E-004  2.2529827249E+000  2.3118894974E+000  1.8422721705E-003  2.3345945340E+000  2.4272850011E+000  1.9395451179E-003  2.4558702285E+000  2.5119498743E+000  2.0541896236E-003  2.2987416869E+000  2.4180508936E+000  1.6789494447E-003  3.5401266507E-004
   1  -139   0    0  4.8068936000E-001  8.0062845955E+000  3.8001693410E-004  2.0444089203E+000  2.2786844827E+000  5.0675663073E-004  2.1114783971E+000  2.2501759966E+000  8.0282720307E-004  2.2520291656E+000  2.3101970985E+000  1.8438989061E-003  2.3341714350E+000  2.4264339535E+000  1.9398826202E-003  2.4554994727E+000  2.5115832141E+000  2.0537769112E-003  2.2983250391E+000  2.4171313380E+000  1.6799836453E-003  3.5395402557E-004
   1  -140   0    0  4.8510433271E-001  8.0027588965E+000  3.8170015905E-004  2.0433676762E+000  2.2766041728E+000  5.0997377159E-004  2.1102350672E+000  2.2481322827E+000  8.0472170725E-004  2.2510738058E+000  2.3085046148E+000  1.8455280009E-003  2.3337479909E+000  2.4255825014E+000  1.9402202222E-003  2.4551272316E+000  2.5112151189E+000  2.0533632970E-003  2.2979078234E+000  2.4162113509E+000  1.6810182160E-003  3.5389531805E-004
   1  -141   0    0  4.8951737813E-001  7.9992305446E+000  3.8339286887E-004  2.0423247650E+000  2.2745239442E+000  5.1319908358E-004  2.1089899164E+000  2.2460887849E+000  8.0662086249E-004  2.2501166541E+000  2.3068119851E+000  1.8471597017E-003  2.3333239377E+000  2.4247302775E+000  1.9405579734E-003  2.4547533659E+000  2.5108454499E+000  2.0529487172E-003  2.2974898051E+000  2.4152905847E+000  1.6820533092E-003  3.5383652528E-004
   1  -142   0    0  4.9392872436E-001  7.9957000131E+000  3.8509474991E-004  2.0412800222E+000  2.2724437756E+000  5.1643187621E-004  2.1077428707E+000  2.2440455421E+000  8.0852426164E-004  2.2491577046E+000  2.3051193214E+000  1.8487936533E-003  2.3328995639E+000  2.4238777050E+000  1.9408957985E-003  2.4543780254E+000  2.5104743568E+000  2.0525332610E-003  2.2970712371E+000  2.4143694422E+000  1.6830886953E-003  3.5377766705E-004
   1  -143   0    0  4.9833839904E-001  7.9921673069E+000  3.8680583239E-004  2.0402334571E+000  2.2703636949E+000  5.1967211706E-004  2.1064939521E+000  2.2420025860E+000  8.1043188512E-004  2.2481969589E+000  2.3034266384E+000  1.8504298342E-003  2.3324748517E+000  2.4230247689E+000  1.9412336916E-003  2.4540012001E+000  2.5101018296E+000  2.0521169327E-003  2.2966521022E+000  2.4134479102E+000  1.6841243569E-003  3.5371874265E-004
   1  -144   0    0  5.0274642430E-001  7.9886324177E+000  3.8852615606E-004  2.0391850843E+000  2.2682837318E+000  5.2291979166E-004  2.1052431857E+000  2.2399599480E+000  8.1234372391E-004  2.2472344190E+000  2.3017339481E+000  1.8520682320E-003  2.3320497748E+000  2.4221714417E+000  1.9415716486E-003  2.4536228756E+000  2.5097278541E+000  2.0516997346E-003  2.2962323754E+000  2.4125259634E+000  1.6851602823E-003  3.5365975076E-004
   1  -145   0    0  5.0715282214E-001  7.9850953365E+000  3.9025576095E-004  2.0381349187E+000  2.2662039159E+000  5.2617488582E-004  2.1039905968E+000  2.2379176598E+000  8.1425976916E-004  2.2462700870E+000  2.3000412624E+000  1.8537088343E-003  2.3316243065E+000  2.4213176955E+000  1.9419096655E-003  2.4532430370E+000  2.5093524157E+000  2.0512816687E-003  2.2958120313E+000  2.4116035765E+000  1.6861964599E-003  3.5360069005E-004
   1  -146   0    0  5.1155761810E-001  7.9815560630E+000  3.9199468051E-004  2.0370829718E+000  2.2641242755E+000  5.2943737265E-004  2.1027362091E+000  2.2358757531E+000  8.1618000457E-004  2.2453039646E+000  2.2983485946E+000  1.8553516226E-003  2.3311984254E+000  2.4204635104E+000  1.9422477369E-003  2.4528616726E+000  2.5089755027E+000  2.0508627387E-003  2.2953910493E+000  2.4106807316E+000  1.6872328742E-003  3.5354155957E-004
   1  -147   0    0  5.1596084308E-001  7.9780146096E+000  3.9374293777E-004  2.0360292500E+000  2.2620448375E+000  5.3270720570E-004  2.1014800437E+000  2.2338342595E+000  8.1810440231E-004  2.2443360534E+000  2.2966559608E+000  1.8569965685E-003  2.3307721190E+000  2.4196088792E+000  1.9425858555E-003  2.4524787752E+000  2.5085971081E+000  2.0504429510E-003  2.2949694169E+000  2.4097574226E+000  1.6882695036E-003  3.5348235894E-004
   1  -148   0    0  5.2036253346E-001  7.9744710031E+000  3.9550054451E-004  2.0349737541E+000  2.2599656261E+000  5.3598431774E-004  2.1002221187E+000  2.2317932105E+000  8.2003292235E-004  2.2433663545E+000  2.2949633795E+000  1.8586436333E-003  2.3303453843E+000  2.4187538077E+000  1.9429240120E-003  2.4520943428E+000  2.5082172300E+000  2.0500223144E-003  2.2945471295E+000  2.4088336563E+000  1.6893063201E-003  3.5342308841E-004
   1  -149   0    0  5.2476273002E-001  7.9709252813E+000  3.9726750281E-004  2.0339164801E+000  2.2578866640E+000  5.3926862383E-004  2.0989624495E+000  2.2297526375E+000  8.2196551425E-004  2.2423948690E+000  2.2932708711E+000  1.8602927696E-003  2.3299182260E+000  2.4178983135E+000  1.9432621951E-003  2.4517083776E+000  2.5078358706E+000  2.0496008402E-003  2.2941241897E+000  2.4079094502E+000  1.6903432902E-003  3.5336374879E-004
   1  -150   0    0  5.2916147609E-001  7.9673774898E+000  3.9904380786E-004  2.0328574207E+000  2.2558079718E+000  5.4256002693E-004  2.0977010500E+000  2.2277125710E+000  8.2390212047E-004  2.2414215972E+000  2.2915784573E+000  1.8619439239E-003  2.3294906544E+000  2.4170424212E+000  1.9436003925E-003  2.4513208848E+000  2.5074530352E+000  2.0491785409E-003  2.2937006048E+000  2.4069848286E+000  1.6913803771E-003  3.5330434119E-004
   1  -151   0    0  5.3355895196E-001  7.9638280196E+000  4.0082918272E-004  2.0317964307E+000  2.2537295208E+000  5.4585792887E-004  2.0964378563E+000  2.2256730375E+000  8.2584238866E-004  2.2404465309E+000  2.2898862248E+000  1.8635967922E-003  2.3290629129E+000  2.4161864870E+000  1.9439385406E-003  2.4509319936E+000  2.5070688530E+000  2.0487554936E-003  2.2932765886E+000  2.4060601299E+000  1.6924173865E-003  3.5324488228E-004
   1  -152   0    0  5.3839447806E-001  7.9599210146E+000  4.0280411203E-004  2.0306273808E+000  2.2514436246E+000  5.4949402427E-004  2.0950464439E+000  2.2234302093E+000  8.2798144060E-004  2.2393719030E+000  2.2880248694E+000  1.8654173714E-003  2.3285917403E+000  2.4152442691E+000  1.9443105361E-003  2.4505023536E+000  2.5066444530E+000  2.0482891629E-003  2.2928092632E+000  2.4050422652E+000  1.6935582826E-003  3.5317938810E-004
   1  -153   0    0  5.4322847026E-001  7.9560118362E+000  4.0479019642E-004  2.0294560749E+000  2.2491581035E+000  5.5313809980E-004  2.0936529516E+000  2.2211881033E+000  8.3012499110E-004  2.2382951104E+000  2.2861637363E+000  1.8672400726E-003  2.3281202170E+000  2.4143018202E+000  1.9446824787E-003  2.4500709451E+000  2.5062183472E+000  2.0478219127E-003  2.2923412834E+000  2.4040241387E+000  1.6946991074E-003  3.5311382332E-004
   1  -154   0    0  5.4806076367E-001  7.9520999840E+000  4.0678786892E-004  2.0282827270E+000  2.2468730648E+000  5.5679083516E-004  2.0922575246E+000  2.2189467682E+000  8.3227343950E-004  2.2372161683E+000  2.2843027479E+000  1.8690652300E-003  2.3276479775E+000  2.4133586365E+000  1.9450544349E-003  2.4496375735E+000  2.5057903416E+000  2.0473536562E-003  2.2918723239E+000  2.4030052744E+000  1.6958400660E-003  3.5304816427E-004
   1  -155   0    0  5.5047586583E-001  7.9501419798E+000  4.0779192445E-004  2.0276957285E+000  2.2457309027E+000  5.5862200549E-004  2.0915593432E+000  2.2178264254E+000  8.3335041488E-004  2.2366759224E+000  2.2833721163E+000  1.8699795042E-003  2.3274108470E+000  2.4128857246E+000  1.9452405751E-003  2.4494197550E+000  2.5055752308E+000  2.0471189514E-003  2.2916368203E+000  2.4024945776E+000  1.6964110777E-003  3.5301525043E-004
   1  -156   0    0  5.5138112830E-001  7.9494067987E+000  4.0816980442E-004  2.0274757828E+000  2.2453027442E+000  5.5931035544E-004  2.0912975786E+000  2.2174063675E+000  8.3375524490E-004  2.2364732139E+000  2.2830230024E+000  1.8703230651E-003  2.3273213567E+000  2.4127076018E+000  1.9453104901E-003  2.4493376684E+000  2.5054941643E+000  2.0470307309E-003  2.2915479834E+000  2.4023023247E+000  1.6966255582E-003  3.5300286727E-004
   1  -157   0    0  5.5172048026E-001  7.9491308079E+000  4.0831183509E-004  2.0273933966E+000  2.2451422326E+000  5.5956896454E-004  2.0911994633E+000  2.2172488598E+000  8.3390733541E-004  2.2363971867E+000  2.2828920366E+000  1.8704521218E-003  2.3272876038E+000  2.4126405343E+000  1.9453367489E-003  2.4493067679E+000  2.5054636472E+000  2.0469975880E-003  2.2915144949E+000  2.4022299727E+000  1.6967061138E-003  3.5299821032E-004
   1  -158   0    0  5.5189006745E-001  7.9489925892E+000  4.0838304764E-004  2.0273522893E+000  2.2450620122E+000  5.5969860446E-004  2.0911504529E+000  2.2171701128E+000  8.3398357753E-004  2.2363591756E+000  2.2828265143E+000  1.8705168139E-003  2.3272705764E+000  2.4126067879E+000  1.9453499107E-003  2.4492912340E+000  2.5054483053E+000  2.0469809737E-003  2.2914976166E+000  2.4021935954E+000  1.6967464912E-003  3.5299587177E-004
   1  -159   0    0  5.5191190307E-001  7.9489774758E+000  4.0839024993E-004  2.0273463586E+000  2.2450517426E+000  5.5971171510E-004  2.0911439013E+000  2.2171602969E+000  8.3399128797E-004  2.2363544004E+000  2.2828187561E+000  1.8705233562E-003  2.3272698550E+000  2.4126045667E+000  1.9453512417E-003  2.4492900500E+000  2.5054471434E+000  2.0469792935E-003  2.2914967519E+000  2.4021909423E+000  1.6967505744E-003  3.5299567376E-004
   1  -160   0    0  5.5193527399E-001  7.9489586065E+000  4.0839993374E-004  2.0273406506E+000  2.2450406913E+000  5.5972934269E-004  2.0911371308E+000  2.2171494663E+000  8.3400165486E-004  2.2363491697E+000  2.2828097717E+000  1.8705321524E-003  2.3272676066E+000  2.4126000579E+000  1.9453530312E-003  2.4492879636E+000  2.5054450832E+000  2.0469770344E-003  2.2914945132E+000  2.4021860646E+000  1.6967560644E-003  3.5299535835E-004
   1  -161   0    0  5.5193827992E-001  7.9489565173E+000  4.0840093162E-004  2.0273398362E+000  2.2450392774E+000  5.5973115914E-004  2.0911362296E+000  2.2171481140E+000  8.3400272312E-004  2.2363485119E+000  2.2828087015E+000  1.8705330588E-003  2.3272675025E+000  2.4125997452E+000  1.9453532156E-003  2.4492877980E+000  2.5054449206E+000  2.0469768016E-003  2.2914943899E+000  2.4021856928E+000  1.6967566301E-003  3.5299533076E-004
   1  -162   0    0  5.5193988671E-001  7.9489552114E+000  4.0840160373E-004  2.0273394459E+000  2.2450385174E+000  5.5973238257E-004  2.0911357649E+000  2.2171473683E+000  8.3400344263E-004  2.2363481519E+000  2.2828080816E+000  1.8705336693E-003  2.3272673432E+000  2.4125994284E+000  1.9453533398E-003  2.4492876519E+000  2.5054447764E+000  2.0469766448E-003  2.2914942318E+000  2.4021853510E+000  1.6967570111E-003  3.5299530875E-004
   1  -163   0    0  5.5194074141E-001  7.9489546939E+000  4.0840183136E-004  2.0273391961E+000  2.2450381170E+000  5.5973279692E-004  2.0911355018E+000  2.2171469930E+000  8.3400368631E-004  2.2363479683E+000  2.2828077967E+000  1.8705338761E-003  2.3272673556E+000  2.4125994001E+000  1.9453533819E-003  2.4492876281E+000  2.5054447533E+000  2.0469765917E-003  2.2914942341E+000  2.4021853031E+000  1.6967571402E-003  3.5299530384E-004
   1  -164   0    0  5.5194235006E-001  7.9489533921E+000  4.0840250012E-004  2.0273388039E+000  2.2450373563E+000  5.5973401427E-004  2.0911350360E+000  2.2171462472E+000  8.3400440224E-004  2.2363476081E+000  2.2828071775E+000  1.8705344835E-003  2.3272671991E+000  2.4125990874E+000  1.9453535055E-003  2.4492874835E+000  2.5054446106E+000  2.0469764357E-003  2.2914940785E+000  2.4021849651E+000  1.6967575193E-003  3.5299528201E-004
   1  -165   0    0  5.5194406273E-001  7.9489523697E+000  4.0840294549E-004  2.0273383000E+000  2.2450365544E+000  5.5973482497E-004  2.0911345075E+000  2.2171454969E+000  8.3400487902E-004  2.2363472408E+000  2.2828066102E+000  1.8705348881E-003  2.3272672319E+000  2.4125990422E+000  1.9453535878E-003  2.4492874403E+000  2.5054445689E+000  2.0469763318E-003  2.2914940902E+000  2.4021848804E+000  1.6967577718E-003  3.5299527275E-004
   1  -166   0    0  5.5194722008E-001  7.9489496014E+000  4.0840441441E-004  2.0273375809E+000  2.2450350566E+000  5.5973749883E-004  2.0911336125E+000  2.2171440073E+000  8.3400645153E-004  2.2363465244E+000  2.2828053410E+000  1.8705362223E-003  2.3272668081E+000  2.4125982597E+000  1.9453538592E-003  2.4492870918E+000  2.5054442242E+000  2.0469759891E-003  2.2914936809E+000  2.4021840557E+000  1.6967586045E-003  3.5299522172E-004
   1  -167   0    0  5.5194809026E-001  7.9489489963E+000  4.0840470354E-004  2.0273373452E+000  2.2450346472E+000  5.5973802513E-004  2.0911333517E+000  2.2171436158E+000  8.3400676105E-004  2.2363463340E+000  2.2828050311E+000  1.8705364850E-003  2.3272667778E+000  2.4125981689E+000  1.9453539127E-003  2.4492870437E+000  2.5054441770E+000  2.0469759217E-003  2.2914936451E+000  2.4021839478E+000  1.6967587684E-003  3.5299521372E-004
   1  -168   0    0  5.5194907163E-001  7.9489487190E+000  4.0840473246E-004  2.0273369832E+000  2.2450341946E+000  5.5973807777E-004  2.0911330211E+000  2.2171432231E+000  8.3400679201E-004  2.2363461372E+000  2.2828047841E+000  1.8705365112E-003  2.3272669657E+000  2.4125983873E+000  1.9453539180E-003  2.4492871128E+000  2.5054442467E+000  2.0469759149E-003  2.2914938022E+000  2.4021841328E+000  1.6967587848E-003  3.5299522026E-004
   1  -169   0    0  5.5195076921E-001  7.9489471375E+000  4.0840559053E-004  2.0273366187E+000  2.2450333872E+000  5.5973963970E-004  2.0911325482E+000  2.2171424110E+000  8.3400771059E-004  2.2363457479E+000  2.2828040782E+000  1.8705372906E-003  2.3272666868E+000  2.4125978929E+000  1.9453540766E-003  2.4492868971E+000  2.5054440331E+000  2.0469757148E-003  2.2914935368E+000  2.4021836189E+000  1.6967592713E-003  3.5299518925E-004
   1  -170   0    0  5.5195110152E-001  7.9489470814E+000  4.0840557264E-004  2.0273364871E+000  2.2450332347E+000  5.5973960713E-004  2.0911324329E+000  2.2171422825E+000  8.3400769143E-004  2.2363456830E+000  2.2828040040E+000  1.8705372744E-003  2.3272667711E+000  2.4125979967E+000  1.9453540733E-003  2.4492869320E+000  2.5054440681E+000  2.0469757189E-003  2.2914936084E+000  2.4021837101E+000  1.6967592611E-003  3.5299519292E-004
   1  -171   0    0  5.5195169660E-001  7.9489466772E+000  4.0840576330E-004  2.0273363236E+000  2.2450329550E+000  5.5973995419E-004  2.0911322537E+000  2.2171420160E+000  8.3400789554E-004  2.2363455532E+000  2.2828037945E+000  1.8705374476E-003  2.3272667557E+000  2.4125979422E+000  1.9453541085E-003  2.4492869020E+000  2.5054440388E+000  2.0469756745E-003  2.2914935886E+000  2.4021836436E+000  1.6967593692E-003  3.5299518782E-004
   1  -172   0    0  5.5195235490E-001  7.9489459653E+000  4.0840616837E-004  2.0273362057E+000  2.2450326397E+000  5.5974069154E-004  2.0911320792E+000  2.2171416892E+000  8.3400832918E-004  2.2363453978E+000  2.2828034959E+000  1.8705378155E-003  2.3272665935E+000  2.4125976724E+000  1.9453541834E-003  2.4492867884E+000  2.5054439260E+000  2.0469755800E-003  2.2914934376E+000  2.4021833697E+000  1.6967595989E-003  3.5299517200E-004
   1  -173   0    0  5.5195266574E-001  7.9489459387E+000  4.0840613265E-004  2.0273360765E+000  2.2450324977E+000  5.5974062651E-004  2.0911319690E+000  2.2171415721E+000  8.3400829094E-004  2.2363453382E+000  2.2828034331E+000  1.8705377831E-003  2.3272666865E+000  2.4125977900E+000  1.9453541768E-003  2.4492868289E+000  2.5054439667E+000  2.0469755883E-003  2.2914935172E+000  2.4021834746E+000  1.6967595786E-003  3.5299517643E-004
   1   174  -9    2  5.5195266574E-001  7.9489459387E+000  4.0840613265E-004  2.0273360765E+000  2.2450324977E+000  5.5974062651E-004  2.0911319690E+000  2.2171415721E+000  8.3400829094E-004  2.2363453382E+000  2.2828034331E+000  1.8705377831E-003  2.3272666865E+000  2.4125977900E+000  1.9453541768E-003  2.4492868289E+000  2.5054439667E+000  2.0469755883E-003  2.2914935172E+000  2.4021834746E+000  1.6967595786E-003  3.5299517643E-004
