         
   1    -1   9    1 -1.0000000000E+000  8.3841462850E+000  1.8956903659E-004  2.0543768406E+000  2.4744286537E+000  5.2398805565E-005  2.1495008469E+000  2.4487226009E+000  5.3150817985E-004  2.3051161766E+000  2.4837121964E+000  1.5897257254E-003  2.4391214848E+000  2.5472338200E+000  1.8818364479E-003  2.5439743996E+000  2.5979747772E+000  2.1184016950E-003  2.3908474445E+000  2.5448982716E+000  1.5068423236E-003  3.6224155338E-004
   1    -2   0    0 -9.8022543365E-001  8.3835959419E+000  1.9047073421E-004  2.0560183899E+000  2.4746490899E+000  5.5152735550E-005  2.1506498574E+000  2.4488048288E+000  5.3318308762E-004  2.3058204480E+000  2.4836301311E+000  1.5914530787E-003  2.4380639678E+000  2.5466070964E+000  1.8822813651E-003  2.5430007498E+000  2.5970334084E+000  2.1179362265E-003  2.3900362321E+000  2.5442738219E+000  1.5081052332E-003  3.6219592530E-004
   1    -3   0    0 -9.7034198789E-001  8.3833160234E+000  1.9093116473E-004  2.0568511857E+000  2.4747613247E+000  5.6555766983E-005  2.1512358996E+000  2.4488471080E+000  5.3403637623E-004  2.3061773794E+000  2.4835886282E+000  1.5923325284E-003  2.4375261263E+000  2.5462883021E+000  1.8825075712E-003  2.5425055996E+000  2.5965546803E+000  2.1176992326E-003  2.3896228842E+000  2.5439561731E+000  1.5087474633E-003  3.6217272316E-004
   1    -4   0    0 -9.6046110064E-001  8.3830329955E+000  1.9139797203E-004  2.0576917763E+000  2.4748749082E+000  5.7976038964E-005  2.1518296340E+000  2.4488902060E+000  5.3490013779E-004  2.3065373812E+000  2.4835468469E+000  1.5932223698E-003  2.4369822992E+000  2.5459659635E+000  1.8827362255E-003  2.5420049899E+000  2.5960706700E+000  2.1174594134E-003  2.3892043669E+000  2.5436349551E+000  1.5093967593E-003  3.6214926672E-004
   1    -5   0    0 -9.5058277267E-001  8.3827468838E+000  1.9187114334E-004  2.0585400143E+000  2.4749898280E+000  5.9413430944E-005  2.1524310486E+000  2.4489341295E+000  5.3577429879E-004  2.3069003793E+000  2.4835047953E+000  1.5941225141E-003  2.4364325402E+000  2.5456401145E+000  1.8829672970E-003  2.5414989766E+000  2.5955814314E+000  2.1172167921E-003  2.3887807030E+000  2.5433102005E+000  1.5100530377E-003  3.6212555858E-004
   1    -6   0    0 -9.4070700184E-001  8.3824577163E+000  1.9235066147E-004  2.0593957447E+000  2.4751060701E+000  6.0867808706E-005  2.1530401270E+000  2.4489788848E+000  5.3665877741E-004  2.3072662959E+000  2.4834624818E+000  1.5950328634E-003  2.4358769076E+000  2.5453107918E+000  1.8832007524E-003  2.5409876199E+000  2.5950870226E+000  2.1169713942E-003  2.3883519188E+000  2.5429819447E+000  1.5107162086E-003  3.6210160156E-004
   1    -7   0    0 -9.3083378303E-001  8.3821655230E+000  1.9283650475E-004  2.0602588051E+000  2.4752236196E+000  6.2339024244E-005  2.1536568481E+000  2.4490244776E+000  5.3755348349E-004  2.3076350499E+000  2.4834199150E+000  1.5959533118E-003  2.4353154643E+000  2.5449780351E+000  1.8834365564E-003  2.5404709842E+000  2.5945875058E+000  2.1167232475E-003  2.3879180443E+000  2.5426502259E+000  1.5113861760E-003  3.6207739865E-004
   1    -8   0    0 -9.2096310808E-001  8.3818703362E+000  1.9332864696E-004  2.0611290256E+000  2.4753424604E+000  6.3826915668E-005  2.1542811865E+000  2.4490709133E+000  5.3845831842E-004  2.3080065571E+000  2.4833771038E+000  1.5968837445E-003  2.4347482774E+000  2.5446418865E+000  1.8836746715E-003  2.5399491384E+000  2.5940829474E+000  2.1164723823E-003  2.3874791127E+000  2.5423150850E+000  1.5120628376E-003  3.6205295307E-004
   1    -9   0    0 -9.1109496572E-001  8.3815721903E+000  1.9382705723E-004  2.0620062292E+000  2.4754625748E+000  6.5331307139E-005  2.1549131118E+000  2.4491181967E+000  5.3937317513E-004  2.3083807301E+000  2.4833340570E+000  1.5978240382E-003  2.4341754185E+000  2.5443023911E+000  1.8839150579E-003  2.5394221557E+000  2.5935734181E+000  2.1162188309E-003  2.3870351609E+000  2.5419765656E+000  1.5127460849E-003  3.6202826823E-004
   1   -10   0    0 -9.0122934148E-001  8.3812711220E+000  1.9433170004E-004  2.0628902318E+000  2.4755839444E+000  6.6852008825E-005  2.1555525891E+000  2.4491663323E+000  5.4029793808E-004  2.3087574783E+000  2.4832907839E+000  1.5987740611E-003  2.4335969636E+000  2.5439595966E+000  1.8841576736E-003  2.5388901136E+000  2.5930589927E+000  2.1159626282E-003  2.3865862294E+000  2.5416347140E+000  1.5134358036E-003  3.6200334774E-004
   1   -11   0    0 -8.9136621769E-001  8.3809671701E+000  1.9484253510E-004  2.0637808420E+000  2.4757065493E+000  6.8388816901E-005  2.1561995784E+000  2.4492153238E+000  5.4123248320E-004  2.3091367081E+000  2.4832472936E+000  1.5997336727E-003  2.4330129934E+000  2.5436135535E+000  1.8844024746E-003  2.5383530939E+000  2.5925397500E+000  2.1157038113E-003  2.3861323622E+000  2.5412895793E+000  1.5141318728E-003  3.6197819539E-004
   1   -12   0    0 -8.8150557342E-001  8.3806603757E+000  1.9535951735E-004  2.0646778620E+000  2.4758303684E+000  6.9941513557E-005  2.1568540351E+000  2.4492651746E+000  5.4217667798E-004  2.3095183231E+000  2.4832035957E+000  1.6007027241E-003  2.4324235927E+000  2.5432643150E+000  1.8846494148E-003  2.5378111827E+000  2.5920157733E+000  2.1154424197E-003  2.3856736069E+000  2.5409412134E+000  1.5148341661E-003  3.6195281519E-004
   1   -13   0    0 -8.7164738443E-001  8.3803507820E+000  1.9588259691E-004  2.0655810869E+000  2.4759553795E+000  7.1509867057E-005  2.1575159094E+000  2.4493158874E+000  5.4313038144E-004  2.3099022239E+000  2.4831596998E+000  1.6016810580E-003  2.4318288509E+000  2.5429119370E+000  1.8848984459E-003  2.5372644702E+000  2.5914871496E+000  2.1151784951E-003  2.3852100148E+000  2.5405896708E+000  1.5155425507E-003  3.6192721133E-004
   1   -14   0    0 -8.6179162318E-001  8.3800384343E+000  1.9641171906E-004  2.0664903057E+000  2.4760815594E+000  7.3093631815E-005  2.1581851466E+000  2.4493674645E+000  5.4409344420E-004  2.3102883085E+000  2.4831156155E+000  1.6026685085E-003  2.4312288616E+000  2.5425564781E+000  1.8851495178E-003  2.5367130508E+000  2.5909539701E+000  2.1149120814E-003  2.3847416409E+000  2.5402350087E+000  1.5162568884E-003  3.6190138820E-004
   1   -15   0    0 -8.5193825876E-001  8.3797233804E+000  1.9694682421E-004  2.0674053010E+000  2.4762088834E+000  7.4692548509E-005  2.1588616867E+000  2.4494199075E+000  5.4506570855E-004  2.3106764721E+000  2.4830713527E+000  1.6036649016E-003  2.4306237228E+000  2.5421979994E+000  1.8854025780E-003  2.5361570232E+000  2.5904163300E+000  2.1146432250E-003  2.3842685437E+000  2.5398772870E+000  1.5169770349E-003  3.6187535038E-004
   1   -16   0    0 -8.4208725696E-001  8.3794056699E+000  1.9748784792E-004  2.0683258495E+000  2.4763373259E+000  7.6306344225E-005  2.1595454650E+000  2.4494732174E+000  5.4604700855E-004  2.3110666077E+000  2.4830269215E+000  1.6046700551E-003  2.4300135367E+000  2.5418365648E+000  1.8856575723E-003  2.5355964899E+000  2.5898743284E+000  2.1143719744E-003  2.3837907854E+000  2.5395165680E+000  1.5177028405E-003  3.6184910263E-004
   1   -17   0    0 -8.3223858019E-001  8.3790853548E+000  1.9803472088E-004  2.0692517220E+000  2.4764668602E+000  7.7934732631E-005  2.1602364111E+000  2.4495273946E+000  5.4703717012E-004  2.3114586058E+000  2.4829823319E+000  1.6056837787E-003  2.4293984098E+000  2.5414722406E+000  1.8859144447E-003  2.5350315577E+000  2.5893280682E+000  2.1140983802E-003  2.3833084318E+000  2.5391529170E+000  1.5184341499E-003  3.6182264991E-004
   1   -18   0    0 -8.2239218757E-001  8.3787624890E+000  1.9858736895E-004  2.0701826838E+000  2.4765974584E+000  7.9577414182E-005  2.1609344498E+000  2.4495824390E+000  5.4803601115E-004  2.3118523547E+000  2.4829375942E+000  1.6067058743E-003  2.4287784528E+000  2.5411050956E+000  1.8861731372E-003  2.5344623369E+000  2.5887776562E+000  2.1138224952E-003  2.3828215522E+000  2.5387864014E+000  1.5191708027E-003  3.6179599733E-004
   1   -19   0    0 -8.1254803490E-001  8.3784371287E+000  1.9914571314E-004  2.0711184952E+000  2.4767290919E+000  8.1234076361E-005  2.1616395005E+000  2.4496383496E+000  5.4904334168E-004  2.3122477405E+000  2.4828927186E+000  1.6077361362E-003  2.4281537803E+000  2.5407352012E+000  1.8864335899E-003  2.5338889418E+000  2.5882232028E+000  2.1135443744E-003  2.3823302196E+000  2.5384170913E+000  1.5199126330E-003  3.6176915019E-004
   1   -20   0    0 -8.0270607470E-001  8.3781093321E+000  1.9970966972E-004  2.0720589115E+000  2.4768617308E+000  8.2904393945E-005  2.1623514772E+000  2.4496951251E+000  5.5005896407E-004  2.3126446477E+000  2.4828477157E+000  1.6087743509E-003  2.4275245111E+000  2.5403626312E+000  1.8866957414E-003  2.5333114905E+000  2.5876648219E+000  2.1132640748E-003  2.3818345106E+000  2.5380450591E+000  1.5206594702E-003  3.6174211399E-004
   1   -21   0    0 -7.9286625626E-001  8.3777791594E+000  2.0027915016E-004  2.0730036832E+000  2.4769953442E+000  8.4588029307E-005  2.1630702887E+000  2.4497527633E+000  5.5108267312E-004  2.3130429588E+000  2.4828025960E+000  1.6098202980E-003  2.4268907676E+000  2.5399874615E+000  1.8869595285E-003  2.5327301046E+000  2.5871026309E+000  2.1129816553E-003  2.3813345052E+000  2.5376703799E+000  1.5214111389E-003  3.6171489435E-004
   1   -22   0    0 -7.8302852572E-001  8.3774466730E+000  2.0085406131E-004  2.0739525568E+000  2.4771299005E+000  8.6284632738E-005  2.1637958385E+000  2.4498112614E+000  5.5211425633E-004  2.3134425549E+000  2.4827573700E+000  1.6108737498E-003  2.4262526764E+000  2.5396097705E+000  1.8872248866E-003  2.5321449090E+000  2.5865367508E+000  2.1126971768E-003  2.3808302869E+000  2.5372931306E+000  1.5221674588E-003  3.6168749707E-004
   1   -23   0    0 -7.7319282607E-001  8.3771119369E+000  2.0143430535E-004  2.0749052746E+000  2.4772653673E+000  8.7993842811E-005  2.1645280248E+000  2.4498706159E+000  5.5315349411E-004  2.3138433157E+000  2.4827120485E+000  1.6119344717E-003  2.4256103676E+000  2.5392296388E+000  1.8874917493E-003  2.5315560324E+000  2.5859673055E+000  2.1124107021E-003  2.3803219426E+000  2.5369133908E+000  1.5229282457E-003  3.6165992813E-004
   1   -24   0    0 -7.6335909727E-001  8.3767750175E+000  2.0201977994E-004  2.0758615756E+000  2.4774017110E+000  8.9715286761E-005  2.1652667404E+000  2.4499308228E+000  5.5420015998E-004  2.3142451195E+000  2.4826666424E+000  1.6130022229E-003  2.4249639749E+000  2.5388471489E+000  1.8877600492E-003  2.5309636063E+000  2.5853944223E+000  2.1121222959E-003  2.3798095626E+000  2.5365312419E+000  1.5236933109E-003  3.6163219362E-004
   1   -25   0    0 -7.5352727630E-001  8.3764359828E+000  2.0261037831E-004  2.0768211954E+000  2.4775388976E+000  9.1448580899E-005  2.1660118727E+000  2.4499918772E+000  5.5525402085E-004  2.3146478437E+000  2.4826211625E+000  1.6140767559E-003  2.4243136357E+000  2.5384623857E+000  1.8880297171E-003  2.5303677654E+000  2.5848182315E+000  2.1118320243E-003  2.3792932407E+000  2.5361467677E+000  1.5244624619E-003  3.6160429979E-004
   1   -26   0    0 -7.4369729726E-001  8.3760949029E+000  2.0320598928E-004  2.0777838665E+000  2.4776768923E+000  9.3193331045E-005  2.1667633038E+000  2.4500537736E+000  5.5631483727E-004  2.3150513650E+000  2.4825756197E+000  1.6151578175E-003  2.4236594906E+000  2.5380754357E+000  1.8883006829E-003  2.5297686476E+000  2.5842388660E+000  2.1115399553E-003  2.3787730736E+000  2.5357600537E+000  1.5252355026E-003  3.6157625305E-004
   1   -27   0    0 -7.3386909148E-001  8.3757518495E+000  2.0380649746E-004  2.0787493193E+000  2.4778156595E+000  9.4949132988E-005  2.1675209105E+000  2.4501165059E+000  5.5738236372E-004  2.3154555591E+000  2.4825300253E+000  1.6162451489E-003  2.4230016837E+000  2.5376863875E+000  1.8885728752E-003  2.5291663934E+000  2.5836564616E+000  2.1112461585E-003  2.3782491616E+000  2.5353711875E+000  1.5260122332E-003  3.6154805990E-004
   1   -28   0    0 -7.2404258760E-001  8.3754068963E+000  2.0441178331E-004  2.0797172817E+000  2.4779551632E+000  9.6715572967E-005  2.1682845644E+000  2.4501800673E+000  5.5845634889E-004  2.3158603015E+000  2.4824843902E+000  1.6173384856E-003  2.4223403619E+000  2.5372953315E+000  1.8888462217E-003  2.5285611458E+000  2.5830711568E+000  2.1109507049E-003  2.3777216078E+000  2.5349802586E+000  1.5267924512E-003  3.6151972700E-004
   1   -29   0    0 -7.1421771167E-001  8.3750601185E+000  2.0502172326E-004  2.0806874800E+000  2.4780953668E+000  9.8492228176E-005  2.1690541317E+000  2.4502444501E+000  5.5953653601E-004  2.3162654674E+000  2.4824387258E+000  1.6184375584E-003  2.4216756756E+000  2.5369023596E+000  1.8891206488E-003  2.5279530507E+000  2.5824830923E+000  2.1106536668E-003  2.3771905186E+000  2.5345873580E+000  1.5275759508E-003  3.6149126112E-004
   1   -30   0    0 -7.0439438733E-001  8.3747115932E+000  2.0563618988E-004  2.0816596393E+000  2.4782362332E+000  1.0027866728E-004  2.1698294732E+000  2.4503096463E+000  5.6062266311E-004  2.3166709318E+000  2.4823930434E+000  1.6195420932E-003  2.4210077776E+000  2.5365075656E+000  1.8893960825E-003  2.5273422561E+000  2.5818924112E+000  2.1103551179E-003  2.3766560031E+000  2.5341925787E+000  1.5283625237E-003  3.6146266912E-004
   1   -31   0    0 -6.9457253587E-001  8.3743613991E+000  2.0625505197E-004  2.0826334833E+000  2.4783777248E+000  1.0207445094E-004  2.1706104449E+000  2.4503756469E+000  5.6171446342E-004  2.3170765701E+000  2.4823473544E+000  1.6206518117E-003  2.4203368238E+000  2.5361110444E+000  1.8896724477E-003  2.5267289121E+000  2.5812992587E+000  2.1100551332E-003  2.3761181737E+000  2.5337960149E+000  1.5291519595E-003  3.6143395799E-004
   1   -32   0    0 -6.8475207639E-001  8.3740096162E+000  2.0687817475E-004  2.0836087355E+000  2.4785198038E+000  1.0387913238E-004  2.1713968973E+000  2.4504424425E+000  5.6281166564E-004  2.3174822576E+000  2.4823016702E+000  1.6217664315E-003  2.4196629726E+000  2.5357128927E+000  1.8899496687E-003  2.5261131709E+000  2.5807037818E+000  2.1097537887E-003  2.3755771452E+000  2.5333977624E+000  1.5299440452E-003  3.6140513480E-004
   1   -33   0    0 -6.7493292593E-001  8.3736563265E+000  2.0750541999E-004  2.0845851190E+000  2.4786624321E+000  1.0569225795E-004  2.1721886758E+000  2.4505100228E+000  5.6391399430E-004  2.3178878706E+000  2.4822560025E+000  1.6228856666E-003  2.4189863848E+000  2.5353132082E+000  1.8902276693E-003  2.5254951868E+000  2.5801061294E+000  2.1094511614E-003  2.3750330354E+000  2.5329979184E+000  1.5307385666E-003  3.6137620672E-004
   1   -34   0    0 -6.6511499964E-001  8.3733016132E+000  2.0813664616E-004  2.0855623570E+000  2.4788055713E+000  1.0751336767E-004  2.1729856209E+000  2.4505783770E+000  5.6502117013E-004  2.3182932856E+000  2.4822103629E+000  1.6240092279E-003  2.4183072236E+000  2.5349120900E+000  1.8905063728E-003  2.5248751152E+000  2.5795064522E+000  2.1091473292E-003  2.3744859645E+000  2.5325965813E+000  1.5315353076E-003  3.6134718099E-004
   1   -35   0    0 -6.5529821086E-001  8.3729455607E+000  2.0877170862E-004  2.0865401732E+000  2.4789491830E+000  1.0934199584E-004  2.1737875680E+000  2.4506474936E+000  5.6613291038E-004  2.3186983804E+000  2.4821647632E+000  1.6251368231E-003  2.4176256544E+000  2.5345096382E+000  1.8907857021E-003  2.5242531136E+000  2.5789049021E+000  2.1088423710E-003  2.3739360553E+000  2.5321938508E+000  1.5323340510E-003  3.6131806492E-004
   1   -36   0    0 -6.4548247135E-001  8.3725882552E+000  2.0941045975E-004  2.0875182925E+000  2.4790932285E+000  1.1117767159E-004  2.1745943476E+000  2.4507173605E+000  5.6724892918E-004  2.3191030337E+000  2.4821192152E+000  1.6262681576E-003  2.4169418446E+000  2.5341059538E+000  1.8910655800E-003  2.5236293404E+000  2.5783016323E+000  2.1085363663E-003  2.3733834332E+000  2.5317898273E+000  1.5331345787E-003  3.6128886590E-004
   1   -37   0    0 -6.3566769138E-001  8.3722297838E+000  2.1005274917E-004  2.0884964409E+000  2.4792376693E+000  1.1301991950E-004  2.1754057854E+000  2.4507879650E+000  5.6836893790E-004  2.3195071255E+000  2.4820737309E+000  1.6274029345E-003  2.4162559633E+000  2.5337011388E+000  1.8913459289E-003  2.5230039554E+000  2.5776967973E+000  2.1082293952E-003  2.3728282256E+000  2.5313846125E+000  1.5339366719E-003  3.6125959136E-004
   1   -38   0    0 -6.2585377993E-001  8.3718702351E+000  2.1069842387E-004  2.0894743458E+000  2.4793824667E+000  1.1486826016E-004  2.1762217023E+000  2.4508592937E+000  5.6949264552E-004  2.3199105371E+000  2.4820283224E+000  1.6285408553E-003  2.4155681816E+000  2.5332952960E+000  1.8916266713E-003  2.5223771192E+000  2.5770905524E+000  2.1079215383E-003  2.3722705625E+000  2.5309783088E+000  1.5347401113E-003  3.6123024881E-004
   1   -39   0    0 -6.1604064481E-001  8.3715096987E+000  2.1134732841E-004  2.0904517369E+000  2.4795275824E+000  1.1672221077E-004  2.1770419146E+000  2.4509313327E+000  5.7061975895E-004  2.3203131517E+000  2.4819830018E+000  1.6296816199E-003  2.4148786720E+000  2.5328885288E+000  1.8919077298E-003  2.5217489933E+000  2.5764830538E+000  2.1076128768E-003  2.3717105756E+000  2.5305710194E+000  1.5355446777E-003  3.6120084576E-004
   1   -40   0    0 -6.0622819285E-001  8.3711482651E+000  2.1199930510E-004  2.0914283462E+000  2.4796729780E+000  1.1858128572E-004  2.1778662339E+000  2.4510040674E+000  5.7174998340E-004  2.3207148540E+000  2.4819377813E+000  1.6308249270E-003  2.4141876084E+000  2.5324809412E+000  1.8921890270E-003  2.5211197399E+000  2.5758744582E+000  2.1073034920E-003  2.3711483990E+000  2.5301628479E+000  1.5363501519E-003  3.6117138979E-004
   1   -41   0    0 -5.9641633004E-001  8.3707860263E+000  2.1265419416E-004  2.0924039080E+000  2.4798186154E+000  1.2044499714E-004  2.1786944674E+000  2.4510774827E+000  5.7288302274E-004  2.3211155307E+000  2.4818926733E+000  1.6319704750E-003  2.4134951660E+000  2.5320726376E+000  1.8924704856E-003  2.5204895216E+000  2.5752649229E+000  2.1069934656E-003  2.3705841683E+000  2.5297538987E+000  1.5371563151E-003  3.6114188849E-004
   1   -42   0    0 -5.8660496169E-001  8.3704230748E+000  2.1331183392E-004  2.0933781598E+000  2.4799644569E+000  1.2231285549E-004  2.1795264181E+000  2.4511515631E+000  5.7401857983E-004  2.3215150706E+000  2.4818476902E+000  1.6331179615E-003  2.4128015210E+000  2.5316637228E+000  1.8927520290E-003  2.5198585013E+000  2.5746546053E+000  2.1066828794E-003  2.3700180211E+000  2.5293442766E+000  1.5379629493E-003  3.6111234947E-004
   1   -43   0    0 -5.7679399259E-001  8.3700595041E+000  2.1397206100E-004  2.0943508424E+000  2.4801104650E+000  1.2418437012E-004  2.1803618847E+000  2.4512262922E+000  5.7515635685E-004  2.3219133646E+000  2.4818028447E+000  1.6342670844E-003  2.4121068506E+000  2.5312543018E+000  1.8930335806E-003  2.5192268420E+000  2.5740436632E+000  2.1063718152E-003  2.3694500968E+000  2.5289340865E+000  1.5387698373E-003  3.6108278036E-004
   1   -44   0    0 -5.6698332719E-001  8.3696954087E+000  2.1463471047E-004  2.0953216999E+000  2.4802566027E+000  1.2605904979E-004  2.1812006617E+000  2.4513016534E+000  5.7629605563E-004  2.3223103062E+000  2.4817581493E+000  1.6354175416E-003  2.4114113329E+000  2.5308444799E+000  1.8933150644E-003  2.5185947068E+000  2.5734322542E+000  2.1060603548E-003  2.3688805359E+000  2.5285234338E+000  1.5395767630E-003  3.6105318879E-004
   1   -45   0    0 -5.5717286973E-001  8.3693308834E+000  2.1529961603E-004  2.0962904803E+000  2.4804028332E+000  1.2793640322E-004  2.1820425399E+000  2.4513776295E+000  5.7743737799E-004  2.3227057912E+000  2.4817136168E+000  1.6365690318E-003  2.4107151465E+000  2.5304343622E+000  1.8935964052E-003  2.5179622584E+000  2.5728205358E+000  2.1057485799E-003  2.3683094808E+000  2.5281124239E+000  1.5403835119E-003  3.6102358237E-004
   1   -46   0    0 -5.4736252439E-001  8.3689660240E+000  2.1596661021E-004  2.0972569357E+000  2.4805491206E+000  1.2981593959E-004  2.1828873061E+000  2.4514542028E+000  5.7858002603E-004  2.3230997178E+000  2.4816692600E+000  1.6377212547E-003  2.4100184705E+000  2.5300240542E+000  1.8938775280E-003  2.5173296596E+000  2.5722086653E+000  2.1054365718E-003  2.3677370749E+000  2.5277011622E+000  1.5411898707E-003  3.6099396874E-004
   1   -47   0    0 -5.3755219548E-001  8.3686009267E+000  2.1663552450E-004  2.0982208222E+000  2.4806954290E+000  1.3169716906E-004  2.1837347437E+000  2.4515313551E+000  5.7972370244E-004  2.3234919872E+000  2.4816250920E+000  1.6388739111E-003  2.4093214842E+000  2.5296136607E+000  1.8941583590E-003  2.5166970722E+000  2.5715967993E+000  2.1051244118E-003  2.3671634629E+000  2.5272897540E+000  1.5419956284E-003  3.6096435550E-004
   1   -48   0    0 -5.2774178754E-001  8.3682356883E+000  2.1730618956E-004  2.0991819007E+000  2.4808417236E+000  1.3357960321E-004  2.1845846324E+000  2.4516090677E+000  5.8086811080E-004  2.3238825031E+000  2.4815811256E+000  1.6400267033E-003  2.4086243674E+000  2.5292032867E+000  1.8944388248E-003  2.5160646578E+000  2.5709850940E+000  2.1048121806E-003  2.3665887906E+000  2.5268783046E+000  1.5428005755E-003  3.6093475021E-004
   1   -49   0    0 -5.1793120553E-001  8.3678704058E+000  2.1797843534E-004  2.1001399365E+000  2.4809879697E+000  1.3546275554E-004  2.1854367487E+000  2.4516873217E+000  5.8201295585E-004  2.3242711723E+000  2.4815373741E+000  1.6411793355E-003  2.4079272996E+000  2.5287930366E+000  1.8947188530E-003  2.5154325771E+000  2.5703737049E+000  2.1044999585E-003  2.3660132047E+000  2.5264669190E+000  1.5436045050E-003  3.6090516044E-004
   1   -50   0    0 -5.0812035495E-001  8.3675051767E+000  2.1865209128E-004  2.1010947000E+000  2.4811341337E+000  1.3734614190E-004  2.1862908661E+000  2.4517660974E+000  5.8315794372E-004  2.3246579044E+000  2.4814938505E+000  1.6423315138E-003  2.4072304602E+000  2.5283830147E+000  1.8949983721E-003  2.5148009897E+000  2.5697627865E+000  2.1041878253E-003  2.3654368527E+000  2.5260557017E+000  1.5444072123E-003  3.6087559368E-004
   1   -51   0    0 -4.9830914199E-001  8.3671400986E+000  2.1932698644E-004  2.1020459664E+000  2.4812801822E+000  1.3922928091E-004  2.1871467549E+000  2.4518453751E+000  5.8430278228E-004  2.3250426119E+000  2.4814505681E+000  1.6434829468E-003  2.4065340286E+000  2.5279733246E+000  1.8952773116E-003  2.5141700545E+000  2.5691524923E+000  2.1038758603E-003  2.3648598829E+000  2.5256447569E+000  1.5452084950E-003  3.6084605743E-004
   1   -52   0    0 -4.8849747366E-001  8.3667752694E+000  2.2000294966E-004  2.1029935162E+000  2.4814260829E+000  1.4111169435E-004  2.1880041831E+000  2.4519251344E+000  5.8544718127E-004  2.3254252105E+000  2.4814075403E+000  1.6446333455E-003  2.4058381835E+000  2.5275640692E+000  1.8955556020E-003  2.5135399291E+000  2.5685429750E+000  2.1035641420E-003  2.3642824441E+000  2.5252341884E+000  1.5460081537E-003  3.6081655910E-004
   1   -53   0    0 -4.7868525794E-001  8.3664107870E+000  2.2067980971E-004  2.1039371351E+000  2.4815718039E+000  1.4299290754E-004  2.1888629158E+000  2.4520053547E+000  5.8659085261E-004  2.3258056189E+000  2.4813647802E+000  1.6457824235E-003  2.4051431032E+000  2.5271553510E+000  1.8958331747E-003  2.5129107698E+000  2.5679343856E+000  2.1032527483E-003  2.3637046856E+000  2.5248240992E+000  1.5468059916E-003  3.6078710606E-004
   1   -54   0    0 -4.6887240386E-001  8.3660467490E+000  2.2135739541E-004  2.1048766144E+000  2.4817173142E+000  1.4487244971E-004  2.1897227161E+000  2.4520860151E+000  5.8773351059E-004  2.3261837589E+000  2.4813223014E+000  1.6469298977E-003  2.4044489652E+000  2.5267472717E+000  1.8961099624E-003  2.5122827316E+000  2.5673268743E+000  2.1029417562E-003  2.3631267570E+000  2.5244145918E+000  1.5476018150E-003  3.6075770562E-004
   1   -55   0    0 -4.5905882170E-001  8.3656832534E+000  2.2203553579E-004  2.1058117505E+000  2.4818625833E+000  1.4674985435E-004  2.1905833448E+000  2.4521670943E+000  5.8887487205E-004  2.3265595554E+000  2.4812801170E+000  1.6480754878E-003  2.4037559461E+000  2.5263399321E+000  1.8963858990E-003  2.5116559679E+000  2.5667205894E+000  2.1026312420E-003  2.3625488082E+000  2.5240057677E+000  1.5483954332E-003  3.6072836503E-004
   1   -56   0    0 -4.4924442305E-001  8.3653203974E+000  2.2271406020E-004  2.1067423457E+000  2.4820075818E+000  1.4862465948E-004  2.1914445610E+000  2.4522485706E+000  5.9001465661E-004  2.3269329366E+000  2.4812382406E+000  1.6492189172E-003  2.4030642217E+000  2.5259334321E+000  1.8966609194E-003  2.5110306307E+000  2.5661156779E+000  2.1023212810E-003  2.3619709891E+000  2.5235977280E+000  1.5491866587E-003  3.6069909148E-004
   1   -57   0    0 -4.3942912093E-001  8.3649582784E+000  2.2339279845E-004  2.1076682077E+000  2.4821522807E+000  1.5049640798E-004  2.1923061221E+000  2.4523304221E+000  5.9115258682E-004  2.3273038337E+000  2.4811966854E+000  1.6503599123E-003  2.4023739664E+000  2.5255278707E+000  1.8969349598E-003  2.5104068701E+000  2.5655122852E+000  2.1020119478E-003  2.3613934496E+000  2.5231905724E+000  1.5499753072E-003  3.6066989205E-004
   1   -58   0    0 -4.2961282994E-001  8.3645969932E+000  2.2407158091E-004  2.1085891502E+000  2.4822966519E+000  1.5236464785E-004  2.1931677843E+000  2.4524126267E+000  5.9228838834E-004  2.3276721809E+000  2.4811554647E+000  1.6514982035E-003  2.4016853537E+000  2.5251233461E+000  1.8972079578E-003  2.5097848345E+000  2.5649105549E+000  2.1017033159E-003  2.3608163393E+000  2.5227844001E+000  1.5507611979E-003  3.6064077379E-004
   1   -59   0    0 -4.1979546632E-001  8.3642366379E+000  2.2475023863E-004  2.1095049922E+000  2.4824406681E+000  1.5422893247E-004  2.1940293026E+000  2.4524951619E+000  5.9342179010E-004  2.3280379159E+000  2.4811145918E+000  1.6526335248E-003  2.4009985554E+000  2.5247199550E+000  1.8974798520E-003  2.5091646704E+000  2.5643106287E+000  2.1013954578E-003  2.3602398079E+000  2.5223793089E+000  1.5515441532E-003  3.6061174362E-004
   1   -60   0    0 -4.0997694811E-001  8.3638773084E+000  2.2542860348E-004  2.1104155587E+000  2.4825843025E+000  1.5608882084E-004  2.1948904310E+000  2.4525780051E+000  5.9455252440E-004  2.3284009790E+000  2.4810740798E+000  1.6537656143E-003  2.4003137418E+000  2.5243177931E+000  1.8977505824E-003  2.5085465223E+000  2.5637126464E+000  2.1010884450E-003  2.3596640042E+000  2.5219753957E+000  1.5523239993E-003  3.6058280841E-004
   1   -61   0    0 -4.0015719516E-001  8.3635190996E+000  2.2610650820E-004  2.1113206802E+000  2.4827275292E+000  1.5794387780E-004  2.1957509233E+000  2.4526611333E+000  5.9568032712E-004  2.3287613141E+000  2.4810339418E+000  1.6548942139E-003  2.3996310817E+000  2.5239169551E+000  1.8980200905E-003  2.5079305327E+000  2.5631167461E+000  2.1007823479E-003  2.3590890768E+000  2.5215727563E+000  1.5531005657E-003  3.6055397491E-004
   1   -62   0    0 -3.9033612931E-001  8.3631621059E+000  2.2678378653E-004  2.1122201931E+000  2.4828703231E+000  1.5979367422E-004  2.1966105326E+000  2.4527445235E+000  5.9680493775E-004  2.3291188676E+000  2.4809941907E+000  1.6560190697E-003  2.3989507419E+000  2.5235175342E+000  1.8982883189E-003  2.5073168419E+000  2.5625230636E+000  2.1004772358E-003  2.3585151736E+000  2.5211714851E+000  1.5538736857E-003  3.6052524978E-004
   1   -63   0    0 -3.8051367444E-001  8.3628064206E+000  2.2746027332E-004  2.1131139393E+000  2.4830126595E+000  1.6163778720E-004  2.1974690123E+000  2.4528281523E+000  5.9792609959E-004  2.3294735891E+000  2.4809548393E+000  1.6571399319E-003  2.3982728875E+000  2.5231196223E+000  1.8985552117E-003  2.5067055881E+000  2.5619317324E+000  2.1001731769E-003  2.3579424416E+000  2.5207716752E+000  1.5546431962E-003  3.6049663959E-004
   1   -64   0    0 -3.7068975654E-001  8.3624521361E+000  2.2813580459E-004  2.1140017665E+000  2.4831545148E+000  1.6347580023E-004  2.1983261158E+000  2.4529119964E+000  5.9904355979E-004  2.3298254312E+000  2.4809159001E+000  1.6582565553E-003  2.3975976813E+000  2.5227233100E+000  1.8988207142E-003  2.5060969070E+000  2.5613428842E+000  2.0998702384E-003  2.3573710269E+000  2.5203734186E+000  1.5554089378E-003  3.6046815080E-004
   1   -65   0    0 -3.6086430383E-001  8.3620993437E+000  2.2881021764E-004  2.1148835279E+000  2.4832958656E+000  1.6530730338E-004  2.1991815972E+000  2.4529960322E+000  6.0015706948E-004  2.3301743493E+000  2.4808773857E+000  1.6593686989E-003  2.3969252841E+000  2.5223286864E+000  1.8990847732E-003  2.5054909323E+000  2.5607566482E+000  2.0995684860E-003  2.3568010746E+000  2.5199768057E+000  1.5561707548E-003  3.6043978976E-004
   1   -66   0    0 -3.5103724679E-001  8.3617481337E+000  2.2948335113E-004  2.1157590824E+000  2.4834366894E+000  1.6713189340E-004  2.2000352113E+000  2.4530802359E+000  6.0126638385E-004  2.3305203014E+000  2.4808393081E+000  1.6604761260E-003  2.3962558544E+000  2.5219358390E+000  1.8993473369E-003  2.5048877949E+000  2.5601731513E+000  2.0992679846E-003  2.3562327287E+000  2.5195819256E+000  1.5569284953E-003  3.6041156271E-004
   1   -67   0    0 -3.4120851827E-001  8.3613985950E+000  2.3015504513E-004  2.1166282942E+000  2.4835769644E+000  1.6894917391E-004  2.2008867141E+000  2.4531645836E+000  6.0237126225E-004  2.3308632483E+000  2.4808016792E+000  1.6615786047E-003  2.3955895481E+000  2.5215448541E+000  1.8996083547E-003  2.5042876235E+000  2.5595925180E+000  2.0989687976E-003  2.3556661318E+000  2.5191888656E+000  1.5576820112E-003  3.6038347577E-004
   1   -68   0    0 -3.3137805350E-001  8.3610508152E+000  2.3082514129E-004  2.1174910331E+000  2.4837166691E+000  1.7075875549E-004  2.2017358629E+000  2.4532490516E+000  6.0347146822E-004  2.3312031538E+000  2.4807645108E+000  1.6626759075E-003  2.3949265187E+000  2.5211558160E+000  1.8998677776E-003  2.5036905441E+000  2.5590148704E+000  2.0986709872E-003  2.3551014252E+000  2.5187977118E+000  1.5584311581E-003  3.6035553495E-004
   1   -69   0    0 -3.2154579024E-001  8.3607048805E+000  2.3149348280E-004  2.1183471743E+000  2.4838557829E+000  1.7256025583E-004  2.2025824169E+000  2.4533336157E+000  6.0456676963E-004  2.3315399837E+000  2.4807278140E+000  1.6637678117E-003  2.3942669170E+000  2.5207688077E+000  1.9001255579E-003  2.5030966802E+000  2.5584403279E+000  2.0983746145E-003  2.3545387485E+000  2.5184085485E+000  1.5591757954E-003  3.6032774613E-004
   1   -70   0    0 -3.1171166874E-001  8.3603608754E+000  2.3215991455E-004  2.1191965981E+000  2.4839942854E+000  1.7435329982E-004  2.2034261371E+000  2.4534182518E+000  6.0565693869E-004  2.3318737067E+000  2.4806916000E+000  1.6648540991E-003  2.3936108911E+000  2.5203839104E+000  1.9003816492E-003  2.5025061527E+000  2.5578690077E+000  2.0980797393E-003  2.3539782399E+000  2.5180214585E+000  1.5599157866E-003  3.6030011507E-004
   1   -71   0    0 -3.0187563186E-001  8.3600188831E+000  2.3282428320E-004  2.1200391903E+000  2.4841321571E+000  1.7613751967E-004  2.2042667869E+000  2.4535029360E+000  6.0674175205E-004  2.3322042937E+000  2.4806558794E+000  1.6659345563E-003  2.3929585861E+000  2.5200012035E+000  1.9006360066E-003  2.5019190795E+000  2.5573010240E+000  2.0977864201E-003  2.3534200354E+000  2.5176365226E+000  1.5606509986E-003  3.6027264741E-004
   1   -72   0    0 -2.9203762508E-001  8.3596789847E+000  2.3348643721E-004  2.1208748415E+000  2.4842693786E+000  1.7791255503E-004  2.2051041321E+000  2.4535876440E+000  6.0782099087E-004  2.3325317182E+000  2.4806206623E+000  1.6670089747E-003  2.3923101441E+000  2.5196207647E+000  1.9008885866E-003  2.5013355762E+000  2.5567364887E+000  2.0974947141E-003  2.3528642696E+000  2.5172538203E+000  1.5613813024E-003  3.6024534864E-004
   1   -73   0    0 -2.8219759657E-001  8.3593412599E+000  2.3414622694E-004  2.1217034476E+000  2.4844059313E+000  1.7967805305E-004  2.2059379416E+000  2.4536723517E+000  6.0889444084E-004  2.3328559556E+000  2.4805859586E+000  1.6680771506E-003  2.3916657041E+000  2.5192426700E+000  1.9011393470E-003  2.5007557551E+000  2.5561755106E+000  2.0972046771E-003  2.3523110746E+000  2.5168734289E+000  1.5621065727E-003  3.6021822413E-004
   1   -74   0    0 -2.7235549719E-001  8.3590057863E+000  2.3480350473E-004  2.1225249095E+000  2.4845417968E+000  1.8143366853E-004  2.2067679873E+000  2.4537570351E+000  6.0996189228E-004  2.3331769836E+000  2.4805517778E+000  1.6691388849E-003  2.3910254019E+000  2.5188669933E+000  1.9013882470E-003  2.5001797261E+000  2.5556181961E+000  2.0969163639E-003  2.3517605808E+000  2.5164954241E+000  1.5628266883E-003  3.6019127912E-004
   1   -75   0    0 -2.6251128057E-001  8.3586726396E+000  2.3545812498E-004  2.1233391329E+000  2.4846769572E+000  1.8317906398E-004  2.2075940445E+000  2.4538416701E+000  6.1102314018E-004  2.3334947822E+000  2.4805181286E+000  1.6701939838E-003  2.3903893700E+000  2.5184938069E+000  1.9016352473E-003  2.4996075958E+000  2.5550646485E+000  2.0966298278E-003  2.3512129160E+000  2.5161198797E+000  1.5635415314E-003  3.6016451869E-004
   1   -76   0    0 -2.5266490310E-001  8.3583418935E+000  2.3610994417E-004  2.1241460282E+000  2.4848113951E+000  1.8491390972E-004  2.2084158922E+000  2.4539262326E+000  6.1207798427E-004  2.3338093331E+000  2.4804850197E+000  1.6712422581E-003  2.3897577374E+000  2.5181231809E+000  1.9018803098E-003  2.4990394682E+000  2.5545149684E+000  2.0963451206E-003  2.3506682057E+000  2.5157468675E+000  1.5642509884E-003  3.6013794780E-004
   1   -77   0    0 -2.4281632396E-001  8.3580136194E+000  2.3675882102E-004  2.1249455107E+000  2.4849450932E+000  1.8663788399E-004  2.2092333135E+000  2.4540106988E+000  6.1312622904E-004  2.3341206200E+000  2.4804524589E+000  1.6722835237E-003  2.3891306296E+000  2.5177551838E+000  1.9021233978E-003  2.4984754440E+000  2.5539692536E+000  2.0960622930E-003  2.3501265731E+000  2.5153764574E+000  1.5649549494E-003  3.6011157125E-004
   1   -78   0    0 -2.3296550516E-001  8.3576878869E+000  2.3740461649E-004  2.1257375002E+000  2.4850780350E+000  1.8835067303E-004  2.2100460956E+000  2.4540950449E+000  6.1416768387E-004  2.3344286286E+000  2.4804204537E+000  1.6733176016E-003  2.3885081686E+000  2.5173898818E+000  1.9023644763E-003  2.4979156211E+000  2.5534275988E+000  2.0957813942E-003  2.3495881387E+000  2.5150087174E+000  1.5656533082E-003  3.6008539371E-004
   1   -79   0    0 -2.2311241153E-001  8.3573647631E+000  2.3804719388E-004  2.1265219213E+000  2.4852102038E+000  1.9005197119E-004  2.2108540303E+000  2.4541792470E+000  6.1520216302E-004  2.3347333463E+000  2.4803890109E+000  1.6743443178E-003  2.3878904725E+000  2.5170273392E+000  1.9026035111E-003  2.4973600942E+000  2.5528900959E+000  2.0955024722E-003  2.3490530200E+000  2.5146437134E+000  1.5663459628E-003  3.6005941969E-004
   1   -80   0    0 -2.1325701073E-001  8.3570443128E+000  2.3868641893E-004  2.1272987027E+000  2.4853415835E+000  1.9174148100E-004  2.2116569139E+000  2.4542632818E+000  6.1622948570E-004  2.3350347620E+000  2.4803581368E+000  1.6753635032E-003  2.3872776558E+000  2.5166676181E+000  1.9028404699E-003  2.4968089550E+000  2.5523568335E+000  2.0952255734E-003  2.3485213323E+000  2.5142815092E+000  1.5670328147E-003  3.6003365354E-004
   1   -81   0    0 -2.0339927326E-001  8.3567265986E+000  2.3932215984E-004  2.1280677778E+000  2.4854721584E+000  1.9341891329E-004  2.2124545479E+000  2.4543471258E+000  6.1724947616E-004  2.3353328664E+000  2.4803278373E+000  1.6763749943E-003  2.3866698290E+000  2.5163107789E+000  1.9030753215E-003  2.4962622920E+000  2.5518278974E+000  2.0949507430E-003  2.3479931875E+000  2.5139221666E+000  1.5677137693E-003  3.6000809949E-004
   1   -82   0    0 -1.9353917245E-001  8.3564116805E+000  2.3995428740E-004  2.1288290843E+000  2.4856019129E+000  1.9508398728E-004  2.2132467388E+000  2.4544307558E+000  6.1826196373E-004  2.3356276518E+000  2.4802981174E+000  1.6773786324E-003  2.3860670988E+000  2.5159568793E+000  1.9033080360E-003  2.4957201904E+000  2.5513033703E+000  2.0946780247E-003  2.3474686947E+000  2.5135657452E+000  1.5683887360E-003  3.5998276158E-004
   1   -83   0    0 -1.8367668446E-001  8.3560996162E+000  2.4058267505E-004  2.1295825640E+000  2.4857308317E+000  1.9673643066E-004  2.2140332987E+000  2.4545141488E+000  6.1926678286E-004  2.3359191119E+000  2.4802689817E+000  1.6783742642E-003  2.3854695678E+000  2.5156059755E+000  1.9035385852E-003  2.4951827323E+000  2.5507833318E+000  2.0944074607E-003  2.3469479599E+000  2.5132123024E+000  1.5690576278E-003  3.5995764371E-004
   1   -84   0    0 -1.7381178826E-001  8.3557904607E+000  2.4120719892E-004  2.1303281629E+000  2.4858588997E+000  1.9837597970E-004  2.2148140451E+000  2.4545972820E+000  6.2026377322E-004  2.3362072418E+000  2.4802404342E+000  1.6793617416E-003  2.3848773345E+000  2.5152581210E+000  1.9037669419E-003  2.4946499966E+000  2.5502678583E+000  2.0941390920E-003  2.3464310859E+000  2.5128618937E+000  1.5697203618E-003  3.5993274962E-004
   1   -85   0    0 -1.6394446562E-001  8.3554842668E+000  2.4182773796E-004  2.1310658313E+000  2.4859861022E+000  2.0000237935E-004  2.2155888013E+000  2.4546801330E+000  6.2125277970E-004  2.3364920380E+000  2.4802124783E+000  1.6803409217E-003  2.3842904933E+000  2.5149133674E+000  1.9039930804E-003  2.4941220589E+000  2.5497570229E+000  2.0938729580E-003  2.3459181723E+000  2.5125145720E+000  1.5703768587E-003  3.5990808290E-004
   1   -86   0    0 -1.5407470108E-001  8.3551810843E+000  2.4244417399E-004  2.1317955235E+000  2.4861124248E+000  2.0161538332E-004  2.2163573968E+000  2.4547626796E+000  6.2223365253E-004  2.3367734983E+000  2.4801851166E+000  1.6813116673E-003  2.3837091344E+000  2.5145717641E+000  1.9042169764E-003  2.4935989914E+000  2.5492508959E+000  2.0936090967E-003  2.3454093154E+000  2.5121703883E+000  1.5710270432E-003  3.5988364697E-004
   1   -87   0    0 -1.4420248191E-001  8.3548809607E+000  2.4305639177E-004  2.1325171975E+000  2.4862378531E+000  2.0321475417E-004  2.2171196669E+000  2.4548448997E+000  6.2320624728E-004  2.3370516217E+000  2.4801583512E+000  1.6822738462E-003  2.3831333439E+000  2.5142333580E+000  1.9044386069E-003  2.4930808632E+000  2.5487495441E+000  2.0933475445E-003  2.3449046078E+000  2.5118293912E+000  1.5716708439E-003  3.5985944508E-004
   1   -88   0    0 -1.3432779809E-001  8.3545839407E+000  2.4366427908E-004  2.1332308156E+000  2.4863623730E+000  2.0480026341E-004  2.2178754533E+000  2.4549267718E+000  6.2417042497E-004  2.3373264085E+000  2.4801321837E+000  1.6832273318E-003  2.3825632034E+000  2.5138981941E+000  1.9046579503E-003  2.4925677397E+000  2.5482530309E+000  2.0930883365E-003  2.3444041391E+000  2.5114916270E+000  1.5723081930E-003  3.5983548033E-004
   1   -89   0    0 -1.2445064229E-001  8.3542900665E+000  2.4426772680E-004  2.1339363438E+000  2.4864859709E+000  2.0637169160E-004  2.2186246042E+000  2.4550082746E+000  6.2512605208E-004  2.3375978601E+000  2.4801066149E+000  1.6841720031E-003  2.3819987903E+000  2.5135663150E+000  1.9048749863E-003  2.4920596833E+000  2.5477614169E+000  2.0928315062E-003  2.3439079950E+000  2.5111571399E+000  1.5729390267E-003  3.5981175564E-004
   1   -90   0    0 -1.1457100977E-001  8.3539993774E+000  2.4486662897E-004  2.1346337519E+000  2.4866086332E+000  2.0792882841E-004  2.2193669743E+000  2.4550893873E+000  6.2607300061E-004  2.3378659790E+000  2.4800816451E+000  1.6851077443E-003  2.3814401778E+000  2.5132377609E+000  1.9050896959E-003  2.4915567528E+000  2.5472747592E+000  2.0925770858E-003  2.3434162579E+000  2.5108259717E+000  1.5735632850E-003  3.5978827380E-004
   1   -91   0    0 -1.0468889840E-001  8.3537119103E+000  2.4546088288E-004  2.1353230135E+000  2.4867303466E+000  2.0947147268E-004  2.2201024246E+000  2.4551700891E+000  6.2701114814E-004  2.3381307687E+000  2.4800572738E+000  1.6860344454E-003  2.3808874345E+000  2.5129125699E+000  1.9053020615E-003  2.4910590037E+000  2.5467931114E+000  2.0923251057E-003  2.3429290062E+000  2.5104981617E+000  1.5741809119E-003  3.5976503739E-004
   1   -92   0    0 -9.4804308545E-002  8.3534276992E+000  2.4605038910E-004  2.1360041059E+000  2.4868510981E+000  2.1099943257E-004  2.2208308233E+000  2.4552503602E+000  6.2794037789E-004  2.3383922340E+000  2.4800335001E+000  1.6869520018E-003  2.3803406249E+000  2.5125907778E+000  1.9055120670E-003  2.4905664881E+000  2.5463165243E+000  2.0920755950E-003  2.3424463151E+000  2.5101737473E+000  1.5747918551E-003  3.5974204886E-004
   1   -93   0    0 -8.4917243054E-002  8.3531467756E+000  2.4663505157E-004  2.1366770102E+000  2.4869708749E+000  2.1251252552E-004  2.2215520451E+000  2.4553301806E+000  6.2886057871E-004  2.3386503803E+000  2.4800103224E+000  1.6878603147E-003  2.3797998088E+000  2.5122724180E+000  1.9057196973E-003  2.4900792547E+000  2.5458450449E+000  2.0918285812E-003  2.3419682557E+000  2.5098527631E+000  1.5753960659E-003  3.5971931047E-004
   1   -94   0    0 -7.5027707170E-002  8.3528691683E+000  2.4721477769E-004  2.1373417107E+000  2.4870896645E+000  2.1401057843E-004  2.2222659715E+000  2.4554095313E+000  6.2977164517E-004  2.3389052143E+000  2.4799877386E+000  1.6887592906E-003  2.3792650419E+000  2.5119575216E+000  1.9059249389E-003  2.4895973488E+000  2.5453787173E+000  2.0915840902E-003  2.3414948955E+000  2.5095352418E+000  1.5759934999E-003  3.5969682433E-004
   1   -95   0    0 -6.5135708476E-002  8.3525949032E+000  2.4778947831E-004  2.1379981957E+000  2.4872074548E+000  2.1549342762E-004  2.2229724911E+000  2.4554883933E+000  6.3067347758E-004  2.3391567434E+000  2.4799657459E+000  1.6896488419E-003  2.3787363753E+000  2.5116461176E+000  1.9061277794E-003  2.4891208124E+000  2.5449175822E+000  2.0913421466E-003  2.3410262983E+000  2.5092212136E+000  1.5765841161E-003  3.5967459238E-004
   1   -96   0    0 -5.5241256822E-002  8.3523240040E+000  2.4835906785E-004  2.1386464568E+000  2.4873242338E+000  2.1696091890E-004  2.2236714993E+000  2.4555667483E+000  6.3156598198E-004  2.3394049761E+000  2.4799443411E+000  1.6905288867E-003  2.3782138560E+000  2.5113382325E+000  1.9063282080E-003  2.4886496838E+000  2.5444616769E+000  2.0911027731E-003  2.3405625242E+000  2.5089107063E+000  1.5771678775E-003  3.5965261640E-004
   1   -97   0    0 -4.5344364252E-002  8.3520564915E+000  2.4892346431E-004  2.1392864891E+000  2.4874399898E+000  2.1841290764E-004  2.2243628983E+000  2.4556445785E+000  6.3244907024E-004  2.3396499216E+000  2.4799235203E+000  1.6913993484E-003  2.3776975265E+000  2.5110338907E+000  1.9065262149E-003  2.4881839982E+000  2.5440110355E+000  2.0908659912E-003  2.3401036293E+000  2.5086037456E+000  1.5777447509E-003  3.5963089799E-004
   1   -98   0    0 -3.5445044928E-002  8.3517923838E+000  2.4948258934E-004  2.1399182911E+000  2.4875547117E+000  2.1984925876E-004  2.2250465974E+000  2.4557218667E+000  6.3332265999E-004  2.3398915902E+000  2.4799032791E+000  1.6922601564E-003  2.3771874250E+000  2.5107331141E+000  1.9067217918E-003  2.4877237875E+000  2.5435656890E+000  2.0906318206E-003  2.3396496660E+000  2.5083003546E+000  1.5783147067E-003  3.5960943860E-004
   1   -99   0    0 -2.5543315051E-002  8.3515316968E+000  2.5003636828E-004  2.1405418647E+000  2.4876683885E+000  2.2126984677E-004  2.2257225128E+000  2.4557985959E+000  6.3418667471E-004  2.3401299927E+000  2.4798836128E+000  1.6931112458E-003  2.3766835853E+000  2.5104359226E+000  1.9069149317E-003  2.4872690799E+000  2.5431256648E+000  2.0904002796E-003  2.3392006830E+000  2.5080005543E+000  1.5788777192E-003  3.5958823951E-004
   1  -100   0    0 -1.5639192776E-002  8.3512744435E+000  2.5058473017E-004  2.1411572150E+000  2.4877810096E+000  2.2267455575E-004  2.2263905674E+000  2.4558747500E+000  6.3504104366E-004  2.3403651410E+000  2.4798645159E+000  1.6939525571E-003  2.3761860373E+000  2.5101423336E+000  1.9071056286E-003  2.4868199006E+000  2.5426909874E+000  2.0901713849E-003  2.3387567251E+000  2.5077043635E+000  1.5794337662E-003  3.5956730186E-004
   1  -101   0    0 -5.7326981315E-003  8.3510206348E+000  2.5112760784E-004  2.1417643505E+000  2.4878925646E+000  2.2406327938E-004  2.2270506911E+000  2.4559503132E+000  6.3588570196E-004  2.3405970477E+000  2.4798459827E+000  1.6947840366E-003  2.3756948063E+000  2.5098523626E+000  1.9072938782E-003  2.4863762715E+000  2.5422616781E+000  2.0899451517E-003  2.3383178336E+000  2.5074117986E+000  1.5799828294E-003  3.5954662660E-004
   1  -102   0    0  4.1761470686E-003  8.3507702789E+000  2.5166493785E-004  2.1423632829E+000  2.4880030439E+000  2.2543592090E-004  2.2277028205E+000  2.4560252705E+000  6.3672059050E-004  2.3408257261E+000  2.4798280068E+000  1.6956056363E-003  2.3752099138E+000  2.5095660226E+000  1.9074796770E-003  2.4859382109E+000  2.5418377548E+000  2.0897215935E-003  2.3378840457E+000  2.5071228737E+000  1.5805248942E-003  3.5952621454E-004
   1  -103   0    0  1.4087319315E-002  8.3505233816E+000  2.5219666062E-004  2.1429540270E+000  2.4881124378E+000  2.2679239307E-004  2.2283468990E+000  2.4560996072E+000  6.3754565598E-004  2.3410511905E+000  2.4798105816E+000  1.6964173137E-003  2.3747313769E+000  2.5092833246E+000  1.9076630230E-003  2.4855057343E+000  2.5414192325E+000  2.0895007225E-003  2.3374553952E+000  2.5068376010E+000  1.5810599492E-003  3.5950606634E-004
   1  -104   0    0  2.4000793489E-002  8.3502799465E+000  2.5272272035E-004  2.1435366006E+000  2.4882207374E+000  2.2813261818E-004  2.2289828765E+000  2.4561733093E+000  6.3836085086E-004  2.3412734556E+000  2.4797937000E+000  1.6972190318E-003  2.3742592090E+000  2.5090042773E+000  1.9078439155E-003  2.4850788536E+000  2.5410061230E+000  2.0892825493E-003  2.3370319122E+000  2.5065559901E+000  1.5815879871E-003  3.5948618249E-004
   1  -105   0    0  3.3916542958E-002  8.3500399748E+000  2.5324306508E-004  2.1441110249E+000  2.4883279339E+000  2.2945652792E-004  2.2296107095E+000  2.4562463636E+000  6.3916613333E-004  2.3414925372E+000  2.4797773546E+000  1.6980107592E-003  2.3737934193E+000  2.5087288875E+000  1.9080223547E-003  2.4846575780E+000  2.5405984350E+000  2.0890670828E-003  2.3366136230E+000  2.5062780488E+000  1.5821090037E-003  3.5946656334E-004
   1  -106   0    0  4.3834539663E-002  8.3498034656E+000  2.5375764668E-004  2.1446773236E+000  2.4884340192E+000  2.3076406341E-004  2.2302303608E+000  2.4563187571E+000  6.3996146728E-004  2.3417084517E+000  2.4797615375E+000  1.6987924702E-003  2.3733340132E+000  2.5084571597E+000  1.9081983421E-003  2.4842419132E+000  2.5401961745E+000  2.0888543307E-003  2.3362005504E+000  2.5060037825E+000  1.5826229985E-003  3.5944720908E-004
   1  -107   0    0  5.3754754210E-002  8.3495704157E+000  2.5426642086E-004  2.1452355238E+000  2.4885389855E+000  2.3205517502E-004  2.2308417996E+000  2.4563904779E+000  6.4074682226E-004  2.3419212159E+000  2.4797462406E+000  1.6995641441E-003  2.3728809924E+000  2.5081890965E+000  1.9083718806E-003  2.4838318620E+000  2.5397993440E+000  2.0886442991E-003  2.3357927139E+000  2.5057331947E+000  1.5831299743E-003  3.5942811977E-004
   1  -108   0    0  6.3677155968E-002  8.3493408198E+000  2.5476934714E-004  2.1457856552E+000  2.4886428256E+000  2.3332982237E-004  2.2314450015E+000  2.4564615142E+000  6.4152217340E-004  2.3421308479E+000  2.4797314555E+000  1.7003257660E-003  2.3724343547E+000  2.5079246983E+000  1.9085429739E-003  2.4834274242E+000  2.5394079437E+000  2.0884369924E-003  2.3353901292E+000  2.5054662869E+000  1.5836299375E-003  3.5940929532E-004
   1  -109   0    0  7.3601713151E-002  8.3491146707E+000  2.5526638886E-004  2.1463277503E+000  2.4887455324E+000  2.3458797415E-004  2.2320399478E+000  2.4565318552E+000  6.4228750137E-004  2.3423373658E+000  2.4797171734E+000  1.7010773260E-003  2.3719940944E+000  2.5076639639E+000  1.9087116269E-003  2.4830285968E+000  2.5390219705E+000  2.0882324139E-003  2.3349928088E+000  2.5052030583E+000  1.5841228975E-003  3.5939073549E-004
   1  -110   0    0  8.3528392920E-002  8.3488919590E+000  2.5575751314E-004  2.1468618444E+000  2.4888470998E+000  2.3582960809E-004  2.2326266258E+000  2.4566014905E+000  6.4304279231E-004  2.3425407890E+000  2.4797033854E+000  1.7018188195E-003  2.3715602023E+000  2.5074068897E+000  1.9088778458E-003  2.4826353737E+000  2.5386414188E+000  2.0880305653E-003  2.3346007617E+000  2.5049435064E+000  1.5846088671E-003  3.5937243991E-004
   1  -111   0    0  9.3457161466E-002  8.3486726735E+000  2.5624269088E-004  2.1473879756E+000  2.4889475219E+000  2.3705471074E-004  2.2332050289E+000  2.4566704104E+000  6.4378803775E-004  2.3427411371E+000  2.4796900822E+000  1.7025502471E-003  2.3711326655E+000  2.5071534705E+000  1.9090416377E-003  2.4822477460E+000  2.5382662801E+000  2.0878314469E-003  2.3342139938E+000  2.5046876266E+000  1.5850878623E-003  3.5935440809E-004
   1  -112   0    0  1.0338798410E-001  8.3484568012E+000  2.5672189668E-004  2.1479061844E+000  2.4890467932E+000  2.3826327741E-004  2.2337751556E+000  2.4567386060E+000  6.4452323450E-004  2.3429384305E+000  2.4796772545E+000  1.7032716145E-003  2.3707114681E+000  2.5069036993E+000  1.9092030106E-003  2.4818657022E+000  2.5378965432E+000  2.0876350576E-003  2.3338325076E+000  2.5044354127E+000  1.5855599021E-003  3.5933663938E-004
   1  -113   0    0  1.1332082535E-001  8.3482443272E+000  2.5719510888E-004  2.1484165140E+000  2.4891449090E+000  2.3945531198E-004  2.2343370102E+000  2.4568060686E+000  6.4524838462E-004  2.3431326903E+000  2.4796648926E+000  1.7039829322E-003  2.3702965908E+000  2.5066575670E+000  1.9093619738E-003  2.4814892281E+000  2.5375321945E+000  2.0874413949E-003  2.3334563028E+000  2.5041868563E+000  1.5860250085E-003  3.5931913304E-004
   1  -114   0    0  1.2325564902E-001  8.3480352351E+000  2.5766230944E-004  2.1489190099E+000  2.4892418650E+000  2.4063082674E-004  2.2348906022E+000  2.4568727905E+000  6.4596349527E-004  2.3433239381E+000  2.4796529869E+000  1.7046842157E-003  2.3698880111E+000  2.5064150632E+000  1.9095185375E-003  2.4811183067E+000  2.5371732178E+000  2.0872504552E-003  2.3330853757E+000  2.5039419475E+000  1.5864832067E-003  3.5930188817E-004
   1  -115   0    0  1.3319241833E-001  8.3478295066E+000  2.5812348393E-004  2.1494137200E+000  2.4893376573E+000  2.4178984225E-004  2.2354359463E+000  2.4569387644E+000  6.4666857863E-004  2.3435121961E+000  2.4796415274E+000  1.7053754851E-003  2.3694857035E+000  2.5061761754E+000  1.9096727127E-003  2.4807529188E+000  2.5368195944E+000  2.0870622332E-003  2.3327197197E+000  2.5037006746E+000  1.5869345245E-003  3.5928490377E-004
   1  -116   0    0  1.4313109594E-001  8.3476271221E+000  2.5857862149E-004  2.1499006947E+000  2.4894322826E+000  2.4293238714E-004  2.2359730619E+000  2.4570039838E+000  6.4736365179E-004  2.3436974872E+000  2.4796305041E+000  1.7060567654E-003  2.3690896397E+000  2.5059408897E+000  1.9098245115E-003  2.4803930424E+000  2.5364713032E+000  2.0868767227E-003  2.3323593256E+000  2.5034630241E+000  1.5873789927E-003  3.5926817873E-004
   1  -117   0    0  1.5307164405E-001  8.3474280602E+000  2.5902771474E-004  2.1503799864E+000  2.4895257382E+000  2.4405849789E-004  2.2365019736E+000  2.4570684426E+000  6.4804873664E-004  2.3438798346E+000  2.4796199070E+000  1.7067280860E-003  2.3686997884E+000  2.5057091906E+000  1.9099739469E-003  2.4800386532E+000  2.5361283209E+000  2.0866939160E-003  2.3320041812E+000  2.5032289810E+000  1.5878166445E-003  3.5925171182E-004
   1  -118   0    0  1.6301402449E-001  8.3472322985E+000  2.5947075972E-004  2.1508516498E+000  2.4896180220E+000  2.4516821871E-004  2.2370227102E+000  2.4571321354E+000  6.4872385973E-004  2.3440592624E+000  2.4796097259E+000  1.7073894806E-003  2.3683161158E+000  2.5054810608E+000  1.9101210327E-003  2.4796897249E+000  2.5357906219E+000  2.0865138044E-003  2.3316542714E+000  2.5029985288E+000  1.5882475161E-003  3.5923550169E-004
   1  -119   0    0  1.7295819881E-001  8.3470398128E+000  2.5990775587E-004  2.1513157416E+000  2.4897091321E+000  2.4626160127E-004  2.2375353051E+000  2.4571950573E+000  6.4938905218E-004  2.3442357949E+000  2.4795999506E+000  1.7080409873E-003  2.3679385853E+000  2.5052564820E+000  1.9102657835E-003  2.4793462287E+000  2.5354581784E+000  2.0863363779E-003  2.3313095790E+000  2.5027716494E+000  1.5886716459E-003  3.5921954691E-004
   1  -120   0    0  1.8290412830E-001  8.3468505779E+000  2.6033870590E-004  2.1517723205E+000  2.4897990676E+000  2.4733870452E-004  2.2380397958E+000  2.4572572042E+000  6.5004434952E-004  2.3444094572E+000  2.4795905709E+000  1.7086826484E-003  2.3675671579E+000  2.5050354340E+000  1.9104082147E-003  2.4790081336E+000  2.5351309608E+000  2.0861616252E-003  2.3309700837E+000  2.5025483232E+000  1.5890890750E-003  3.5920384594E-004
   1  -121   0    0  1.9285177411E-001  8.3466645674E+000  2.6076361575E-004  2.1522214470E+000  2.4898878277E+000  2.4839959444E-004  2.2385362241E+000  2.4573185724E+000  6.5068979158E-004  2.3445802746E+000  2.4795815765E+000  1.7093145102E-003  2.3672017923E+000  2.5048178956E+000  1.9105483427E-003  2.4786754068E+000  2.5348089370E+000  2.0859895343E-003  2.3306357633E+000  2.5023285293E+000  1.5894998466E-003  3.5918839714E-004
   1  -122   0    0  2.0280109730E-001  8.3464817536E+000  2.6118249449E-004  2.1526631837E+000  2.4899754124E+000  2.4944434388E-004  2.2390246354E+000  2.4573791588E+000  6.5132542234E-004  2.3447482732E+000  2.4795729571E+000  1.7099366227E-003  2.3668424448E+000  2.5046038441E+000  1.9106861844E-003  2.4783480134E+000  2.5344920736E+000  2.0858200917E-003  2.3303065930E+000  2.5021122454E+000  1.5899040064E-003  3.5917319878E-004
   1  -123   0    0  2.1275205889E-001  8.3463021078E+000  2.6159535426E-004  2.1530975946E+000  2.4900618221E+000  2.5047303224E-004  2.2395050790E+000  2.4574389608E+000  6.5195128980E-004  2.3449134792E+000  2.4795647027E+000  1.7105490401E-003  2.3664890698E+000  2.5043932555E+000  1.9108217574E-003  2.4780259166E+000  2.5341803350E+000  2.0856532831E-003  2.3299825457E+000  2.5018994479E+000  1.5903016020E-003  3.5915824905E-004
   1  -124   0    0  2.2270461995E-001  8.3461256005E+000  2.6200221019E-004  2.1535247456E+000  2.4901470578E+000  2.5148574533E-004  2.2399776075E+000  2.4574979763E+000  6.5256744584E-004  2.3450759195E+000  2.4795568029E+000  1.7111518197E-003  2.3661416193E+000  2.5041861048E+000  1.9109550800E-003  2.4777090779E+000  2.5338736839E+000  2.0854890932E-003  2.3296635923E+000  2.5016901120E+000  1.5906926832E-003  3.5914354605E-004
   1  -125   0    0  2.3265874166E-001  8.3459522009E+000  2.6240308028E-004  2.1539447040E+000  2.4902311211E+000  2.5248257507E-004  2.2404422771E+000  2.4575562041E+000  6.5317394607E-004  2.3452356213E+000  2.4795492477E+000  1.7117450227E-003  2.3658000438E+000  2.5039823657E+000  1.9110861714E-003  2.4773974569E+000  2.5335720814E+000  2.0853275058E-003  2.3293497016E+000  2.5014842119E+000  1.5910773017E-003  3.5912908781E-004
   1  -126   0    0  2.4261438531E-001  8.3457818776E+000  2.6279798534E-004  2.1543575387E+000  2.4903140138E+000  2.5346361929E-004  2.2408991467E+000  2.4576136430E+000  6.5377084969E-004  2.3453926122E+000  2.4795420271E+000  1.7123287133E-003  2.3654642916E+000  2.5037820109E+000  1.9112150510E-003  2.4770910118E+000  2.5332754870E+000  2.0851685035E-003  2.3290408406E+000  2.5012817204E+000  1.5914555112E-003  3.5911487227E-004
   1  -127   0    0  2.5257151243E-001  8.3456145984E+000  2.6318694889E-004  2.1547633199E+000  2.4903957386E+000  2.5442898144E-004  2.2413482787E+000  2.4576702926E+000  6.5435821934E-004  2.3455469203E+000  2.4795351310E+000  1.7129029591E-003  2.3651343095E+000  2.5035850121E+000  1.9113417391E-003  2.4767896990E+000  2.5329838588E+000  2.0850120683E-003  2.3287369741E+000  2.5010826095E+000  1.5918273671E-003  3.5910089732E-004
   1  -128   0    0  2.6253008478E-001  8.3454503301E+000  2.6356999707E-004  2.1551621191E+000  2.4904762983E+000  2.5537877041E-004  2.2417897380E+000  2.4577261529E+000  6.5493612094E-004  2.3456985737E+000  2.4795285496E+000  1.7134678307E-003  2.3648100428E+000  2.5033913399E+000  1.9114662562E-003  2.4764934738E+000  2.5326971533E+000  2.0848581813E-003  2.3284380655E+000  2.5008868500E+000  1.5921929264E-003  3.5908716076E-004
   1  -129   0    0  2.7249006444E-001  8.3452890392E+000  2.6394715853E-004  2.1555540092E+000  2.4905556965E+000  2.5631310023E-004  2.2422235921E+000  2.4577812246E+000  6.5550462359E-004  2.3458476013E+000  2.4795222732E+000  1.7140234016E-003  2.3644914350E+000  2.5032009642E+000  1.9115886238E-003  2.4762022899E+000  2.5324153258E+000  2.0847068228E-003  2.3281440764E+000  2.5006944120E+000  1.5925522477E-003  3.5907366036E-004
   1  -130   0    0  2.8245141381E-001  8.3451306912E+000  2.6431846436E-004  2.1559390640E+000  2.4906339371E+000  2.5723208986E-004  2.2426499110E+000  2.4578355084E+000  6.5606379935E-004  2.3459940320E+000  2.4795162921E+000  1.7145697480E-003  2.3641784285E+000  2.5030138538E+000  1.9117088633E-003  2.4759160996E+000  2.5321383304E+000  2.0845579722E-003  2.3278549666E+000  2.5005052644E+000  1.5929053913E-003  3.5906039379E-004
   1  -131   0    0  2.9241409568E-001  8.3449752513E+000  2.6468394799E-004  2.1563173585E+000  2.4907110245E+000  2.5813586294E-004  2.2430687671E+000  2.4578890059E+000  6.5661372315E-004  2.3461378950E+000  2.4795105967E+000  1.7151069488E-003  2.3638709643E+000  2.5028299769E+000  1.9118269970E-003  2.4756348541E+000  2.5318661199E+000  2.0844116083E-003  2.3275706948E+000  2.5003193757E+000  1.5932524185E-003  3.5904735869E-004
   1  -132   0    0  3.0237807326E-001  8.3448226841E+000  2.6504364506E-004  2.1566889686E+000  2.4907869637E+000  2.5902454753E-004  2.2434802348E+000  2.4579417189E+000  6.5715447262E-004  2.3462792198E+000  2.4795051778E+000  1.7156350853E-003  2.3635689821E+000  2.5026493009E+000  1.9119430475E-003  2.4753585037E+000  2.5315986460E+000  2.0842677093E-003  2.3272912180E+000  2.5001367132E+000  1.5935933923E-003  3.5903455266E-004
   1  -133   0    0  3.1234331023E-001  8.3446729537E+000  2.6539759337E-004  2.1570539711E+000  2.4908617598E+000  2.5989827588E-004  2.2438843905E+000  2.4579936497E+000  6.5768612795E-004  2.3464180363E+000  2.4795000261E+000  1.7161542411E-003  2.3632724207E+000  2.5024717924E+000  1.9120570375E-003  2.4750869972E+000  2.5313358595E+000  2.0841262527E-003  2.3270164921E+000  2.4999572437E+000  1.5939283766E-003  3.5902197322E-004
   1  -134   0    0  3.2230977073E-001  8.3445260239E+000  2.6574583275E-004  2.1574124438E+000  2.4909354187E+000  2.6075718419E-004  2.2442813125E+000  2.4580448009E+000  6.5820877171E-004  2.3465543743E+000  2.4794951325E+000  1.7166645021E-003  2.3629812178E+000  2.5022974175E+000  1.9121689904E-003  2.4748202828E+000  2.5310777101E+000  2.0839872152E-003  2.3267464716E+000  2.4997809335E+000  1.5942574367E-003  3.5900961788E-004
   1  -135   0    0  3.3227741943E-001  8.3443818582E+000  2.6608840498E-004  2.1577644649E+000  2.4910079465E+000  2.6160141239E-004  2.2446710806E+000  2.4580951756E+000  6.5872248876E-004  2.3466882641E+000  2.4794904881E+000  1.7171659561E-003  2.3626953102E+000  2.5021261416E+000  1.9122789298E-003  2.4745583076E+000  2.5308241468E+000  2.0838505732E-003  2.3264811099E+000  2.4996077479E+000  1.5945806386E-003  3.5899748410E-004
   1  -136   0    0  3.4224622152E-001  8.3442404195E+000  2.6642535368E-004  2.1581101135E+000  2.4910793496E+000  2.6243110385E-004  2.2450537764E+000  2.4581447773E+000  6.5922736608E-004  2.3468197359E+000  2.4794860842E+000  1.7176586930E-003  2.3624146340E+000  2.5019579296E+000  1.9123868796E-003  2.4743010180E+000  2.5305751177E+000  2.0837163025E-003  2.3262203594E+000  2.4994376519E+000  1.5948980496E-003  3.5898556928E-004
   1  -137   0    0  3.5221614279E-001  8.3441016708E+000  2.6675672422E-004  2.1584494692E+000  2.4911496352E+000  2.6324640523E-004  2.2454294826E+000  2.4581936096E+000  6.5972349263E-004  2.3469488203E+000  2.4794819121E+000  1.7181428043E-003  2.3621391243E+000  2.5017927460E+000  1.9124928638E-003  2.4740483596E+000  2.5303305702E+000  2.0835843783E-003  2.3259641715E+000  2.4992706099E+000  1.5952097376E-003  3.5897387083E-004
   1  -138   0    0  3.6218714959E-001  8.3439655747E+000  2.6708256363E-004  2.1587826121E+000  2.4912188104E+000  2.6404746617E-004  2.2457982833E+000  2.4582416769E+000  6.6021095920E-004  2.3470755479E+000  2.4794779636E+000  1.7186183832E-003  2.3618687158E+000  2.5016305547E+000  1.9125969069E-003  2.4738002773E+000  2.5300904509E+000  2.0834547755E-003  2.3257124967E+000  2.4991065860E+000  1.5955157713E-003  3.5896238609E-004
   1  -139   0    0  3.7215920886E-001  8.3438320936E+000  2.6740292051E-004  2.1591096228E+000  2.4912868828E+000  2.6483443913E-004  2.2461602636E+000  2.4582889834E+000  6.6068985830E-004  2.3471999494E+000  2.4794742303E+000  1.7190855244E-003  2.3616033427E+000  2.5014713192E+000  1.9126990335E-003  2.4735567153E+000  2.5298547061E+000  2.0833274684E-003  2.3254652846E+000  2.4989455436E+000  1.5958162203E-003  3.5895111240E-004
   1  -140   0    0  3.8213228819E-001  8.3437011900E+000  2.6771784492E-004  2.1594305821E+000  2.4913538606E+000  2.6560747912E-004  2.2465155098E+000  2.4583355340E+000  6.6116028400E-004  2.3473220557E+000  2.4794707043E+000  1.7195443240E-003  2.3613429383E+000  2.5013150029E+000  1.9127992682E-003  2.4733176175E+000  2.5296232814E+000  2.0832024311E-003  2.3252224842E+000  2.4987874459E+000  1.5961111545E-003  3.5894004707E-004
   1  -141   0    0  3.9210635579E-001  8.3435728261E+000  2.6802738829E-004  2.1597455714E+000  2.4914197521E+000  2.6636674354E-004  2.2468641088E+000  2.4583813337E+000  6.6162233183E-004  2.3474418976E+000  2.4794673776E+000  1.7199948794E-003  2.3610874360E+000  2.5011615685E+000  1.9128976361E-003  2.4730829271E+000  2.5293961219E+000  2.0830796372E-003  2.3249840438E+000  2.4986322558E+000  1.5964006446E-003  3.5892918738E-004
   1  -142   0    0  4.0208138051E-001  8.3434469641E+000  2.6833160335E-004  2.1600546719E+000  2.4914845657E+000  2.6711239191E-004  2.2472061485E+000  2.4584263879E+000  6.6207609862E-004  2.3475595060E+000  2.4794642427E+000  1.7204372890E-003  2.3608367686E+000  2.5010109787E+000  1.9129941621E-003  2.4728525870E+000  2.5291731724E+000  2.0829590601E-003  2.3247499108E+000  2.4984799358E+000  1.5966847616E-003  3.5891853062E-004
   1  -143   0    0  4.1205733187E-001  8.3433235662E+000  2.6863054402E-004  2.1603579652E+000  2.4915483106E+000  2.6784458571E-004  2.2475417173E+000  2.4584707022E+000  6.6252168240E-004  2.3476749119E+000  2.4794612920E+000  1.7208716523E-003  2.3605908686E+000  2.5008631959E+000  1.9130888714E-003  2.4726265398E+000  2.5289543772E+000  2.0828406729E-003  2.3245200325E+000  2.4983304483E+000  1.5969635771E-003  3.5890807404E-004
   1  -144   0    0  4.2203418003E-001  8.3432025946E+000  2.6892426533E-004  2.1606555332E+000  2.4916109959E+000  2.6856348816E-004  2.2478709041E+000  2.4585142824E+000  6.6295918225E-004  2.3477881462E+000  2.4794585183E+000  1.7212980698E-003  2.3603496683E+000  2.5007181823E+000  1.9131817892E-003  2.4724047276E+000  2.5287396806E+000  2.0827244484E-003  2.3242943555E+000  2.4981837553E+000  1.5972371627E-003  3.5889781488E-004
   1  -145   0    0  4.3201189583E-001  8.3430840117E+000  2.6921282334E-004  2.1609474574E+000  2.4916726311E+000  2.6926926403E-004  2.2481937983E+000  2.4585571347E+000  6.6338869821E-004  2.3478992399E+000  2.4794559145E+000  1.7217166426E-003  2.3601131002E+000  2.5005758999E+000  1.9132729408E-003  2.4721870926E+000  2.5285290264E+000  2.0826103592E-003  2.3240728259E+000  2.4980398189E+000  1.5975055905E-003  3.5888775039E-004
   1  -146   0    0  4.4199045080E-001  8.3429677797E+000  2.6949627505E-004  2.1612338195E+000  2.4917332259E+000  2.6996207945E-004  2.2485104896E+000  2.4585992653E+000  6.6381033116E-004  2.3480082240E+000  2.4794534738E+000  1.7221274726E-003  2.3598810962E+000  2.5004363107E+000  1.9133623515E-003  2.4719735764E+000  2.5283223583E+000  2.0824983776E-003  2.3238553895E+000  2.4978986007E+000  1.5977689327E-003  3.5887787780E-004
   1  -147   0    0  4.5196981711E-001  8.3428538613E+000  2.6977467833E-004  2.1615147013E+000  2.4917927903E+000  2.7064210174E-004  2.2488210679E+000  2.4586406807E+000  6.6422418271E-004  2.3481151292E+000  2.4794511893E+000  1.7225306622E-003  2.3596535887E+000  2.5002993765E+000  1.9134500466E-003  2.4717641208E+000  2.5281196199E+000  2.0823884759E-003  2.3236419921E+000  2.4977600626E+000  1.5980272617E-003  3.5886819433E-004
   1  -148   0    0  4.6194996765E-001  8.3427422189E+000  2.7004809183E-004  2.1617901841E+000  2.4918513344E+000  2.7130949921E-004  2.2491256232E+000  2.4586813878E+000  6.6463035507E-004  2.3482199863E+000  2.4794490546E+000  1.7229263143E-003  2.3594305097E+000  2.5001650592E+000  1.9135360515E-003  2.4715586675E+000  2.5279207549E+000  2.0822806263E-003  2.3234325788E+000  2.4976241662E+000  1.5982806498E-003  3.5885869722E-004
   1  -149   0    0  4.7193087595E-001  8.3426328155E+000  2.7031657489E-004  2.1620603494E+000  2.4919088687E+000  2.7196444101E-004  2.2494242457E+000  2.4587213933E+000  6.6502895096E-004  2.3483228262E+000  2.4794470633E+000  1.7233145323E-003  2.3592117916E+000  2.5000333204E+000  1.9136203914E-003  2.4713571580E+000  2.5277257066E+000  2.0821748006E-003  2.3232270949E+000  2.4974908731E+000  1.5985291695E-003  3.5884938370E-004
   1  -150   0    0  4.8191251623E-001  8.3425256140E+000  2.7058018750E-004  2.1623252781E+000  2.4919654038E+000  2.7260709694E-004  2.2497170255E+000  2.4587607044E+000  6.6542007354E-004  2.3484236793E+000  2.4794452094E+000  1.7236954196E-003  2.3589973669E+000  2.4999041221E+000  1.9137030916E-003  2.4711595339E+000  2.5275344186E+000  2.0820709709E-003  2.3230254853E+000  2.4973601449E+000  1.5987728931E-003  3.5884025100E-004
   1  -151   0    0  4.9189486340E-001  8.3424205776E+000  2.7083899020E-004  2.1625850510E+000  2.4920209503E+000  2.7323763733E-004  2.2500040525E+000  2.4587993283E+000  6.6580382625E-004  2.3485225762E+000  2.4794434869E+000  1.7240690801E-003  2.3587871682E+000  2.4997774260E+000  1.9137841772E-003  2.4709657369E+000  2.5273468344E+000  2.0819691090E-003  2.3228276950E+000  2.4972319435E+000  1.5990118927E-003  3.5883129635E-004
   1  -152   0    0  5.0187789299E-001  8.3423176698E+000  2.7109304403E-004  2.1628397486E+000  2.4920755193E+000  2.7385623285E-004  2.2502854165E+000  2.4588372723E+000  6.6618031278E-004  2.3486195472E+000  2.4794418900E+000  1.7244356176E-003  2.3585811284E+000  2.4996531941E+000  1.9138636735E-003  2.4707757088E+000  2.5271628979E+000  2.0818691867E-003  2.3226336688E+000  2.4971062304E+000  1.5992462407E-003  3.5882251700E-004
   1  -153   0    0  5.1186158126E-001  8.3422168542E+000  2.7134241043E-004  2.1630894509E+000  2.4921291218E+000  2.7446305439E-004  2.2505612071E+000  2.4588745439E+000  6.6654963693E-004  2.3487146226E+000  2.4794404131E+000  1.7247951359E-003  2.3583791807E+000  2.4995313884E+000  1.9139416053E-003  2.4705893916E+000  2.5269825528E+000  2.0817711758E-003  2.3224433517E+000  2.4969829676E+000  1.5994760087E-003  3.5881391021E-004
   1  -154   0    0  5.2184590507E-001  8.3421180948E+000  2.7158715122E-004  2.1633342377E+000  2.4921817689E+000  2.7505827288E-004  2.2508315134E+000  2.4589111509E+000  6.6691190256E-004  2.3488078324E+000  2.4794390509E+000  1.7251477388E-003  2.3581812587E+000  2.4994119710E+000  1.9140179977E-003  2.4704067274E+000  2.5268057431E+000  2.0816750482E-003  2.3222566885E+000  2.4968621169E+000  1.5997012685E-003  3.5880547325E-004
   1  -155   0    0  5.3183084196E-001  8.3420213559E+000  2.7182732849E-004  2.1635741881E+000  2.4922334721E+000  2.7564205921E-004  2.2510964243E+000  2.4589471008E+000  6.6726721350E-004  2.3488992064E+000  2.4794377981E+000  1.7254935300E-003  2.3579872962E+000  2.4992949043E+000  1.9140928754E-003  2.4702276585E+000  2.5266324130E+000  2.0815807757E-003  2.3220736245E+000  2.4967436404E+000  1.5999220913E-003  3.5879720338E-004
   1  -156   0    0  5.4181637011E-001  8.3419266022E+000  2.7206300457E-004  2.1638093809E+000  2.4922842428E+000  2.7621458406E-004  2.2513560282E+000  2.4589824015E+000  6.6761567346E-004  2.3489887744E+000  2.4794366496E+000  1.7258326129E-003  2.3577972275E+000  2.4991801506E+000  1.9141662631E-003  2.4700521275E+000  2.5264625071E+000  2.0814883302E-003  2.3218941047E+000  2.4966275005E+000  1.6001385483E-003  3.5878909790E-004
   1  -157   0    0  5.5180246833E-001  8.3418337983E+000  2.7229424198E-004  2.1640398943E+000  2.4923340924E+000  2.7677601780E-004  2.2516104130E+000  2.4590170610E+000  6.6795738595E-004  2.3490765659E+000  2.4794356006E+000  1.7261650908E-003  2.3576109874E+000  2.4990676726E+000  1.9142381852E-003  2.4698800775E+000  2.5262959701E+000  2.0813976837E-003  2.3217180746E+000  2.4965136595E+000  1.6003507099E-003  3.5878115412E-004
   1  -158   0    0  5.6178911607E-001  8.3417429097E+000  2.7252110334E-004  2.1642658058E+000  2.4923830327E+000  2.7732653035E-004  2.2518596660E+000  2.4590510872E+000  6.6829245423E-004  2.3491626102E+000  2.4794346464E+000  1.7264910663E-003  2.3574285110E+000  2.4989574333E+000  1.9143086661E-003  2.4697114515E+000  2.5261327470E+000  2.0813088084E-003  2.3215454796E+000  2.4964020802E+000  1.6005586465E-003  3.5877336936E-004
   1  -159   0    0  5.7177629337E-001  8.3416539019E+000  2.7274365132E-004  2.1644871926E+000  2.4924310754E+000  2.7786629108E-004  2.2521038741E+000  2.4590844881E+000  6.6862098124E-004  2.3492469362E+000  2.4794337825E+000  1.7268106419E-003  2.3572497342E+000  2.4988493956E+000  1.9143777300E-003  2.4695461932E+000  2.5259727834E+000  2.0812216763E-003  2.3213762656E+000  2.4962927253E+000  1.6007624277E-003  3.5876574097E-004
   1  -160   0    0  5.8176398091E-001  8.3415667409E+000  2.7296194864E-004  2.1647041310E+000  2.4924782321E+000  2.7839546872E-004  2.2523431234E+000  2.4591172720E+000  6.6894306950E-004  2.3493295729E+000  2.4794330043E+000  1.7271239194E-003  2.3570745931E+000  2.4987435230E+000  1.9144454008E-003  2.4693842466E+000  2.5258160249E+000  2.0811362598E-003  2.3212103787E+000  2.4961855579E+000  1.6009621229E-003  3.5875826631E-004
   1  -161   0    0  5.9175215993E-001  8.3414813929E+000  2.7317605796E-004  2.1649166969E+000  2.4925245147E+000  2.7891423124E-004  2.2525774993E+000  2.4591494469E+000  6.6925882111E-004  2.3494105488E+000  2.4794323078E+000  1.7274310003E-003  2.3569030245E+000  2.4986397791E+000  1.9145117023E-003  2.4692255560E+000  2.5256624178E+000  2.0810525314E-003  2.3210477651E+000  2.4960805416E+000  1.6011578008E-003  3.5875094276E-004
   1  -162   0    0  6.0174081229E-001  8.3413978246E+000  2.7338604184E-004  2.1651249653E+000  2.4925699350E+000  2.7942274574E-004  2.2528070865E+000  2.4591810210E+000  6.6956833764E-004  2.3494898922E+000  2.4794316889E+000  1.7277319854E-003  2.3567349659E+000  2.4985381277E+000  1.9145766582E-003  2.4690700662E+000  2.5255119086E+000  2.0809704636E-003  2.3208883717E+000  2.4959776398E+000  1.6013495296E-003  3.5874376773E-004
   1  -163   0    0  6.1172992040E-001  8.3413160033E+000  2.7359196275E-004  2.1653290107E+000  2.4926145050E+000  2.7992117840E-004  2.2530319691E+000  2.4592120027E+000  6.6987172008E-004  2.3495676313E+000  2.4794311436E+000  1.7280269747E-003  2.3565703551E+000  2.4984385331E+000  1.9146402917E-003  2.4689177225E+000  2.5253644445E+000  2.0808900293E-003  2.3207321455E+000  2.4958768167E+000  1.6015373770E-003  3.5873673864E-004
   1  -164   0    0  6.2171946724E-001  8.3412358962E+000  2.7379388296E-004  2.1655289066E+000  2.4926582364E+000  2.8040969437E-004  2.2532522302E+000  2.4592424001E+000  6.7016906883E-004  2.3496437938E+000  2.4794306681E+000  1.7283160678E-003  2.3564091309E+000  2.4983409598E+000  1.9147026261E-003  2.4687684707E+000  2.5252199728E+000  2.0808112014E-003  2.3205790339E+000  2.4957780364E+000  1.6017214100E-003  3.5872985294E-004
   1  -165   0    0  6.3170943634E-001  8.3411574714E+000  2.7399186454E-004  2.1657247261E+000  2.4927011413E+000  2.8088845769E-004  2.2534679522E+000  2.4592722215E+000  6.7046048360E-004  2.3497184073E+000  2.4794302589E+000  1.7285993634E-003  2.3562512324E+000  2.4982453725E+000  1.9147636842E-003  2.4686222569E+000  2.5250784416E+000  2.0807339531E-003  2.3204289847E+000  2.4956812636E+000  1.6019016952E-003  3.5872310812E-004
   1  -166   0    0  6.4169981177E-001  8.3410806972E+000  2.7418596930E-004  2.1659165414E+000  2.4927432315E+000  2.8135763123E-004  2.2536792167E+000  2.4593014753E+000  6.7074606339E-004  2.3497914991E+000  2.4794299125E+000  1.7288769595E-003  2.3560965996E+000  2.4981517366E+000  1.9148234888E-003  2.4684790280E+000  2.5249397993E+000  2.0806582577E-003  2.3202819461E+000  2.4955864631E+000  1.6020782982E-003  3.5871650167E-004
   1  -167   0    0  6.5169057812E-001  8.3410055422E+000  2.7437625878E-004  2.1661044238E+000  2.4927845190E+000  2.8181737659E-004  2.2538861042E+000  2.4593301696E+000  6.7102590645E-004  2.3498630960E+000  2.4794296254E+000  1.7291489533E-003  2.3559451730E+000  2.4980600175E+000  1.9148820623E-003  2.4683387311E+000  2.5248039950E+000  2.0805840888E-003  2.3201378670E+000  2.4954936002E+000  1.6022512842E-003  3.5871003113E-004
   1  -168   0    0  6.6168172051E-001  8.3409319756E+000  2.7456279418E-004  2.1662884439E+000  2.4928250155E+000  2.8226785408E-004  2.2540886947E+000  2.4593583128E+000  6.7130011024E-004  2.3499332247E+000  2.4794293946E+000  1.7294154410E-003  2.3557968940E+000  2.4979701810E+000  1.9149394268E-003  2.4682013142E+000  2.5246709780E+000  2.0805114202E-003  2.3199966963E+000  2.4954026406E+000  1.6024207177E-003  3.5870369403E-004
   1  -169   0    0  6.7167322454E-001  8.3408599669E+000  2.7474563638E-004  2.1664686715E+000  2.4928647331E+000  2.8270922262E-004  2.2542870668E+000  2.4593859131E+000  6.7156877137E-004  2.3500019117E+000  2.4794292168E+000  1.7296765181E-003  2.3556517044E+000  2.4978821935E+000  1.9149956044E-003  2.4680667255E+000  2.5245406985E+000  2.0804402259E-003  2.3198583838E+000  2.4953135502E+000  1.6025866624E-003  3.5869748798E-004
   1  -170   0    0  6.8166507631E-001  8.3407894862E+000  2.7492484583E-004  2.1666451756E+000  2.4929036834E+000  2.8314163969E-004  2.2544812986E+000  2.4594129788E+000  6.7183198559E-004  2.3500691830E+000  2.4794290891E+000  1.7299322791E-003  2.3555095469E+000  2.4977960215E+000  1.9150506167E-003  2.4679349140E+000  2.5244131071E+000  2.0803704804E-003  2.3197228796E+000  2.4952262954E+000  1.6027491813E-003  3.5869141057E-004
   1  -171   0    0  6.9165726240E-001  8.3407205038E+000  2.7510048261E-004  2.1668180244E+000  2.4929418783E+000  2.8356526129E-004  2.2546714671E+000  2.4594395181E+000  6.7208984775E-004  2.3501350643E+000  2.4794290088E+000  1.7301828175E-003  2.3553703650E+000  2.4977116320E+000  1.9151044852E-003  2.4678058293E+000  2.5242881549E+000  2.0803021580E-003  2.3195901342E+000  2.4951408430E+000  1.6029083369E-003  3.5868545945E-004
   1  -172   0    0  7.0164976984E-001  8.3406529906E+000  2.7527260633E-004  2.1669872852E+000  2.4929793296E+000  2.8398024189E-004  2.2548576482E+000  2.4594655392E+000  6.7234245177E-004  2.3501995811E+000  2.4794289730E+000  1.7304282262E-003  2.3552341028E+000  2.4976289925E+000  1.9151572311E-003  2.4676794216E+000  2.5241657937E+000  2.0802352336E-003  2.3194600989E+000  2.4950571600E+000  1.6030641906E-003  3.5867963228E-004
   1  -173   0    0  7.1164258614E-001  8.3405869179E+000  2.7544127617E-004  2.1671530243E+000  2.4930160488E+000  2.8438673437E-004  2.2550399169E+000  2.4594910502E+000  6.7258989062E-004  2.3502627585E+000  2.4794289791E+000  1.7306685965E-003  2.3551007052E+000  2.4975480707E+000  1.9152088752E-003  2.4675556414E+000  2.5240459758E+000  2.0801696823E-003  2.3193327252E+000  2.4949752140E+000  1.6032168034E-003  3.5867392676E-004
   1  -174   0    0  7.2163569921E-001  8.3405222574E+000  2.7560655078E-004  2.1673153074E+000  2.4930520477E+000  2.8478489000E-004  2.2552183474E+000  2.4595160594E+000  6.7283225627E-004  2.3503246213E+000  2.4794290247E+000  1.7309040192E-003  2.3549701178E+000  2.4974688348E+000  1.9152594381E-003  2.4674344402E+000  2.5239286541E+000  2.0801054794E-003  2.3192079655E+000  2.4948949728E+000  1.6033662352E-003  3.5866834061E-004
   1  -175   0    0  7.3162909742E-001  8.3404589812E+000  2.7576848834E-004  2.1674741992E+000  2.4930873378E+000  2.8517485838E-004  2.2553930126E+000  2.4595405747E+000  6.7306963970E-004  2.3503851940E+000  2.4794291073E+000  1.7311345838E-003  2.3548422869E+000  2.4973912535E+000  1.9153089403E-003  2.4673157700E+000  2.5238137821E+000  2.0800426006E-003  2.3190857725E+000  2.4948164049E+000  1.6035125454E-003  3.5866287159E-004
   1  -176   0    0  7.4162276955E-001  8.3403970620E+000  2.7592714648E-004  2.1676297636E+000  2.4931219307E+000  2.8555678744E-004  2.2555639846E+000  2.4595646042E+000  6.7330213085E-004  2.3504445007E+000  2.4794292247E+000  1.7313603789E-003  2.3547171596E+000  2.4973152956E+000  1.9153574017E-003  2.4671995833E+000  2.5237013140E+000  2.0799810217E-003  2.3189660994E+000  2.4947394790E+000  1.6036557926E-003  3.5865751748E-004
   1  -177   0    0  7.5161670476E-001  8.3403364726E+000  2.7608258229E-004  2.1677820634E+000  2.4931558376E+000  2.8593082335E-004  2.2557313345E+000  2.4595881559E+000  6.7352981864E-004  2.3505025654E+000  2.4794293747E+000  1.7315814919E-003  2.3545946840E+000  2.4972409306E+000  1.9154048423E-003  2.4670858333E+000  2.5235912044E+000  2.0799207190E-003  2.3188489004E+000  2.4946641642E+000  1.6037960344E-003  3.5865227611E-004
   1  -178   0    0  7.6161089263E-001  8.3402771866E+000  2.7623485228E-004  2.1679311608E+000  2.4931890699E+000  2.8629711057E-004  2.2558951322E+000  2.4596112377E+000  6.7375279089E-004  2.3505594114E+000  2.4794295551E+000  1.7317980092E-003  2.3544748084E+000  2.4971681284E+000  1.9154512815E-003  2.4669744739E+000  2.5234834088E+000  2.0798616688E-003  2.3187341297E+000  2.4945904301E+000  1.6039333278E-003  3.5864714532E-004
   1  -179   0    0  7.7160532311E-001  8.3402191779E+000  2.7638401240E-004  2.1680771170E+000  2.4932216390E+000  2.8665579177E-004  2.2560554467E+000  2.4596338574E+000  6.7397113439E-004  2.3506150619E+000  2.4794297641E+000  1.7320100161E-003  2.3543574825E+000  2.4970968592E+000  1.9154967387E-003  2.4668654597E+000  2.5233778830E+000  2.0798038482E-003  2.3186217424E+000  2.4945182467E+000  1.6040677291E-003  3.5864212298E-004
   1  -180   0    0  7.8159998651E-001  8.3401624207E+000  2.7653011798E-004  2.1682199924E+000  2.4932535559E+000  2.8700700780E-004  2.2562123459E+000  2.4596560229E+000  6.7418493480E-004  2.3506695399E+000  2.4794299996E+000  1.7322175967E-003  2.3542426563E+000  2.4970270937E+000  1.9155412326E-003  2.4667587456E+000  2.5232745837E+000  2.0797472340E-003  2.3185116943E+000  2.4944475844E+000  1.6041992935E-003  3.5863720701E-004
   1  -181   0    0  7.9159487350E-001  8.3401068897E+000  2.7667322377E-004  2.1683598462E+000  2.4932848318E+000  2.8735089774E-004  2.2563658969E+000  2.4596777420E+000  6.7439427669E-004  2.3507228677E+000  2.4794302598E+000  1.7324208342E-003  2.3541302808E+000  2.4969588029E+000  1.9155847821E-003  2.4666542876E+000  2.5231734681E+000  2.0796918038E-003  2.3184039414E+000  2.4943784140E+000  1.6043280757E-003  3.5863239534E-004
   1  -182   0    0  8.0158997510E-001  8.3400525602E+000  2.7681338387E-004  2.1684967371E+000  2.4933154775E+000  2.8768759880E-004  2.2565161656E+000  2.4596990222E+000  6.7459924353E-004  2.3507750677E+000  2.4794305431E+000  1.7326198104E-003  2.3540203077E+000  2.4968919584E+000  1.9156274056E-003  2.4665520421E+000  2.5230744940E+000  2.0796375351E-003  2.3182984408E+000  2.4943107067E+000  1.6044541294E-003  3.5862768594E-004
   1  -183   0    0  8.1158528267E-001  8.3399994076E+000  2.7695065177E-004  2.1686307227E+000  2.4933455040E+000  2.8801724636E-004  2.2566632167E+000  2.4597198712E+000  6.7479991767E-004  2.3508261615E+000  2.4794308477E+000  1.7328146062E-003  2.3539126893E+000  2.4968265322E+000  1.9156691211E-003  2.4664519660E+000  2.5229776198E+000  2.0795844060E-003  2.3181951497E+000  2.4942444344E+000  1.6045775076E-003  3.5862307681E-004
   1  -184   0    0  8.2158078789E-001  8.3399474081E+000  2.7708508031E-004  2.1687618598E+000  2.4933749220E+000  2.8833997395E-004  2.2568071142E+000  2.4597402965E+000  6.7499638031E-004  2.3508761709E+000  2.4794311721E+000  1.7330053012E-003  2.3538073789E+000  2.4967624965E+000  1.9157099465E-003  2.4663540172E+000  2.5228828047E+000  2.0795323948E-003  2.3180940262E+000  2.4941795689E+000  1.6046982625E-003  3.5861856599E-004
   1  -185   0    0  8.3157648274E-001  8.3398965379E+000  2.7721672166E-004  2.1688902043E+000  2.4934037421E+000  2.8865591323E-004  2.2569479210E+000  2.4597603055E+000  6.7518871155E-004  2.3509251168E+000  2.4794315147E+000  1.7331919740E-003  2.3537043305E+000  2.4966998241E+000  1.9157498994E-003  2.4662581540E+000  2.5227900084E+000  2.0794814802E-003  2.3179950290E+000  2.4941160830E+000  1.6048164454E-003  3.5861415153E-004
   1  -186   0    0  8.4157235952E-001  8.3398467740E+000  2.7734562737E-004  2.1690158112E+000  2.4934319750E+000  2.8896519399E-004  2.2570856987E+000  2.4597799057E+000  6.7537699032E-004  2.3509730203E+000  2.4794318742E+000  1.7333747020E-003  2.3536034987E+000  2.4966384884E+000  1.9157889971E-003  2.4661643354E+000  2.5226991911E+000  2.0794316410E-003  2.3178981173E+000  2.4940539494E+000  1.6049321070E-003  3.5860983153E-004
   1  -187   0    0  8.5156841081E-001  8.3397980935E+000  2.7747184830E-004  2.1691387345E+000  2.4934596310E+000  2.8926794414E-004  2.2572205084E+000  2.4597991043E+000  6.7556129444E-004  2.3510199018E+000  2.4794322491E+000  1.7335535614E-003  2.3535048391E+000  2.4965784628E+000  1.9158272565E-003  2.4660725211E+000  2.5226103138E+000  2.0793828564E-003  2.3178032509E+000  2.4939931417E+000  1.6050452970E-003  3.5860560412E-004
   1  -188   0    0  8.6156462950E-001  8.3397504741E+000  2.7759543464E-004  2.1692590276E+000  2.4934867204E+000  2.8956428971E-004  2.2573524096E+000  2.4598179086E+000  6.7574170057E-004  2.3510657816E+000  2.4794326383E+000  1.7337286274E-003  2.3534083077E+000  2.4965197215E+000  1.9158646945E-003  2.4659826714E+000  2.5225233382E+000  2.0793351061E-003  2.3177103902E+000  2.4939336336E+000  1.6051560644E-003  3.5860146743E-004
   1  -189   0    0  8.7156100872E-001  8.3397038938E+000  2.7771643591E-004  2.1693767429E+000  2.4935132534E+000  2.8985435486E-004  2.2574814614E+000  2.4598363256E+000  6.7591828424E-004  2.3511106794E+000  2.4794330403E+000  1.7338999739E-003  2.3533138617E+000  2.4964622389E+000  1.9159013274E-003  2.4658947472E+000  2.5224382264E+000  2.0792883698E-003  2.3176194963E+000  2.4938753993E+000  1.6052644574E-003  3.5859741967E-004
   1  -190   0    0  8.8155754188E-001  8.3396583311E+000  2.7783490095E-004  2.1694919318E+000  2.4935392402E+000  2.9013826186E-004  2.2576077214E+000  2.4598543624E+000  6.7609111982E-004  2.3511546149E+000  2.4794334542E+000  1.7340676737E-003  2.3532214585E+000  2.4964059899E+000  1.9159371715E-003  2.4658087101E+000  2.5223549412E+000  2.0792426278E-003  2.3175305309E+000  2.4938184134E+000  1.6053705234E-003  3.5859345904E-004
   1  -191   0    0  8.9155422265E-001  8.3396137647E+000  2.7795087793E-004  2.1696046451E+000  2.4935646906E+000  2.9041613110E-004  2.2577312464E+000  2.4598720260E+000  6.7626028058E-004  2.3511976073E+000  2.4794338786E+000  1.7342317986E-003  2.3531310567E+000  2.4963509498E+000  1.9159722426E-003  2.4657245223E+000  2.5222734461E+000  2.0791978604E-003  2.3174434561E+000  2.4937626511E+000  1.6054743090E-003  3.5858958379E-004
   1  -192   0    0  9.0155104494E-001  8.3395701740E+000  2.7806441432E-004  2.1697149326E+000  2.4935896145E+000  2.9068808112E-004  2.2578520924E+000  2.4598893232E+000  6.7642583860E-004  2.3512396756E+000  2.4794343127E+000  1.7343924191E-003  2.3530426154E+000  2.4962970943E+000  1.9160065564E-003  2.4656421466E+000  2.5221937050E+000  2.0791540486E-003  2.3173582347E+000  2.4937080877E+000  1.6055758602E-003  3.5858579219E-004
   1  -193   0    0  9.1154800291E-001  8.3395275384E+000  2.7817555691E-004  2.1698228431E+000  2.4936140216E+000  2.9095422857E-004  2.2579703141E+000  2.4599062608E+000  6.7658786487E-004  2.3512808382E+000  2.4794347554E+000  1.7345496046E-003  2.3529560943E+000  2.4962443995E+000  1.9160401283E-003  2.4655615464E+000  2.5221156826E+000  2.0791111733E-003  2.3172748304E+000  2.4936546991E+000  1.6056752219E-003  3.5858208255E-004
   1  -194   0    0  9.2154509092E-001  8.3394858380E+000  2.7828435180E-004  2.1699284249E+000  2.4936379215E+000  2.9121468826E-004  2.2580859655E+000  2.4599228455E+000  6.7674642922E-004  2.3513211136E+000  2.4794352058E+000  1.7347034235E-003  2.3528714541E+000  2.4961928419E+000  1.9160729734E-003  2.4654826860E+000  2.5220393442E+000  2.0790692160E-003  2.3171932069E+000  2.4936024616E+000  1.6057724385E-003  3.5857845319E-004
   1  -195   0    0  9.3154230358E-001  8.3394450532E+000  2.7839084441E-004  2.1700317253E+000  2.4936613236E+000  2.9146957312E-004  2.2581990995E+000  2.4599390840E+000  6.7690160037E-004  2.3513605195E+000  2.4794356629E+000  1.7348539429E-003  2.3527886560E+000  2.4961423985E+000  1.9161051066E-003  2.4654055299E+000  2.5219646555E+000  2.0790281584E-003  2.3171133290E+000  2.4935513520E+000  1.6058675536E-003  3.5857490247E-004
   1  -196   0    0  9.4153963571E-001  8.3394051646E+000  2.7849507947E-004  2.1701327907E+000  2.4936842373E+000  2.9171899427E-004  2.2583097681E+000  2.4599549827E+000  6.7705344591E-004  2.3513990739E+000  2.4794361259E+000  1.7350012289E-003  2.3527076619E+000  2.4960930465E+000  1.9161365423E-003  2.4653300435E+000  2.5218915831E+000  2.0789879824E-003  2.3170351618E+000  2.4935013472E+000  1.6059606099E-003  3.5857142880E-004
   1  -197   0    0  9.5153708232E-001  8.3393661533E+000  2.7859710102E-004  2.1702316668E+000  2.4937066717E+000  2.9196306098E-004  2.2584180223E+000  2.4599705481E+000  6.7720203234E-004  2.3514367938E+000  2.4794365940E+000  1.7351453465E-003  2.3526284345E+000  2.4960447638E+000  1.9161672950E-003  2.4652561927E+000  2.5218200938E+000  2.0789486704E-003  2.3169586711E+000  2.4934524248E+000  1.6060516495E-003  3.5856803058E-004
   1  -198   0    0  9.6153463863E-001  8.3393280009E+000  2.7869695242E-004  2.1703283985E+000  2.4937286359E+000  2.9220188069E-004  2.2585239123E+000  2.4599857865E+000  6.7734742503E-004  2.3514736965E+000  2.4794370665E+000  1.7352863595E-003  2.3525509371E+000  2.4959975284E+000  1.9161973787E-003  2.4651839440E+000  2.5217501553E+000  2.0789102049E-003  2.3168838232E+000  2.4934045627E+000  1.6061407137E-003  3.5856470627E-004
   1  -199   0    0  9.7153230005E-001  8.3392906891E+000  2.7879467636E-004  2.1704230297E+000  2.4937501390E+000  2.9243555906E-004  2.2586274872E+000  2.4600007042E+000  6.7748968825E-004  2.3515097986E+000  2.4794375426E+000  1.7354243308E-003  2.3524751337E+000  2.4959513187E+000  1.9162268072E-003  2.4651132645E+000  2.5216817358E+000  2.0788725689E-003  2.3168105851E+000  2.4933577390E+000  1.6062278431E-003  3.5856145433E-004
   1  -200   0    0  9.8153006218E-001  8.3392542000E+000  2.7889031483E-004  2.1705156038E+000  2.4937711896E+000  2.9266419993E-004  2.2587287955E+000  2.4600153073E+000  6.7762888520E-004  2.3515451167E+000  2.4794380216E+000  1.7355593220E-003  2.3524009889E+000  2.4959061138E+000  1.9162555941E-003  2.4650441218E+000  2.5216148040E+000  2.0788357455E-003  2.3167389242E+000  2.4933119326E+000  1.6063130776E-003  3.5855827327E-004
   1  -201   0    0  9.9152792079E-001  8.3392185162E+000  2.7898390917E-004  2.1706061633E+000  2.4937917964E+000  2.9288790539E-004  2.2588278844E+000  2.4600296018E+000  6.7776507798E-004  2.3515796668E+000  2.4794385030E+000  1.7356913938E-003  2.3523284680E+000  2.4958618928E+000  1.9162837527E-003  2.4649764844E+000  2.5215493291E+000  2.0787997182E-003  2.3166688086E+000  2.4932671224E+000  1.6063964562E-003  3.5855516162E-004
   1  -202  -4    2  9.9999999401E-001  8.3391888959E+000  2.7906164950E-004  2.1706813558E+000  2.4938089174E+000  2.9307368077E-004  2.2589101480E+000  2.4600414777E+000  6.7787817918E-004  2.3516083546E+000  2.4794389123E+000  1.7358010683E-003  2.3522682610E+000  2.4958251758E+000  1.9163071317E-003  2.4649203246E+000  2.5214949649E+000  2.0787698004E-003  2.3166105802E+000  2.4932299155E+000  1.6064656857E-003  3.5855257812E-004
