      
   1    -1   9    1 -1.0000000000E+000  8.3962694076E+000  1.9463032368E-004  2.0684392452E+000  2.4840393066E+000  6.7282169766E-005  2.1613180637E+000  2.4575881958E+000  5.3620646941E-004  2.3164310455E+000  2.4918761253E+000  1.5856203390E-003  2.4350373745E+000  2.5432891846E+000  1.8789805472E-003  2.5423457623E+000  2.5963544846E+000  2.1294497419E-003  2.3880789280E+000  2.5410377979E+000  1.5095686540E-003  3.6218640162E-004
   1    -2   0    0 -9.8014196063E-001  8.3955266672E+000  1.9540292345E-004  2.0697029114E+000  2.4840663395E+000  6.9593563127E-005  2.1621036457E+000  2.4574901946E+000  5.3766782168E-004  2.3168275195E+000  2.4916461337E+000  1.5872396636E-003  2.4341313305E+000  2.5427911998E+000  1.8794605698E-003  2.5414765311E+000  2.5955150692E+000  2.1288260734E-003  2.3874094198E+000  2.5405414657E+000  1.5107056167E-003  3.6214544539E-004
   1    -3   0    0 -9.7021576401E-001  8.3951479352E+000  1.9579783404E-004  2.0703451159E+000  2.4840802428E+000  7.0772952232E-005  2.1625064761E+000  2.4574408272E+000  5.3841363918E-004  2.3170289842E+000  2.4915291740E+000  1.5880660107E-003  2.4336692999E+000  2.5425371043E+000  1.8797048492E-003  2.5410334559E+000  2.5950871664E+000  2.1285080455E-003  2.3870666835E+000  2.5402882485E+000  1.5112846520E-003  3.6212456933E-004
   1    -4   0    0 -9.6029147347E-001  8.3947643417E+000  1.9619849465E-004  2.0709941302E+000  2.4840943767E+000  7.1968094754E-005  2.1629161159E+000  2.4573912278E+000  5.3916952965E-004  2.3172325693E+000  2.4914108963E+000  1.5889034405E-003  2.4332012926E+000  2.5422796526E+000  1.8799519550E-003  2.5405847961E+000  2.5946538654E+000  2.1281859413E-003  2.3867186247E+000  2.5400316345E+000  1.5118706642E-003  3.6210342809E-004
   1    -5   0    0 -9.5036910704E-001  8.3943759073E+000  1.9660490911E-004  2.0716498649E+000  2.4841087421E+000  7.3178945867E-005  2.1633326223E+000  2.4573414163E+000  5.3993546999E-004  2.3174382465E+000  2.4912913138E+000  1.5897519265E-003  2.4327273266E+000  2.5420188529E+000  1.8802018603E-003  2.5401305770E+000  2.5942151904E+000  2.1278597787E-003  2.3863652249E+000  2.5397716298E+000  1.5124636013E-003  3.6208202275E-004
   1    -6   0    0 -9.4044868128E-001  8.3939826560E+000  1.9701707777E-004  2.0723122246E+000  2.4841233398E+000  7.4405450028E-005  2.1637560502E+000  2.4572914138E+000  5.4071143042E-004  2.3176459858E+000  2.4911704407E+000  1.5906114347E-003  2.4322474234E+000  2.5417547154E+000  1.8804545359E-003  2.5396708278E+000  2.5937711695E+000  2.1275295788E-003  2.3860064686E+000  2.5395082430E+000  1.5130634062E-003  3.6206035462E-004
   1    -7   0    0 -9.3053021115E-001  8.3935846159E+000  1.9743499750E-004  2.0729811076E+000  2.4841381705E+000  7.5647540816E-005  2.1641864523E+000  2.4572412418E+000  5.4149737440E-004  2.3178557554E+000  2.4910482926E+000  1.5914819240E-003  2.4317616087E+000  2.5414872527E+000  1.8807099501E-003  2.5392055816E+000  2.5933218344E+000  2.1271953656E-003  2.3856423431E+000  2.5392414847E+000  1.5136700159E-003  3.6203842515E-004
   1    -8   0    0 -9.2061371001E-001  8.3931818183E+000  1.9785866158E-004  2.0736564065E+000  2.4841532350E+000  7.6905140796E-005  2.1646238790E+000  2.4571909226E+000  5.4229325853E-004  2.3180675215E+000  2.4909248859E+000  1.5923633455E-003  2.4312699122E+000  2.5412164794E+000  1.8809680691E-003  2.5387348758E+000  2.5928672210E+000  2.1268571658E-003  2.3852728388E+000  2.5389713678E+000  1.5142833620E-003  3.6201623602E-004
   1    -9   0    0 -9.1069918947E-001  8.3927742987E+000  1.9828805961E-004  2.0743380077E+000  2.4841685339E+000  7.8178161401E-005  2.1650683778E+000  2.4571404794E+000  5.4309903243E-004  2.3182812487E+000  2.4908002386E+000  1.5932556430E-003  2.4307723676E+000  2.5409424125E+000  1.8812288564E-003  2.5382587513E+000  2.5924073687E+000  2.1265150094E-003  2.3848979494E+000  2.5386979075E+000  1.5149033706E-003  3.6199378906E-004
   1   -10   0    0 -9.0078665938E-001  8.3923620961E+000  1.9872317752E-004  2.0750257916E+000  2.4841840678E+000  7.9466502838E-005  2.1655199936E+000  2.4570899357E+000  5.4391463875E-004  2.3184968998E+000  2.4906743695E+000  1.5941587526E-003  2.4302690129E+000  2.5406650715E+000  1.8814922732E-003  2.5377772534E+000  2.5919423210E+000  2.1261689291E-003  2.3845176715E+000  2.5384211212E+000  1.5155299621E-003  3.6197108631E-004
   1   -11   0    0 -8.9087612773E-001  8.3919452538E+000  1.9916399742E-004  2.0757196328E+000  2.4841998372E+000  8.0770054011E-005  2.1659787685E+000  2.4570393159E+000  5.4474001306E-004  2.3187144359E+000  2.4905472989E+000  1.5950726029E-003  2.4297598902E+000  2.5403844779E+000  1.8817582783E-003  2.5372904315E+000  2.5914721254E+000  2.1258189607E-003  2.3841320052E+000  2.5381410289E+000  1.5161630513E-003  3.6194813002E-004
   1   -12   0    0 -8.8096760057E-001  8.3915238186E+000  1.9961049764E-004  2.0764194002E+000  2.4842158425E+000  8.2088692478E-005  2.1664447414E+000  2.4569886452E+000  5.4557508382E-004  2.3189338164E+000  2.4904190480E+000  1.5959971146E-003  2.4292450459E+000  2.5401006558E+000  1.8820268281E-003  2.5367983388E+000  2.5909968332E+000  2.1254651430E-003  2.3837409542E+000  2.5378576527E+000  1.5168025474E-003  3.6192492260E-004
   1   -13   0    0 -8.7106108198E-001  8.3910978416E+000  2.0006265264E-004  2.0771249568E+000  2.4842320843E+000  8.3422284425E-005  2.1669179480E+000  2.4569379490E+000  5.4641977238E-004  2.3191549991E+000  2.4902896394E+000  1.5969322008E-003  2.4287245306E+000  2.5398136314E+000  1.8822978769E-003  2.5363010329E+000  2.5905164996E+000  2.1251075178E-003  2.3833445255E+000  2.5375710173E+000  1.5174483544E-003  3.6190146668E-004
   1   -14   0    0 -8.6115657399E-001  8.3906673777E+000  2.0052043298E-004  2.0778361604E+000  2.4842485630E+000  8.4770684668E-005  2.1673984207E+000  2.4568872538E+000  5.4727399298E-004  2.3193779400E+000  2.4901590968E+000  1.5978777671E-003  2.4281983992E+000  2.5395234337E+000  1.8825713762E-003  2.5357985753E+000  2.5900311839E+000  2.1247461298E-003  2.3829427296E+000  2.5372811496E+000  1.5181003705E-003  3.6187776506E-004
   1   -15   0    0 -8.5125407651E-001  8.3902324860E+000  2.0098380534E-004  2.0785528629E+000  2.4842652790E+000  8.6133736682E-005  2.1678861883E+000  2.4568365863E+000  5.4813765272E-004  2.3196025940E+000  2.4900274452E+000  1.5988337111E-003  2.4276667112E+000  2.5392300937E+000  1.8828472757E-003  2.5352910315E+000  2.5895409493E+000  2.1243810267E-003  2.3825355809E+000  2.5369880791E+000  1.5187584886E-003  3.6185382077E-004
   1   -16   0    0 -8.4135358733E-001  8.3897932296E+000  2.0145273244E-004  2.0792749114E+000  2.4842822327E+000  8.7511272653E-005  2.1683812760E+000  2.4567859739E+000  5.4901065164E-004  2.3198289141E+000  2.4898947105E+000  1.5997999229E-003  2.4271295302E+000  2.5389336451E+000  1.8831255226E-003  2.5347784713E+000  2.5890458630E+000  2.1240122592E-003  2.3821230974E+000  2.5366918377E+000  1.5194225964E-003  3.6182963701E-004
   1   -17   0    0 -8.3145510200E-001  8.3893496756E+000  2.0192717309E-004  2.0800021475E+000  2.4842994247E+000  8.8903113566E-005  2.1688837051E+000  2.4567354446E+000  5.4989288273E-004  2.3200568523E+000  2.4897609201E+000  1.6007762851E-003  2.4265869242E+000  2.5386341237E+000  1.8834060619E-003  2.5342609684E+000  2.5885459958E+000  2.1236398806E-003  2.3817053011E+000  2.5363924596E+000  1.5200925761E-003  3.6180521717E-004
   1   -18   0    0 -8.2155861383E-001  8.3889018953E+000  2.0240708215E-004  2.0807344082E+000  2.4843168555E+000  9.0309069311E-005  2.1693934928E+000  2.4566850267E+000  5.5078423198E-004  2.3202863591E+000  2.4896261025E+000  1.6017626726E-003  2.4260389657E+000  2.5383315681E+000  1.8836888365E-003  2.5337386005E+000  2.5880414227E+000  2.1232639474E-003  2.3812822177E+000  2.5360899817E+000  1.5207683051E-003  3.6178056484E-004
   1   -19   0    0 -8.1166411387E-001  8.3884499639E+000  2.0289241058E-004  2.0814715255E+000  2.4843345256E+000  9.1728938820E-005  2.1699106522E+000  2.4566347492E+000  5.5168457851E-004  2.3205173838E+000  2.4894902871E+000  1.6027589531E-003  2.4254857314E+000  2.5380260188E+000  1.8839737873E-003  2.5332114493E+000  2.5875322224E+000  2.1228845187E-003  2.3808538769E+000  2.5357844432E+000  1.5214496557E-003  3.6175568381E-004
   1   -20   0    0 -8.0177159081E-001  8.3879939610E+000  2.0338310542E-004  2.0822133272E+000  2.4843524357E+000  9.3162510231E-005  2.1704351920E+000  2.4565846413E+000  5.5259379462E-004  2.3207498746E+000  2.4893535048E+000  1.6037649869E-003  2.4249273025E+000  2.5377175191E+000  1.8842608531E-003  2.5326796003E+000  2.5870184773E+000  2.1225016564E-003  2.3804203126E+000  2.5354758855E+000  1.5221364951E-003  3.6173057805E-004
   1   -21   0    0 -7.9188103102E-001  8.3875339698E+000  2.0387910985E-004  2.0829596365E+000  2.4843705865E+000  9.4609561082E-005  2.1709671164E+000  2.4565347328E+000  5.5351174593E-004  2.3209837785E+000  2.4892157875E+000  1.6047806270E-003  2.4243637646E+000  2.5374061145E+000  1.8845499708E-003  2.5321431430E+000  2.5865002736E+000  2.1221154251E-003  2.3799815624E+000  2.5351643528E+000  1.5228286861E-003  3.6170525171E-004
   1   -22   0    0 -7.8199241850E-001  8.3870700780E+000  2.0438036323E-004  2.0837102728E+000  2.4843889790E+000  9.6069858529E-005  2.1715064249E+000  2.4564850537E+000  5.5443829147E-004  2.3212190419E+000  2.4890771682E+000  1.6058057195E-003  2.4237952076E+000  2.5370918528E+000  1.8848410753E-003  2.5316021705E+000  2.5859777012E+000  2.1217258920E-003  2.3795376685E+000  2.5348498916E+000  1.5235260868E-003  3.6167970914E-004
   1   -23   0    0 -7.7210573484E-001  8.3866023769E+000  2.0488680112E-004  2.0844650517E+000  2.4844076141E+000  9.7543159588E-005  2.1720531121E+000  2.4564356345E+000  5.5537328387E-004  2.3214556100E+000  2.4889376809E+000  1.6068401036E-003  2.4232217256E+000  2.5367747843E+000  1.8851340998E-003  2.5310567798E+000  2.5854508534E+000  2.1213331267E-003  2.3790886769E+000  2.5345325506E+000  1.5242285509E-003  3.6165395485E-004
   1   -24   0    0 -7.6222095927E-001  8.3861309622E+000  2.0539835536E-004  2.0852237851E+000  2.4844264930E+000  9.9029211407E-005  2.1726071675E+000  2.4563865057E+000  5.5631656952E-004  2.3216934275E+000  2.4887973610E+000  1.6078836119E-003  2.4226434170E+000  2.5364549613E+000  1.8854289758E-003  2.5305070713E+000  2.5849198272E+000  2.1209372015E-003  2.3786346378E+000  2.5342123809E+000  1.5249359278E-003  3.6162799355E-004
   1   -25   0    0 -7.5233806857E-001  8.3856559331E+000  2.0591495412E-004  2.0859862820E+000  2.4844456171E+000  1.0052775156E-004  2.1731685756E+000  2.4563376983E+000  5.5726798869E-004  2.3219324385E+000  2.4886562447E+000  1.6089360703E-003  2.4220603846E+000  2.5361324387E+000  1.8857256332E-003  2.5299531491E+000  2.5843847229E+000  2.1205381909E-003  2.3781756060E+000  2.5338894362E+000  1.5256480631E-003  3.6160183011E-004
   1   -26   0    0 -7.4245703714E-001  8.3851773930E+000  2.0643652201E-004  2.0867523481E+000  2.4844649879E+000  1.0203850836E-004  2.1737373154E+000  2.4562892433E+000  5.5822737581E-004  2.3221725864E+000  2.4885143693E+000  1.6099972985E-003  2.4214727352E+000  2.5358072732E+000  1.8860240003E-003  2.5293951206E+000  2.5838456441E+000  2.1201361717E-003  2.3777116402E+000  2.5335637721E+000  1.5263647985E-003  3.6157546956E-004
   1   -27   0    0 -7.3257783698E-001  8.3846954490E+000  2.0696298010E-004  2.0875217868E+000  2.4844846073E+000  1.0356120120E-004  2.1743133603E+000  2.4562411720E+000  5.5919455960E-004  2.3224138144E+000  2.4883717732E+000  1.6110671103E-003  2.4208805798E+000  2.5354795241E+000  1.8863240041E-003  2.5288330967E+000  2.5833026976E+000  2.1197312229E-003  2.3772428034E+000  2.5332354467E+000  1.5270859720E-003  3.6154891713E-004
   1   -28   0    0 -7.2270043770E-001  8.3842102121E+000  2.0749424608E-004  2.0882943988E+000  2.4845044774E+000  1.0509554092E-004  2.1748966783E+000  2.4561935158E+000  5.6016936331E-004  2.3226560653E+000  2.4882284958E+000  1.6121453135E-003  2.4202840333E+000  2.5351492526E+000  1.8866255701E-003  2.5282671912E+000  2.5827559935E+000  2.1193234254E-003  2.3767691630E+000  2.5329045202E+000  1.5278114184E-003  3.6152217816E-004
   1   -29   0    0 -7.1282480654E-001  8.3837217967E+000  2.0803023431E-004  2.0890699832E+000  2.4845246005E+000  1.0664123019E-004  2.1754872312E+000  2.4561463060E+000  5.6115160496E-004  2.3228992820E+000  2.4880845773E+000  1.6132317104E-003  2.4196832150E+000  2.5348165220E+000  1.8869286228E-003  2.5276975213E+000  2.5822056446E+000  2.1189128623E-003  2.3762907908E+000  2.5325710550E+000  1.5285409692E-003  3.6149525820E-004
   1   -30   0    0 -7.0295090837E-001  8.3832303211E+000  2.0857085592E-004  2.0898483369E+000  2.4845449793E+000  1.0819796387E-004  2.1760849750E+000  2.4560995740E+000  5.6214109759E-004  2.3231434071E+000  2.4879400591E+000  1.6143260980E-003  2.4190782476E+000  2.5344813976E+000  1.8872330854E-003  2.5271242069E+000  2.5816517667E+000  2.1184996184E-003  2.3758077627E+000  2.5322351156E+000  1.5292744530E-003  3.6146816290E-004
   1   -31   0    0 -6.9307870577E-001  8.3827359070E+000  2.0911601897E-004  2.0906292558E+000  2.4845656168E+000  1.0976542944E-004  2.1766898597E+000  2.4560533513E+000  5.6313764948E-004  2.3233883837E+000  2.4877949834E+000  1.6154282682E-003  2.4184692580E+000  2.5341439467E+000  1.8875388802E-003  2.5265473711E+000  2.5810944785E+000  2.1180837803E-003  2.3753201588E+000  2.5318967686E+000  1.5300116960E-003  3.6144089809E-004
   1   -32   0    0 -6.8320815901E-001  8.3822386796E+000  2.0966562851E-004  2.0914125346E+000  2.4845865163E+000  1.1134330747E-004  2.1773018287E+000  2.4560076691E+000  5.6414106443E-004  2.3236341546E+000  2.4876493932E+000  1.6165380083E-003  2.4178563768E+000  2.5338042385E+000  1.8878459286E-003  2.5259671392E+000  2.5805339010E+000  2.1176654361E-003  2.3748280639E+000  2.5315560826E+000  1.5307525215E-003  3.6141346973E-004
   1   -33   0    0 -6.7333922612E-001  8.3817387675E+000  2.1021958674E-004  2.0921979672E+000  2.4846076818E+000  1.1293127195E-004  2.1779208193E+000  2.4559625586E+000  5.6515114201E-004  2.3238806636E+000  2.4875033326E+000  1.6176551011E-003  2.4172397381E+000  2.5334623441E+000  1.8881541511E-003  2.5253836396E+000  2.5799701580E+000  2.1172446754E-003  2.3743315666E+000  2.5312131279E+000  1.5314967511E-003  3.6138588389E-004
   1   -34   0    0 -6.6347186291E-001  8.3812363024E+000  2.1077779312E-004  2.0929853472E+000  2.4846291173E+000  1.1452899084E-004  2.1785467620E+000  2.4559180508E+000  5.6616767783E-004  2.3241278545E+000  2.4873568463E+000  1.6187793250E-003  2.4166194796E+000  2.5331183363E+000  1.8884634679E-003  2.5247970027E+000  2.5794033755E+000  2.1168215892E-003  2.3738307600E+000  2.5308679771E+000  1.5322442042E-003  3.6135814680E-004
   1   -35   0    0 -6.5360602303E-001  8.3807314193E+000  2.1134014450E-004  2.0937744681E+000  2.4846508274E+000  1.1613612643E-004  2.1791795808E+000  2.4558741765E+000  5.6719046385E-004  2.3243756720E+000  2.4872099800E+000  1.6199104549E-003  2.4159957427E+000  2.5327722895E+000  1.8887737981E-003  2.5242073613E+000  2.5788336816E+000  2.1163962697E-003  2.3733257412E+000  2.5305207042E+000  1.5329946985E-003  3.6133026478E-004
   1   -36   0    0 -6.4374165803E-001  8.3802242561E+000  2.1190653525E-004  2.0945651235E+000  2.4846728173E+000  1.1775233584E-004  2.1798191930E+000  2.4558309661E+000  5.6821928859E-004  2.3246240616E+000  2.4870627799E+000  1.6210482619E-003  2.4153686719E+000  2.5324242801E+000  1.8890850608E-003  2.5236148506E+000  2.5782612067E+000  2.1159688104E-003  2.3728166118E+000  2.5301713851E+000  1.5337480505E-003  3.6130224430E-004
   1   -37   0    0 -6.3387871740E-001  8.3797149536E+000  2.1247685741E-004  2.0953571076E+000  2.4846950925E+000  1.1937727146E-004  2.1804655088E+000  2.4557884499E+000  5.6925393747E-004  2.3248729693E+000  2.4869152932E+000  1.6221925139E-003  2.4147384150E+000  2.5320743856E+000  1.8893971746E-003  2.5230196074E+000  2.5776860831E+000  2.1155393055E-003  2.3723034771E+000  2.5298200975E+000  1.5345040754E-003  3.6127409190E-004
   1   -38   0    0 -6.2401714864E-001  8.3792036556E+000  2.1305100079E-004  2.0961502156E+000  2.4847176591E+000  1.2101058138E-004  2.1811184316E+000  2.4557466577E+000  5.7029419305E-004  2.3251223426E+000  2.4867675676E+000  1.6233429758E-003  2.4141051230E+000  2.5317226852E+000  1.8897100578E-003  2.5224217706E+000  2.5771084447E+000  2.1151078502E-003  2.3717864468E+000  2.5294669205E+000  1.5352625873E-003  3.6124581423E-004
   1   -39   0    0 -6.1415689731E-001  8.3786905084E+000  2.1362885313E-004  2.0969442435E+000  2.4847405236E+000  1.2265190986E-004  2.1817778577E+000  2.4557056188E+000  5.7133983529E-004  2.3253721297E+000  2.4866196516E+000  1.6244994098E-003  2.4134689498E+000  2.5313692597E+000  1.8900236288E-003  2.5218214807E+000  2.5765284272E+000  2.1146745404E-003  2.3712656344E+000  2.5291119349E+000  1.5360233998E-003  3.6121741806E-004
   1   -40   0    0 -6.0429790711E-001  8.3781756608E+000  2.1421030025E-004  2.0977389890E+000  2.4847636932E+000  1.2430089776E-004  2.1824436763E+000  2.4556653623E+000  5.7239064186E-004  2.3256222802E+000  2.4864715942E+000  1.6256615757E-003  2.4128300523E+000  2.5310141910E+000  1.8903378057E-003  2.5212188798E+000  2.5759461678E+000  2.1142394728E-003  2.3707411575E+000  2.5287552227E+000  1.5367863260E-003  3.6118891020E-004
   1   -41   0    0 -5.9444011995E-001  8.3776592640E+000  2.1479522615E-004  2.0985342515E+000  2.4847871756E+000  1.2595718294E-004  2.1831157693E+000  2.4556259166E+000  5.7344638839E-004  2.3258727449E+000  2.4863234451E+000  1.6268292312E-003  2.4121885901E+000  2.5306575622E+000  1.8906525070E-003  2.5206141112E+000  2.5753618051E+000  2.1138027444E-003  2.3702131375E+000  2.5283968675E+000  1.5375511787E-003  3.6116029759E-004
   1   -42   0    0 -5.8458347601E-001  8.3771414716E+000  2.1538351314E-004  2.0993298322E+000  2.4848109789E+000  1.2762040071E-004  2.1837940116E+000  2.4555873096E+000  5.7450684869E-004  2.3261234762E+000  2.4861752545E+000  1.6280021322E-003  2.4115447254E+000  2.5302994578E+000  1.8909676511E-003  2.5200073199E+000  2.5747754788E+000  2.1133644526E-003  2.3696816996E+000  2.5280369540E+000  1.5383177708E-003  3.6113158721E-004
   1   -43   0    0 -5.7472791382E-001  8.3766224391E+000  2.1597504200E-004  2.1001255346E+000  2.4848351120E+000  1.2929018421E-004  2.1844782706E+000  2.4555495686E+000  5.7557179503E-004  2.3263744277E+000  2.4860270730E+000  1.6291800329E-003  2.4108986230E+000  2.5299399632E+000  1.8912831568E-003  2.5193986515E+000  2.5741873297E+000  2.1129246953E-003  2.3691469727E+000  2.5276755684E+000  1.5390859153E-003  3.6110278613E-004
   1   -44   0    0 -5.6487337036E-001  8.3761023241E+000  2.1656969207E-004  2.1009211647E+000  2.4848595842E+000  1.3096616483E-004  2.1851684066E+000  2.4555127204E+000  5.7664099839E-004  2.3266255547E+000  2.4858789518E+000  1.6303626863E-003  2.4102504499E+000  2.5295791650E+000  1.8915989432E-003  2.5187882530E+000  2.5735974998E+000  2.1124835705E-003  2.3686090894E+000  2.5273127978E+000  1.5398554255E-003  3.6107390144E-004
   1   -45   0    0 -5.5501978109E-001  8.3755812861E+000  2.1716734139E-004  2.1017165311E+000  2.4848844055E+000  1.3264797250E-004  2.1858642725E+000  2.4554767909E+000  5.7771422863E-004  2.3268768142E+000  2.4857309425E+000  1.6315498443E-003  2.4096003756E+000  2.5292171506E+000  1.8919149300E-003  2.5181762720E+000  2.5730061317E+000  2.1120411762E-003  2.3680681860E+000  2.5269487304E+000  1.5406261154E-003  3.6104494034E-004
   1   -46   0    0 -5.4516708009E-001  8.3750594860E+000  2.1776786679E-004  2.1025114454E+000  2.4849095863E+000  1.3433523613E-004  2.1865657138E+000  2.4554418056E+000  5.7879125477E-004  2.3271281648E+000  2.4855830970E+000  1.6327412578E-003  2.4089485714E+000  2.5288540083E+000  1.8922310372E-003  2.5175628568E+000  2.5724133686E+000  2.1115976104E-003  2.3675244019E+000  2.5265834554E+000  1.5413977998E-003  3.6101591003E-004
   1   -47   0    0 -5.3531520010E-001  8.3745370864E+000  2.1837114402E-004  2.1033057221E+000  2.4849351378E+000  1.3602758387E-004  2.1872725692E+000  2.4554077889E+000  5.7987184513E-004  2.3273795669E+000  2.4854354676E+000  1.6339366772E-003  2.4082952108E+000  2.5284898274E+000  1.8925471856E-003  2.5169481565E+000  2.5718193545E+000  2.1111529713E-003  2.3669778801E+000  2.5262170630E+000  1.5421702941E-003  3.6098681779E-004
   1   -48   0    0 -5.2546407262E-001  8.3740142512E+000  2.1897704784E-004  2.1040991789E+000  2.4849610716E+000  1.3772464342E-004  2.1879846696E+000  2.4553747648E+000  5.8095576755E-004  2.3276309827E+000  2.4852881069E+000  1.6351358522E-003  2.4076404688E+000  2.5281246976E+000  1.8928632964E-003  2.5163323204E+000  2.5712242338E+000  2.1107073567E-003  2.3664287668E+000  2.5258496440E+000  1.5429434152E-003  3.6095767090E-004
   1   -49   0    0 -5.1561362801E-001  8.3734911454E+000  2.1958545211E-004  2.1048916372E+000  2.4849873998E+000  1.3942604233E-004  2.1887018392E+000  2.4553427562E+000  5.8204278954E-004  2.3278823761E+000  2.4851410676E+000  1.6363385324E-003  2.4069845224E+000  2.5277587094E+000  1.8931792918E-003  2.5157154983E+000  2.5706281512E+000  2.1102608641E-003  2.3658772114E+000  2.5254812903E+000  1.5437169808E-003  3.6092847670E-004
   1   -50   0    0 -5.0576379554E-001  8.3729679351E+000  2.2019622987E-004  2.1056829215E+000  2.4850141351E+000  1.4113140823E-004  2.1894238949E+000  2.4553117853E+000  5.8313267846E-004  2.3281337129E+000  2.4849944029E+000  1.6375444674E-003  2.4063275499E+000  2.5273919538E+000  1.8934950945E-003  2.5150978402E+000  2.5700312516E+000  2.1098135910E-003  2.3653233662E+000  2.5251120942E+000  1.5444908102E-003  3.6089924252E-004
   1   -51   0    0 -4.9591450354E-001  8.3724447874E+000  2.2080925343E-004  2.1064728602E+000  2.4850412908E+000  1.4284036908E-004  2.1901506468E+000  2.4552818733E+000  5.8422520162E-004  2.3283849609E+000  2.4848481658E+000  1.6387534063E-003  2.4056697310E+000  2.5270245225E+000  1.8938106283E-003  2.5144794961E+000  2.5694336800E+000  2.1093656344E-003  2.3647673865E+000  2.5247421486E+000  1.5452647239E-003  3.6086997574E-004
   1   -52   0    0 -4.8606567943E-001  8.3719218697E+000  2.2142439444E-004  2.1072612852E+000  2.4850688805E+000  1.4455255333E-004  2.1908818980E+000  2.4552530406E+000  5.8532012643E-004  2.3286360896E+000  2.4847024096E+000  1.6399650988E-003  2.4050112466E+000  2.5266565074E+000  1.8941258175E-003  2.5138606162E+000  2.5688355815E+000  2.1089170909E-003  2.3642094303E+000  2.5243715472E+000  1.5460385442E-003  3.6084068374E-004
   1   -53   0    0 -4.7621724984E-001  8.3713993503E+000  2.2204152392E-004  2.1080480323E+000  2.4850969184E+000  1.4626759014E-004  2.1916174448E+000  2.4552253067E+000  5.8641722048E-004  2.3288870702E+000  2.4845571876E+000  1.6411792946E-003  2.4043522788E+000  2.5262880008E+000  1.8944405878E-003  2.5132413505E+000  2.5682371011E+000  2.1084680567E-003  2.3636496582E+000  2.5240003839E+000  1.5468120948E-003  3.6081137391E-004
   1   -54   0    0 -4.6636914073E-001  8.3708773975E+000  2.2266051237E-004  2.1088329411E+000  2.4851254189E+000  1.4798510946E-004  2.1923570773E+000  2.4551986900E+000  5.8751625166E-004  2.3291378759E+000  2.4844125530E+000  1.6423957438E-003  2.4036930103E+000  2.5259190954E+000  1.8947548653E-003  2.5126218487E+000  2.5676383836E+000  2.1080186275E-003  2.3630882334E+000  2.5236287531E+000  1.5475852011E-003  3.6078205362E-004
   1   -55   0    0 -4.5652127741E-001  8.3703561801E+000  2.2328122975E-004  2.1096158551E+000  2.4851543970E+000  1.4970474224E-004  2.1931005789E+000  2.4551732080E+000  5.8861698819E-004  2.3293884817E+000  2.4842685591E+000  1.6436141968E-003  2.4030336249E+000  2.5255498839E+000  1.8950685773E-003  2.5120022604E+000  2.5670395736E+000  2.1075688985E-003  2.3625253215E+000  2.5232567495E+000  1.5483576902E-003  3.6075273028E-004
   1   -56   0    0 -4.4667358474E-001  8.3698358667E+000  2.2390354557E-004  2.1103966216E+000  2.4851838679E+000  1.5142612046E-004  2.1938477267E+000  2.4551488770E+000  5.8971919871E-004  2.3296388642E+000  2.4841252590E+000  1.6448344044E-003  2.4023743067E+000  2.5251804595E+000  1.8953816522E-003  2.5113827348E+000  2.5664408153E+000  2.1071189646E-003  2.3619610901E+000  2.5228844681E+000  1.5491293912E-003  3.6072341124E-004
   1   -57   0    0 -4.3682598711E-001  8.3693166256E+000  2.2452732888E-004  2.1111750918E+000  2.4852138472E+000  1.5314887723E-004  2.1945982922E+000  2.4551257127E+000  5.9082265232E-004  2.3298890017E+000  2.4839827055E+000  1.6460561179E-003  2.4017152403E+000  2.5248109152E+000  1.8956940192E-003  2.5107634207E+000  2.5658422524E+000  2.1066689198E-003  2.3613957091E+000  2.5225120041E+000  1.5499001348E-003  3.6069410389E-004
   1   -58   0    0 -4.2697840865E-001  8.3687986249E+000  2.2515244831E-004  2.1119511207E+000  2.4852443505E+000  1.5487264680E-004  2.1953520409E+000  2.4551037292E+000  5.9192711856E-004  2.3301388741E+000  2.4838409514E+000  1.6472790890E-003  2.4010566108E+000  2.5244413441E+000  1.8960056085E-003  2.5101444662E+000  2.5652440284E+000  2.1062188580E-003  2.3608293501E+000  2.5221394526E+000  1.5506697535E-003  3.6066481557E-004
   1   -59   0    0 -4.1713077324E-001  8.3682820322E+000  2.2577877208E-004  2.1127245671E+000  2.4852753937E+000  1.5659706468E-004  2.1961087328E+000  2.4550829400E+000  5.9303236750E-004  2.3303884629E+000  2.4837000490E+000  1.6485030701E-003  2.4003986031E+000  2.5240718394E+000  1.8963163515E-003  2.5095260190E+000  2.5646462859E+000  2.1057688721E-003  2.3602621866E+000  2.5217669092E+000  1.5514380818E-003  3.6063555360E-004
   1   -60   0    0 -4.0728300469E-001  8.3677670142E+000  2.2640616802E-004  2.1134952938E+000  2.4853069929E+000  1.5832176756E-004  2.1968681227E+000  2.4550633571E+000  5.9413816966E-004  2.3306377508E+000  2.4835600502E+000  1.6497278136E-003  2.3997414021E+000  2.5237024941E+000  1.8966261803E-003  2.5089082260E+000  2.5640491671E+000  2.1053190548E-003  2.3596943935E+000  2.5213944690E+000  1.5522049560E-003  3.6060632529E-004
   1   -61   0    0 -3.9743502676E-001  8.3672537366E+000  2.2703450355E-004  2.1142631669E+000  2.4853391641E+000  1.6004639333E-004  2.1976299606E+000  2.4550449916E+000  5.9524429608E-004  2.3308867223E+000  2.4834210067E+000  1.6509530729E-003  2.3990851926E+000  2.5233334010E+000  1.8969350282E-003  2.5082912335E+000  2.5634528134E+000  2.1048694982E-003  2.3591261473E+000  2.5210222275E+000  1.5529702141E-003  3.6057713790E-004
   1   -62   0    0 -3.8758676335E-001  8.3667423643E+000  2.2766364570E-004  2.1150280563E+000  2.4853719233E+000  1.6177058111E-004  2.1983939916E+000  2.4550278534E+000  5.9635051825E-004  2.3311353626E+000  2.4832829696E+000  1.6521786013E-003  2.3984301589E+000  2.5229646528E+000  1.8972428296E-003  2.5076751870E+000  2.5628573655E+000  2.1044202939E-003  2.3585576254E+000  2.5206502796E+000  1.5537336961E-003  3.6054799867E-004
   1   -63   0    0 -3.7773813852E-001  8.3662330607E+000  2.2829346109E-004  2.1157898356E+000  2.4854052864E+000  1.6349397114E-004  2.1991599568E+000  2.4550119514E+000  5.9745660808E-004  2.3313836583E+000  2.4831459892E+000  1.6534041528E-003  2.3977764847E+000  2.5225963420E+000  1.8975495196E-003  2.5070602310E+000  2.5622629632E+000  2.1039715328E-003  2.3579890067E+000  2.5202787203E+000  1.5544952437E-003  3.6051891480E-004
   1   -64   0    0 -3.6788907667E-001  8.3657259877E+000  2.2892381592E-004  2.1165483815E+000  2.4854392692E+000  1.6521620480E-004  2.1999275932E+000  2.4549972930E+000  5.9856233791E-004  2.3316315970E+000  2.4830101156E+000  1.6546294815E-003  2.3971243531E+000  2.5222285605E+000  1.8978550347E-003  2.5064465092E+000  2.5616697455E+000  2.1035233056E-003  2.3574204704E+000  2.5199076444E+000  1.5552547005E-003  3.6048989345E-004
   1   -65   0    0 -3.5803950261E-001  8.3652213055E+000  2.2955457598E-004  2.1173035742E+000  2.4854738872E+000  1.6693692454E-004  2.2006966342E+000  2.4549838848E+000  5.9966748045E-004  2.3318791672E+000  2.4828753979E+000  1.6558543419E-003  2.3964739460E+000  2.5218614002E+000  1.8981593120E-003  2.5058341644E+000  2.5610778506E+000  2.1030757024E-003  2.3568521968E+000  2.5195371462E+000  1.5560119117E-003  3.6046094172E-004
   1   -66   0    0 -3.4818934167E-001  8.3647191727E+000  2.3018560661E-004  2.1180552970E+000  2.4855091555E+000  1.6865577382E-004  2.2014668101E+000  2.4549717320E+000  6.0077180875E-004  2.3321263579E+000  2.4827418844E+000  1.6570784887E-003  2.3958254445E+000  2.5214949522E+000  1.8984622897E-003  2.5052233382E+000  2.5604874153E+000  2.1026288128E-003  2.3562843665E+000  2.5191673196E+000  1.5567667244E-003  3.6043206668E-004
   1   -67   0    0 -3.3833851981E-001  8.3642197454E+000  2.3081677272E-004  2.1188034365E+000  2.4855450889E+000  1.7037239710E-004  2.2022378482E+000  2.4549608387E+000  6.0187509616E-004  2.3323731591E+000  2.4826096226E+000  1.6583016766E-003  2.3951790283E+000  2.5211293073E+000  1.8987639071E-003  2.5046141714E+000  2.5598985759E+000  2.1021827261E-003  2.3557171601E+000  2.5187982582E+000  1.5575189873E-003  3.6040327533E-004
   1   -68   0    0 -3.2848696376E-001  8.3637231779E+000  2.3144793875E-004  2.1195478819E+000  2.4855817017E+000  1.7208643972E-004  2.2030094736E+000  2.4549512076E+000  6.0297711628E-004  2.3326195610E+000  2.4824786593E+000  1.6595236605E-003  2.3945348756E+000  2.5207645558E+000  1.8990641042E-003  2.5040068033E+000  2.5593114673E+000  2.1017375311E-003  2.3551507587E+000  2.5184300550E+000  1.5582685507E-003  3.6037457461E-004
   1   -69   0    0 -3.1863460108E-001  8.3632296219E+000  2.3207896866E-004  2.1202885255E+000  2.4856190077E+000  1.7379754795E-004  2.2037814094E+000  2.4549428404E+000  6.0407764295E-004  2.3328655542E+000  2.4823490400E+000  1.6607441955E-003  2.3938931630E+000  2.5204007873E+000  1.8993628222E-003  2.5034013722E+000  2.5587262231E+000  2.1012933162E-003  2.3545853428E+000  2.5180628025E+000  1.5590152668E-003  3.6034597141E-004
   1   -70   0    0 -3.0878136033E-001  8.3627392263E+000  2.3270972597E-004  2.1210252623E+000  2.4856570197E+000  1.7550536888E-004  2.2045533768E+000  2.4549357376E+000  6.0517645022E-004  2.3331111296E+000  2.4822208093E+000  1.6619630365E-003  2.3932540653E+000  2.5200380907E+000  1.8996600031E-003  2.5027980152E+000  2.5581429761E+000  2.1008501695E-003  2.3540210929E+000  2.5176965925E+000  1.5597589891E-003  3.6031747255E-004
   1   -71   0    0 -2.9892717112E-001  8.3622521374E+000  2.3334007371E-004  2.1217579897E+000  2.4856957503E+000  1.7720955040E-004  2.2053250964E+000  2.4549298984E+000  6.0627331233E-004  2.3333562779E+000  2.4820940105E+000  1.6631799384E-003  2.3926177553E+000  2.5196765543E+000  1.8999555898E-003  2.5021968680E+000  2.5575618575E+000  2.1004081786E-003  2.3534581885E+000  2.5173315161E+000  1.5604995729E-003  3.6028908478E-004
   1   -72   0    0 -2.8907196428E-001  8.3617684985E+000  2.3396987446E-004  2.1224866076E+000  2.4857352109E+000  1.7890974125E-004  2.2060962878E+000  2.4549253207E+000  6.0736800368E-004  2.3336009900E+000  2.4819686859E+000  1.6643946562E-003  2.3919844035E+000  2.5193162654E+000  1.9002495261E-003  2.5015980649E+000  2.5569829974E+000  2.0999674310E-003  2.3528968086E+000  2.5169676636E+000  1.5612368752E-003  3.6026081476E-004
   1   -73   0    0 -2.7921567194E-001  8.3612884496E+000  2.3459899031E-004  2.1232110183E+000  2.4857754122E+000  1.8060559096E-004  2.2068666704E+000  2.4549220012E+000  6.0846029884E-004  2.3338452565E+000  2.4818448762E+000  1.6656069446E-003  2.3913541783E+000  2.5189573107E+000  1.9005417568E-003  2.5010017387E+000  2.5564065242E+000  2.0995280135E-003  2.3523371309E+000  2.5166051246E+000  1.5619707544E-003  3.6023266910E-004
   1   -74   0    0 -2.6935822765E-001  8.3608121276E+000  2.3522728296E-004  2.1239311263E+000  2.4858163639E+000  1.8229674990E-004  2.2076359640E+000  2.4549199356E+000  6.0954997259E-004  2.3340890676E+000  2.4817226211E+000  1.6668165585E-003  2.3907272452E+000  2.5185997759E+000  1.9008322277E-003  2.5004080208E+000  2.5558325651E+000  2.0990900128E-003  2.3517793321E+000  2.5162439876E+000  1.5627010705E-003  3.6020465429E-004
   1   -75   0    0 -2.5949956647E-001  8.3603396656E+000  2.3585461366E-004  2.1246468382E+000  2.4858580745E+000  1.8398286933E-004  2.2084038890E+000  2.4549191182E+000  6.1063679990E-004  2.3343324130E+000  2.4816019587E+000  1.6680232526E-003  2.3901037672E+000  2.5182437457E+000  1.9011208853E-003  2.4998170410E+000  2.5552612458E+000  2.0986535151E-003  2.3512235871E+000  2.5158843404E+000  1.5634276852E-003  3.6017677677E-004
   1   -76   0    0 -2.4963962512E-001  8.3598711932E+000  2.3648084330E-004  2.1253580626E+000  2.4859005517E+000  1.8566360146E-004  2.2091701670E+000  2.4549195421E+000  6.1172055599E-004  2.3345752819E+000  2.4814829254E+000  1.6692267817E-003  2.3894839043E+000  2.5178893037E+000  1.9014076773E-003  2.4992289274E+000  2.5546926901E+000  2.0982186065E-003  2.3506700692E+000  2.5155262694E+000  1.5641504618E-003  3.6014904286E-004
   1   -77   0    0 -2.3977834205E-001  8.3594068359E+000  2.3710583245E-004  2.1260647100E+000  2.4859438018E+000  1.8733859950E-004  2.2099345212E+000  2.4549211991E+000  6.1280101639E-004  2.3348176628E+000  2.4813655563E+000  1.6704269003E-003  2.3888678135E+000  2.5175365325E+000  1.9016925521E-003  2.4986438063E+000  2.5541270204E+000  2.0977853723E-003  2.3501189499E+000  2.5151698601E+000  1.5648692651E-003  3.6012145880E-004
   1   -78   0    0 -2.2991565755E-001  8.3589467154E+000  2.3772944139E-004  2.1267666927E+000  2.4859878300E+000  1.8900751786E-004  2.2106966771E+000  2.4549240801E+000  6.1387795699E-004  2.3350595431E+000  2.4812498847E+000  1.6716233636E-003  2.3882556484E+000  2.5171855135E+000  1.9019754591E-003  2.4980618023E+000  2.5535643573E+000  2.0973538978E-003  2.3495703982E+000  2.5148151969E+000  1.5655839618E-003  3.6009403070E-004
   1   -79   0    0 -2.2005151386E-001  8.3584909492E+000  2.3835153018E-004  2.1274639248E+000  2.4860326401E+000  1.9067001218E-004  2.2114563625E+000  2.4549281746E+000  6.1495115416E-004  2.3353009096E+000  2.4811359424E+000  1.6728159264E-003  2.3876475593E+000  2.5168363269E+000  1.9022563488E-003  2.4974830380E+000  2.5530048193E+000  2.0969242676E-003  2.3490245810E+000  2.5144623628E+000  1.5662944203E-003  3.6006676460E-004
   1   -80   0    0 -2.1018585525E-001  8.3580396503E+000  2.3897195876E-004  2.1281563220E+000  2.4860782346E+000  1.9232573959E-004  2.2122133084E+000  2.4549334709E+000  6.1602038481E-004  2.3355417479E+000  2.4810237592E+000  1.6740043441E-003  2.3870436926E+000  2.5164890516E+000  1.9025351725E-003  2.4969076340E+000  2.5524485235E+000  2.0964965659E-003  2.3484816622E+000  2.5141114395E+000  1.5670005104E-003  3.6003966639E-004
   1   -81   0    0 -2.0031862816E-001  8.3575929274E+000  2.3959058701E-004  2.1288438018E+000  2.4861246147E+000  1.9397435884E-004  2.2129672491E+000  2.4549399563E+000  6.1708542656E-004  2.3357820425E+000  2.4809133633E+000  1.6751883726E-003  2.3864441914E+000  2.5161437650E+000  1.9028118828E-003  2.4963357089E+000  2.5518955844E+000  2.0960708764E-003  2.3479418032E+000  2.5137625073E+000  1.5677021044E-003  3.6001274189E-004
   1   -82   0    0 -1.9044978122E-001  8.3571508846E+000  2.4020727485E-004  2.1295262832E+000  2.4861717800E+000  1.9561553055E-004  2.2137179232E+000  2.4549476169E+000  6.1814605784E-004  2.3360217769E+000  2.4808047808E+000  1.6763677681E-003  2.3858491944E+000  2.5158005433E+000  1.9030864331E-003  2.4957673790E+000  2.5513461148E+000  2.0956472823E-003  2.3474051620E+000  2.5134156450E+000  1.5683990759E-003  3.5998599674E-004
   1   -83   0    0 -1.8057926537E-001  8.3567136211E+000  2.4082188235E-004  2.1302036867E+000  2.4862197288E+000  1.9724891741E-004  2.2144650731E+000  2.4549564376E+000  6.1920205807E-004  2.3362609330E+000  2.4806980361E+000  1.6775422878E-003  2.3852588366E+000  2.5154594610E+000  1.9033587779E-003  2.4952027586E+000  2.5508002251E+000  2.0952258661E-003  2.3468718936E+000  2.5130709298E+000  1.5690913009E-003  3.5995943650E-004
   1   -84   0    0 -1.7070703394E-001  8.3562812315E+000  2.4143426985E-004  2.1308759344E+000  2.4862684579E+000  1.9887418450E-004  2.2152084464E+000  2.4549664025E+000  6.2025320782E-004  2.3364994918E+000  2.4805931516E+000  1.6787116897E-003  2.3846732484E+000  2.5151205911E+000  1.9036288728E-003  2.4946419592E+000  2.5502580236E+000  2.0948067096E-003  2.3463421494E+000  2.5127284375E+000  1.5697786573E-003  3.5993306659E-004
   1   -85   0    0 -1.6083304272E-001  8.3558538052E+000  2.4204429810E-004  2.1315429500E+000  2.4863179625E+000  2.0049099955E-004  2.2159477955E+000  2.4549774942E+000  6.2129928901E-004  2.3367374326E+000  2.4804901477E+000  1.6798757329E-003  2.3840925560E+000  2.5147840049E+000  1.9038966748E-003  2.4940850903E+000  2.5497196160E+000  2.0943898940E-003  2.3458160769E+000  2.5123882419E+000  1.5704610253E-003  3.5990689226E-004
   1   -86   0    0 -1.5095725001E-001  8.3554314267E+000  2.4265182835E-004  2.1322046587E+000  2.4863682363E+000  2.0209903324E-004  2.2166828787E+000  2.4549896947E+000  6.2234008511E-004  2.3369747336E+000  2.4803890426E+000  1.6810341779E-003  2.3835168813E+000  2.5144497721E+000  1.9041621417E-003  2.4935322585E+000  2.5491851058E+000  2.0939754994E-003  2.3452938199E+000  2.5120504152E+000  1.5711382874E-003  3.5988091865E-004
   1   -87   0    0 -1.4107961671E-001  8.3550141755E+000  2.4325672256E-004  2.1328609872E+000  2.4864192715E+000  2.0369795957E-004  2.2174134598E+000  2.4550029847E+000  6.2337538135E-004  2.3372113715E+000  2.4802898528E+000  1.6821867867E-003  2.3829463411E+000  2.5141179606E+000  1.9044252327E-003  2.4929835678E+000  2.5486545936E+000  2.0935636052E-003  2.3447755182E+000  2.5117150278E+000  1.5718103284E-003  3.5985515075E-004
   1   -88   0    0 -1.3120010631E-001  8.3546021256E+000  2.4385884350E-004  2.1335118639E+000  2.4864710588E+000  2.0528745618E-004  2.2181393092E+000  2.4550173440E+000  6.2440496496E-004  2.3374473216E+000  2.4801925924E+000  1.6833333234E-003  2.3823810479E+000  2.5137886363E+000  1.9046859084E-003  2.4924391197E+000  2.5481281776E+000  2.0931542899E-003  2.3442613070E+000  2.5113821481E+000  1.5724770359E-003  3.5982959338E-004
   1   -89   0    0 -1.2131868503E-001  8.3541953461E+000  2.4445805494E-004  2.1341572188E+000  2.4865235873E+000  2.0686720474E-004  2.2188602036E+000  2.4550327516E+000  6.2542862542E-004  2.3376825579E+000  2.4800972737E+000  1.6844735539E-003  2.3818211091E+000  2.5134618635E+000  1.9049441304E-003  2.4918990124E+000  2.5476059531E+000  2.0927476307E-003  2.3437513175E+000  2.5110518425E+000  1.5731382998E-003  3.5980425123E-004
   1   -90   0    0 -1.1143532174E-001  8.3537939005E+000  2.4505422182E-004  2.1347969834E+000  2.4865768447E+000  2.0843689131E-004  2.2195759268E+000  2.4550491855E+000  6.2644615470E-004  2.3379170527E+000  2.4800039067E+000  1.6856072466E-003  2.3812666271E+000  2.5131377042E+000  1.9051998620E-003  2.4913633416E+000  2.5470880125E+000  2.0923437038E-003  2.3432456760E+000  2.5107241754E+000  1.5737940130E-003  3.5977912880E-004
   1   -91   0    0 -1.0154998809E-001  8.3533978473E+000  2.4564721040E-004  2.1354310913E+000  2.4866308170E+000  2.0999620676E-004  2.2202862696E+000  2.4550666227E+000  6.2745734751E-004  2.3381507775E+000  2.4799124994E+000  1.6867341726E-003  2.3807176996E+000  2.5128162186E+000  1.9054530676E-003  2.4908321996E+000  2.5465744455E+000  2.0919425841E-003  2.3427445041E+000  2.5103992091E+000  1.5744440715E-003  3.5975423044E-004
   1   -92   0    0 -9.1662658474E-002  8.3530072392E+000  2.4623688845E-004  2.1360594774E+000  2.4866854890E+000  2.1154484713E-004  2.2209910302E+000  2.4550850396E+000  6.2846200161E-004  2.3383837019E+000  2.4798230576E+000  1.6878541060E-003  2.3801744188E+000  2.5124974648E+000  1.9057037131E-003  2.4903056757E+000  2.5460653384E+000  2.0915443450E-003  2.3422479186E+000  2.5100770038E+000  1.5750883740E-003  3.5972956034E-004
   1   -93   0    0 -8.1773310052E-002  8.3526221239E+000  2.4682312545E-004  2.1366820788E+000  2.4867408439E+000  2.1308251411E-004  2.2216900147E+000  2.4551044118E+000  6.2945991804E-004  2.3386157947E+000  2.4797355852E+000  1.6889668242E-003  2.3796368718E+000  2.5121814986E+000  1.9059517661E-003  2.4897838559E+000  2.5455607748E+000  2.0911490588E-003  2.3417560313E+000  2.5097576174E+000  1.5757268226E-003  3.5970512249E-004
   1   -94   0    0 -7.1881922758E-002  8.3522425436E+000  2.4740579274E-004  2.1372988345E+000  2.4867968635E+000  2.1460891538E-004  2.2223830368E+000  2.4551247140E+000  6.3045090140E-004  2.3388470232E+000  2.4796500839E+000  1.6900721080E-003  2.3791051408E+000  2.5118683739E+000  1.9061971955E-003  2.4892668230E+000  2.5450608346E+000  2.0907567957E-003  2.3412689488E+000  2.5094411054E+000  1.5763593227E-003  3.5968092072E-004
   1   -95   0    0 -6.1988479290E-002  8.3518685353E+000  2.4798476372E-004  2.1379096853E+000  2.4868535284E+000  2.1612376505E-004  2.2230699183E+000  2.4551459204E+000  6.3143476017E-004  2.3390773538E+000  2.4795665534E+000  1.6911697424E-003  2.3785793023E+000  2.5115581421E+000  1.9064399718E-003  2.4887546564E+000  2.5445655947E+000  2.0903676249E-003  2.3407867727E+000  2.5091275213E+000  1.5769857831E-003  3.5965695869E-004
   1   -96   0    0 -5.2092965101E-002  8.3515001305E+000  2.4855991405E-004  2.1385145743E+000  2.4869108177E+000  2.1762678407E-004  2.2237504893E+000  2.4551680046E+000  6.3241130692E-004  2.3393067515E+000  2.4794849914E+000  1.6922595163E-003  2.3780594277E+000  2.5112508524E+000  1.9066800672E-003  2.4882474318E+000  2.5440751288E+000  2.0899816133E-003  2.3403095991E+000  2.5088169159E+000  1.5776061163E-003  3.5963323985E-004
   1   -97   0    0 -4.2195368371E-002  8.3511373555E+000  2.4913112181E-004  2.1391134467E+000  2.4869687096E+000  2.1911770064E-004  2.2244245882E+000  2.4551909394E+000  6.3338035862E-004  2.3395351806E+000  2.4794053935E+000  1.6933412235E-003  2.3775455832E+000  2.5109465518E+000  1.9069174555E-003  2.4877452216E+000  2.5435895067E+000  2.0895988262E-003  2.3398375188E+000  2.5085093377E+000  1.5782202384E-003  3.5960976748E-004
   1   -98   0    0 -3.2295679981E-002  8.3507802314E+000  2.4969826769E-004  2.1397062498E+000  2.4870271807E+000  2.2059625060E-004  2.2250920620E+000  2.4552146971E+000  6.3434173693E-004  2.3397626043E+000  2.4793277534E+000  1.6944146621E-003  2.3770378294E+000  2.5106452847E+000  1.9071521122E-003  2.4872480945E+000  2.5431087952E+000  2.0892193269E-003  2.3393706172E+000  2.5082048329E+000  1.5788280693E-003  3.5958654466E-004
   1   -99   0    0 -2.2393893476E-002  8.3504287742E+000  2.5026123515E-004  2.1402929336E+000  2.4870862068E+000  2.2206217780E-004  2.2257527659E+000  2.4552392498E+000  6.3529526841E-004  2.3399889851E+000  2.4792520631E+000  1.6954796359E-003  2.3765362218E+000  2.5103470935E+000  1.9073840144E-003  2.4867561154E+000  2.5426330572E+000  2.0888431768E-003  2.3389089742E+000  2.5079034451E+000  1.5794295328E-003  3.5956357430E-004
   1  -100   0    0 -1.2490005016E-002  8.3500829947E+000  2.5081991063E-004  2.1408734502E+000  2.4871457625E+000  2.2351523447E-004  2.2264065640E+000  2.4552645689E+000  6.3624078481E-004  2.3402142849E+000  2.4791783124E+000  1.6965359538E-003  2.3760408105E+000  2.5100520178E+000  1.9076131410E-003  2.4862693457E+000  2.5421623521E+000  2.0884704350E-003  2.3384526642E+000  2.5076052153E+000  1.5800245569E-003  3.5954085910E-004
   1  -101   0    0 -2.5840133263E-003  8.3497428990E+000  2.5137418369E-004  2.1414477543E+000  2.4872058215E+000  2.2495518161E-004  2.2270533290E+000  2.4552906255E+000  6.3717812329E-004  2.3404384647E+000  2.4791064895E+000  1.6975834303E-003  2.3755516404E+000  2.5097600950E+000  1.9078394729E-003  2.4857878429E+000  2.5416967357E+000  2.0881011584E-003  2.3380017562E+000  2.5073101822E+000  1.5806130737E-003  3.5951840157E-004
   1  -102   0    0  7.3240803616E-003  8.3494084881E+000  2.5192394717E-004  2.1420158033E+000  2.4872663567E+000  2.2638178929E-004  2.2276929421E+000  2.4553173904E+000  6.3810712668E-004  2.3406614852E+000  2.4790365809E+000  1.6986218862E-003  2.3750687512E+000  2.5094713599E+000  1.9080629923E-003  2.4853116607E+000  2.5412362601E+000  2.0877354017E-003  2.3375563135E+000  2.5070183816E+000  1.5811950192E-003  3.5949620402E-004
   1  -103   0    0  1.7234272377E-002  8.3490797581E+000  2.5246909734E-004  2.1425775572E+000  2.4873273399E+000  2.2779483694E-004  2.2283252931E+000  2.4553448341E+000  6.3902764366E-004  2.3408833066E+000  2.4789685714E+000  1.6996511482E-003  2.3745921773E+000  2.5091858451E+000  1.9082836837E-003  2.4848408489E+000  2.5407809737E+000  2.0873732173E-003  2.3371163941E+000  2.5067298473E+000  1.5817703342E-003  3.5947426859E-004
   1  -104   0    0  2.7146556681E-002  8.3487567008E+000  2.5300953406E-004  2.1431329787E+000  2.4873887426E+000  2.2919411372E-004  2.2289502807E+000  2.4553729268E+000  6.3993952903E-004  2.3411038890E+000  2.4789024439E+000  1.7006710498E-003  2.3741219480E+000  2.5089035804E+000  1.9085015331E-003  2.4843754537E+000  2.5403309211E+000  2.0870146549E-003  2.3366820504E+000  2.5064446099E+000  1.5823389634E-003  3.5945259718E-004
   1  -105   0    0  3.7060924944E-002  8.3484393034E+000  2.5354516091E-004  2.1436820334E+000  2.4874505352E+000  2.3057941871E-004  2.2295678117E+000  2.4554016389E+000  6.4084264381E-004  2.3413231922E+000  2.4788381801E+000  1.7016814308E-003  2.3736580877E+000  2.5086245934E+000  1.9087165285E-003  2.4839155171E+000  2.5398861432E+000  2.0866597619E-003  2.3362533293E+000  2.5061626979E+000  1.5829008562E-003  3.5943119154E-004
   1  -106   0    0  4.6977366625E-002  8.3481275484E+000  2.5407588528E-004  2.1442246898E+000  2.4875126878E+000  2.3195056119E-004  2.2301778018E+000  2.4554309402E+000  6.4173685550E-004  2.3415411759E+000  2.4787757601E+000  1.7026821383E-003  2.3732006156E+000  2.5083489090E+000  1.9089286595E-003  2.4834610775E+000  2.5394466772E+000  2.0863085832E-003  2.3358302725E+000  2.5058841371E+000  1.5834559664E-003  3.5941005321E-004
   1  -107   0    0  5.6895869063E-002  8.3478214145E+000  2.5460161856E-004  2.1447609193E+000  2.4875751700E+000  2.3330736085E-004  2.2307801747E+000  2.4554608008E+000  6.4262203818E-004  2.3417578000E+000  2.4787151626E+000  1.7036730261E-003  2.3727495464E+000  2.5080765499E+000  1.9091379178E-003  2.4830121692E+000  2.5390125565E+000  2.0859611610E-003  2.3354129162E+000  2.5056089507E+000  1.5840042522E-003  3.5938918352E-004
   1  -108   0    0  6.6816417562E-002  8.3475208760E+000  2.5512227614E-004  2.1452906962E+000  2.4876379508E+000  2.3464964797E-004  2.2313748626E+000  2.4554911907E+000  6.4349807267E-004  2.3419730244E+000  2.4786563650E+000  1.7046539557E-003  2.3723048896E+000  2.5078075362E+000  1.9093442968E-003  2.4825688228E+000  2.5385838108E+000  2.0856175347E-003  2.3350012915E+000  2.5053371595E+000  1.5845456764E-003  3.5936858364E-004
   1  -109   0    0  7.6738995487E-002  8.3472259035E+000  2.5563777760E-004  2.1458139980E+000  2.4877009992E+000  2.3597726357E-004  2.2319618055E+000  2.4555220799E+000  6.4436484666E-004  2.3421868094E+000  2.4785993433E+000  1.7056247955E-003  2.3718666503E+000  2.5075418855E+000  1.9095477916E-003  2.4821310650E+000  2.5381604660E+000  2.0852777414E-003  2.3345954242E+000  2.5050687816E+000  1.5850802063E-003  3.5934825452E-004
   1  -110   0    0  8.6663584362E-002  8.3469364636E+000  2.5614804673E-004  2.1463308053E+000  2.4877642836E+000  2.3729005959E-004  2.2325409517E+000  2.4555534386E+000  6.4522225477E-004  2.3423991157E+000  2.4785440726E+000  1.7065854219E-003  2.3714348290E+000  2.5072796133E+000  1.9097483994E-003  2.4816989187E+000  2.5377425445E+000  2.0849418151E-003  2.3341953351E+000  2.5048038327E+000  1.5856078137E-003  3.5932819694E-004
   1  -111   0    0  9.6590163967E-002  8.3466525195E+000  2.5665301161E-004  2.1468411016E+000  2.4878277725E+000  2.3858789890E-004  2.2331122569E+000  2.4555852370E+000  6.4607019870E-004  2.3426099045E+000  2.4784905266E+000  1.7075357187E-003  2.3710094217E+000  2.5070207323E+000  1.9099461188E-003  2.4812724030E+000  2.5373300648E+000  2.0846097873E-003  2.3338010398E+000  2.5045423262E+000  1.5861284751E-003  3.5930841150E-004
   1  -112   0    0  1.0651871244E-001  8.3463740309E+000  2.5715260467E-004  2.1473448738E+000  2.4878914343E+000  2.3987065545E-004  2.2336756849E+000  2.4556174456E+000  6.4690858723E-004  2.3428191374E+000  2.4784386783E+000  1.7084755775E-003  2.3705904203E+000  2.5067652533E+000  1.9101409505E-003  2.4808515333E+000  2.5369230419E+000  2.0842816866E-003  2.3334125495E+000  2.5042842727E+000  1.5866421712E-003  3.5928889861E-004
   1  -113   0    0  1.1644920637E-001  8.3461009543E+000  2.5764676275E-004  2.1478421117E+000  2.4879552372E+000  2.4113821428E-004  2.2342312065E+000  2.4556500352E+000  6.4773733630E-004  2.3430267769E+000  2.4783884995E+000  1.7094048977E-003  2.3701778122E+000  2.5065131844E+000  1.9103328967E-003  2.4804363212E+000  2.5365214873E+000  2.0839575390E-003  2.3330298703E+000  2.5040296809E+000  1.5871488874E-003  3.5926965851E-004
   1  -114   0    0  1.2638162092E-001  8.3458332428E+000  2.5813542709E-004  2.1483328084E+000  2.4880191497E+000  2.4239047155E-004  2.2347787999E+000  2.4556829767E+000  6.4855636903E-004  2.3432327862E+000  2.4783399614E+000  1.7103235865E-003  2.3697715810E+000  2.5062645317E+000  1.9105219613E-003  2.4800267749E+000  2.5361254088E+000  2.0836373677E-003  2.3326530038E+000  2.5037785567E+000  1.5876486135E-003  3.5925069124E-004
   1  -115   0    0  1.3631592990E-001  8.3455708471E+000  2.5861854340E-004  2.1488169602E+000  2.4880831402E+000  2.4362733448E-004  2.2353184502E+000  2.4557162414E+000  6.4936561571E-004  2.3434371294E+000  2.4782930343E+000  1.7112315591E-003  2.3693717065E+000  2.5060192989E+000  1.9107081502E-003  2.4796228987E+000  2.5357348110E+000  2.0833211929E-003  2.3322819470E+000  2.5035309040E+000  1.5881413435E-003  3.5923199671E-004
   1  -116   0    0  1.4625210591E-001  8.3453137147E+000  2.5909606181E-004  2.1492945663E+000  2.4881471777E+000  2.4484872136E-004  2.2358501494E+000  2.4557498011E+000  6.5016501382E-004  2.3436397716E+000  2.4782476878E+000  1.7121287385E-003  2.3689781644E+000  2.5057774876E+000  1.9108914705E-003  2.4792246938E+000  2.5353496949E+000  2.0830090324E-003  2.3319166928E+000  2.5032867243E+000  1.5886270759E-003  3.5921357462E-004
   1  -117   0    0  1.5619012040E-001  8.3450617908E+000  2.5956793693E-004  2.1497656293E+000  2.4882112310E+000  2.4605456145E-004  2.2363738959E+000  2.4557836279E+000  6.5095450797E-004  2.3438406787E+000  2.4782038909E+000  1.7130150556E-003  2.3685909272E+000  2.5055390973E+000  1.9110719312E-003  2.4788321576E+000  2.5349700584E+000  2.0827009011E-003  2.3315572297E+000  2.5030460170E+000  1.5891058132E-003  3.5919542455E-004
   1  -118   0    0  1.6612994378E-001  8.3448150181E+000  2.6003412779E-004  2.1502301547E+000  2.4882752696E+000  2.4724479490E-004  2.2368896947E+000  2.4558176942E+000  6.5173404987E-004  2.3440398180E+000  2.4781616122E+000  1.7138904490E-003  2.3682099637E+000  2.5053041254E+000  1.9112495426E-003  2.4784452843E+000  2.5345958958E+000  2.0823968113E-003  2.3312035422E+000  2.5028087794E+000  1.5895775623E-003  3.5917754590E-004
   1  -119   0    0  1.7607154556E-001  8.3445733371E+000  2.6049459783E-004  2.1506881513E+000  2.4883392632E+000  2.4841937264E-004  2.2373975566E+000  2.4558519732E+000  6.5250359828E-004  2.3442371578E+000  2.4781208197E+000  1.7147548653E-003  2.3678352394E+000  2.5050725672E+000  1.9114243167E-003  2.4780640650E+000  2.5342271986E+000  2.0820967725E-003  2.3308556111E+000  2.5025750064E+000  1.5900423341E-003  3.5915993790E-004
   1  -120   0    0  1.8601489438E-001  8.3443366864E+000  2.6094931487E-004  2.1511396306E+000  2.4884031821E+000  2.4957825619E-004  2.2378974983E+000  2.4558864381E+000  6.5326311890E-004  2.3444326676E+000  2.4780814810E+000  1.7156082586E-003  2.3674667168E+000  2.5048444162E+000  1.9115962668E-003  2.4776884875E+000  2.5338639551E+000  2.0818007917E-003  2.3305134132E+000  2.5023446914E+000  1.5905001432E-003  3.5914259968E-004
   1  -121   0    0  1.9595995817E-001  8.3441050024E+000  2.6139825105E-004  2.1515846075E+000  2.4884669969E+000  2.5072141754E-004  2.2383895422E+000  2.4559210632E+000  6.5401258431E-004  2.3446263183E+000  2.4780435635E+000  1.7164505909E-003  2.3671043553E+000  2.5046196637E+000  1.9117654079E-003  2.4773185363E+000  2.5335061507E+000  2.0815088733E-003  2.3301769219E+000  2.5021178253E+000  1.5909510085E-003  3.5912553017E-004
   1  -122   0    0  2.0590670419E-001  8.3438782201E+000  2.6184138278E-004  2.1520230994E+000  2.4885306790E+000  2.5184883898E-004  2.2388737159E+000  2.4559558230E+000  6.5475197383E-004  2.3448180820E+000  2.4780070345E+000  1.7172818313E-003  2.3667481115E+000  2.5043982996E+000  1.9119317560E-003  2.4769541933E+000  2.5331537677E+000  2.0812210190E-003  2.3298461070E+000  2.5018943975E+000  1.5913949522E-003  3.5910872822E-004
   1  -123   0    0  2.1585509918E-001  8.3436562727E+000  2.6227869070E-004  2.1524551268E+000  2.4885942003E+000  2.5296051285E-004  2.2393500522E+000  2.4559906926E+000  6.5548127346E-004  2.3450079323E+000  2.4779718607E+000  1.7181019568E-003  2.3663979393E+000  2.5041803116E+000  1.9120953285E-003  2.4765954372E+000  2.5328067858E+000  2.0809372282E-003  2.3295209354E+000  2.5016743955E+000  1.5918320006E-003  3.5909219249E-004
   1  -124   0    0  2.2580510936E-001  8.3434390923E+000  2.6271015958E-004  2.1528807132E+000  2.4886575333E+000  2.5405644134E-004  2.2398185888E+000  2.4560256479E+000  6.5620047567E-004  2.3451958441E+000  2.4779380090E+000  1.7189109513E-003  2.3660537901E+000  2.5039656859E+000  1.9122561442E-003  2.4762422443E+000  2.5324651820E+000  2.0806574979E-003  2.3292013705E+000  2.5014578048E+000  1.5922621830E-003  3.5907592157E-004
   1  -125   0    0  2.3575670061E-001  8.3432266095E+000  2.6313577826E-004  2.1532998844E+000  2.4887206511E+000  2.5513663625E-004  2.2402793679E+000  2.4560606650E+000  6.5690957931E-004  2.3453817937E+000  2.4779054464E+000  1.7197088060E-003  2.3657156128E+000  2.5037544071E+000  1.9124142229E-003  2.4758945877E+000  2.5321289306E+000  2.0803818225E-003  2.3288873731E+000  2.5012446095E+000  1.5926855325E-003  3.5905991388E-004
   1  -126   0    0  2.4570983849E-001  8.3430187539E+000  2.6355553953E-004  2.1537126693E+000  2.4887835278E+000  2.5620111877E-004  2.2407324360E+000  2.4560957212E+000  6.5760858947E-004  2.3455657590E+000  2.4778741395E+000  1.7204955191E-003  2.3653833543E+000  2.5035464579E+000  1.9125695856E-003  2.4755524384E+000  2.5317980035E+000  2.0801101944E-003  2.3285789010E+000  2.5010347920E+000  1.5931020854E-003  3.5904416776E-004
   1  -127   0    0  2.5566448833E-001  8.3428154541E+000  2.6396944010E-004  2.1541190991E+000  2.4888461380E+000  2.5724991916E-004  2.2411778440E+000  2.4561307941E+000  6.5829751727E-004  2.3457477194E+000  2.4778440552E+000  1.7212710954E-003  2.3650569592E+000  2.5033418199E+000  1.9127222544E-003  2.4752157648E+000  2.5314723703E+000  2.0798426036E-003  2.3282759095E+000  2.5008283331E+000  1.5935118809E-003  3.5902868142E-004
   1  -128   0    0  2.6562061531E-001  8.3426166380E+000  2.6437748044E-004  2.1545192077E+000  2.4889084572E+000  2.5828307652E-004  2.2416156462E+000  2.4561658619E+000  6.5897637971E-004  2.3459276557E+000  2.4778151606E+000  1.7220355465E-003  2.3647363702E+000  2.5031404730E+000  1.9128722524E-003  2.4748845327E+000  2.5311519980E+000  2.0795790378E-003  2.3279783516E+000  2.5006252121E+000  1.5939149614E-003  3.5901345296E-004
   1  -129   0    0  2.7557818455E-001  8.3424222328E+000  2.6477966473E-004  2.1549130313E+000  2.4889704616E+000  2.5930063850E-004  2.2420459011E+000  2.4562009037E+000  6.5964519952E-004  2.3461055502E+000  2.4777874228E+000  1.7227888905E-003  2.3644215282E+000  2.5029423958E+000  1.9130196037E-003  2.4745587060E+000  2.5308368519E+000  2.0793194828E-003  2.3276861776E+000  2.5004254069E+000  1.5943113721E-003  3.5899848041E-004
   1  -130   0    0  2.8553716111E-001  8.3422321651E+000  2.6517600072E-004  2.1553006085E+000  2.4890321282E+000  2.6030266097E-004  2.2424686703E+000  2.4562358992E+000  6.6030400496E-004  2.3462813868E+000  2.4777608093E+000  1.7235311517E-003  2.3641123725E+000  2.5027475656E+000  1.9131643331E-003  2.4742382464E+000  2.5305268947E+000  2.0790639224E-003  2.3273993361E+000  2.5002288942E+000  1.5947011610E-003  3.5898376166E-004
   1  -131   0    0  2.9549751016E-001  8.3420463611E+000  2.6556649960E-004  2.1556819803E+000  2.4890934350E+000  2.6128920776E-004  2.2428840186E+000  2.4562708288E+000  6.6095282960E-004  2.3464551507E+000  2.4777352876E+000  1.7242623603E-003  2.3638088407E+000  2.5025559583E+000  1.9133064666E-003  2.4739231133E+000  2.5302220877E+000  2.0788123382E-003  2.3271177735E+000  2.5000356492E+000  1.5950843786E-003  3.5896929457E-004
   1  -132   0    0  3.0545919692E-001  8.3418647466E+000  2.6595117595E-004  2.1560571895E+000  2.4891543608E+000  2.6226035036E-004  2.2432920138E+000  2.4563056734E+000  6.6159171218E-004  2.3466268290E+000  2.4777108258E+000  1.7249825526E-003  2.3635108693E+000  2.5023675489E+000  1.9134460307E-003  2.4736132645E+000  2.5299223899E+000  2.0785647103E-003  2.3268414344E+000  2.4998456461E+000  1.5954610780E-003  3.5895507686E-004
   1  -133   0    0  3.1542218680E-001  8.3416872475E+000  2.6633004758E-004  2.1564262814E+000  2.4892148850E+000  2.6321616756E-004  2.2436927264E+000  2.4563404150E+000  6.6222069639E-004  2.3467964099E+000  2.4776873922E+000  1.7256917703E-003  2.3632183931E+000  2.5021823110E+000  1.9135830527E-003  2.4733086558E+000  2.5296277587E+000  2.0783210167E-003  2.3265702616E+000  2.4996588579E+000  1.5958313143E-003  3.5894110621E-004
   1  -134   0    0  3.2538644544E-001  8.3415137894E+000  2.6670313539E-004  2.1567893030E+000  2.4892749882E+000  2.6415674518E-004  2.2440862297E+000  2.4563750360E+000  6.6283983067E-004  2.3469638834E+000  2.4776649554E+000  1.7263900608E-003  2.3629313461E+000  2.5020002174E+000  1.9137175606E-003  2.4730092414E+000  2.5293381499E+000  2.0780812338E-003  2.3263041964E+000  2.4994752564E+000  1.5961951452E-003  3.5892738021E-004
   1  -135   0    0  3.3535193872E-001  8.3413442978E+000  2.6707046332E-004  2.1571463033E+000  2.4893346518E+000  2.6508217576E-004  2.2444725990E+000  2.4564095194E+000  6.6344916801E-004  2.3471292407E+000  2.4776434846E+000  1.7270774765E-003  2.3626496612E+000  2.5018212397E+000  1.9138495830E-003  2.4727149739E+000  2.5290535176E+000  2.0778453364E-003  2.3260431789E+000  2.4992948127E+000  1.5965526301E-003  3.5891389640E-004
   1  -136   0    0  3.4531863283E-001  8.3411786986E+000  2.6743205814E-004  2.1574973330E+000  2.4893938579E+000  2.6599255820E-004  2.2448519119E+000  2.4564438493E+000  6.6404876575E-004  2.3472924748E+000  2.4776229492E+000  1.7277540748E-003  2.3623732702E+000  2.5016453487E+000  1.9139791491E-003  2.4724258043E+000  2.5287738147E+000  2.0776132976E-003  2.3257871476E+000  2.4991174968E+000  1.5969038306E-003  3.5890065222E-004
   1  -137   0    0  3.5528649434E-001  8.3410169177E+000  2.6778794941E-004  2.1578424444E+000  2.4894525896E+000  2.6688799748E-004  2.2452242480E+000  2.4564780101E+000  6.6463868538E-004  2.3474535797E+000  2.4776033194E+000  1.7284199181E-003  2.3621021043E+000  2.5014725143E+000  1.9141062886E-003  2.4721416824E+000  2.5284989926E+000  2.0773850893E-003  2.3255360400E+000  2.4989432777E+000  1.5972488098E-003  3.5888764510E-004
   1  -138   0    0  3.6525549016E-001  8.3408588813E+000  2.6813816929E-004  2.1581816918E+000  2.4895108309E+000  2.6776860434E-004  2.2455896887E+000  2.4565119871E+000  6.6521899234E-004  2.3476125512E+000  2.4775845655E+000  1.7290750730E-003  2.3618360938E+000  2.5013027058E+000  1.9142310316E-003  2.4718625564E+000  2.5282290014E+000  2.0771606816E-003  2.3252897926E+000  2.4987721237E+000  1.5975876327E-003  3.5887487239E-004
   1  -139   0    0  3.7522558768E-001  8.3407045161E+000  2.6848275245E-004  2.1585151305E+000  2.4895685667E+000  2.6863449498E-004  2.2459483169E+000  2.4565457663E+000  6.6578975582E-004  2.3477693863E+000  2.4775666586E+000  1.7297196107E-003  2.3615751687E+000  2.5011358914E+000  1.9143534088E-003  2.4715883736E+000  2.5279637900E+000  2.0769400437E-003  2.3250483408E+000  2.4986040026E+000  1.5979203657E-003  3.5886233138E-004
   1  -140   0    0  3.8519675470E-001  8.3405537492E+000  2.6882173596E-004  2.1588428176E+000  2.4896257825E+000  2.6948579070E-004  2.2463002168E+000  2.4565793342E+000  6.6635104856E-004  2.3479240833E+000  2.4775495702E+000  1.7303536064E-003  2.3613192582E+000  2.5009720390E+000  1.9144734511E-003  2.4713190801E+000  2.5277033065E+000  2.0767231432E-003  2.3248116194E+000  2.4984388811E+000  1.5982470766E-003  3.5885001936E-004
   1  -141   0    0  3.9516895951E-001  8.3404065081E+000  2.6915515913E-004  2.1591648112E+000  2.4896824650E+000  2.7032261767E-004  2.2466454742E+000  2.4566126780E+000  6.6690294663E-004  2.3480766420E+000  2.4775332725E+000  1.7309771394E-003  2.3610682912E+000  2.5008111155E+000  1.9145911897E-003  2.4710546210E+000  2.5274474978E+000  2.0765099468E-003  2.3245795623E+000  2.4982767256E+000  1.5985678346E-003  3.5883793354E-004
   1  -142   0    0  4.0514217094E-001  8.3402627210E+000  2.6948306342E-004  2.1594811708E+000  2.4897386014E+000  2.7114510657E-004  2.2469841758E+000  2.4566457858E+000  6.6744552928E-004  2.3482270633E+000  2.4775177380E+000  1.7315902925E-003  2.3608221964E+000  2.5006530876E+000  1.9147066562E-003  2.4707949403E+000  2.5271963100E+000  2.0763004200E-003  2.3243521032E+000  2.4981175018E+000  1.5988827099E-003  3.5882607110E-004
   1  -143   0    0  4.1511635831E-001  8.3401223166E+000  2.6980549230E-004  2.1597919571E+000  2.4897941802E+000  2.7195339230E-004  2.2473164093E+000  2.4566786461E+000  6.6797887870E-004  2.3483753494E+000  2.4775029400E+000  1.7321931519E-003  2.3605809020E+000  2.5004979212E+000  1.9148198823E-003  2.4705399816E+000  2.5269496882E+000  2.0760945272E-003  2.3241291749E+000  2.4979611749E+000  1.5991917739E-003  3.5881442922E-004
   1  -144   0    0  4.2509149152E-001  8.3399852244E+000  2.7012249116E-004  2.1600972316E+000  2.4898491902E+000  2.7274761375E-004  2.2476422631E+000  2.4567112481E+000  6.6850307986E-004  2.3485215038E+000  2.4774888523E+000  1.7327858072E-003  2.3603443363E+000  2.5003455820E+000  1.9149309001E-003  2.4702896873E+000  2.5267075772E+000  2.0758922319E-003  2.3239107099E+000  2.4978077096E+000  1.5994950988E-003  3.5880300502E-004
   1  -145   0    0  4.3506754103E-001  8.3398513747E+000  2.7043410714E-004  2.1603970569E+000  2.4899036212E+000  2.7352791341E-004  2.2479618266E+000  2.4567435817E+000  6.6901822034E-004  2.3486655312E+000  2.4774754493E+000  1.7333683512E-003  2.3601124275E+000  2.5001960350E+000  1.9150397416E-003  2.4700439994E+000  2.5264699207E+000  2.0756934968E-003  2.3236966407E+000  2.4976570703E+000  1.5997927577E-003  3.5879179560E-004
   1  -146   0    0  4.4504447788E-001  8.3397206983E+000  2.7074038909E-004  2.1606914965E+000  2.4899574640E+000  2.7429443720E-004  2.2482751894E+000  2.4567756372E+000  6.6952439008E-004  2.3488074373E+000  2.4774627061E+000  1.7339408793E-003  2.3598851036E+000  2.5000492451E+000  1.9151464391E-003  2.4698028593E+000  2.5262366621E+000  2.0754982838E-003  2.3234868993E+000  2.4975092209E+000  1.6000848246E-003  3.5878079806E-004
   1  -147   0    0  4.5502227371E-001  8.3395931271E+000  2.7104138740E-004  2.1609806145E+000  2.4900107099E+000  2.7504733414E-004  2.2485824417E+000  2.4568074058E+000  6.7002168129E-004  2.3489472289E+000  2.4774505982E+000  1.7345034896E-003  2.3596622929E+000  2.4999051767E+000  1.9152510249E-003  2.4695662079E+000  2.5260077442E+000  2.0753065538E-003  2.3232814175E+000  2.4973641251E+000  1.6003713738E-003  3.5877000947E-004
   1  -148   0    0  4.6500090076E-001  8.3394685938E+000  2.7133715390E-004  2.1612644760E+000  2.4900633511E+000  2.7578675608E-004  2.2488836741E+000  2.4568388790E+000  6.7051018821E-004  2.3490849139E+000  2.4774391018E+000  1.7350562828E-003  2.3594439236E+000  2.4997637940E+000  1.9153535314E-003  2.4693339854E+000  2.5257831096E+000  2.0751182674E-003  2.3230801274E+000  2.4972217464E+000  1.6006524803E-003  3.5875942689E-004
   1  -149   0    0  4.7498033190E-001  8.3393470320E+000  2.7162774180E-004  2.1615431464E+000  2.4901153804E+000  2.7651285749E-004  2.2491789772E+000  2.4568700491E+000  6.7099000698E-004  2.3492205014E+000  2.4774281939E+000  1.7355993619E-003  2.3592299244E+000  2.4996250610E+000  1.9154539908E-003  2.4691061321E+000  2.5255627002E+000  2.0749333844E-003  2.3228829609E+000  2.4970820479E+000  1.6009282196E-003  3.5874904737E-004
   1  -150   0    0  4.8496054060E-001  8.3392283762E+000  2.7191320551E-004  2.1618166918E+000  2.4901667915E+000  2.7722579517E-004  2.2494684419E+000  2.4569009088E+000  6.7146123544E-004  2.3493540012E+000  2.4774178519E+000  1.7361328318E-003  2.3590202241E+000  2.4994889416E+000  1.9155524356E-003  2.4688825877E+000  2.5253464580E+000  2.0747518639E-003  2.3226898500E+000  2.4969449926E+000  1.6011986675E-003  3.5873886796E-004
   1  -151   0    0  4.9494150098E-001  8.3391125617E+000  2.7219360061E-004  2.1620851788E+000  2.4902175785E+000  2.7792572803E-004  2.2497521590E+000  2.4569314515E+000  6.7192397303E-004  2.3494854241E+000  2.4774080538E+000  1.7366567995E-003  2.3588147516E+000  2.4993553993E+000  1.9156488980E-003  2.4686632917E+000  2.5251343244E+000  2.0745736648E-003  2.3225007269E+000  2.4968105434E+000  1.6014638999E-003  3.5872888569E-004
   1  -152   0    0  5.0492318776E-001  8.3389995250E+000  2.7246898370E-004  2.1623486743E+000  2.4902677366E+000  2.7861281685E-004  2.2500302192E+000  2.4569616709E+000  6.7237832056E-004  2.3496147819E+000  2.4773987783E+000  1.7371713736E-003  2.3586134365E+000  2.4992243976E+000  1.9157434102E-003  2.4684481836E+000  2.5249262409E+000  2.0743987453E-003  2.3223155241E+000  2.4966786630E+000  1.6017239932E-003  3.5871909762E-004
   1  -153   0    0  5.1490557632E-001  8.3388892036E+000  2.7273941232E-004  2.1626072456E+000  2.4903172613E+000  2.7928722406E-004  2.2503027132E+000  2.4569915614E+000  6.7282438013E-004  2.3497420872E+000  2.4773900047E+000  1.7376766644E-003  2.3584162086E+000  2.4990959002E+000  1.9158360044E-003  2.4682372027E+000  2.5247221489E+000  2.0742270634E-003  2.3221341743E+000  2.4965493143E+000  1.6019790237E-003  3.5870950077E-004
   1  -154   0    0  5.2488864264E-001  8.3387815358E+000  2.7300494490E-004  2.1628609602E+000  2.4903661490E+000  2.7994911353E-004  2.2505697311E+000  2.4570211178E+000  6.7326225494E-004  2.3498673534E+000  2.4773817128E+000  1.7381727836E-003  2.3582229982E+000  2.4989698703E+000  1.9159267124E-003  2.4680302881E+000  2.5245219895E+000  2.0740585768E-003  2.3219566106E+000  2.4964224598E+000  1.6022290677E-003  3.5870009221E-004
   1  -155   0    0  5.3487236335E-001  8.3386764612E+000  2.7326564061E-004  2.1631098859E+000  2.4904143963E+000  2.8059865037E-004  2.2508313631E+000  2.4570503355E+000  6.7369204917E-004  2.3499905946E+000  2.4773738832E+000  1.7386598440E-003  2.3580337362E+000  2.4988462714E+000  1.9160155661E-003  2.4678273791E+000  2.5243257042E+000  2.0738932427E-003  2.3217827663E+000  2.4962980622E+000  1.6024742016E-003  3.5869086897E-004
   1  -156   0    0  5.4485671569E-001  8.3385739201E+000  2.7352155929E-004  2.1633540904E+000  2.4904620010E+000  2.8123600068E-004  2.2510876986E+000  2.4570792102E+000  6.7411386785E-004  2.3501118258E+000  2.4773664969E+000  1.7391379598E-003  2.3578483538E+000  2.4987250670E+000  1.9161025972E-003  2.4676284151E+000  2.5241332342E+000  2.0737310183E-003  2.3216125755E+000  2.4961760844E+000  1.6027145016E-003  3.5868182814E-004
   1  -157   0    0  5.5484167754E-001  8.3384738541E+000  2.7377276139E-004  2.1635936418E+000  2.4905089609E+000  2.8186133142E-004  2.2513388268E+000  2.4571077381E+000  6.7452781672E-004  2.3502310625E+000  2.4773595355E+000  1.7396072460E-003  2.3576667830E+000  2.4986062205E+000  1.9161878370E-003  2.4674333355E+000  2.5239445210E+000  2.0735718604E-003  2.3214459725E+000  2.4960564890E+000  1.6029500438E-003  3.5867296677E-004
   1  -158   0    0  5.6482722738E-001  8.3383762059E+000  2.7401930789E-004  2.1638286079E+000  2.4905552748E+000  2.8247481023E-004  2.2515848362E+000  2.4571359159E+000  6.7493400211E-004  2.3503483210E+000  2.4773529814E+000  1.7400678183E-003  2.3574889562E+000  2.4984896956E+000  1.9162713167E-003  2.4672420798E+000  2.5237595062E+000  2.0734157260E-003  2.3212828921E+000  2.4959392390E+000  1.6031809039E-003  3.5866428197E-004
   1  -159   0    0  5.7481334429E-001  8.3382809190E+000  2.7426126018E-004  2.1640590567E+000  2.4906009416E+000  2.8307660519E-004  2.2518258150E+000  2.4571637407E+000  6.7533253084E-004  2.3504636181E+000  2.4773468171E+000  1.7405197932E-003  2.3573148066E+000  2.4983754559E+000  1.9163530674E-003  2.4670545879E+000  2.5235781316E+000  2.0732625716E-003  2.3211232699E+000  2.4958242975E+000  1.6034071576E-003  3.5865577083E-004
   1  -160   0    0  5.8480000799E-001  8.3381879382E+000  2.7449868006E-004  2.1642850559E+000  2.4906459611E+000  2.8366688470E-004  2.2520618503E+000  2.4571912099E+000  6.7572351009E-004  2.3505769713E+000  2.4773410262E+000  1.7409632879E-003  2.3571442679E+000  2.4982634654E+000  1.9164331197E-003  2.4668707998E+000  2.5234003392E+000  2.0731123539E-003  2.3209670420E+000  2.4957116275E+000  1.6036288800E-003  3.5864743047E-004
   1  -161   0    0  5.9478719876E-001  8.3380972092E+000  2.7473162958E-004  2.1645066733E+000  2.4906903334E+000  2.8424581735E-004  2.2522930290E+000  2.4572183215E+000  6.7610704727E-004  2.3506883985E+000  2.4773355925E+000  1.7413984198E-003  2.3569772747E+000  2.4981536879E+000  1.9165115041E-003  2.4666906557E+000  2.5232260712E+000  2.0729650297E-003  2.3208141449E+000  2.4956011924E+000  1.6038461460E-003  3.5863925804E-004
   1  -162   0    0  6.0477489748E-001  8.3380086789E+000  2.7496017106E-004  2.1647239763E+000  2.4907340590E+000  2.8481357168E-004  2.2525194368E+000  2.4572450736E+000  6.7648324998E-004  2.3507979181E+000  2.4773305004E+000  1.7418253067E-003  2.3568137619E+000  2.4980460877E+000  1.9165882508E-003  2.4665140962E+000  2.5230552704E+000  2.0728205554E-003  2.3206645161E+000  2.4954929557E+000  1.6040590299E-003  3.5863125069E-004
   1  -163   0    0  6.1476308561E-001  8.3379222951E+000  2.7518436697E-004  2.1649370322E+000  2.4907771390E+000  2.8537031615E-004  2.2527411590E+000  2.4572714649E+000  6.7685222585E-004  2.3509055492E+000  2.4773257349E+000  1.7422440666E-003  2.3566536657E+000  2.4979406291E+000  1.9166633897E-003  2.4663410624E+000  2.5228878795E+000  2.0726788880E-003  2.3205180936E+000  2.4953868813E+000  1.6042676057E-003  3.5862340560E-004
   1  -164   0    0  6.2475174517E-001  8.3378380067E+000  2.7540427988E-004  2.1651459079E+000  2.4908195749E+000  2.8591621889E-004  2.2529582800E+000  2.4572974943E+000  6.7721408248E-004  2.3510113111E+000  2.4773212815E+000  1.7426548177E-003  2.3564969225E+000  2.4978372769E+000  1.9167369502E-003  2.4661714956E+000  2.5227238420E+000  2.0725399841E-003  2.3203748161E+000  2.4952829331E+000  1.6044719467E-003  3.5861571998E-004
   1  -165   0    0  6.3474085877E-001  8.3377557637E+000  2.7561997244E-004  2.1653506701E+000  2.4908613685E+000  2.8645144766E-004  2.2531708831E+000  2.4573231610E+000  6.7756892734E-004  2.3511152235E+000  2.4773171262E+000  1.7430576781E-003  2.3563434698E+000  2.4977359957E+000  1.9168089617E-003  2.4660053375E+000  2.5225631014E+000  2.0724038008E-003  2.3202346231E+000  2.4951810753E+000  1.6046721258E-003  3.5860819105E-004
   1  -166   0    0  6.4473040953E-001  8.3376755172E+000  2.7583150724E-004  2.1655513850E+000  2.4909025221E+000  2.8697616968E-004  2.2533790511E+000  2.4573484646E+000  6.7791686769E-004  2.3512173065E+000  2.4773132553E+000  1.7434527657E-003  2.3561932458E+000  2.4976367508E+000  1.9168794530E-003  2.4658425304E+000  2.5224056019E+000  2.0722702950E-003  2.3200974549E+000  2.4950812725E+000  1.6048682152E-003  3.5860081606E-004
   1  -167   0    0  6.5472038112E-001  8.3375972192E+000  2.7603894686E-004  2.1657481187E+000  2.4909430383E+000  2.8749055153E-004  2.2535828656E+000  2.4573734050E+000  6.7825801050E-004  2.3513175806E+000  2.4773096560E+000  1.7438401984E-003  2.3560461893E+000  2.4975395074E+000  1.9169484528E-003  2.4656830168E+000  2.5222512882E+000  2.0721394242E-003  2.3199632522E+000  2.4949834895E+000  1.6050602865E-003  3.5859359230E-004
   1  -168   0    0  6.6471075774E-001  8.3375208227E+000  2.7624235375E-004  2.1659409366E+000  2.4909829201E+000  2.8799475905E-004  2.2537824074E+000  2.4573979824E+000  6.7859246237E-004  2.3514160666E+000  2.4773063155E+000  1.7442200937E-003  2.3559022401E+000  2.4974442313E+000  1.9170159892E-003  2.4655267400E+000  2.5221001051E+000  2.0720111458E-003  2.3198319571E+000  2.4948876914E+000  1.6052484108E-003  3.5858651707E-004
   1  -169   0    0  6.7470152412E-001  8.3374462819E+000  2.7644179020E-004  2.1661299037E+000  2.4910221708E+000  2.8848895722E-004  2.2539777563E+000  2.4574221972E+000  6.7892032949E-004  2.3515127855E+000  2.4773032219E+000  1.7445925687E-003  2.3557613389E+000  2.4973508885E+000  1.9170820902E-003  2.4653736437E+000  2.5219519983E+000  2.0718854176E-003  2.3197035119E+000  2.4947938435E+000  1.6054326582E-003  3.5857958771E-004
   1  -170   0    0  6.8469266547E-001  8.3373735518E+000  2.7663731830E-004  2.1663150846E+000  2.4910607939E+000  2.8897331006E-004  2.2541689911E+000  2.4574460500E+000  6.7924171751E-004  2.3516077585E+000  2.4773003634E+000  1.7449577402E-003  2.3556234270E+000  2.4972594452E+000  1.9171467833E-003  2.4652236720E+000  2.5218069139E+000  2.0717621974E-003  2.3195778600E+000  2.4947019117E+000  1.6056130984E-003  3.5857280157E-004
   1  -171   0    0  6.9468416751E-001  8.3373025884E+000  2.7682899990E-004  2.1664965433E+000  2.4910987935E+000  2.8944798058E-004  2.2543561897E+000  2.4574695418E+000  6.7955673154E-004  2.3517010071E+000  2.4772977289E+000  1.7453157243E-003  2.3554884465E+000  2.4971698680E+000  1.9172100955E-003  2.4650767696E+000  2.5216647983E+000  2.0716414436E-003  2.3194549457E+000  2.4946118621E+000  1.6057898001E-003  3.5856615606E-004
   1  -172   0    0  7.0467601643E-001  8.3372333489E+000  2.7701689658E-004  2.1666743433E+000  2.4911361736E+000  2.8991313065E-004  2.2545394289E+000  2.4574926738E+000  6.7986547605E-004  2.3517925531E+000  2.4772953075E+000  1.7456666367E-003  2.3553563405E+000  2.4970821239E+000  1.9172720538E-003  2.4649328820E+000  2.5215255987E+000  2.0715231148E-003  2.3193347138E+000  2.4945236611E+000  1.6059628316E-003  3.5855964858E-004
   1  -173   0    0  7.1466819889E-001  8.3371657913E+000  2.7720106957E-004  2.1668485477E+000  2.4911729388E+000  2.9036892094E-004  2.2547187845E+000  2.4575154474E+000  6.8016805485E-004  2.3518824182E+000  2.4772930888E+000  1.7460105923E-003  2.3552270529E+000  2.4969961801E+000  1.9173326845E-003  2.4647919550E+000  2.5213892628E+000  2.0714071699E-003  2.3192171103E+000  2.4944372754E+000  1.6061322601E-003  3.5855327661E-004
   1  -174   0    0  7.2466070202E-001  8.3370998745E+000  2.7738157979E-004  2.1670192187E+000  2.4912090937E+000  2.9081551087E-004  2.2548943313E+000  2.4575378641E+000  6.8046457101E-004  2.3519706244E+000  2.4772910629E+000  1.7463477054E-003  2.3551005284E+000  2.4969120044E+000  1.9173920137E-003  2.4646539351E+000  2.5212557390E+000  2.0712935680E-003  2.3191020817E+000  2.4943526724E+000  1.6062981521E-003  3.5854703761E-004
   1  -175   0    0  7.3465351338E-001  8.3370355584E+000  2.7755848772E-004  2.1671864181E+000  2.4912446432E+000  2.9125305848E-004  2.2550661430E+000  2.4575599258E+000  6.8075512682E-004  2.3520571938E+000  2.4772892202E+000  1.7466780894E-003  2.3549767125E+000  2.4968295648E+000  1.9174500670E-003  2.4645187694E+000  2.5211249760E+000  2.0711822688E-003  2.3189895755E+000  2.4942698194E+000  1.6064605734E-003  3.5854092911E-004
   1  -176   0    0  7.4464662097E-001  8.3369728038E+000  2.7773185347E-004  2.1673502071E+000  2.4912795925E+000  2.9168172045E-004  2.2552342922E+000  2.4575816343E+000  6.8103982375E-004  2.3521421487E+000  2.4772875514E+000  1.7470018569E-003  2.3548555516E+000  2.4967488296E+000  1.9175068696E-003  2.4643864058E+000  2.5209969234E+000  2.0710732322E-003  2.3188795400E+000  2.4941886845E+000  1.6066195888E-003  3.5853494866E-004
   1  -177   0    0  7.5464001322E-001  8.3369115725E+000  2.7790173666E-004  2.1675106461E+000  2.4913139469E+000  2.9210165198E-004  2.2553988506E+000  2.4576029920E+000  6.8131876239E-004  2.3522255111E+000  2.4772860477E+000  1.7473191197E-003  2.3547369929E+000  2.4966697676E+000  1.9175624465E-003  2.4642567925E+000  2.5208715311E+000  2.0709664185E-003  2.3187719245E+000  2.4941092361E+000  1.6067752626E-003  3.5852909384E-004
   1  -178   0    0  7.6463367895E-001  8.3368518270E+000  2.7806819649E-004  2.1676677950E+000  2.4913477120E+000  2.9251300675E-004  2.2555598886E+000  2.4576240010E+000  6.8159204246E-004  2.3523073035E+000  2.4772847007E+000  1.7476299886E-003  2.3546209845E+000  2.4965923479E+000  1.9176168223E-003  2.4641298786E+000  2.5207487500E+000  2.0708617885E-003  2.3186666789E+000  2.4940314427E+000  1.6069276578E-003  3.5852336226E-004
   1  -179   0    0  7.7462760740E-001  8.3367935310E+000  2.7823129160E-004  2.1678217130E+000  2.4913808933E+000  2.9291593690E-004  2.2557174758E+000  2.4576446639E+000  6.8185976271E-004  2.3523875482E+000  2.4772835021E+000  1.7479345736E-003  2.3545074752E+000  2.4965165401E+000  1.9176700209E-003  2.4640056137E+000  2.5206285314E+000  2.0707593033E-003  2.3185637540E+000  2.4939552735E+000  1.6070768369E-003  3.5851775157E-004
   1  -180   0    0  7.8462178818E-001  8.3367366487E+000  2.7839108017E-004  2.1679724586E+000  2.4914134969E+000  2.9331059294E-004  2.2558716806E+000  2.4576649832E+000  6.8212202093E-004  2.3524662675E+000  2.4772824442E+000  1.7482329835E-003  2.3543964148E+000  2.4964423142E+000  1.9177220661E-003  2.4638839483E+000  2.5205108272E+000  2.0706589245E-003  2.3184631016E+000  2.4938806981E+000  1.6072228615E-003  3.5851225945E-004
   1  -181   0    0  7.9461621129E-001  8.3366811453E+000  2.7854761979E-004  2.1681200896E+000  2.4914455286E+000  2.9369712375E-004  2.2560225702E+000  2.4576849618E+000  6.8237891392E-004  2.3525434837E+000  2.4772815194E+000  1.7485253261E-003  2.3542877539E+000  2.4963696404E+000  1.9177729814E-003  2.4637648332E+000  2.5203955900E+000  2.0705606140E-003  2.3183646740E+000  2.4938076864E+000  1.6073657921E-003  3.5850688361E-004
   1  -182   0    0  8.0461086708E-001  8.3366269870E+000  2.7870096752E-004  2.1682646631E+000  2.4914769946E+000  2.9407567651E-004  2.2561702110E+000  2.4577046025E+000  6.8263053744E-004  2.3526192192E+000  2.4772807207E+000  1.7488117081E-003  2.3541814438E+000  2.4962984895E+000  1.9178227896E-003  2.4636482202E+000  2.5202827732E+000  2.0704643343E-003  2.3182684248E+000  2.4937362088E+000  1.6075056887E-003  3.5850162180E-004
   1  -183   0    0  8.1460574628E-001  8.3365741405E+000  2.7885117983E-004  2.1684062355E+000  2.4915079011E+000  2.9444639672E-004  2.2563146681E+000  2.4577239083E+000  6.8287698619E-004  2.3526934961E+000  2.4772800410E+000  1.7490922353E-003  2.3540774367E+000  2.4962288326E+000  1.9178715134E-003  2.4635340616E+000  2.5201723305E+000  2.0703700483E-003  2.3181743079E+000  2.4936662359E+000  1.6076426101E-003  3.5849647181E-004
   1  -184   0    0  8.2460083993E-001  8.3365225734E+000  2.7899831260E-004  2.1685448625E+000  2.4915382545E+000  2.9480942808E-004  2.2564560056E+000  2.4577428822E+000  6.8311835381E-004  2.3527663368E+000  2.4772794739E+000  1.7493670121E-003  2.3539756857E+000  2.4961606412E+000  1.9179191749E-003  2.4634223105E+000  2.5200642166E+000  2.0702777192E-003  2.3180822785E+000  2.4935977390E+000  1.6077766145E-003  3.5849143144E-004
   1  -185   0    0  8.3459613941E-001  8.3364722543E+000  2.7914242109E-004  2.1686805990E+000  2.4915680613E+000  2.9516491257E-004  2.2565942867E+000  2.4577615276E+000  6.8335473284E-004  2.3528377634E+000  2.4772790130E+000  1.7496361418E-003  2.3538761447E+000  2.4960938873E+000  1.9179657961E-003  2.4633129204E+000  2.5199583868E+000  2.0701873109E-003  2.3179922922E+000  2.4935306897E+000  1.6079077589E-003  3.5848649854E-004
   1  -186   0    0  8.4459163644E-001  8.3364231523E+000  2.7928355994E-004  2.1688134992E+000  2.4915973280E+000  2.9551299034E-004  2.2567295733E+000  2.4577798476E+000  6.8358621470E-004  2.3529077978E+000  2.4772786524E+000  1.7498997267E-003  2.3537787681E+000  2.4960285433E+000  1.9180113982E-003  2.4632058458E+000  2.5198547968E+000  2.0700987875E-003  2.3179043058E+000  2.4934650600E+000  1.6080360998E-003  3.5848167100E-004
   1  -187   0    0  8.5458732304E-001  8.3363752374E+000  2.7942178317E-004  2.1689436166E+000  2.4916260612E+000  2.9585379973E-004  2.2568619264E+000  2.4577978457E+000  6.8381288969E-004  2.3529764620E+000  2.4772783861E+000  1.7501578677E-003  2.3536835116E+000  2.4959645818E+000  1.9180560025E-003  2.4631010418E+000  2.5197534032E+000  2.0700121139E-003  2.3178182765E+000  2.4934008223E+000  1.6081616925E-003  3.5847694673E-004
   1  -188   0    0  8.6458319152E-001  8.3363284802E+000  2.7955714413E-004  2.1690710040E+000  2.4916542675E+000  2.9618747728E-004  2.2569914059E+000  2.4578155253E+000  6.8403484696E-004  2.3530437780E+000  2.4772782088E+000  1.7504106646E-003  2.3535903313E+000  2.4959019761E+000  1.9180996296E-003  2.4629984640E+000  2.5196541631E+000  2.0699272551E-003  2.3177341627E+000  2.4933379494E+000  1.6082845916E-003  3.5847232368E-004
   1  -189   0    0  8.7457923449E-001  8.3362828522E+000  2.7968969554E-004  2.1691957133E+000  2.4916819539E+000  2.9651415765E-004  2.2571180707E+000  2.4578328899E+000  6.8425217451E-004  2.3531097673E+000  2.4772781151E+000  1.7506582157E-003  2.3534991843E+000  2.4958406997E+000  1.9181422999E-003  2.4628980689E+000  2.5195570346E+000  2.0698441769E-003  2.3176519232E+000  2.4932764147E+000  1.6084048508E-003  3.5846779983E-004
   1  -190   0    0  8.8457544485E-001  8.3362383254E+000  2.7981948944E-004  2.1693177958E+000  2.4917091270E+000  2.9683397365E-004  2.2572419787E+000  2.4578499432E+000  6.8446495916E-004  2.3531744516E+000  2.4772781001E+000  1.7509006185E-003  2.3534100283E+000  2.4957807266E+000  1.9181840333E-003  2.4627998136E+000  2.5194619760E+000  2.0697628454E-003  2.3175715180E+000  2.4932161918E+000  1.6085225229E-003  3.5846337319E-004
   1  -191   0    0  8.9457181576E-001  8.3361948727E+000  2.7994657720E-004  2.1694373019E+000  2.4917357937E+000  2.9714705623E-004  2.2573631866E+000  2.4578666887E+000  6.8467328659E-004  2.3532378523E+000  2.4772781588E+000  1.7511379688E-003  2.3533228219E+000  2.4957220312E+000  1.9182248494E-003  2.4627036559E+000  2.5193689464E+000  2.0696832272E-003  2.3174929074E+000  2.4931572548E+000  1.6086376600E-003  3.5845904181E-004
   1  -192   0    0  9.0456834065E-001  8.3361524674E+000  2.8007100951E-004  2.1695542815E+000  2.4917619610E+000  2.9745353447E-004  2.2574817502E+000  2.4578831302E+000  6.8487724125E-004  2.3532999907E+000  2.4772782868E+000  1.7513703613E-003  2.3532375245E+000  2.4956645882E+000  1.9182647675E-003  2.4626095541E+000  2.5192779058E+000  2.0696052894E-003  2.3174160528E+000  2.4930995783E+000  1.6087503130E-003  3.5845480378E-004
   1  -193   0    0  9.1456501320E-001  8.3361110838E+000  2.8019283640E-004  2.1696687836E+000  2.4917876356E+000  2.9775353556E-004  2.2575977245E+000  2.4578992714E+000  6.8507690644E-004  2.3533608879E+000  2.4772784796E+000  1.7515978896E-003  2.3531540961E+000  2.4956083730E+000  1.9183038065E-003  2.4625174675E+000  2.5191888146E+000  2.0695289995E-003  2.3173409163E+000  2.4930431371E+000  1.6088605322E-003  3.5845065720E-004
   1  -194   0    0  9.2456182734E-001  8.3360706967E+000  2.8031210718E-004  2.1697808563E+000  2.4918128245E+000  2.9804718481E-004  2.2577111632E+000  2.4579151161E+000  6.8527236427E-004  2.3534205648E+000  2.4772787331E+000  1.7518206456E-003  2.3530724975E+000  2.4955533610E+000  1.9183419849E-003  2.4624273558E+000  2.5191016338E+000  2.0694543257E-003  2.3172674606E+000  2.4929879065E+000  1.6089683670E-003  3.5844660022E-004
   1  -195   0    0  9.3455877722E-001  8.3360312813E+000  2.8042887050E-004  2.1698905472E+000  2.4918375347E+000  2.9833460566E-004  2.2578221191E+000  2.4579306681E+000  6.8546369562E-004  2.3534790423E+000  2.4772790433E+000  1.7520387203E-003  2.3529926903E+000  2.4954995283E+000  1.9183793210E-003  2.4623391794E+000  2.5190163253E+000  2.0693812365E-003  2.3171956493E+000  2.4929338624E+000  1.6090738660E-003  3.5844263101E-004
   1  -196   0    0  9.4455585724E-001  8.3359928137E+000  2.8054317429E-004  2.1699979031E+000  2.4918617730E+000  2.9861591965E-004  2.2579306442E+000  2.4579459312E+000  6.8565098022E-004  2.3535363408E+000  2.4772794064E+000  1.7522522031E-003  2.3529146368E+000  2.4954468512E+000  1.9184158325E-003  2.4622528995E+000  2.5189328514E+000  2.0693097009E-003  2.3171254465E+000  2.4928809809E+000  1.6091770767E-003  3.5843874779E-004
   1  -197   0    0  9.5455306200E-001  8.3359552705E+000  2.8065506581E-004  2.1701029700E+000  2.4918855466E+000  2.9889124647E-004  2.2580367893E+000  2.4579609093E+000  6.8583429658E-004  2.3535924808E+000  2.4772798187E+000  1.7524611823E-003  2.3528383000E+000  2.4953953066E+000  1.9184515370E-003  2.4621684778E+000  2.5188511752E+000  2.0692396885E-003  2.3170568173E+000  2.4928292385E+000  1.6092780462E-003  3.5843494879E-004
   1  -198   0    0  9.6455038634E-001  8.3359186290E+000  2.8076459160E-004  2.1702057932E+000  2.4919088622E+000  2.9916070392E-004  2.2581406044E+000  2.4579756063E+000  6.8601372201E-004  2.3536474825E+000  2.4772802769E+000  1.7526657448E-003  2.3527636435E+000  2.4953448716E+000  1.9184864516E-003  2.4620858768E+000  2.5187712602E+000  2.0691711692E-003  2.3169897274E+000  2.4927786122E+000  1.6093768205E-003  3.5843123229E-004
   1  -199   0    0  9.7454782528E-001  8.3358828668E+000  2.8087179753E-004  2.1703064172E+000  2.4919317268E+000  2.9942440792E-004  2.2582421385E+000  2.4579900261E+000  6.8618933264E-004  2.3537013658E+000  2.4772807776E+000  1.7528659762E-003  2.3526906318E+000  2.4952955238E+000  1.9185205932E-003  2.4620050595E+000  2.5186930708E+000  2.0691041134E-003  2.3169241430E+000  2.4927290794E+000  1.6094734447E-003  3.5842759659E-004
   1  -200   0    0  9.8454537404E-001  8.3358479623E+000  2.8097672876E-004  2.1704048859E+000  2.4919541473E+000  2.9968247254E-004  2.2583414398E+000  2.4580041727E+000  6.8636120341E-004  2.3537541506E+000  2.4772813177E+000  1.7530619608E-003  2.3526192300E+000  2.4952472411E+000  1.9185539784E-003  2.4619259896E+000  2.5186165718E+000  2.0690384922E-003  2.3168600312E+000  2.4926806177E+000  1.6095679633E-003  3.5842404001E-004
   1  -201   0    0  9.9454302805E-001  8.3358138944E+000  2.8107942975E-004  2.1705012423E+000  2.4919761307E+000  2.9993501001E-004  2.2584385553E+000  2.4580180498E+000  6.8652940807E-004  2.3538058563E+000  2.4772818944E+000  1.7532537817E-003  2.3525494037E+000  2.4952000020E+000  1.9185866233E-003  2.4618486315E+000  2.5185417289E+000  2.0689742770E-003  2.3167973597E+000  2.4926332053E+000  1.6096604199E-003  3.5842056093E-004
   1  -202  -4    2  9.9999998732E-001  8.3357956449E+000  2.8113456081E-004  2.1705529596E+000  2.4919879477E+000  3.0007055779E-004  2.2584906574E+000  2.4580255120E+000  6.8661969690E-004  2.3538336300E+000  2.4772822235E+000  1.7533567540E-003  2.3525119438E+000  2.4951746505E+000  1.9186041349E-003  2.4618071174E+000  2.5185015645E+000  2.0689398101E-003  2.3167637486E+000  2.4926077617E+000  1.6097100300E-003  3.5841869409E-004
