          
   1    -1   9    1 -4.3000000715E-001  8.7149735192E+000  1.7335182929E-004  2.2043156624E+000  2.6660773754E+000  1.3842145563E-006  2.3033523560E+000  2.6347899437E+000  5.0047080731E-004  2.4088108540E+000  2.6389102936E+000  1.5574273420E-003  2.4423670769E+000  2.6278088093E+000  1.8733622273E-003  2.5477516651E+000  2.6333358288E+000  2.1270858124E-003  2.4001333714E+000  2.6293220520E+000  1.4828660060E-003  3.6777780042E-004
   1    -2   0    0 -4.2102203585E-001  8.6980421068E+000  1.7609343050E-004  2.2026675398E+000  2.6595175581E+000  1.0214400477E-005  2.3011066464E+000  2.6280595457E+000  5.0584484869E-004  2.4063062514E+000  2.6323625322E+000  1.5630601428E-003  2.4384797495E+000  2.6212147771E+000  1.8748610430E-003  2.5437331654E+000  2.6267934994E+000  2.1255738425E-003  2.3966027644E+000  2.6226773890E+000  1.4870966112E-003  3.6730410685E-004
   1    -3   0    0 -4.1649061579E-001  8.6895988042E+000  1.7748833581E-004  2.2018513860E+000  2.6562465939E+000  1.4673827424E-005  2.2999879147E+000  2.6247018470E+000  5.0855853772E-004  2.4050592628E+000  2.6290976738E+000  1.5658978865E-003  2.4365383164E+000  2.6179259883E+000  1.8756127994E-003  2.5417244687E+000  2.6235307342E+000  2.1248117346E-003  2.3948393007E+000  2.6193629789E+000  1.4892201285E-003  3.6706787251E-004
   1    -4   0    0 -4.1193075789E-001  8.6811706340E+000  1.7889955662E-004  2.2010405211E+000  2.6529817393E+000  1.9162936482E-005  2.2988718651E+000  2.6213492422E+000  5.1129008961E-004  2.4038158627E+000  2.6258389116E+000  1.5687498852E-003  2.4345984225E+000  2.6146427553E+000  1.8763660857E-003  2.5397161452E+000  2.6202736451E+000  2.1240455138E-003  2.3930770826E+000  2.6160539635E+000  1.4913490126E-003  3.6683205493E-004
   1    -5   0    0 -4.0734234704E-001  8.6727577421E+000  1.8032728275E-004  2.2002349259E+000  2.6497230728E+000  2.3681825499E-005  2.2977584440E+000  2.6180017985E+000  5.1403956855E-004  2.4025760543E+000  2.6225863240E+000  1.5716161629E-003  2.4326601178E+000  2.6113651501E+000  1.8771208669E-003  2.5377082226E+000  2.6170223036E+000  2.1232751722E-003  2.3913161455E+000  2.6127504141E+000  1.4934831917E-003  3.6659665934E-004
   1    -6   0    0 -4.0272527187E-001  8.6643602735E+000  1.8177170493E-004  2.1994345796E+000  2.6464706726E+000  2.8230588128E-005  2.2966475961E+000  2.6146595829E+000  5.1680703636E-004  2.4013398403E+000  2.6193399893E+000  1.5744967416E-003  2.4307234529E+000  2.6080932447E+000  1.8778771067E-003  2.5357007293E+000  2.6137767807E+000  2.1225007028E-003  2.3895565253E+000  2.6094524023E+000  1.4956225920E-003  3.6636169099E-004
   1    -7   0    0 -3.9807942492E-001  8.6559783723E+000  1.8323301474E-004  2.1986394600E+000  2.6432246171E+000  3.2809313690E-005  2.2955392646E+000  2.6113226625E+000  5.1959255247E-004  2.4001072221E+000  2.6160999862E+000  1.5773916411E-003  2.4287884785E+000  2.6048271113E+000  1.8786347679E-003  2.5336936935E+000  2.6105371479E+000  2.1217220990E-003  2.3877982582E+000  2.6061599997E+000  1.4977671371E-003  3.6612715512E-004
   1    -8   0    0 -3.9340470276E-001  8.6476121817E+000  1.8471140458E-004  2.1978495431E+000  2.6399849848E+000  3.7418087039E-005  2.2944333909E+000  2.6079911044E+000  5.2239617378E-004  2.3988782002E+000  2.6128663932E+000  1.5803008790E-003  2.4268552456E+000  2.6015668221E+000  1.8793938123E-003  2.5316871440E+000  2.6073034764E+000  2.1209393552E-003  2.3860413804E+000  2.6028732779E+000  1.4999167479E-003  3.6589305699E-004
   1    -9   0    0 -3.8870100611E-001  8.6392618435E+000  1.8620706757E-004  2.1970648033E+000  2.6367518539E+000  4.2056988428E-005  2.2933299151E+000  2.6046649755E+000  5.2521795463E-004  2.3976527744E+000  2.6096392889E+000  1.5832244703E-003  2.4249238054E+000  2.5983124496E+000  1.8801542006E-003  2.5296811098E+000  2.6040758377E+000  2.1201524661E-003  2.3842859284E+000  2.5995923089E+000  1.5020713432E-003  3.6565940184E-004
   1   -10   0    0 -3.8396824002E-001  8.6309274986E+000  1.8772019752E-004  2.1962852131E+000  2.6335253026E+000  4.6726093373E-005  2.2922287754E+000  2.6013443427E+000  5.2805794670E-004  2.3964309432E+000  2.6064187517E+000  1.5861624279E-003  2.4229942094E+000  2.5950640659E+000  1.8809158926E-003  2.5276756198E+000  2.6008543030E+000  2.1193614275E-003  2.3825319390E+000  2.5963171645E+000  1.5042308391E-003  3.6542619492E-004
   1   -11   0    0 -3.7920631396E-001  8.6226092863E+000  1.8925098886E-004  2.1955107435E+000  2.6303054092E+000  5.1425472519E-005  2.2911299084E+000  2.5980292727E+000  5.3091619895E-004  2.3952127040E+000  2.6032048601E+000  1.5891147621E-003  2.4210665090E+000  2.5918217435E+000  1.8816788468E-003  2.5256707036E+000  2.5976389435E+000  2.1185662355E-003  2.3807794489E+000  2.5930479166E+000  1.5063951493E-003  3.6519344146E-004
   1   -12   0    0 -3.7441514201E-001  8.6143073447E+000  1.9079963656E-004  2.1947413636E+000  2.6270922514E+000  5.6155191508E-005  2.2900332492E+000  2.5947198320E+000  5.3379275750E-004  2.3939980533E+000  2.5999976923E+000  1.5920814808E-003  2.4191407561E+000  2.5885855545E+000  1.8824430210E-003  2.5236663906E+000  2.5944298303E+000  2.1177668873E-003  2.3790284951E+000  2.5897846370E+000  1.5085641848E-003  3.6496114669E-004
   1   -13   0    0 -3.6959464294E-001  8.6060218099E+000  1.9236633607E-004  2.1939770408E+000  2.6238859069E+000  6.0915310846E-005  2.2889387315E+000  2.5914160869E+000  5.3668766559E-004  2.3927869863E+000  2.5967973265E+000  1.5950625895E-003  2.4172170023E+000  2.5853555711E+000  1.8832083715E-003  2.5216627105E+000  2.5912270342E+000  2.1169633806E-003  2.3772791144E+000  2.5865273975E+000  1.5107378541E-003  3.6472931582E-004
   1   -14   0    0 -3.6474474037E-001  8.5977528166E+000  1.9395128327E-004  2.1932177406E+000  2.6206864530E+000  6.5705885772E-005  2.2878462870E+000  2.5881181033E+000  5.3960096352E-004  2.3915794973E+000  2.5936038403E+000  1.5980580908E-003  2.4152952996E+000  2.5821318651E+000  1.8839748540E-003  2.5196596932E+000  2.5880306259E+000  2.1161557141E-003  2.3755313441E+000  2.5832762696E+000  1.5129160635E-003  3.6449795403E-004
   1   -15   0    0 -3.5986536291E-001  8.5895004976E+000  1.9555467436E-004  2.1924634267E+000  2.6174939667E+000  7.0526966129E-005  2.2867558463E+000  2.5848259468E+000  5.4253268852E-004  2.3903755792E+000  2.5904173113E+000  1.6010679850E-003  2.4133756996E+000  2.5789145084E+000  1.8847424228E-003  2.5176573685E+000  2.5848406758E+000  2.1153438869E-003  2.3737852210E+000  2.5800313248E+000  1.5150987161E-003  3.6426706650E-004
   1   -16   0    0 -3.5495644428E-001  8.5812649834E+000  1.9717670583E-004  2.1917140608E+000  2.6143085245E+000  7.5378596236E-005  2.2856673381E+000  2.5815396825E+000  5.4548287472E-004  2.3891752238E+000  2.5872378167E+000  1.6040922695E-003  2.4114582543E+000  2.5757035724E+000  1.8855110313E-003  2.5156557667E+000  2.5816572538E+000  2.1145278993E-003  2.3720407823E+000  2.5767926343E+000  1.5172857131E-003  3.6403665837E-004
   1   -17   0    0 -3.5001792345E-001  8.5730464028E+000  1.9881757433E-004  2.1909696028E+000  2.6111302025E+000  8.0260814762E-005  2.2845806897E+000  2.5782593753E+000  5.4845155305E-004  2.3879784216E+000  2.5840654331E+000  1.6071309391E-003  2.4095430154E+000  2.5724991283E+000  1.8862806319E-003  2.5136549177E+000  2.5784804295E+000  2.1137077521E-003  2.3702980650E+000  2.5735602691E+000  1.5194769527E-003  3.6380673476E-004
   1   -18   0    0 -3.4504974476E-001  8.5648448821E+000  2.0047747666E-004  2.1902300108E+000  2.6079590762E+000  8.5173654605E-005  2.2834958271E+000  2.5749850894E+000  5.5143875119E-004  2.3867851618E+000  2.5809002368E+000  1.6101839858E-003  2.4076300344E+000  2.5693012468E+000  1.8870511758E-003  2.5116548520E+000  2.5753102723E+000  2.1128834472E-003  2.3685571058E+000  2.5703342998E+000  1.5216723307E-003  3.6357730075E-004
   1   -19   0    0 -3.4005185804E-001  8.5566605451E+000  2.0215660963E-004  2.1894952407E+000  2.6047952206E+000  9.0117142770E-005  2.2824126744E+000  2.5717168883E+000  5.5444449350E-004  2.3855954324E+000  2.5777423035E+000  1.6132513989E-003  2.4057193629E+000  2.5661099984E+000  1.8878226131E-003  2.5096555996E+000  2.5721468509E+000  2.1120549871E-003  2.3668179416E+000  2.5671147967E+000  1.5238717403E-003  3.6334836138E-004
   1   -20   0    0 -3.3502421875E-001  8.5484935132E+000  2.0385517000E-004  2.1887652465E+000  2.6016387098E+000  9.5091300250E-005  2.2813311547E+000  2.5684548351E+000  5.5746880092E-004  2.3844092200E+000  2.5745917082E+000  1.6163331648E-003  2.4038110520E+000  2.5629254531E+000  1.8885948931E-003  2.5076571909E+000  2.5689902334E+000  2.1112223752E-003  2.3650806089E+000  2.5639018296E+000  1.5260750722E-003  3.6311992166E-004
   1   -21   0    0 -3.2996678810E-001  8.5403439052E+000  2.0557335441E-004  2.1880399804E+000  2.5984896173E+000  1.0009614192E-004  2.2802511893E+000  2.5651989923E+000  5.6051169092E-004  2.3832265097E+000  2.5714485255E+000  1.6194292669E-003  2.4019051527E+000  2.5597476803E+000  1.8893679639E-003  2.5056596561E+000  2.5658404876E+000  2.1103856158E-003  2.3633451442E+000  2.5606954679E+000  1.5282822144E-003  3.6289198655E-004
   1   -22   0    0 -3.2487953315E-001  8.5322118368E+000  2.0731135927E-004  2.1873193923E+000  2.5953480160E+000  1.0513167640E-004  2.2791726983E+000  2.5619494214E+000  5.6357317746E-004  2.3820472856E+000  2.5683128290E+000  1.6225396859E-003  2.4000017158E+000  2.5565767489E+000  1.8901417725E-003  2.5036630255E+000  2.5626976803E+000  2.1095447140E-003  2.3616115836E+000  2.5574957805E+000  1.5304930526E-003  3.6266456096E-004
   1   -23   0    0 -3.1976242693E-001  8.5240974209E+000  2.0906938069E-004  2.1866034302E+000  2.5922139776E+000  1.1019790599E-004  2.2780956004E+000  2.5587061832E+000  5.6665327089E-004  2.3808715298E+000  2.5651846917E+000  1.6256643995E-003  2.3981007916E+000  2.5534127271E+000  1.8909162649E-003  2.5016673293E+000  2.5595618779E+000  2.1086996759E-003  2.3598799630E+000  2.5543028357E+000  1.5327074697E-003  3.6243764976E-004
   1   -24   0    0 -3.1461544856E-001  8.5160007673E+000  2.1084761441E-004  2.1858920401E+000  2.5890875731E+000  1.1529482654E-004  2.2770198129E+000  2.5554693378E+000  5.6975197791E-004  2.3796992236E+000  2.5620641857E+000  1.6288033822E-003  2.3962024301E+000  2.5502556826E+000  1.8916913862E-003  2.4996725975E+000  2.5564331458E+000  2.1078505084E-003  2.3581503179E+000  2.5511167012E+000  1.5349253462E-003  3.6221125773E-004
   1   -25   0    0 -3.0822367022E-001  8.5087187183E+000  2.1246257611E-004  2.1850819905E+000  2.5860500971E+000  1.1990006165E-004  2.2758939461E+000  2.5523552354E+000  5.7255173075E-004  2.3785596299E+000  2.5591476561E+000  1.6316355883E-003  2.3945986161E+000  2.5475566273E+000  1.8923882451E-003  2.4980440006E+000  2.5539218094E+000  2.1070841016E-003  2.3566817328E+000  2.5483744985E+000  1.5369207354E-003  3.6201945431E-004
   1   -26   0    0 -2.9923821695E-001  8.5050013070E+000  2.1327686127E-004  2.1840890325E+000  2.5837404940E+000  1.2221361713E-004  2.2747902175E+000  2.5500866887E+000  5.7395824834E-004  2.3776891706E+000  2.5572874648E+000  1.6330570115E-003  2.3941319016E+000  2.5466497938E+000  1.8927370844E-003  2.4977763491E+000  2.5536538501E+000  2.1066993774E-003  2.3562292596E+000  2.5473893418E+000  1.5379201265E-003  3.6196108792E-004
   1   -27   0    0 -2.9027700833E-001  8.5012427224E+000  2.1410488672E-004  2.1830842807E+000  2.5814052128E+000  1.2456043954E-004  2.2736725846E+000  2.5477929111E+000  5.7538498588E-004  2.3768081885E+000  2.5554062670E+000  1.6344979202E-003  2.3936606996E+000  2.5457335844E+000  1.8930900911E-003  2.4975051021E+000  2.5533823240E+000  2.1063093244E-003  2.3557724271E+000  2.5463940217E+000  1.5389318167E-003  3.6190206624E-004
   1   -28   0    0 -2.8134025478E-001  8.4974431986E+000  2.1494678423E-004  2.1820677618E+000  2.5790444007E+000  1.2694064809E-004  2.2725410486E+000  2.5454740464E+000  5.7683201664E-004  2.3759167010E+000  2.5535041684E+000  1.6359583528E-003  2.3931850659E+000  2.5448080829E+000  1.8934472488E-003  2.4972302546E+000  2.5531072272E+000  2.1059139303E-003  2.3553112885E+000  2.5453886292E+000  1.5399557746E-003  3.6184239276E-004
   1   -29   0    0 -2.7242815498E-001  8.4936029856E+000  2.1580268438E-004  2.1810395058E+000  2.5766582146E+000  1.2935435346E-004  2.2713956145E+000  2.5431302483E+000  5.7829940880E-004  2.3750147281E+000  2.5515812824E+000  1.6374383420E-003  2.3927050583E+000  2.5438733774E+000  1.8938085389E-003  2.4969518025E+000  2.5528285569E+000  2.1055131844E-003  2.3548458988E+000  2.5443732601E+000  1.5409919640E-003  3.6178207121E-004
   1   -30   0    0 -2.6354089556E-001  8.4897223483E+000  2.1667271661E-004  2.1799995460E+000  2.5742468216E+000  1.3180165787E-004  2.2702362909E+000  2.5407616803E+000  5.7978722545E-004  2.3741022928E+000  2.5496377304E+000  1.6389379153E-003  2.3922207371E+000  2.5429295599E+000  1.8941739412E-003  2.4966697427E+000  2.5525463111E+000  2.1051070773E-003  2.3543763154E+000  2.5433480141E+000  1.5420403436E-003  3.6172110557E-004
   1   -31   0    0 -2.5467865094E-001  8.4858015666E+000  2.1755700919E-004  2.1789479191E+000  2.5718103981E+000  1.3428265502E-004  2.2690630898E+000  2.5383685150E+000  5.8129552462E-004  2.3731794207E+000  2.5476736410E+000  1.6404570944E-003  2.3917321645E+000  2.5419767266E+000  1.8945434336E-003  2.4963840732E+000  2.5522604891E+000  2.1046956013E-003  2.3539025976E+000  2.5423129957E+000  1.5431008676E-003  3.6165950006E-004
   1   -32   0    0 -2.4584158307E-001  8.4818409346E+000  2.1845568920E-004  2.1778846644E+000  2.5693491300E+000  1.3679743019E-004  2.2678760263E+000  2.5359509341E+000  5.8282435926E-004  2.3722461402E+000  2.5456891504E+000  1.6419958960E-003  2.3912394048E+000  2.5410149773E+000  1.8949169923E-003  2.4960947928E+000  2.5519710909E+000  2.1042787500E-003  2.3534248065E+000  2.5412683131E+000  1.5441734854E-003  3.6159725915E-004
   1   -33   0    0 -2.3702984128E-001  8.4778407601E+000  2.1936888254E-004  2.1768098244E+000  2.5668632118E+000  1.3934606023E-004  2.2666751191E+000  2.5335091283E+000  5.8437377733E-004  2.3713024822E+000  2.5436844017E+000  1.6435543313E-003  2.3907425244E+000  2.5400444157E+000  1.8952945917E-003  2.4958019015E+000  2.5516781176E+000  2.1038565186E-003  2.3529430052E+000  2.5402140788E+000  1.5452581417E-003  3.6153438751E-004
   1   -34   0    0 -2.2824356215E-001  8.4738013646E+000  2.2029671389E-004  2.1757234443E+000  2.5643528470E+000  1.4192861364E-004  2.2654603899E+000  2.5310432966E+000  5.8594382177E-004  2.3703484801E+000  2.5416595448E+000  1.6451324060E-003  2.3902415914E+000  2.5390651490E+000  1.8956762046E-003  2.4955053999E+000  2.5513815713E+000  2.1034289035E-003  2.3524572586E+000  2.5391504089E+000  1.5463547766E-003  3.6147089005E-004
   1   -35   0    0 -2.1948286937E-001  8.4697230821E+000  2.2123930678E-004  2.1746255719E+000  2.5618182475E+000  1.4454515060E-004  2.2642318633E+000  2.5285536462E+000  5.8753453057E-004  2.3693841694E+000  2.5396147365E+000  1.6467301210E-003  2.3897366757E+000  2.5380772880E+000  1.8960618019E-003  2.4952052900E+000  2.5510814548E+000  2.1029959027E-003  2.3519676330E+000  2.5380774235E+000  1.5474633259E-003  3.6140677186E-004
   1   -36   0    0 -2.1074787367E-001  8.4656062589E+000  2.2219678353E-004  2.1735162576E+000  2.5592596330E+000  1.4719572307E-004  2.2629895670E+000  2.5260403922E+000  5.8914593684E-004  2.3684095881E+000  2.5375501396E+000  1.6483474717E-003  2.3892278491E+000  2.5370809467E+000  1.8964513531E-003  2.4949015741E+000  2.5507777721E+000  2.1025575155E-003  2.3514741967E+000  2.5369952460E+000  1.5485837206E-003  3.6134203828E-004
   1   -37   0    0 -2.0203867275E-001  8.4614512535E+000  2.2316926524E-004  2.1723955542E+000  2.5566772311E+000  1.4988037485E-004  2.2617335314E+000  2.5235037575E+000  5.9077806878E-004  2.3674247760E+000  2.5354659234E+000  1.6499844487E-003  2.3887151848E+000  2.5360762423E+000  1.8968448258E-003  2.4945942560E+000  2.5504705278E+000  2.1021137427E-003  2.3509770192E+000  2.5359040031E+000  1.5497158876E-003  3.6127669481E-004
   1   -38   0    0 -1.9335535127E-001  8.4572584350E+000  2.2415687187E-004  2.1712635165E+000  2.5540712769E+000  1.5259914167E-004  2.2604637895E+000  2.5209439719E+000  5.9243094984E-004  2.3664297753E+000  2.5333622628E+000  1.6516410374E-003  2.3881987577E+000  2.5350632949E+000  1.8972421861E-003  2.4942833400E+000  2.5501597277E+000  2.1016645863E-003  2.3504761716E+000  2.5348038252E+000  1.5508597495E-003  3.6121074714E-004
   1   -39   0    0 -1.8469798082E-001  8.4530281837E+000  2.2515972216E-004  2.1701202017E+000  2.5514420124E+000  1.5535205127E-004  2.2591803771E+000  2.5183612723E+000  5.9410459867E-004  2.3654246295E+000  2.5312393383E+000  1.6533172185E-003  2.3876786441E+000  2.5340422277E+000  1.8976433986E-003  2.4939688312E+000  2.5498453782E+000  2.1012100497E-003  2.3499717263E+000  2.5336948451E+000  1.5520152245E-003  3.6114420117E-004
   1   -40   0    0 -1.7606661995E-001  8.4487608898E+000  2.2617793369E-004  2.1689656687E+000  2.5487896863E+000  1.5813912349E-004  2.2578833321E+000  2.5157559021E+000  5.9579902928E-004  2.3644093844E+000  2.5290973359E+000  1.6550129678E-003  2.3871549217E+000  2.5330131666E+000  1.8980484263E-003  2.4936507358E+000  2.5495274866E+000  2.1007501378E-003  2.3494637570E+000  2.5325771992E+000  1.5531822270E-003  3.6107706292E-004
   1   -41   0    0 -1.6746131424E-001  8.4444569529E+000  2.2721162288E-004  2.1677999784E+000  2.5461145540E+000  1.6096037041E-004  2.2565726950E+000  2.5131281111E+000  5.9751425101E-004  2.3633840869E+000  2.5269364465E+000  1.6567282564E-003  2.3866276693E+000  2.5319762398E+000  1.8984572305E-003  2.4933290606E+000  2.5492060609E+000  2.1002848566E-003  2.3489523385E+000  2.5314510260E+000  1.5543606671E-003  3.6100933862E-004
   1   -42   0    0 -1.5888209638E-001  8.4401167817E+000  2.2826090495E-004  2.1666231931E+000  2.5434168764E+000  1.6381579642E-004  2.2552485083E+000  2.5104781547E+000  5.9925026869E-004  2.3623487858E+000  2.5247568657E+000  1.6584630507E-003  2.3860969671E+000  2.5309315784E+000  1.8988697715E-003  2.4930038132E+000  2.5488811101E+000  2.0998142132E-003  2.3484375466E+000  2.5303164671E+000  1.5555504512E-003  3.6094103462E-004
   1   -43   0    0 -1.5032898621E-001  8.4357407934E+000  2.2932589400E-004  2.1654353768E+000  2.5406969206E+000  1.6670539834E-004  2.2539108166E+000  2.5078062940E+000  6.0100708264E-004  2.3613035310E+000  2.5225587939E+000  1.6602173129E-003  2.3855628962E+000  2.5298793154E+000  1.8992860075E-003  2.4926750021E+000  2.5485526438E+000  2.0993382164E-003  2.3479194583E+000  2.5291736661E+000  1.5567514819E-003  3.6087215744E-004
   1   -44   0    0 -1.4180199094E-001  8.4313294127E+000  2.3040670298E-004  2.1642365949E+000  2.5379549587E+000  1.6962916554E-004  2.2525596664E+000  2.5051127954E+000  6.0278468878E-004  2.3602483737E+000  2.5203424354E+000  1.6619910003E-003  2.3850255388E+000  2.5288195860E+000  1.8997058960E-003  2.4923426362E+000  2.5482206722E+000  2.0988568758E-003  2.3473981512E+000  2.5280227691E+000  1.5579636578E-003  3.6080271372E-004
   1   -45   0    0 -1.3330110524E-001  8.4268830719E+000  2.3150344370E-004  2.1630269137E+000  2.5351912677E+000  1.7258708006E-004  2.2511951060E+000  2.5023979299E+000  6.0458307866E-004  2.3591833663E+000  2.5181079986E+000  1.6637840663E-003  2.3844849779E+000  2.5277525274E+000  1.9001293926E-003  2.4920067256E+000  2.5478852066E+000  2.0983702024E-003  2.3468737040E+000  2.5268639242E+000  1.5591868743E-003  3.6073271023E-004
   1   -46   0    0 -1.2482631141E-001  8.4224022097E+000  2.3261622682E-004  2.1618064010E+000  2.5324061296E+000  1.7557911672E-004  2.2498171855E+000  2.4996619732E+000  6.0640223962E-004  2.3581085620E+000  2.5158556955E+000  1.6655964600E-003  2.3839412975E+000  2.5266782787E+000  1.9005564517E-003  2.4916672806E+000  2.5475462585E+000  2.0978782083E-003  2.3463461958E+000  2.5256972813E+000  1.5604210229E-003  3.6066215386E-004
   1   -47   0    0 -1.1637757961E-001  8.4178872711E+000  2.3374516192E-004  2.1605751251E+000  2.5295998302E+000  1.7860524324E-004  2.2484259564E+000  2.4969052050E+000  6.0824215476E-004  2.3570240151E+000  2.5135857417E+000  1.6674281262E-003  2.3833945820E+000  2.5255969805E+000  1.9009870267E-003  2.4913243125E+000  2.5472038404E+000  2.0973809068E-003  2.3458157067E+000  2.5245229923E+000  1.5616659920E-003  3.6059105161E-004
   1   -48   0    0 -1.0795486805E-001  8.4133387063E+000  2.3489035744E-004  2.1593331554E+000  2.5267726596E+000  1.8166542038E-004  2.2470214718E+000  2.4941279091E+000  6.1010280310E-004  2.3559297805E+000  2.5112983557E+000  1.6692790060E-003  2.3828449166E+000  2.5245087751E+000  1.9014210693E-003  2.4909778330E+000  2.5468579653E+000  2.0968783123E-003  2.3452823170E+000  2.5233412103E+000  1.5629216664E-003  3.6051941059E-004
   1   -49   0    0 -9.9558123220E-002  8.4087569709E+000  2.3605192072E-004  2.1580805618E+000  2.5239249112E+000  1.8475960204E-004  2.2456037860E+000  2.4913303725E+000  6.1198415961E-004  2.3548259136E+000  2.5089937589E+000  1.6711490362E-003  2.3822923872E+000  2.5234138060E+000  1.9018585304E-003  2.4906278546E+000  2.5465086468E+000  2.0963704402E-003  2.3447461075E+000  2.5221520902E+000  1.5641879280E-003  3.6044723799E-004
   1   -50   0    0 -9.1187280151E-002  8.4041425246E+000  2.3722995802E-004  2.1568174146E+000  2.5210568817E+000  1.8788773539E-004  2.2441729544E+000  2.4885128854E+000  6.1388619530E-004  2.3537124706E+000  2.5066721753E+000  1.6730381504E-003  2.3817370797E+000  2.5223122181E+000  1.9022993594E-003  2.4902743902E+000  2.5461558991E+000  2.0958573071E-003  2.3442071595E+000  2.5209557879E+000  1.5654646554E-003  3.6037454110E-004
   1   -51   0    0 -8.2842262679E-002  8.3994958314E+000  2.3842457448E-004  2.1555437847E+000  2.5181688709E+000  1.9104976100E-004  2.2427290339E+000  2.4856757409E+000  6.1580887730E-004  2.3525895079E+000  2.5043338314E+000  1.6749462778E-003  2.3811790808E+000  2.5212041573E+000  1.9027435046E-003  2.4899174535E+000  2.5457997369E+000  2.0953389306E-003  2.3436655545E+000  2.5197524607E+000  1.5667517242E-003  3.6030132726E-004
   1   -52   0    0 -7.4522983724E-002  8.3948173582E+000  2.3963587419E-004  2.1542597430E+000  2.5152611808E+000  1.9424561296E-004  2.2412720819E+000  2.4828192347E+000  6.1775216893E-004  2.3514570822E+000  2.5019789554E+000  1.6768733447E-003  2.3806184773E+000  2.5200897703E+000  1.9031909135E-003  2.4895570585E+000  2.5454401756E+000  2.0948153291E-003  2.3431213741E+000  2.5185422664E+000  1.5680490072E-003  3.6022760390E-004
   1   -53   0    0 -6.6229345591E-002  8.3901075751E+000  2.4086396013E-004  2.1529653607E+000  2.5123341159E+000  1.9747521896E-004  2.2398021571E+000  2.4799436644E+000  6.1971602978E-004  2.3503152503E+000  2.4996077777E+000  1.6788192734E-003  2.3800553560E+000  2.5189692050E+000  1.9036415322E-003  2.4891932198E+000  2.5450772309E+000  2.0942865222E-003  2.3425747001E+000  2.5173253642E+000  1.5693563744E-003  3.6015337852E-004
   1   -54   0    0 -5.7961240274E-002  8.3853669544E+000  2.4210893420E-004  2.1516607088E+000  2.5093879826E+000  2.0073850048E-004  2.2383193187E+000  2.4770493298E+000  6.2170041577E-004  2.3491640693E+000  2.4972205301E+000  1.6807839831E-003  2.3794898042E+000  2.5178426095E+000  1.9040953060E-003  2.4888259527E+000  2.5447109191E+000  2.0937525306E-003  2.3420256144E+000  2.5161019134E+000  1.5706736929E-003  3.6007865866E-004
   1   -55   0    0 -4.9718549783E-002  8.3805959705E+000  2.4337089724E-004  2.1503458583E+000  2.5064230889E+000  2.0403537284E-004  2.2368236266E+000  2.4741365321E+000  6.2370527923E-004  2.3480035961E+000  2.4948174456E+000  1.6827673897E-003  2.3789219088E+000  2.5167101328E+000  1.9045521789E-003  2.4884552726E+000  2.5443412569E+000  2.0932133755E-003  2.3414741986E+000  2.5148720741E+000  1.5720008276E-003  3.6000345189E-004
   1   -56   0    0 -4.1501146466E-002  8.3757950990E+000  2.4464994900E-004  2.1490208800E+000  2.5034397442E+000  2.0736574534E-004  2.2353151416E+000  2.4712055738E+000  6.2573056896E-004  2.3468338873E+000  2.4923987586E+000  1.6847694056E-003  2.3783517570E+000  2.5155719242E+000  1.9050120943E-003  2.4880811957E+000  2.5439682615E+000  2.0926690794E-003  2.3409205344E+000  2.5136360070E+000  1.5733376405E-003  3.5992776584E-004
   1   -57   0    0 -3.3308893356E-002  8.3709648164E+000  2.4594618813E-004  2.1476858440E+000  2.5004382587E+000  2.1072952137E-004  2.2337939246E+000  2.4682567586E+000  6.2777623032E-004  2.3456549996E+000  2.4899647042E+000  1.6867899406E-003  2.3777794356E+000  2.5144281333E+000  1.9054749944E-003  2.4877037384E+000  2.5435919504E+000  2.0921196655E-003  2.3403647032E+000  2.5123938725E+000  1.5746839913E-003  3.5985160817E-004
   1   -58   0    0 -2.5141644513E-002  8.3661056000E+000  2.4725971223E-004  2.1463408203E+000  2.4974189435E+000  2.1412659851E-004  2.2322600371E+000  2.4652903907E+000  6.2984220529E-004  2.3444669890E+000  2.4875155182E+000  1.6888289011E-003  2.3772050314E+000  2.5132789099E+000  1.9059408208E-003  2.4873229176E+000  2.5432123417E+000  2.0915651579E-003  2.3398067862E+000  2.5111458318E+000  1.5760397375E-003  3.5977498656E-004
   1   -59   0    0 -1.6999245381E-002  8.3612179268E+000  2.4859061777E-004  2.1449858782E+000  2.4943821103E+000  2.1755686863E-004  2.2307135410E+000  2.4623067749E+000  6.3192843249E-004  2.3432699114E+000  2.4850514367E+000  1.6908861906E-003  2.3766286309E+000  2.5121244038E+000  1.9064095139E-003  2.4869387506E+000  2.5428294538E+000  2.0910055815E-003  2.3392468642E+000  2.5098920455E+000  1.5774047344E-003  3.5969790870E-004
   1   -60   0    0 -8.8815331430E-003  8.3563022738E+000  2.4993900014E-004  2.1436210862E+000  2.4913280709E+000  2.2102021799E-004  2.2291544984E+000  2.4593062163E+000  6.3403484731E-004  2.3420638220E+000  2.4825726961E+000  1.6929617101E-003  2.3760503200E+000  2.5109647649E+000  1.9068810137E-003  2.4865512550E+000  2.5424433053E+000  2.0904409622E-003  2.3386850174E+000  2.5086326744E+000  1.5787788349E-003  3.5962038231E-004
   1   -61   0    0 -7.8833708838E-004  8.3513591170E+000  2.5130495361E-004  2.1422465122E+000  2.4882571368E+000  2.2451652736E-004  2.2275829716E+000  2.4562890198E+000  6.3616138192E-004  2.3408487755E+000  2.4800795330E+000  1.6950553574E-003  2.3754701846E+000  2.5098001428E+000  1.9073552589E-003  2.4861604489E+000  2.5420539153E+000  2.0898713264E-003  2.3381213260E+000  2.5073678790E+000  1.5801618902E-003  3.5954241510E-004
   1   -62   0    0  7.2805210249E-003  8.3463889315E+000  2.5268857133E-004  2.1408622230E+000  2.4851696197E+000  2.2804567206E-004  2.2259990229E+000  2.4532554902E+000  6.3830796534E-004  2.3396248258E+000  2.4775721837E+000  1.6971670280E-003  2.3748883098E+000  2.5086306869E+000  1.9078321880E-003  2.4857663506E+000  2.5416613032E+000  2.0892967015E-003  2.3375558691E+000  2.5060978196E+000  1.5815537493E-003  3.5946401477E-004
   1   -63   0    0  1.5325226600E-002  8.3413921909E+000  2.5408994532E-004  2.1394682847E+000  2.4820658304E+000  2.3160752211E-004  2.2244027149E+000  2.4502059318E+000  6.4047452351E-004  2.3383920263E+000  2.4750508841E+000  1.6992966146E-003  2.3743047803E+000  2.5074565462E+000  1.9083117383E-003  2.4853689787E+000  2.5412654886E+000  2.0887171156E-003  2.3369887256E+000  2.5048226558E+000  1.5829542595E-003  3.5938518904E-004
   1   -64   0    0  2.3345971834E-002  8.3363693667E+000  2.5550916644E-004  2.1380647623E+000  2.4789460790E+000  2.3520194225E-004  2.2227941099E+000  2.4471406480E+000  6.4266097931E-004  2.3371504293E+000  2.4725158696E+000  1.7014440074E-003  2.3737196802E+000  2.5062778694E+000  1.9087938468E-003  2.4849683523E+000  2.5408664916E+000  2.0881325976E-003  2.3364199736E+000  2.5035425468E+000  1.5843632660E-003  3.5930594560E-004
   1   -65   0    0  3.1342955348E-002  8.3313209287E+000  2.5694632437E-004  2.1366517196E+000  2.4758106748E+000  2.3882879210E-004  2.2211732705E+000  2.4440599415E+000  6.4486725265E-004  2.3359000863E+000  2.4699673751E+000  1.7036090942E-003  2.3731330929E+000  2.5050948046E+000  1.9092784496E-003  2.4845644906E+000  2.5404643324E+000  2.0875431769E-003  2.3358496905E+000  2.5022576511E+000  1.5857806127E-003  3.5922629213E-004
   1   -66   0    0  3.9316381817E-002  8.3262473438E+000  2.5840150760E-004  2.1352292193E+000  2.4726599256E+000  2.4248792615E-004  2.2195402590E+000  2.4409641139E+000  6.4709326047E-004  2.3346410481E+000  2.4674056343E+000  1.7057917603E-003  2.3725451012E+000  2.5039074991E+000  1.9097654822E-003  2.4841574132E+000  2.5400590314E+000  2.0869488838E-003  2.3352779529E+000  2.5009681265E+000  1.5872061417E-003  3.5914623628E-004
   1   -67   0    0  4.7266461607E-002  8.3211490766E+000  2.5987480341E-004  2.1337973228E+000  2.4694941382E+000  2.4617919388E-004  2.2178951374E+000  2.4378534654E+000  6.4933891682E-004  2.3333733643E+000  2.4648308802E+000  1.7079918889E-003  2.3719557871E+000  2.5027160998E+000  1.9102548796E-003  2.4837471398E+000  2.5396506095E+000  2.0863497492E-003  2.3347048365E+000  2.4996741300E+000  1.5886396934E-003  3.5906578567E-004
   1   -68   0    0  5.5193410410E-002  8.3160265881E+000  2.6136629785E-004  2.1323560903E+000  2.4663136176E+000  2.4990243985E-004  2.2162379679E+000  2.4347282947E+000  6.5160413290E-004  2.3320970833E+000  2.4622433445E+000  1.7102093608E-003  2.3713652316E+000  2.5015207527E+000  1.9107465761E-003  2.4833336904E+000  2.5392390875E+000  2.0857458048E-003  2.3341304164E+000  2.4983758177E+000  1.5900811068E-003  3.5898494791E-004
   1   -69   0    0  6.3097448884E-002  8.3108803366E+000  2.6287607568E-004  2.1309055806E+000  2.4631186669E+000  2.5365750371E-004  2.2145688122E+000  2.4315888991E+000  6.5388881707E-004  2.3308122527E+000  2.4596432577E+000  1.7124440546E-003  2.3707735152E+000  2.5003216027E+000  1.9112405056E-003  2.4829170855E+000  2.5388244867E+000  2.0851370829E-003  2.3335547666E+000  2.4970733445E+000  1.5915302197E-003  3.5890373055E-004
   1   -70   0    0  7.0978802294E-002  8.3057107763E+000  2.6440422037E-004  2.1294458510E+000  2.4599095877E+000  2.5744422031E-004  2.2128877319E+000  2.4284355739E+000  6.5619287493E-004  2.3295189187E+000  2.4570308487E+000  1.7146958468E-003  2.3701807172E+000  2.4991187942E+000  1.9117366015E-003  2.4824973454E+000  2.5384068284E+000  2.0845236162E-003  2.3329779601E+000  2.4957668644E+000  1.5929868682E-003  3.5882214112E-004
   1   -71   0    0  7.8837700162E-002  8.3005183580E+000  2.6595081408E-004  2.1279769574E+000  2.4566866790E+000  2.6126241972E-004  2.2111947882E+000  2.4252686124E+000  6.5851620931E-004  2.3282171266E+000  2.4544063450E+000  1.7169646117E-003  2.3695869161E+000  2.4979124703E+000  1.9122347965E-003  2.4820744909E+000  2.5379861342E+000  2.0839054384E-003  2.3324000690E+000  2.4944565304E+000  1.5944508875E-003  3.5874018708E-004
   1   -72   0    0  8.6674375925E-002  8.2953035284E+000  2.6751593758E-004  2.1264989542E+000  2.4534502380E+000  2.6511192733E-004  2.2094900420E+000  2.4220883060E+000  6.6085872035E-004  2.3269069202E+000  2.4517699725E+000  1.7192502219E-003  2.3689921894E+000  2.4967027732E+000  1.9127350230E-003  2.4816485430E+000  2.5375624260E+000  2.0832825835E-003  2.3318211643E+000  2.4931424941E+000  1.5959221113E-003  3.5865787587E-004
   1   -73   0    0  9.4489066587E-002  8.2900667299E+000  2.6909967027E-004  2.1250118943E+000  2.4502005593E+000  2.6899256386E-004  2.2077735541E+000  2.4188949437E+000  6.6322030549E-004  2.3255883421E+000  2.4491219551E+000  1.7215525476E-003  2.3683966136E+000  2.4954898440E+000  1.9132372130E-003  2.4812195227E+000  2.5371357255E+000  2.0826550864E-003  2.3312413160E+000  2.4918249059E+000  1.5974003723E-003  3.5857521486E-004
   1   -74   0    0  1.0228201239E-001  8.2848084007E+000  2.7070209011E-004  2.1235158290E+000  2.4469379350E+000  2.7290414543E-004  2.2060453847E+000  2.4156888125E+000  6.6560085954E-004  2.3242614338E+000  2.4464625151E+000  1.7238714573E-003  2.3678002641E+000  2.4942738224E+000  1.9137412980E-003  2.4807874513E+000  2.5367060550E+000  2.0820229824E-003  2.3306605930E+000  2.4905039148E+000  1.5988855021E-003  3.5849221139E-004
   1   -75   0    0  1.1005345648E-001  8.2795289741E+000  2.7232327358E-004  2.1220108080E+000  2.4436626544E+000  2.7684648362E-004  2.2043055938E+000  2.4124701964E+000  6.6800027466E-004  2.3229262351E+000  2.4437918724E+000  1.7262068177E-003  2.3672032153E+000  2.4930548472E+000  1.9142472091E-003  2.4803523504E+000  2.5362734366E+000  2.0813863072E-003  2.3300790629E+000  2.4891796686E+000  1.6003773313E-003  3.5840887271E-004
   1   -76   0    0  1.1780364461E-001  8.2742288790E+000  2.7396329566E-004  2.1204968792E+000  2.4403750044E+000  2.8081938547E-004  2.2025542411E+000  2.4092393774E+000  6.7041844043E-004  2.3215827850E+000  2.4411102453E+000  1.7285584934E-003  2.3666055404E+000  2.4918330558E+000  1.9147548772E-003  2.4799142415E+000  2.5358378928E+000  2.0807450975E-003  2.3294967924E+000  2.4878523135E+000  1.6018756896E-003  3.5832520604E-004
   1   -77   0    0  1.2553282479E-001  8.2689085394E+000  2.7562222976E-004  2.1189740892E+000  2.4370752688E+000  2.8482265359E-004  2.2007913859E+000  2.4059966344E+000  6.7285524384E-004  2.3202311205E+000  2.4384178496E+000  1.7309263473E-003  2.3660073114E+000  2.4906085843E+000  1.9152642327E-003  2.4794731465E+000  2.5353994461E+000  2.0800993902E-003  2.3289138467E+000  2.4865219943E+000  1.6033804056E-003  3.5824121851E-004
   1   -78   0    0  1.3324124702E-001  8.2635683742E+000  2.7730014773E-004  2.1174424826E+000  2.4337637282E+000  2.8885608614E-004  2.1990170870E+000  2.4027422439E+000  6.7531056935E-004  2.3188712779E+000  2.4357148990E+000  1.7333102406E-003  2.3654085993E+000  2.4893815674E+000  1.9157752057E-003  2.4790290875E+000  2.5349581192E+000  2.0794492229E-003  2.3283302900E+000  2.4851888542E+000  1.6048913074E-003  3.5815691722E-004
   1   -79   0    0  1.4092916296E-001  8.2582087972E+000  2.7899711973E-004  2.1159021025E+000  2.4304406605E+000  2.9291947690E-004  2.1972314032E+000  2.3994764793E+000  6.7778429889E-004  2.3175032915E+000  2.4330016049E+000  1.7357100327E-003  2.3648094738E+000  2.4881521385E+000  1.9162877262E-003  2.4785820864E+000  2.5345139349E+000  2.0787946337E-003  2.3277461852E+000  2.4838530351E+000  1.6064082221E-003  3.5807230918E-004
   1   -80   0    0  1.4859682569E-001  8.2528302169E+000  2.8071321427E-004  2.1143529902E+000  2.4271063401E+000  2.9701261528E-004  2.1954343925E+000  2.3961996113E+000  6.8027631185E-004  2.3161271945E+000  2.4302781764E+000  1.7381255813E-003  2.3642100034E+000  2.4869204295E+000  1.9168017237E-003  2.4781321656E+000  2.5340669162E+000  2.0781356613E-003  2.3271615938E+000  2.4825146770E+000  1.6079309761E-003  3.5798740132E-004
   1   -81   0    0  1.5624448937E-001  8.2474330367E+000  2.8244849810E-004  2.1127951855E+000  2.4237610385E+000  3.0113528640E-004  2.1936261129E+000  2.3929119076E+000  6.8278648518E-004  2.3147430188E+000  2.4275448199E+000  1.7405567426E-003  2.3636102555E+000  2.4856865710E+000  1.9173171275E-003  2.4776793474E+000  2.5336170860E+000  2.0774723447E-003  2.3265765763E+000  2.4811739184E+000  1.6094593952E-003  3.5790220054E-004
   1   -82   0    0  1.6387240903E-001  8.2420176544E+000  2.8420303618E-004  2.1112287262E+000  2.4204050234E+000  3.0528727109E-004  2.1918066221E+000  2.3896136326E+000  6.8531469332E-004  2.3133507947E+000  2.4248017395E+000  1.7430033709E-003  2.3630102960E+000  2.4844506919E+000  1.9178338669E-003  2.4772236546E+000  2.5331644676E+000  2.0768047236E-003  2.3259911917E+000  2.4798308961E+000  1.6109933044E-003  3.5781671363E-004
   1   -83   0    0  1.7148084026E-001  8.2365844625E+000  2.8597689166E-004  2.1096536486E+000  2.4170385595E+000  3.0946834592E-004  2.1899759772E+000  2.3863050481E+000  6.8786080830E-004  2.3119505511E+000  2.4220491368E+000  1.7454653190E-003  2.3624101896E+000  2.4832129197E+000  1.9183518707E-003  2.4767651097E+000  2.5327090842E+000  2.0761328381E-003  2.3254054976E+000  2.4784857453E+000  1.6125325285E-003  3.5773094732E-004
   1   -84   0    0  1.7907003902E-001  8.2311338476E+000  2.8777012579E-004  2.1080699873E+000  2.4136619078E+000  3.1367828327E-004  2.1881342353E+000  2.3829864123E+000  6.9042469968E-004  2.3105423156E+000  2.4192872107E+000  1.7479424384E-003  2.3618099999E+000  2.4819733805E+000  1.9188710677E-003  2.4763037356E+000  2.5322509593E+000  2.0754567290E-003  2.3248195505E+000  2.4771385995E+000  1.6140768915E-003  3.5764490827E-004
   1   -85   0    0  1.8664026132E-001  8.2256661912E+000  2.8958279788E-004  2.1064777752E+000  2.4102753258E+000  3.1791685132E-004  2.1862814530E+000  2.3796579806E+000  6.9300623463E-004  2.3091261144E+000  2.4165161573E+000  1.7504345787E-003  2.3612097890E+000  2.4807321986E+000  1.9193913866E-003  2.4758395552E+000  2.5317901163E+000  2.0747764373E-003  2.3242334055E+000  2.4757895902E+000  1.6156262171E-003  3.5755860306E-004
   1   -86   0    0  1.9419176306E-001  8.2201818689E+000  2.9141496523E-004  2.1048770433E+000  2.4068790675E+000  3.2218381410E-004  2.1844176869E+000  2.3763200049E+000  6.9560527792E-004  2.3077019720E+000  2.4137361704E+000  1.7529415881E-003  2.3606096178E+000  2.4794894969E+000  1.9199127558E-003  2.4753725917E+000  2.5313265788E+000  2.0740920046E-003  2.3236471161E+000  2.4744388474E+000  1.6171803284E-003  3.5747203819E-004
   1   -87   0    0  2.0172479976E-001  8.2146812505E+000  2.9326668313E-004  2.1032678213E+000  2.4034733832E+000  3.2647893155E-004  2.1825429931E+000  2.3729727340E+000  6.9822169193E-004  2.3062699120E+000  2.4109474408E+000  1.7554633133E-003  2.3600095459E+000  2.4782453966E+000  1.9204351038E-003  2.4749028683E+000  2.5308603706E+000  2.0734034730E-003  2.3230607347E+000  2.4730864994E+000  1.6187390484E-003  3.5738522009E-004
   1   -88   0    0  2.0923962636E-001  8.2091647004E+000  2.9513800475E-004  2.1016501370E+000  2.4000585194E+000  3.3080195949E-004  2.1806574277E+000  2.3696164133E+000  7.0085533669E-004  2.3048299563E+000  2.4081501566E+000  1.7579995998E-003  2.3594096315E+000  2.4770000175E+000  1.9209583587E-003  2.4744304083E+000  2.5303915155E+000  2.0727108850E-003  2.3224743123E+000  2.4717326724E+000  1.6203021997E-003  3.5729815510E-004
   1   -89   0    0  2.1673649705E-001  8.2036325771E+000  2.9702898111E-004  2.1000240166E+000  2.3966347191E+000  3.3515264971E-004  2.1787610464E+000  2.3662512853E+000  7.0350606988E-004  2.3033821255E+000  2.4053445032E+000  1.7605502914E-003  2.3588099315E+000  2.4757534774E+000  1.9214824489E-003  2.4739552352E+000  2.5299200373E+000  2.0720142837E-003  2.3218878985E+000  2.4703774910E+000  1.6218696046E-003  3.5721084949E-004
   1   -90   0    0  2.2421566502E-001  8.1980852334E+000  2.9893966102E-004  2.0983894846E+000  2.3932022215E+000  3.3953074999E-004  2.1768539050E+000  2.3628775887E+000  7.0617374686E-004  2.3019264390E+000  2.4025306631E+000  1.7631152305E-003  2.3582105015E+000  2.4745058930E+000  1.9220073025E-003  2.4734773726E+000  2.5294459602E+000  2.0713137123E-003  2.3213015414E+000  2.4690210781E+000  1.6234410853E-003  3.5712330944E-004
   1   -91   0    0  2.3167738230E-001  8.1925230166E+000  3.0087009102E-004  2.0967465642E+000  2.3897612619E+000  3.4393600410E-004  2.1749360590E+000  2.3594955592E+000  7.0885822066E-004  2.3004629146E+000  2.3997088161E+000  1.7656942583E-003  2.3576113957E+000  2.4732573789E+000  1.9225328478E-003  2.4729968443E+000  2.5289693082E+000  2.0706092149E-003  2.3207152880E+000  2.4676635545E+000  1.6250164637E-003  3.5703554107E-004
   1   -92   0    0  2.3912189960E-001  8.1869462679E+000  3.0282031534E-004  2.0950952766E+000  2.3863120719E+000  3.4836815190E-004  2.1730075638E+000  2.3561054290E+000  7.1155934204E-004  2.2989915690E+000  2.3968791391E+000  1.7682872146E-003  2.3570126671E+000  2.4720080482E+000  1.9230590128E-003  2.4725136741E+000  2.5284901056E+000  2.0699008356E-003  2.3201291837E+000  2.4663050393E+000  1.6265955618E-003  3.5694755040E-004
   1   -93   0    0  2.4654946614E-001  8.1813553231E+000  3.0479037585E-004  2.0934356418E+000  2.3828548792E+000  3.5282692932E-004  2.1710684748E+000  2.3527074273E+000  7.1427695947E-004  2.2975124176E+000  2.3940418062E+000  1.7708939377E-003  2.3564143672E+000  2.4707580125E+000  1.9235857257E-003  2.4720278860E+000  2.5280083766E+000  2.0691886193E-003  2.3195432725E+000  2.4649456500E+000  1.6281782013E-003  3.5685934337E-004
   1   -94   0    0  2.5396032945E-001  8.1757505123E+000  3.0678031195E-004  2.0917676782E+000  2.3793899078E+000  3.5731206841E-004  2.1691188475E+000  2.3493017795E+000  7.1701091919E-004  2.2960254745E+000  2.3911969885E+000  1.7735142648E-003  2.3558165463E+000  2.4695073816E+000  1.9241129148E-003  2.4715395042E+000  2.5275241458E+000  2.0684726110E-003  2.3189575973E+000  2.4635855017E+000  1.6297642041E-003  3.5677092586E-004
   1   -95   0    0  2.6135473528E-001  8.1701321598E+000  3.0879016060E-004  2.0900914025E+000  2.3759173775E+000  3.6182329739E-004  2.1671587370E+000  2.3458887081E+000  7.1976106519E-004  2.2945307527E+000  2.3883448545E+000  1.7761480318E-003  2.3552192534E+000  2.4682562636E+000  1.9246405084E-003  2.4710485529E+000  2.5270374377E+000  2.0677528562E-003  2.3183721992E+000  2.4622247083E+000  1.6313533921E-003  3.5668230363E-004
   1   -96   0    0  2.6873292743E-001  8.1645005845E+000  3.1081995619E-004  2.0884068303E+000  2.3724375047E+000  3.6636034072E-004  2.1651881988E+000  2.3424684321E+000  7.2252723924E-004  2.2930282637E+000  2.3854855696E+000  1.7787950733E-003  2.3546225359E+000  2.4670047652E+000  1.9251684348E-003  2.4705550565E+000  2.5265482769E+000  2.0670294010E-003  2.3177871184E+000  2.4608633814E+000  1.6329455872E-003  3.5659348241E-004
   1   -97   0    0  2.7609514763E-001  8.1588560994E+000  3.1286973054E-004  2.0867139754E+000  2.3689505015E+000  3.7092291906E-004  2.1632072884E+000  2.3390411674E+000  7.2530928094E-004  2.2915180182E+000  2.3826192964E+000  1.7814552229E-003  2.3540264402E+000  2.4657529912E+000  1.9256966226E-003  2.4700590395E+000  2.5260566882E+000  2.0663022917E-003  2.3172023933E+000  2.4595016311E+000  1.6345406115E-003  3.5650446781E-004
   1   -98   0    0  2.8344163541E-001  8.1531990122E+000  3.1493951280E-004  2.0850128505E+000  2.3654565764E+000  3.7551074939E-004  2.1612160612E+000  2.3356071263E+000  7.2810702772E-004  2.2900000253E+000  2.3797461947E+000  1.7841283126E-003  2.3534310113E+000  2.4645010447E+000  1.9262250003E-003  2.4695605267E+000  2.5255626965E+000  2.0655715750E-003  2.3166180614E+000  2.4581395653E+000  1.6361382874E-003  3.5641526537E-004
   1   -99   0    0  2.9077262798E-001  8.1475296251E+000  3.1702932943E-004  2.0833034667E+000  2.3619559339E+000  3.8012354505E-004  2.1592145730E+000  2.3321665181E+000  7.3092031486E-004  2.2884742935E+000  2.3768664212E+000  1.7868141736E-003  2.3528362928E+000  2.4632490275E+000  1.9267534967E-003  2.4690595427E+000  2.5250663267E+000  2.0648372979E-003  2.3160341586E+000  2.4567772904E+000  1.6377384374E-003  3.5632588055E-004
   1  -100   0    0  2.9808836015E-001  8.1418482348E+000  3.1913920416E-004  2.0815858340E+000  2.3584487746E+000  3.8476101574E-004  2.1572028794E+000  2.3287195488E+000  7.3374897551E-004  2.2869408299E+000  2.3739801301E+000  1.7895126358E-003  2.3522423271E+000  2.4619970394E+000  1.9272820407E-003  2.4685561126E+000  2.5245676041E+000  2.0640995080E-003  2.3154507194E+000  2.4554149108E+000  1.6393408842E-003  3.5623631874E-004
   1  -101   0    0  3.0538906421E-001  8.1361551327E+000  3.2126915787E-004  2.0798599611E+000  2.3549352953E+000  3.8942286761E-004  2.1551810367E+000  2.3252664213E+000  7.3659284076E-004  2.2853996405E+000  2.3710874724E+000  1.7922235281E-003  2.3516491554E+000  2.4607451787E+000  1.9278105615E-003  2.4680502615E+000  2.5240665537E+000  2.0633582531E-003  2.3148677772E+000  2.4540525291E+000  1.6409454511E-003  3.5614658524E-004
   1  -102   0    0  3.1267496986E-001  8.1304506047E+000  3.2341920863E-004  2.0781258552E+000  2.3514156888E+000  3.9410880331E-004  2.1531491011E+000  2.3218073352E+000  7.3945173961E-004  2.2838507305E+000  2.3681885965E+000  1.7949466783E-003  2.3510568174E+000  2.4594935422E+000  1.9283389883E-003  2.4675420146E+000  2.5235632010E+000  2.0626135813E-003  2.3142853640E+000  2.4526902463E+000  1.6425519615E-003  3.5605668528E-004
   1  -103   0    0  3.1994630409E-001  8.1247349315E+000  3.2558937158E-004  2.0763835225E+000  2.3478901443E+000  3.9881852202E-004  2.1511071290E+000  2.3183424869E+000  7.4232549904E-004  2.2822941039E+000  2.3652836477E+000  1.7976819130E-003  2.3504653518E+000  2.4582422247E+000  1.9288672508E-003  2.4670313974E+000  2.5230575715E+000  2.0618655413E-003  2.3137035105E+000  2.4513281612E+000  1.6441602394E-003  3.5596662400E-004
   1  -104   0    0  3.2720329116E-001  8.1190083888E+000  3.2777965892E-004  2.0746329681E+000  2.3443588467E+000  4.0355171953E-004  2.1490551774E+000  2.3148720697E+000  7.4521394402E-004  2.2807297641E+000  2.3623727687E+000  1.8004290580E-003  2.3498747957E+000  2.4569913199E+000  1.9293952787E-003  2.4665184353E+000  2.5225496907E+000  2.0611141818E-003  2.3131222460E+000  2.4499663711E+000  1.6457701093E-003  3.5587640648E-004
   1  -105   0    0  3.3444615249E-001  8.1132712469E+000  3.2999007985E-004  2.0728741958E+000  2.3408219775E+000  4.0830808832E-004  2.1469933034E+000  2.3113962741E+000  7.4811689753E-004  2.2791577131E+000  2.3594560993E+000  1.8031879379E-003  2.3492851855E+000  2.4557409196E+000  1.9299230021E-003  2.4660031541E+000  2.5220395844E+000  2.0603595520E-003  2.3125415989E+000  2.4486049715E+000  1.6473813961E-003  3.5578603769E-004
   1  -106   0    0  3.4167510664E-001  8.1075237713E+000  3.3222064051E-004  2.0711072084E+000  2.3372797142E+000  4.1308731755E-004  2.1449215646E+000  2.3079152871E+000  7.5103418063E-004  2.2775779524E+000  2.3565337764E+000  1.8059583766E-003  2.3486965559E+000  2.4544911139E+000  1.9304503516E-003  2.4654855797E+000  2.5215272785E+000  2.0596017014E-003  2.3119615959E+000  2.4472440561E+000  1.6489939253E-003  3.5569552257E-004
   1  -107   0    0  3.4889040385E-001  8.1017662966E+000  3.3447129819E-004  2.0693319858E+000  2.3337322298E+000  4.1788899574E-004  2.1428400076E+000  2.3044292999E+000  7.5396555297E-004  2.2759904825E+000  2.3536059532E+000  1.8087401405E-003  2.3481089844E+000  2.4532420557E+000  1.9309772470E-003  2.4649657607E+000  2.5210128217E+000  2.0588406952E-003  2.3113823018E+000  2.4458837782E+000  1.6506074904E-003  3.5560486898E-004
   1  -108   0    0  3.5609225990E-001  8.0959990875E+000  3.3674204586E-004  2.0675485252E+000  2.3301796933E+000  4.2271279225E-004  2.1407486888E+000  2.3009384937E+000  7.5691082356E-004  2.2743953028E+000  2.3506727629E+000  1.8115330438E-003  2.3475225095E+000  2.4519938407E+000  1.9315036181E-003  2.4644437268E+000  2.5204962433E+000  2.0580765858E-003  2.3108037462E+000  2.4445242360E+000  1.6522219142E-003  3.5551408210E-004
   1  -109   0    0  3.6328082425E-001  8.0902222655E+000  3.3903295974E-004  2.0657568644E+000  2.3266222716E+000  4.2755855598E-004  2.1386476869E+000  2.2974430351E+000  7.5986991111E-004  2.2727924124E+000  2.3477343012E+000  1.8143370056E-003  2.3469370865E+000  2.4507464429E+000  1.9320294149E-003  2.4639194648E+000  2.5199775305E+000  2.0573093966E-003  2.3102258851E+000  2.4431654115E+000  1.6538370808E-003  3.5542316135E-004
   1  -110   0    0  3.7045638093E-001  8.0844362467E+000  3.4134392648E-004  2.0639569511E+000  2.3230601243E+000  4.3242573835E-004  2.1365370344E+000  2.2939431138E+000  7.6284249165E-004  2.2711818088E+000  2.3447907366E+000  1.8171517157E-003  2.3463528468E+000  2.4495000942E+000  1.9325545448E-003  2.4633930541E+000  2.5194567621E+000  2.0565392139E-003  2.3096488304E+000  2.4418075328E+000  1.6554527437E-003  3.5533211833E-004
   1  -111   0    0  3.7761909662E-001  8.0786411940E+000  3.4367498412E-004  2.0621488060E+000  2.3194934104E+000  4.3731411523E-004  2.1344168030E+000  2.2904388950E+000  7.6582843937E-004  2.2695634896E+000  2.3418421721E+000  1.8199770530E-003  2.3457697735E+000  2.4482548098E+000  1.9330789512E-003  2.4628644977E+000  2.5189339413E+000  2.0557660725E-003  2.3090725623E+000  2.4404506204E+000  1.6570687664E-003  3.5524095442E-004
   1  -112   0    0  3.8476903638E-001  8.0728370402E+000  3.4602631516E-004  2.0603325206E+000  2.3159222932E+000  4.4222376583E-004  2.1322871029E+000  2.2869305256E+000  7.6882781380E-004  2.2679374542E+000  2.3388886540E+000  1.8228130718E-003  2.3451877121E+000  2.4470104037E+000  1.9336026104E-003  2.4623337264E+000  2.5184089987E+000  2.0549899591E-003  2.3084969387E+000  2.4390945029E+000  1.6586851132E-003  3.5514966148E-004
   1  -113   0    0  3.9190665126E-001  8.0670245888E+000  3.4839753557E-004  2.0585079140E+000  2.3123469079E+000  4.4715359114E-004  2.1301479017E+000  2.2834182156E+000  7.7183995477E-004  2.2663036943E+000  2.3359304395E+000  1.8256591472E-003  2.3446070326E+000  2.4457674568E+000  1.9341253734E-003  2.4618009478E+000  2.5178821417E+000  2.0542110463E-003  2.3079222831E+000  2.4377397408E+000  1.6603013625E-003  3.5505826761E-004
   1  -114   0    0  3.9903188542E-001  8.0612035008E+000  3.5078899286E-004  2.0566751592E+000  2.3087674198E+000  4.5210402061E-004  2.1279993546E+000  2.2799020881E+000  7.7486513587E-004  2.2646622109E+000  2.3329675064E+000  1.8285155374E-003  2.3440274194E+000  2.4445255484E+000  1.9346472551E-003  2.4612660094E+000  2.5173532176E+000  2.0534292651E-003  2.3073483098E+000  2.4363859382E+000  1.6619175969E-003  3.5496675360E-004
   1  -115   0    0  4.0614514484E-001  8.0553744936E+000  3.5320034062E-004  2.0548340946E+000  2.3051839552E+000  4.5707404779E-004  2.1258414414E+000  2.2763823390E+000  7.7790275337E-004  2.2630129938E+000  2.3300000856E+000  1.8313816731E-003  2.3434491962E+000  2.4432851909E+000  1.9351681188E-003  2.4607290964E+000  2.5168224114E+000  2.0526447730E-003  2.3067753012E+000  2.4350335894E+000  1.6635334305E-003  3.5487514429E-004
   1  -116   0    0  4.1324639531E-001  8.0495372699E+000  3.5563189428E-004  2.0529848802E+000  2.3015966756E+000  4.6206403753E-004  2.1236743130E+000  2.2728590936E+000  7.8095304158E-004  2.2613560444E+000  2.3270281647E+000  1.8342577765E-003  2.3428720724E+000  2.4420460016E+000  1.9356879729E-003  2.4601900702E+000  2.5162895842E+000  2.0518575109E-003  2.3062029936E+000  2.4336823345E+000  1.6651489263E-003  3.5478342228E-004
   1  -117   0    0  4.2033602942E-001  8.0436925327E+000  3.5808329895E-004  2.0511273522E+000  2.2980056964E+000  4.6707298036E-004  2.1214979493E+000  2.2693325392E+000  7.8401539478E-004  2.2596913502E+000  2.3240519658E+000  1.8371432786E-003  2.3422963687E+000  2.4408084871E+000  1.9362066826E-003  2.4596491166E+000  2.5157549214E+000  2.0510676363E-003  2.3056316662E+000  2.4323326618E+000  1.6667637029E-003  3.5469161215E-004
   1  -118   0    0  4.2741415196E-001  8.0378403150E+000  3.6055463901E-004  2.0492615607E+000  2.2944111582E+000  4.7210077481E-004  2.1193124451E+000  2.2658028182E+000  7.8708976228E-004  2.2580189075E+000  2.3210715514E+000  1.8400381343E-003  2.3417219983E+000  2.4395725618E+000  1.9367242092E-003  2.4591062061E+000  2.5152183934E+000  2.0502751634E-003  2.3050612362E+000  2.4309844944E+000  1.6683776753E-003  3.5459971053E-004
   1  -119   0    0  4.3448089906E-001  8.0319807213E+000  3.6304594772E-004  2.0473875323E+000  2.2908131965E+000  4.7714721668E-004  2.1171178841E+000  2.2622700767E+000  7.9017603060E-004  2.2563387114E+000  2.3180870003E+000  1.8429422404E-003  2.3411489188E+000  2.4383382044E+000  1.9372405034E-003  2.4585613333E+000  2.5146799944E+000  2.0494801224E-003  2.3044916601E+000  2.4296378165E+000  1.6699907267E-003  3.5450771707E-004
   1  -120   0    0  4.4153643706E-001  8.0261139297E+000  3.6555720352E-004  2.0455052682E+000  2.2872119402E+000  4.8221199394E-004  2.1149143372E+000  2.2587344635E+000  7.9327402035E-004  2.2546507560E+000  2.3150984070E+000  1.8458554318E-003  2.3405771336E+000  2.4371054609E+000  1.9377555054E-003  2.4580145177E+000  2.5141397437E+000  2.0486825602E-003  2.3039229352E+000  2.4282926765E+000  1.6716027066E-003  3.5441563461E-004
   1  -121   0    0  4.4858107121E-001  8.0202404719E+000  3.6808813144E-004  2.0436146481E+000  2.2836074907E+000  4.8729429107E-004  2.1127018109E+000  2.2551961409E+000  7.9638324412E-004  2.2529550275E+000  2.3121059432E+000  1.8487772553E-003  2.3400068688E+000  2.4358746984E+000  1.9382691056E-003  2.4574658990E+000  2.5135977802E+000  2.0478826029E-003  2.3033552560E+000  2.4269494281E+000  1.6732133076E-003  3.5432348116E-004
   1  -122   0    0  4.5561475754E-001  8.0143600075E+000  3.7063905903E-004  2.0417158448E+000  2.2800000035E+000  4.9239450781E-004  2.1104804712E+000  2.2516552296E+000  7.9950395787E-004  2.2512515296E+000  2.3091095844E+000  1.8517079567E-003  2.3394378077E+000  2.4346454995E+000  1.9387813178E-003  2.4569153262E+000  2.5130539531E+000  2.0470801851E-003  2.3027883353E+000  2.4256076781E+000  1.6748226088E-003  3.5423123769E-004
   1  -123   0    0  4.6263796121E-001  8.0084734929E+000  3.7320939558E-004  2.0398085877E+000  2.2763895402E+000  4.9751121210E-004  2.1082502446E+000  2.2481119033E+000  8.0263529676E-004  2.2495402376E+000  2.3061095908E+000  1.8546467302E-003  2.3388704465E+000  2.4334186209E+000  1.9392919728E-003  2.4563630865E+000  2.5125085486E+000  2.0462755294E-003  2.3022226074E+000  2.4242681505E+000  1.6764301134E-003  3.5413894062E-004
   1  -124   0    0  4.6965045328E-001  8.0025801032E+000  3.7579980779E-004  2.0378932169E+000  2.2727762893E+000  5.0264548263E-004  2.1060113910E+000  2.2445662631E+000  8.0577793236E-004  2.2478211677E+000  2.3031058319E+000  1.8575942126E-003  2.3383041640E+000  2.4321932070E+000  1.9398011527E-003  2.4558088651E+000  2.5119612520E+000  2.0454684635E-003  2.3016575144E+000  2.4229300345E+000  1.6780361157E-003  3.5404655019E-004
   1  -125   0    0  4.7665272888E-001  7.9966808956E+000  3.7840961473E-004  2.0359694206E+000  2.2691602937E+000  5.0779572495E-004  2.1037638162E+000  2.2410184796E+000  8.0893090020E-004  2.2460942906E+000  2.3000985839E+000  1.8605495068E-003  2.3377395252E+000  2.4309701120E+000  1.9403086748E-003  2.4552529883E+000  2.5114123887E+000  2.0446592351E-003  2.3010935517E+000  2.4215941465E+000  1.6796400738E-003  3.5395410747E-004
   1  -126   0    0  4.8364474530E-001  7.9907755232E+000  3.8103913634E-004  2.0340373738E+000  2.2655417026E+000  5.1296233377E-004  2.1015076924E+000  2.2374686710E+000  8.1209445327E-004  2.2443596119E+000  2.2970878190E+000  1.8635128579E-003  2.3371762100E+000  2.4297489151E+000  1.9408145540E-003  2.4546953045E+000  2.5108618068E+000  2.0438477790E-003  2.3005304285E+000  2.4202600894E+000  1.6812420695E-003  3.5386159324E-004
   1  -127   0    0  4.9062679284E-001  7.9848645299E+000  3.8368804143E-004  2.0320969374E+000  2.2619205879E+000  5.1814442525E-004  2.0992430215E+000  2.2339169822E+000  8.1526806180E-004  2.2426171135E+000  2.2940736974E+000  1.8664837783E-003  2.3366144644E+000  2.4285300099E+000  1.9413186805E-003  2.4541359697E+000  2.5103096617E+000  2.0430342309E-003  2.2999683569E+000  2.4189282406E+000  1.6828417891E-003  3.5376902682E-004
   1  -128   0    0  4.9759897960E-001  7.9789479769E+000  3.8635634378E-004  2.0301481411E+000  2.2582970586E+000  5.2334180073E-004  2.0969698984E+000  2.2303635415E+000  8.1845161541E-004  2.2408667901E+000  2.2910562750E+000  1.8694621742E-003  2.3360542293E+000  2.4273133505E+000  1.9418210126E-003  2.4535749747E+000  2.5097559436E+000  2.0422186186E-003  2.2994072776E+000  2.4175985591E+000  1.6844391335E-003  3.5367640672E-004
   1  -129   0    0  5.0456129562E-001  7.9730255862E+000  3.8904430901E-004  2.0281911374E+000  2.2546712567E+000  5.2855475177E-004  2.0946884876E+000  2.2268084704E+000  8.2164530412E-004  2.2391086476E+000  2.2880355391E+000  1.8724482330E-003  2.3354952270E+000  2.4260985789E+000  1.9423215558E-003  2.4530121912E+000  2.5092005241E+000  2.0414008929E-003  2.2988469374E+000  2.4162707076E+000  1.6860341543E-003  3.5358371672E-004
   1  -130   0    0  5.1151416088E-001  7.9670983007E+000  3.9175128285E-004  2.0262256365E+000  2.2510431999E+000  5.3378179199E-004  2.0923987101E+000  2.2232519130E+000  8.2484822858E-004  2.2373426537E+000  2.2850117232E+000  1.8754411242E-003  2.3349379665E+000  2.4248864633E+000  1.9428201459E-003  2.4524479216E+000  2.5086437044E+000  2.0405812833E-003  2.2982877816E+000  2.4149454183E+000  1.6876263615E-003  3.5349099384E-004
   1  -131   0    0  5.1845754695E-001  7.9611657988E+000  3.9447755233E-004  2.0242518045E+000  2.2474130276E+000  5.3902326600E-004  2.0901007399E+000  2.2196939865E+000  8.2806061116E-004  2.2355688157E+000  2.2819848024E+000  1.8784410669E-003  2.3343821443E+000  2.4236766083E+000  1.9433167955E-003  2.4518820246E+000  2.5080853429E+000  2.0397597321E-003  2.2977295339E+000  2.4136223179E+000  1.6892158268E-003  3.5339822011E-004
   1  -132   0    0  5.2539170254E-001  7.9552285617E+000  3.9722279256E-004  2.0222695141E+000  2.2437807933E+000  5.4427834327E-004  2.0877945896E+000  2.2161348199E+000  8.3128195402E-004  2.2337871144E+000  2.2789549113E+000  1.8814476078E-003  2.3338279765E+000  2.4224693609E+000  1.9438114058E-003  2.4513146444E+000  2.5075255829E+000  2.0389363656E-003  2.2971723795E+000  2.4123017381E+000  1.6908022663E-003  3.5330541265E-004
   1  -133   0    0  5.3231660877E-001  7.9492862805E+000  3.9998727855E-004  2.0202789286E+000  2.2401466344E+000  5.4954734822E-004  2.0854804342E+000  2.2125745319E+000  8.3451246718E-004  2.2319975586E+000  2.2759220277E+000  1.8844609551E-003  2.3332751670E+000  2.4212643374E+000  1.9443039877E-003  2.4507456434E+000  2.5069642867E+000  2.0381111289E-003  2.2966160485E+000  2.4109833164E+000  1.6923857469E-003  3.5321255403E-004
   1  -134   0    0  5.3923251929E-001  7.9433394656E+000  4.0277065037E-004  2.0182799072E+000  2.2365105938E+000  5.5482939695E-004  2.0831582811E+000  2.2090132477E+000  8.3775161987E-004  2.2302001279E+000  2.2728862882E+000  1.8874806262E-003  2.3327239535E+000  2.4200619150E+000  1.9447944395E-003  2.4501751790E+000  2.5064016106E+000  2.0372841565E-003  2.2960607451E+000  2.4096674127E+000  1.6939659728E-003  3.5311966283E-004
   1  -135   0    0  5.4613954591E-001  7.9373882087E+000  4.0557286401E-004  2.0162724633E+000  2.2328727576E+000  5.6012421628E-004  2.0808282240E+000  2.2054510870E+000  8.4099925557E-004  2.2283948168E+000  2.2698477458E+000  1.8905064885E-003  2.3321743027E+000  2.4188620838E+000  1.9452827177E-003  2.4496032599E+000  2.5058375627E+000  2.0364554868E-003  2.2955064328E+000  2.4083540192E+000  1.6955428346E-003  3.5302673931E-004
   1  -136   0    0  5.5303780227E-001  7.9314326077E+000  4.0839386681E-004  2.0142566073E+000  2.2292332091E+000  5.6543152121E-004  2.0784903563E+000  2.2018881684E+000  8.4425521044E-004  2.2265816200E+000  2.2668064535E+000  1.8935384031E-003  2.3316261857E+000  2.4176648403E+000  1.9457687784E-003  2.4490298973E+000  2.5052721535E+000  2.0356251602E-003  2.2949530790E+000  2.4070431341E+000  1.6971162211E-003  3.5293378404E-004
   1  -137   0    0  5.5992740523E-001  7.9254727721E+000  4.1123359287E-004  2.0122323454E+000  2.2255920279E+000  5.7075100683E-004  2.0761447702E+000  2.1983246099E+000  8.4751930835E-004  2.2247605319E+000  2.2637624657E+000  1.8965762201E-003  2.3310795818E+000  2.4164701928E+000  1.9462525768E-003  2.4484551076E+000  2.5047053988E+000  2.0347932200E-003  2.2944006583E+000  2.4057347661E+000  1.6986860163E-003  3.5284079817E-004
   1  -138   0    0  5.6680847532E-001  7.9195088257E+000  4.1409196062E-004  2.0101996776E+000  2.2219492891E+000  5.7608234412E-004  2.0737915554E+000  2.1947605285E+000  8.5079135830E-004  2.2229315470E+000  2.2607158381E+000  1.8996197764E-003  2.3305344805E+000  2.4152781631E+000  1.9467340662E-003  2.4478789130E+000  2.5041373201E+000  2.0339597130E-003  2.2938491543E+000  2.4044289375E+000  1.7002520992E-003  3.5274778347E-004
   1  -139   0    0  5.7368113641E-001  7.9135409066E+000  4.1696887205E-004  2.0081585981E+000  2.2183050633E+000  5.8142517917E-004  2.0714307996E+000  2.1911960400E+000  8.5407115387E-004  2.2210946590E+000  2.2576666275E+000  1.9026688949E-003  2.3299908816E+000  2.4140887879E+000  1.9472131990E-003  2.4473013421E+000  2.5035679451E+000  2.0331246901E-003  2.2932985600E+000  2.4031256839E+000  1.7018143429E-003  3.5265474245E-004
   1  -140   0    0  5.8054551481E-001  7.9075691664E+000  4.1986421353E-004  2.0061090953E+000  2.2146594163E+000  5.8677913533E-004  2.0690625881E+000  2.1876312588E+000  8.5735847459E-004  2.2192498614E+000  2.2546148918E+000  1.9057233863E-003  2.3294487945E+000  2.4129021171E+000  1.9476899259E-003  2.4467224291E+000  2.5029973074E+000  2.0322882054E-003  2.2927488765E+000  2.4018250531E+000  1.7033726159E-003  3.5256167822E-004
   1  -141   0    0  5.8740173813E-001  7.9015937664E+000  4.2277785777E-004  2.0040511529E+000  2.2110124096E+000  5.9214381727E-004  2.0666870048E+000  2.1840662978E+000  8.6065308834E-004  2.2173971476E+000  2.2515606891E+000  1.9087830509E-003  2.3289082364E+000  2.4117182108E+000  1.9481641972E-003  2.4461422135E+000  2.5024254455E+000  2.0314503158E-003  2.2922001123E+000  2.4005271031E+000  1.7049267835E-003  3.5246859441E-004
   1  -142   0    0  5.9424993394E-001  7.8956148750E+000  4.2570966654E-004  2.0019847513E+000  2.2073641003E+000  5.9751881643E-004  2.0643041324E+000  2.1805012685E+000  8.6395475473E-004  2.2155365104E+000  2.2485040767E+000  1.9118476817E-003  2.3283692301E+000  2.4105371368E+000  1.9486359630E-003  2.4455607380E+000  2.5018524014E+000  2.0306110803E-003  2.2916522805E+000  2.3992318981E+000  1.7064767090E-003  3.5237549500E-004
   1  -143   0    0  6.0109022857E-001  7.8896326632E+000  4.2865949360E-004  1.9999098692E+000  2.2037145421E+000  6.0290371676E-004  2.0619140538E+000  2.1769362808E+000  8.6726322862E-004  2.2136679430E+000  2.2454451109E+000  1.9149170681E-003  2.3278318013E+000  2.4093589662E+000  1.9491051735E-003  2.4449780477E+000  2.5012782192E+000  2.0297705589E-003  2.2911053969E+000  2.3979395061E+000  1.7080222558E-003  3.5228238416E-004
   1  -144   0    0  6.0792274612E-001  7.8836473013E+000  4.3162718773E-004  1.9978264845E+000  2.2000637853E+000  6.0829810040E-004  2.0595168526E+000  2.1733714433E+000  8.7057826354E-004  2.2117914385E+000  2.2423838460E+000  1.9179909988E-003  2.3272959763E+000  2.4081837705E+000  1.9495717801E-003  2.4443941888E+000  2.5007029441E+000  2.0289288117E-003  2.2905594779E+000  2.3966499945E+000  1.7095632890E-003  3.5218926607E-004
   1  -145   0    0  6.1474760766E-001  7.8776589562E+000  4.3461259539E-004  1.9957345763E+000  2.1964118781E+000  6.1370155253E-004  2.0571126137E+000  2.1698068631E+000  8.7389961472E-004  2.2099069905E+000  2.2393203339E+000  1.9210692646E-003  2.3267617800E+000  2.4070116185E+000  1.9500357352E-003  2.4438092067E+000  2.5001266207E+000  2.0280858983E-003  2.2900145386E+000  2.3953634284E+000  1.7110996767E-003  3.5209614479E-004
   1  -146   0    0  6.2156493079E-001  7.8716677882E+000  4.3761556283E-004  1.9936341254E+000  2.1927588661E+000  6.1911366526E-004  2.0547014242E+000  2.1662426467E+000  8.7722704147E-004  2.2080145931E+000  2.2362546238E+000  1.9241516605E-003  2.3262292339E+000  2.4058425739E+000  1.9504969929E-003  2.4432231460E+000  2.4995492925E+000  2.0272418771E-003  2.2894705912E+000  2.3940798678E+000  1.7126312910E-003  3.5200302416E-004
   1  -147   0    0  6.2837482947E-001  7.8656739506E+000  4.4063593766E-004  1.9915251150E+000  2.1891047935E+000  6.2453404022E-004  2.0522833736E+000  2.1626788991E+000  8.8056030875E-004  2.2061142408E+000  2.2331867621E+000  1.9272379874E-003  2.3256983557E+000  2.4046766939E+000  1.9509555091E-003  2.4426360490E+000  2.4989710010E+000  2.0263968048E-003  2.2889276445E+000  2.3927993662E+000  1.7141580091E-003  3.5190990771E-004
   1  -148   0    0  6.3517741413E-001  7.8596775883E+000  4.4367356965E-004  1.9894075315E+000  2.1854497032E+000  6.2996228997E-004  2.0498585541E+000  2.1591157251E+000  8.8389918806E-004  2.2042059291E+000  2.2301167921E+000  1.9303280525E-003  2.3251691580E+000  2.4035140286E+000  1.9514112416E-003  2.4420479561E+000  2.4983917853E+000  2.0255507366E-003  2.2883857027E+000  2.3915219703E+000  1.7156797129E-003  3.5181679864E-004
   1  -149   0    0  6.4197279190E-001  7.8536788381E+000  4.4672831099E-004  1.9872813641E+000  2.1817936366E+000  6.3539803818E-004  2.0474270604E+000  2.1555532286E+000  8.8724345753E-004  2.2022896540E+000  2.2270447546E+000  1.9334216699E-003  2.3246416489E+000  2.4023546207E+000  1.9518641499E-003  2.4414589051E+000  2.4978116825E+000  2.0247037256E-003  2.2878447661E+000  2.3902477197E+000  1.7171962898E-003  3.5172369982E-004
   1  -150   0    0  6.4876106708E-001  7.8476778296E+000  4.4980001593E-004  1.9851466050E+000  2.1781366340E+000  6.4084091885E-004  2.0449889902E+000  2.1519915131E+000  8.9059290147E-004  2.2003654125E+000  2.2239706878E+000  1.9365186594E-003  2.3241158318E+000  2.4011985062E+000  1.9523141954E-003  2.4408689319E+000  2.4972307273E+000  2.0238558233E-003  2.2873048310E+000  2.3889766474E+000  1.7187076316E-003  3.5163061381E-004
   1  -151   0    0  6.5554234164E-001  7.8416746862E+000  4.5288854000E-004  1.9830032485E+000  2.1744787344E+000  6.4629057476E-004  2.0425444433E+000  2.1484306818E+000  8.9394730940E-004  2.1984332021E+000  2.2208946274E+000  1.9396188464E-003  2.3235917069E+000  2.4000457157E+000  1.9527613412E-003  2.4402780704E+000  2.4966489527E+000  2.0230070799E-003  2.2867658906E+000  2.3877087813E+000  1.7202136345E-003  3.5153754291E-004
   1  -152   0    0  6.6231671572E-001  7.8356695267E+000  4.5599373898E-004  1.9808512913E+000  2.1708199756E+000  6.5174665544E-004  2.0400935219E+000  2.1448708376E+000  8.9730647482E-004  2.1964930213E+000  2.2178166074E+000  1.9427220601E-003  2.3230692714E+000  2.3988962754E+000  1.9532055516E-003  2.4396863535E+000  2.4960663905E+000  2.0221575443E-003  2.2862279356E+000  2.3864441447E+000  1.7217141986E-003  3.5144448924E-004
   1  -153   0    0  6.6570121233E-001  7.8326655913E+000  4.5755311718E-004  1.9797723504E+000  2.1689904031E+000  6.5447799583E-004  2.0388658554E+000  2.1430913488E+000  8.9898839299E-004  2.1955199777E+000  2.2162767790E+000  1.9442753174E-003  2.3228082465E+000  2.3983222069E+000  1.9534266259E-003  2.4393899307E+000  2.4957745716E+000  2.0217323390E-003  2.2859589337E+000  2.3858124668E+000  1.7224626839E-003  3.5139794041E-004
   1  -154   0    0  6.6823842275E-001  7.8304120676E+000  4.5872559641E-004  1.9789618456E+000  2.1676181430E+000  6.5652789728E-004  2.0379441497E+000  2.1417569331E+000  9.0025082511E-004  2.1947889029E+000  2.2151215555E+000  1.9454409583E-003  2.3226125671E+000  2.3978919512E+000  1.9535919757E-003  2.4391673728E+000  2.4955554781E+000  2.0214132505E-003  2.2857571752E+000  2.3853389984E+000  1.7230232477E-003  3.5136301975E-004
   1  -155   0    0  6.7014096256E-001  7.8287229750E+000  4.5960537505E-004  1.9783526682E+000  2.1665886483E+000  6.5806394487E-004  2.0372520086E+000  2.1407561700E+000  9.0119687565E-004  2.1942397919E+000  2.2142551408E+000  1.9463143522E-003  2.3224668038E+000  2.3975707434E+000  1.9537155573E-003  2.4390008667E+000  2.4953915737E+000  2.0211741669E-003  2.2856066934E+000  2.3849853030E+000  1.7234426296E-003  3.5133688682E-004
   1  -156   0    0  6.7109211046E-001  7.8278787555E+000  4.6004540675E-004  1.9780476664E+000  2.1660738063E+000  6.5883154027E-004  2.0369056644E+000  2.1402558047E+000  9.0166966132E-004  2.1939649781E+000  2.2138219324E+000  1.9467507888E-003  2.3223942346E+000  2.3974106056E+000  1.9537772111E-003  2.4389177422E+000  2.4953097511E+000  2.0210546976E-003  2.2855317146E+000  2.3848088969E+000  1.7236519906E-003  3.5132383834E-004
   1  -157   0    0  6.7118210717E-001  7.8278050393E+000  4.6008185416E-004  1.9780169679E+000  2.1660246871E+000  6.5889509927E-004  2.0368720198E+000  2.1402087562E+000  9.0170880999E-004  2.1939389747E+000  2.2137821848E+000  1.9467869265E-003  2.3223910651E+000  2.3974006650E+000  1.9537823131E-003  2.4389120589E+000  2.4953041777E+000  2.0210448054E-003  2.2855279190E+000  2.3847971486E+000  1.7236693199E-003  3.5132285728E-004
   1  -158   0    0  6.7128084071E-001  7.8277218224E+000  4.6012381990E-004  1.9779839805E+000  2.1659709498E+000  6.5896827760E-004  2.0368354351E+000  2.1401570260E+000  9.0175388376E-004  2.1939104410E+000  2.2137381035E+000  1.9468285333E-003  2.3223861856E+000  2.3973877827E+000  1.9537881867E-003  2.4389049951E+000  2.4952972395E+000  2.0210334161E-003  2.2855225034E+000  2.3847823849E+000  1.7236892707E-003  3.5132168469E-004
   1  -159   0    0  6.7132985721E-001  7.8276781745E+000  4.6014662529E-004  1.9779682946E+000  2.1659444231E+000  6.5900804309E-004  2.0368175991E+000  2.1401312315E+000  9.0177837714E-004  2.1938962710E+000  2.2137157471E+000  1.9468511426E-003  2.3223823654E+000  2.3973794171E+000  1.9537913782E-003  2.4389006624E+000  2.4952929742E+000  2.0210272271E-003  2.2855185672E+000  2.3847731866E+000  1.7237001115E-003  3.5132100661E-004
   1  -160   0    0  6.7137880580E-001  7.8276342105E+000  4.6016971755E-004  1.9779527414E+000  2.1659179573E+000  6.5904830757E-004  2.0367998401E+000  2.1401054545E+000  9.0180317791E-004  2.1938821197E+000  2.2136933454E+000  1.9468740356E-003  2.3223783252E+000  2.3973707458E+000  1.9537946096E-003  2.4388962025E+000  2.4952885825E+000  2.0210209604E-003  2.2855144354E+000  2.3847637001E+000  1.7237110880E-003  3.5132031401E-004
   1  -161   0    0  6.7142779387E-001  7.8275904369E+000  4.6019263851E-004  1.9779371080E+000  2.1658914553E+000  6.5908827213E-004  2.0367820346E+000  2.1400796675E+000  9.0182779400E-004  2.1938679567E+000  2.2136709711E+000  1.9468967580E-003  2.3223744174E+000  2.3973622585E+000  1.9537978167E-003  2.4388918190E+000  2.4952842668E+000  2.0210147405E-003  2.2855104213E+000  2.3847543871E+000  1.7237219823E-003  3.5131963015E-004
   1  -162   0    0  6.7145241053E-001  7.8275692027E+000  4.6020351321E-004  1.9779290260E+000  2.1658780882E+000  6.5910723261E-004  2.0367729801E+000  2.1400667462E+000  9.0183947269E-004  2.1938608407E+000  2.2136598818E+000  1.9469075383E-003  2.3223729104E+000  2.3973586373E+000  1.9537993382E-003  2.4388898860E+000  2.4952823662E+000  2.0210117895E-003  2.2855088117E+000  2.3847503179E+000  1.7237271508E-003  3.5131931784E-004
   1  -163   0    0  6.7147707877E-001  7.8275482851E+000  4.6021410597E-004  1.9779208197E+000  2.1658646695E+000  6.5912570129E-004  2.0367638559E+000  2.1400538150E+000  9.0185084845E-004  2.1938537101E+000  2.2136488422E+000  1.9469180389E-003  2.3223716166E+000  2.3973553135E+000  1.9538008202E-003  2.4388880768E+000  2.4952805886E+000  2.0210089151E-003  2.2855073919E+000  2.3847465294E+000  1.7237321852E-003  3.5131901973E-004
   1  -164   0    0  6.7148933065E-001  7.8275373261E+000  4.6021984829E-004  1.9779169129E+000  2.1658580420E+000  6.5913571301E-004  2.0367594041E+000  2.1400473651E+000  9.0185701517E-004  2.1938501677E+000  2.2136432441E+000  1.9469237312E-003  2.3223706326E+000  2.3973531815E+000  1.9538016235E-003  2.4388869765E+000  2.4952795053E+000  2.0210073569E-003  2.2855063820E+000  2.3847441914E+000  1.7237349142E-003  3.5131884823E-004
   1  -165   0    0  6.7150167623E-001  7.8275269553E+000  4.6022506718E-004  1.9779127769E+000  2.1658513199E+000  6.5914481206E-004  2.0367548240E+000  2.1400408982E+000  9.0186261973E-004  2.1938465992E+000  2.2136377389E+000  1.9469289046E-003  2.3223700438E+000  2.3973516007E+000  1.9538023536E-003  2.4388861057E+000  2.4952786501E+000  2.0210059408E-003  2.2855057238E+000  2.3847423737E+000  1.7237373945E-003  3.5131870306E-004
   1  -166   0    0  6.7151398926E-001  7.8275163605E+000  4.6023048461E-004  1.9779087263E+000  2.1658446320E+000  6.5915425720E-004  2.0367502911E+000  2.1400344362E+000  9.0186843746E-004  2.1938430396E+000  2.2136321973E+000  1.9469342748E-003  2.3223693058E+000  2.3973498118E+000  1.9538031115E-003  2.4388851482E+000  2.4952777088E+000  2.0210044708E-003  2.2855049329E+000  2.3847403595E+000  1.7237399690E-003  3.5131854793E-004
   1  -167   0    0  6.7152020500E-001  7.8275114296E+000  4.6023286692E-004  1.9779065577E+000  2.1658412286E+000  6.5915841068E-004  2.0367479443E+000  2.1400311942E+000  9.0187099580E-004  2.1938412433E+000  2.2136294842E+000  1.9469366363E-003  2.3223691834E+000  2.3973492612E+000  1.9538034448E-003  2.4388848126E+000  2.4952773804E+000  2.0210038244E-003  2.2855047568E+000  2.3847396771E+000  1.7237411012E-003  3.5131848679E-004
   1  -168   0    0  6.7153251728E-001  7.8275008086E+000  4.6023830666E-004  1.9779025152E+000  2.1658345428E+000  6.5916789463E-004  2.0367434154E+000  2.1400247314E+000  9.0187683744E-004  2.1938376839E+000  2.2136239376E+000  1.9469420285E-003  2.3223684296E+000  2.3973474499E+000  1.9538042057E-003  2.4388838457E+000  2.4952764297E+000  2.0210023483E-003  2.2855039517E+000  2.3847376416E+000  1.7237436863E-003  3.5131833057E-004
   1  -169   0    0  6.7154476551E-001  7.8274898313E+000  4.6024406559E-004  1.9778986157E+000  2.1658279186E+000  6.5917793498E-004  2.0367389679E+000  2.1400182823E+000  9.0188302180E-004  2.1938341424E+000  2.2136183367E+000  1.9469477371E-003  2.3223674331E+000  2.3973453005E+000  1.9538050113E-003  2.4388827381E+000  2.4952753392E+000  2.0210007857E-003  2.2855029307E+000  2.3847352872E+000  1.7237464230E-003  3.5131815825E-004
   1  -170   0    0  6.7156944265E-001  7.8274689945E+000  4.6025458809E-004  1.9778903795E+000  2.1658144888E+000  6.5919628016E-004  2.0367298274E+000  2.1400053505E+000  9.0189432153E-004  2.1938270089E+000  2.2136073107E+000  1.9469581675E-003  2.3223661921E+000  2.3973420506E+000  1.9538064833E-003  2.4388809597E+000  2.4952735922E+000  2.0209979305E-003  2.2855015579E+000  2.3847315686E+000  1.7237514234E-003  3.5131786368E-004
   1  -171   0    0  6.7158173703E-001  7.8274582834E+000  4.6026010922E-004  1.9778863740E+000  2.1658078195E+000  6.5920590571E-004  2.0367253198E+000  2.1399988919E+000  9.0190025041E-004  2.1938234543E+000  2.2136017508E+000  1.9469636402E-003  2.3223653762E+000  2.3973401529E+000  1.9538072555E-003  2.4388799568E+000  2.4952726057E+000  2.0209964324E-003  2.2855006975E+000  2.3847294517E+000  1.7237540470E-003  3.5131770335E-004
   1  -172   0    0  6.7159408141E-001  7.8274479062E+000  4.6026533408E-004  1.9778822402E+000  2.1658010984E+000  6.5921501469E-004  2.0367207408E+000  2.1399924252E+000  9.0190586110E-004  2.1938198859E+000  2.2135962445E+000  1.9469688192E-003  2.3223647831E+000  2.3973385662E+000  1.9538079864E-003  2.4388790835E+000  2.4952717481E+000  2.0209950147E-003  2.2855000355E+000  2.3847276285E+000  1.7237565298E-003  3.5131755789E-004
   1  -173   0    0  6.7160088630E-001  7.8274422534E+000  4.6026815719E-004  1.9778799413E+000  2.1657973890E+000  6.5921993646E-004  2.0367182071E+000  2.1399888636E+000  9.0190889267E-004  2.1938179188E+000  2.2135932228E+000  1.9469716175E-003  2.3223644967E+000  2.3973377487E+000  1.9538083813E-003  2.4388786261E+000  2.4952712991E+000  2.0209942487E-003  2.2854997068E+000  2.3847266777E+000  1.7237578713E-003  3.5131748049E-004
   1   174  -9    2  6.7160088630E-001  7.8274422534E+000  4.6026815719E-004  1.9778799413E+000  2.1657973890E+000  6.5921993646E-004  2.0367182071E+000  2.1399888636E+000  9.0190889267E-004  2.1938179188E+000  2.2135932228E+000  1.9469716175E-003  2.3223644967E+000  2.3973377487E+000  1.9538083813E-003  2.4388786261E+000  2.4952712991E+000  2.0209942487E-003  2.2854997068E+000  2.3847266777E+000  1.7237578713E-003  3.5131748049E-004
