      
   1    -1   9    1 -1.0000000000E+000  8.3780003603E+000  1.8724225811E-004  2.0474758148E+000  2.4694979191E+000  4.5386976126E-005  2.1436491013E+000  2.4441435337E+000  5.2908802172E-004  2.2994236946E+000  2.4794323444E+000  1.5910267830E-003  2.4410030842E+000  2.5490891933E+000  1.8826983869E-003  2.5450181961E+000  2.5990025997E+000  2.1141569596E-003  2.3921258450E+000  2.5467128754E+000  1.5051676892E-003  3.6226861994E-004
   1    -2   0    0 -9.8028746618E-001  8.3775907192E+000  1.8821422787E-004  2.0493415090E+000  2.4698502675E+000  4.8384980071E-005  2.1450106106E+000  2.4443495448E+000  5.3088308666E-004  2.3003174816E+000  2.4794585160E+000  1.5928212390E-003  2.4398674136E+000  2.5483925131E+000  1.8831379932E-003  2.5439811969E+000  2.5979995552E+000  2.1137562374E-003  2.3912442090E+000  2.5460191425E+000  1.5065115830E-003  3.6222066552E-004
   1    -3   0    0 -9.7043551751E-001  8.3773822988E+000  1.8871007530E-004  2.0502865790E+000  2.4700290251E+000  4.9910518881E-005  2.1457029934E+000  2.4444543392E+000  5.3179641618E-004  2.3007694008E+000  2.4794717549E+000  1.5937334209E-003  2.4392907004E+000  2.5480388776E+000  1.8833612669E-003  2.5434546872E+000  2.5974902846E+000  2.1135523979E-003  2.3907959307E+000  2.5456669344E+000  1.5071941396E-003  3.6219631470E-004
   1    -4   0    0 -9.6058642965E-001  8.3771714702E+000  1.8921247247E-004  2.0512395224E+000  2.4702094995E+000  5.1453540006E-005  2.1464030717E+000  2.4445602957E+000  5.3272014226E-004  2.3012245134E+000  2.4794850951E+000  1.5946554143E-003  2.4387081651E+000  2.5476817473E+000  1.8835868142E-003  2.5429229198E+000  2.5969759252E+000  2.1133462577E-003  2.3903427191E+000  2.5453112142E+000  1.5078836360E-003  3.6217172117E-004
   1    -5   0    0 -9.5074018423E-001  8.3769582428E+000  1.8972139297E-004  2.0522001481E+000  2.4703916573E+000  5.3013868656E-005  2.1471107854E+000  2.4446674007E+000  5.3365415806E-004  2.3016827074E+000  2.4794985292E+000  1.5955870946E-003  2.4381198810E+000  2.5473211721E+000  1.8838146005E-003  2.5423859689E+000  2.5964565487E+000  2.1131378414E-003  2.3898846178E+000  2.5449520305E+000  1.5085799663E-003  3.6214688830E-004
   1    -6   0    0 -9.4089675917E-001  8.3767426273E+000  1.9023680560E-004  2.0531682569E+000  2.4705754634E+000  5.4591315424E-005  2.1478260691E+000  2.4447756397E+000  5.3459834802E-004  2.3021438670E+000  2.4795120493E+000  1.5965283286E-003  2.4375259259E+000  2.5469572047E+000  1.8840445894E-003  2.5418439131E+000  2.5959322311E+000  2.1129271752E-003  2.3894216739E+000  2.5445894346E+000  1.5092830184E-003  3.6212181963E-004
   1    -7   0    0 -9.3105612867E-001  8.3765246357E+000  1.9075867433E-004  2.0541436421E+000  2.4707608808E+000  5.6185676235E-005  2.1485488527E+000  2.4448849974E+000  5.3555258782E-004  2.3026078729E+000  2.4795256475E+000  1.5974789745E-003  2.4369263821E+000  2.5465899006E+000  1.8842767419E-003  2.5412968353E+000  2.5954030523E+000  2.1127142875E-003  2.3889539376E+000  2.5442234809E+000  1.5099926738E-003  3.6209651892E-004
   1    -8   0    0 -9.2121826310E-001  8.3763042812E+000  1.9128695822E-004  2.0551260892E+000  2.4709478708E+000  5.7796732331E-005  2.1492790607E+000  2.4449954572E+000  5.3651674439E-004  2.3030746019E+000  2.4795393151E+000  1.5984388821E-003  2.4363213359E+000  2.5462193183E+000  1.8845110176E-003  2.5407448226E+000  2.5948690966E+000  2.1124992087E-003  2.3884814629E+000  2.5438542263E+000  1.5107088079E-003  3.6207099010E-004
   1    -9   0    0 -9.1138312905E-001  8.3760815782E+000  1.9182161133E-004  2.0561153764E+000  2.4711363930E+000  5.9424250279E-005  2.1500166127E+000  2.4451070016E+000  5.3749067587E-004  2.3035439275E+000  2.4795530434E+000  1.5994078926E-003  2.4357108781E+000  2.5458455186E+000  1.8847473735E-003  2.5401879662E+000  2.5943304521E+000  2.1122819709E-003  2.3880043068E+000  2.5434817305E+000  1.5114312899E-003  3.6204523731E-004
   1   -10   0    0 -9.0155068926E-001  8.3758565425E+000  1.9236258277E-004  2.0571112746E+000  2.4713264053E+000  6.1067982012E-005  2.1507614234E+000  2.4452196123E+000  5.3847423173E-004  2.3040157197E+000  2.4795668232E+000  1.6003858387E-003  2.4350951039E+000  2.5454685654E+000  1.8849857651E-003  2.5396263617E+000  2.5937872111E+000  2.1120626084E-003  2.3875225300E+000  2.5431060559E+000  1.5121599829E-003  3.6201926486E-004
   1   -11   0    0 -8.9172090265E-001  8.3756291912E+000  1.9290981656E-004  2.0581135479E+000  2.4715178639E+000  6.2727664906E-005  2.1515134021E+000  2.4453332697E+000  5.3946725272E-004  2.3044898455E+000  2.4795806449E+000  1.6013725452E-003  2.4344741123E+000  2.5450885252E+000  1.8852261455E-003  2.5390601086E+000  2.5932394697E+000  2.1118411573E-003  2.3870361963E+000  2.5427272677E+000  1.5128947440E-003  3.6199307725E-004
   1   -12   0    0 -8.8189372432E-001  8.3753995426E+000  1.9346325167E-004  2.0591219534E+000  2.4717107234E+000  6.4403021878E-005  2.1522724534E+000  2.4454479535E+000  5.4046957100E-004  2.3049661685E+000  2.4795944988E+000  1.6023678281E-003  2.4338480070E+000  2.5447054671E+000  1.8854684662E-003  2.5384893105E+000  2.5926873282E+000  2.1116176556E-003  2.3865453730E+000  2.5423454337E+000  1.5136354245E-003  3.6196667917E-004
   1   -13   0    0 -8.7206910556E-001  8.3751676164E+000  1.9402282199E-004  2.0601362418E+000  2.4719049368E+000  6.6093761525E-005  2.1530384767E+000  2.4455636423E+000  5.4148101021E-004  2.3054445498E+000  2.4796083748E+000  1.6033714957E-003  2.4332168953E+000  2.5443194627E+000  1.8857126767E-003  2.5379140749E+000  2.5921308903E+000  2.1113921432E-003  2.3860501305E+000  2.5419606240E+000  1.5143818697E-003  3.6194007548E-004
   1   -14   0    0 -8.6224699388E-001  8.3749334336E+000  1.9458845632E-004  2.0611561575E+000  2.4721004555E+000  6.7799578294E-005  2.1538113664E+000  2.4456803138E+000  5.4250138556E-004  2.3059248474E+000  2.4796222625E+000  1.6043833481E-003  2.4325808888E+000  2.5439305862E+000  1.8859587245E-003  2.5373345135E+000  2.5915702640E+000  2.1111646618E-003  2.3855505427E+000  2.5415729118E+000  1.5151339196E-003  3.6191327122E-004
   1   -15   0    0 -8.5242733305E-001  8.3746970166E+000  1.9516007836E-004  2.0621814389E+000  2.4722972296E+000  6.9520152674E-005  2.1545910119E+000  2.4457979447E+000  5.4353050399E-004  2.3064069168E+000  2.4796361512E+000  1.6054031779E-003  2.4319401030E+000  2.5435389145E+000  1.8862065556E-003  2.5367507414E+000  2.5910055606E+000  2.1109352551E-003  2.3850466866E+000  2.5411823722E+000  1.5158914084E-003  3.6188627160E-004
   1   -16   0    0 -8.4261006318E-001  8.3744583891E+000  1.9573760676E-004  2.0632118187E+000  2.4724952076E+000  7.1255151436E-005  2.1553772979E+000  2.4459165109E+000  5.4456816426E-004  2.3068906114E+000  2.4796500302E+000  1.6064307698E-003  2.4312946572E+000  2.5431445266E+000  1.8864561139E-003  2.5361628777E+000  2.5904368951E+000  2.1107039685E-003  2.3845386424E+000  2.5407890832E+000  1.5166541651E-003  3.6185908201E-004
   1   -17   0    0 -8.3279512072E-001  8.3742175763E+000  1.9632095511E-004  2.0642470242E+000  2.4726943367E+000  7.3004227891E-005  2.1561701039E+000  2.4460359874E+000  5.4561415716E-004  2.3073757820E+000  2.4796638883E+000  1.6074659012E-003  2.4306446747E+000  2.5427475039E+000  1.8867073420E-003  2.5355710450E+000  2.5898643859E+000  2.1104708491E-003  2.3840264934E+000  2.5403931248E+000  1.5174220136E-003  3.6183170798E-004
   1   -18   0    0 -8.2298243861E-001  8.3739746045E+000  1.9691003198E-004  2.0652867779E+000  2.4728945628E+000  7.4767022189E-005  2.1569693048E+000  2.4461563484E+000  5.4666826566E-004  2.3078622776E+000  2.4796777142E+000  1.6085083423E-003  2.4299902821E+000  2.5423479304E+000  1.8869601804E-003  2.5349753692E+000  2.5892881551E+000  2.1102359458E-003  2.3835103260E+000  2.5399945796E+000  1.5181947727E-003  3.6180415522E-004
   1   -19   0    0 -8.1317194631E-001  8.3737295017E+000  1.9750474101E-004  2.0663307973E+000  2.4730958306E+000  7.6543161639E-005  2.1577747706E+000  2.4462775670E+000  5.4773026514E-004  2.3083499455E+000  2.4796914964E+000  1.6095578562E-003  2.4293316100E+000  2.5419458919E+000  1.8872145685E-003  2.5343759800E+000  2.5887083277E+000  2.1099993092E-003  2.3829902297E+000  2.5395935322E+000  1.5189722565E-003  3.6177642958E-004
   1   -20   0    0 -8.0336356995E-001  8.3734822972E+000  1.9810498089E-004  2.0673787956E+000  2.4732980834E+000  7.8332261072E-005  2.1585863666E+000  2.4463996159E+000  5.4879992356E-004  2.3088386313E+000  2.4797052233E+000  1.6106141995E-003  2.4286687923E+000  2.5415414764E+000  1.8874704439E-003  2.5337730101E+000  2.5881250319E+000  2.1097609915E-003  2.3824662969E+000  2.5391900693E+000  1.5197542744E-003  3.6174853706E-004
   1   -21   0    0 -7.9355723237E-001  8.3732330216E+000  1.9871064551E-004  2.0684304821E+000  2.4735012638E+000  8.0133923217E-005  2.1594039535E+000  2.4465224666E+000  5.4987700175E-004  2.3093281792E+000  2.4797188832E+000  1.6116771220E-003  2.4280019662E+000  2.5411347743E+000  1.8877277428E-003  2.5331665952E+000  2.5875383992E+000  2.1095210465E-003  2.3819386228E+000  2.5387842800E+000  1.5205406317E-003  3.6172048382E-004
   1   -22   0    0 -7.8375285328E-001  8.3729817070E+000  1.9932162395E-004  2.0694855624E+000  2.4737053130E+000  8.1947739125E-005  2.1602273871E+000  2.4466460901E+000  5.5096125362E-004  2.3098184322E+000  2.4797324642E+000  1.6127463678E-003  2.4273312722E+000  2.5407258774E+000  1.8879864001E-003  2.5325568742E+000  2.5869485638E+000  2.1092795294E-003  2.3814073056E+000  2.5383762549E+000  1.5213311292E-003  3.6169227614E-004
   1   -23   0    0 -7.7395034941E-001  8.3727283869E+000  1.9993780067E-004  2.0705437391E+000  2.4739101717E+000  8.3773288600E-005  2.1610565192E+000  2.4467704568E+000  5.5205242644E-004  2.3103092327E+000  2.4797459545E+000  1.6138216746E-003  2.4266568540E+000  2.5403148798E+000  1.8882463495E-003  2.5319439888E+000  2.5863556626E+000  2.1090364970E-003  2.3808724462E+000  2.5379660868E+000  1.5221255643E-003  3.6166392042E-004
   1   -24   0    0 -7.6414963459E-001  8.3724730964E+000  2.0055905551E-004  2.0716047117E+000  2.4741157795E+000  8.5610140672E-005  2.1618911968E+000  2.4468955361E+000  5.5315026113E-004  2.3108004222E+000  2.4797593420E+000  1.6149027749E-003  2.4259788582E+000  2.5399018770E+000  1.8885075235E-003  2.5313280834E+000  2.5857598351E+000  2.1087920074E-003  2.3803341480E+000  2.5375538702E+000  1.5229237303E-003  3.6163542321E-004
   1   -25   0    0 -7.5435061992E-001  8.3722158716E+000  2.0118526386E-004  2.0726681774E+000  2.4743220751E+000  8.7457854084E-005  2.1627312626E+000  2.4470212970E+000  5.5425449253E-004  2.3112918416E+000  2.4797726148E+000  1.6159893958E-003  2.4252974343E+000  2.5394869665E+000  1.8887698532E-003  2.5307093048E+000  2.5851612234E+000  2.1085461200E-003  2.3797925173E+000  2.5371397012E+000  1.5237254174E-003  3.6160679115E-004
   1   -26   0    0 -7.4455321396E-001  8.3719567506E+000  2.0181629676E-004  2.0737338313E+000  2.4745289970E+000  8.9315977809E-005  2.1635765552E+000  2.4471477079E+000  5.5536484976E-004  2.3117833319E+000  2.4797857610E+000  1.6170812594E-003  2.4246127347E+000  2.5390702472E+000  1.8890332691E-003  2.5300878023E+000  2.5845599719E+000  2.1082988957E-003  2.3792476625E+000  2.5367236777E+000  1.5245304128E-003  3.6157803102E-004
   1   -27   0    0 -7.3475732281E-001  8.3716957725E+000  2.0245202103E-004  2.0748013670E+000  2.4747364827E+000  9.1184051582E-005  2.1644269087E+000  2.4472747364E+000  5.5648105649E-004  2.3122747339E+000  2.4797987686E+000  1.6181780835E-003  2.4239249141E+000  2.5386518194E+000  1.8892977004E-003  2.5294637275E+000  2.5839562270E+000  2.1080503962E-003  2.3786996946E+000  2.5363058988E+000  1.5253385005E-003  3.6154914967E-004
   1   -28   0    0 -7.2496285037E-001  8.3714329780E+000  2.0309229939E-004  2.0758704768E+000  2.4749444694E+000  9.3061606458E-005  2.1652821535E+000  2.4474023500E+000  5.5760283131E-004  2.3127658888E+000  2.4798116261E+000  1.6192795813E-003  2.4232341299E+000  2.5382317848E+000  1.8895630758E-003  2.5288372338E+000  2.5833501372E+000  2.1078006847E-003  2.3781487271E+000  2.5358864653E+000  1.5261494623E-003  3.6152015408E-004
   1   -29   0    0 -7.1516969844E-001  8.3711684093E+000  2.0373699062E-004  2.0769408523E+000  2.4751528941E+000  9.4948165382E-005  2.1661421159E+000  2.4475305152E+000  5.5872988806E-004  2.3132566382E+000  2.4798243215E+000  1.6203854624E-003  2.4225405417E+000  2.5378102463E+000  1.8898293230E-003  2.5282084768E+000  2.5827418529E+000  2.1075498250E-003  2.3775948755E+000  2.5354654790E+000  1.5269630774E-003  3.6149105130E-004
   1   -30   0    0 -7.0537776693E-001  8.3709021099E+000  2.0438594973E-004  2.0780121848E+000  2.4753616933E+000  9.6843243779E-005  2.1670066181E+000  2.4476591986E+000  5.5986193618E-004  2.3137468244E+000  2.4798368435E+000  1.6214954329E-003  2.4218443112E+000  2.5373873081E+000  1.8900963691E-003  2.5275776136E+000  2.5821315259E+000  2.1072978822E-003  2.3770382574E+000  2.5350430430E+000  1.5277791234E-003  3.6146184846E-004
   1   -31   0    0 -6.9558695405E-001  8.3706341249E+000  2.0503902808E-004  2.0790841654E+000  2.4755708034E+000  9.8746350152E-005  2.1678754789E+000  2.4477883659E+000  5.6099868110E-004  2.3142362907E+000  2.4798491808E+000  1.6226091956E-003  2.4211456022E+000  2.5369630752E+000  1.8903641407E-003  2.5269448029E+000  2.5815193098E+000  2.1070449222E-003  2.3764789925E+000  2.5346192615E+000  1.5285973759E-003  3.6143255277E-004
   1   -32   0    0 -6.8579715650E-001  8.3703645007E+000  2.0569607356E-004  2.0801564858E+000  2.4757801606E+000  1.0065698670E-004  2.1687485133E+000  2.4479179828E+000  5.6213982456E-004  2.3147248817E+000  2.4798613222E+000  1.6237264508E-003  2.4204445805E+000  2.5365376536E+000  1.8906325638E-003  2.5263102047E+000  2.5809053594E+000  2.1067910116E-003  2.3759172025E+000  2.5341942395E+000  1.5294176093E-003  3.6140317150E-004
   1   -33   0    0 -6.7600826961E-001  8.3700932851E+000  2.0635693078E-004  2.0812288388E+000  2.4759897015E+000  1.0257464994E-004  2.1696255326E+000  2.4480480146E+000  5.6328506502E-004  2.3152124433E+000  2.4798732569E+000  1.6248468962E-003  2.4197414134E+000  2.5361111502E+000  1.8909015643E-003  2.5256739804E+000  2.5802898306E+000  2.1065362178E-003  2.3753530107E+000  2.5337680831E+000  1.5302395966E-003  3.6137371199E-004
   1   -34   0    0 -6.6622018761E-001  8.3698205276E+000  2.0702144124E-004  2.0823009181E+000  2.4761993623E+000  1.0449883132E-004  2.1705063450E+000  2.4481784263E+000  5.6443409804E-004  2.3156988231E+000  2.4798849745E+000  1.6259702278E-003  2.4190362697E+000  2.5356836724E+000  1.8911710676E-003  2.5250362922E+000  2.5796728804E+000  2.1062806086E-003  2.3747865424E+000  2.5333408988E+000  1.5310631103E-003  3.6134418162E-004
   1   -35   0    0 -6.5643280376E-001  8.3695462788E+000  2.0768944350E-004  2.0833724192E+000  2.4764090799E+000  1.0642901788E-004  2.1713907552E+000  2.4483091827E+000  5.6558661662E-004  2.3161838704E+000  2.4798964645E+000  1.6270961397E-003  2.4183293200E+000  2.5352553282E+000  1.8914409989E-003  2.5243973033E+000  2.5790546665E+000  2.1060242525E-003  2.3742179243E+000  2.5329127941E+000  1.5318879222E-003  3.6131458783E-004
   1   -36   0    0 -6.4664601058E-001  8.3692705909E+000  2.0836077339E-004  2.0844430398E+000  2.4766187912E+000  1.0836469288E-004  2.1722785647E+000  2.4484402485E+000  5.6674231163E-004  2.3166674367E+000  2.4799077173E+000  1.6282243250E-003  2.4176207357E+000  2.5348262263E+000  1.8917112835E-003  2.5237571774E+000  2.5784353475E+000  2.1057672186E-003  2.3736472848E+000  2.5324838766E+000  1.5327138038E-003  3.6128493808E-004
   1   -37   0    0 -6.3685970002E-001  8.3689935172E+000  2.0903526418E-004  2.0855124799E+000  2.4768284336E+000  1.1030533642E-004  2.1731695721E+000  2.4485715880E+000  5.6790087217E-004  2.3171493760E+000  2.4799187233E+000  1.6293544758E-003  2.4169106895E+000  2.5343964754E+000  1.8919818465E-003  2.5231160788E+000  2.5778150821E+000  2.1055095761E-003  2.3730747534E+000  2.5320542547E+000  1.5335405268E-003  3.6125523986E-004
   1   -38   0    0 -6.2707376368E-001  8.3687151127E+000  2.0971274679E-004  2.0865804424E+000  2.4770379451E+000  1.1225042609E-004  2.1740635731E+000  2.4487031657E+000  5.6906198594E-004  2.3176295442E+000  2.4799294735E+000  1.6304862841E-003  2.4161993551E+000  2.5339661846E+000  1.8922526133E-003  2.5224741721E+000  2.5771940296E+000  2.1052513946E-003  2.3725004613E+000  2.5316240368E+000  1.5343678631E-003  3.6122550069E-004
   1   -39   0    0 -6.1728809299E-001  8.3684354337E+000  2.1039304996E-004  2.0876466331E+000  2.4772472642E+000  1.1419943761E-004  2.1749603604E+000  2.4488349461E+000  5.7022533964E-004  2.3181078004E+000  2.4799399592E+000  1.6316194414E-003  2.4154869070E+000  2.5335354633E+000  1.8925235093E-003  2.5218316222E+000  2.5765723494E+000  2.1049927439E-003  2.3719245404E+000  2.5311933316E+000  1.5351955853E-003  3.6119572810E-004
   1   -40   0    0 -6.0750257938E-001  8.3681545376E+000  2.1107600051E-004  2.0887107616E+000  2.4774563300E+000  1.1615184544E-004  2.1758597244E+000  2.4489668934E+000  5.7139061931E-004  2.3185840063E+000  2.4799501723E+000  1.6327536396E-003  2.4147735203E+000  2.5331044207E+000  1.8927944603E-003  2.5211885937E+000  2.5759502009E+000  2.1047336938E-003  2.3713471242E+000  2.5307622480E+000  1.5360234667E-003  3.6116592962E-004
   1   -41   0    0 -5.9771711448E-001  8.3678724833E+000  2.1176142347E-004  2.0897725413E+000  2.4776650825E+000  1.1810712339E-004  2.1767614528E+000  2.4490989720E+000  5.7255751074E-004  2.3190580266E+000  2.4799601053E+000  1.6338885715E-003  2.4140593704E+000  2.5326731660E+000  1.8930653925E-003  2.5205452512E+000  2.5753277433E+000  2.1044743142E-003  2.3707683469E+000  2.5303308946E+000  1.5368512817E-003  3.6113611279E-004
   1   -42   0    0 -5.8793159034E-001  8.3675893310E+000  2.1244914230E-004  2.0908316896E+000  2.4778734624E+000  1.2006474524E-004  2.1776653309E+000  2.4492311464E+000  5.7372569980E-004  2.3195297292E+000  2.4799697509E+000  1.6350239305E-003  2.4133446335E+000  2.5322418081E+000  1.8933362323E-003  2.5199017590E+000  2.5747051354E+000  2.1042146751E-003  2.3701883435E+000  2.5298993800E+000  1.5376788064E-003  3.6110628514E-004
   1   -43   0    0 -5.7814589954E-001  8.3673051420E+000  2.1313897913E-004  2.0918879285E+000  2.4780814116E+000  1.2202418536E-004  2.1785711418E+000  2.4493633813E+000  5.7489487280E-004  2.3199989853E+000  2.4799791025E+000  1.6361594116E-003  2.4126294856E+000  2.5318104558E+000  1.8936069070E-003  2.5192582807E+000  2.5740825357E+000  2.1039548461E-003  2.3696072500E+000  2.5294678128E+000  1.5385058182E-003  3.6107645417E-004
   1   -44   0    0 -5.6835993540E-001  8.3670199789E+000  2.1383075488E-004  2.0929409846E+000  2.4782888727E+000  1.2398491923E-004  2.1794786668E+000  2.4494956413E+000  5.7606471686E-004  2.3204656695E+000  2.4799881543E+000  1.6372947114E-003  2.4119141029E+000  2.5313792174E+000  1.8938773442E-003  2.5186149796E+000  2.5734601019E+000  2.1036948968E-003  2.3690252028E+000  2.5290363009E+000  1.5393320965E-003  3.6104662738E-004
   1   -45   0    0 -5.5857359218E-001  8.3667339056E+000  2.1452428953E-004  2.0939905895E+000  2.4784957895E+000  1.2594642405E-004  2.1803876849E+000  2.4496278915E+000  5.7723492021E-004  2.3209296603E+000  2.4799969007E+000  1.6384295284E-003  2.4111986615E+000  2.5309482007E+000  1.8941474723E-003  2.5179720178E+000  2.5728379910E+000  2.1034348965E-003  2.3684423390E+000  2.5286049520E+000  1.5401574226E-003  3.6101681222E-004
   1   -46   0    0 -5.4878676516E-001  8.3664469870E+000  2.1521940228E-004  2.0950364802E+000  2.4787021069E+000  1.2790817930E-004  2.1812979737E+000  2.4497600969E+000  5.7840517254E-004  2.3213908394E+000  2.4800053369E+000  1.6395635636E-003  2.4104833374E+000  2.5305175131E+000  1.8944172204E-003  2.5173295566E+000  2.5722163593E+000  2.1031749139E-003  2.3678587963E+000  2.5281738734E+000  1.5409815804E-003  3.6098701614E-004
   1   -47   0    0 -5.3899935089E-001  8.3661592892E+000  2.1591591175E-004  2.0960783990E+000  2.4789077709E+000  1.2986966721E-004  2.1822093090E+000  2.4498922231E+000  5.7957516531E-004  2.3218490927E+000  2.4800134588E+000  1.6406965203E-003  2.4097683061E+000  2.5300872612E+000  1.8946865186E-003  2.5166877565E+000  2.5715953617E+000  2.1029150176E-003  2.3672747125E+000  2.5277431714E+000  1.5418043560E-003  3.6095724651E-004
   1   -48   0    0 -5.2921124728E-001  8.3658708791E+000  2.1661363613E-004  2.0971160941E+000  2.4791127289E+000  1.3183037336E-004  2.1831214652E+000  2.4500242358E+000  5.8074459205E-004  2.3223043099E+000  2.4800212627E+000  1.6418281048E-003  2.4090537426E+000  2.5296575508E+000  1.8949552976E-003  2.5160467763E+000  2.5709751521E+000  2.1026552756E-003  2.3666902256E+000  2.5273129521E+000  1.5426255385E-003  3.6092751067E-004
   1   -49   0    0 -5.1942235376E-001  8.3655818251E+000  2.1731239342E-004  2.0981493193E+000  2.4793169296E+000  1.3378978708E-004  2.1840342156E+000  2.4501561010E+000  5.8191314866E-004  2.3227563846E+000  2.4800287456E+000  1.6429580267E-003  2.4083398213E+000  2.5292284869E+000  1.8952234892E-003  2.5154067738E+000  2.5703558831E+000  2.1023957552E-003  2.3661054741E+000  2.5268833204E+000  1.5434449196E-003  3.6089781592E-004
   1   -50   0    0 -5.0963257144E-001  8.3652921962E+000  2.1801200160E-004  2.0991778348E+000  2.4795203229E+000  1.3574740200E-004  2.1849473321E+000  2.4502877852E+000  5.8308053368E-004  2.3232052146E+000  2.4800359054E+000  1.6440859986E-003  2.4076267158E+000  2.5288001736E+000  1.8954910263E-003  2.5147679052E+000  2.5697377059E+000  2.1021365233E-003  2.3655205963E+000  2.5264543806E+000  1.5442622942E-003  3.6086816947E-004
   1   -51   0    0 -4.9984180319E-001  8.3650020624E+000  2.1871227876E-004  2.1002014067E+000  2.4797228600E+000  1.3770271643E-004  2.1858605861E+000  2.4504192551E+000  5.8424644855E-004  2.3236507018E+000  2.4800427402E+000  1.6452117371E-003  2.4069145989E+000  2.5283727141E+000  1.8957578425E-003  2.5141303251E+000  2.5691207702E+000  2.1018776460E-003  2.3649357304E+000  2.5260262359E+000  1.5450774605E-003  3.6083857850E-004
   1   -52   0    0 -4.9004995383E-001  8.3647114946E+000  2.1941304330E-004  2.1012198076E+000  2.4799244939E+000  1.3965523383E-004  2.1867737478E+000  2.4505504780E+000  5.8541059790E-004  2.3240927520E+000  2.4800492491E+000  1.6463349624E-003  2.4062036424E+000  2.5279462104E+000  1.8960238730E-003  2.5134941865E+000  2.5685052238E+000  2.1016191888E-003  2.3643510145E+000  2.5255989888E+000  1.5458902200E-003  3.6080905010E-004
   1   -53   0    0 -4.8025693019E-001  8.3644205645E+000  2.2011411412E-004  2.1022328166E+000  2.4801251787E+000  1.4160446322E-004  2.1876865872E+000  2.4506814215E+000  5.8657268972E-004  2.3245312757E+000  2.4800554316E+000  1.6474553989E-003  2.4054940167E+000  2.5275207634E+000  1.8962890537E-003  2.5128596404E+000  2.5678912132E+000  2.1013612161E-003  2.3637665865E+000  2.5251727403E+000  1.5467003775E-003  3.6077959129E-004
   1   -54   0    0 -4.7046264125E-001  8.3641293444E+000  2.2081531072E-004  2.1032402194E+000  2.4803248700E+000  1.4354991951E-004  2.1885988737E+000  2.4508120537E+000  5.8773243564E-004  2.3249661872E+000  2.4800612881E+000  1.6485727753E-003  2.4047858913E+000  2.5270964727E+000  1.8965533220E-003  2.5122268360E+000  2.5672788826E+000  2.1011037919E-003  2.3631825840E+000  2.5247475904E+000  1.5475077418E-003  3.6075020901E-004
   1   -55   0    0 -4.6066699823E-001  8.3638379076E+000  2.2151645341E-004  2.1042418083E+000  2.4805235251E+000  1.4549112390E-004  2.1895103767E+000  2.4509423433E+000  5.8888955112E-004  2.3253974052E+000  2.4800668195E+000  1.6496868246E-003  2.4040794340E+000  2.5266734368E+000  1.8968166163E-003  2.5115959205E+000  2.5666683746E+000  2.1008469790E-003  2.3625991440E+000  2.5243236382E+000  1.5483121252E-003  3.6072091012E-004
   1   -56   0    0 -4.5086991470E-001  8.3635463276E+000  2.2221736343E-004  2.1052373823E+000  2.4807211025E+000  1.4742760422E-004  2.1904208654E+000  2.4510722593E+000  5.9004375565E-004  2.3258248527E+000  2.4800720272E+000  1.6507972844E-003  2.4033748113E+000  2.5262517527E+000  1.8970788764E-003  2.5109670389E+000  2.5660598294E+000  2.1005908395E-003  2.3620164031E+000  2.5239009810E+000  1.5491133439E-003  3.6069170139E-004
   1   -57   0    0 -4.4107130666E-001  8.3632546788E+000  2.2291786307E-004  2.1062267474E+000  2.4809175625E+000  1.4935889519E-004  2.1913301094E+000  2.4512017713E+000  5.9119477294E-004  2.3262484569E+000  2.4800769134E+000  1.6519038972E-003  2.4026721880E+000  2.5258315161E+000  1.8973400433E-003  2.5103403341E+000  2.5654533855E+000  2.1003354343E-003  2.3614344972E+000  2.5234797150E+000  1.5499112181E-003  3.6066258950E-004
   1   -58   0    0 -4.3127109261E-001  8.3629630358E+000  2.2361777587E-004  2.1072097161E+000  2.4811128668E+000  1.5128453876E-004  2.1922378784E+000  2.4513308494E+000  5.9234233106E-004  2.3266681492E+000  2.4800814808E+000  1.6530064103E-003  2.4019717272E+000  2.5254128212E+000  1.8976000594E-003  2.5097159468E+000  2.5648491788E+000  2.1000808235E-003  2.3608535614E+000  2.5230599351E+000  1.5507055720E-003  3.6063358102E-004
   1   -59   0    0 -4.2146919364E-001  8.3626714738E+000  2.2431692667E-004  2.1081861080E+000  2.4813069786E+000  1.5320408437E-004  2.1931439430E+000  2.4514594643E+000  5.9348616264E-004  2.3270838651E+000  2.4800857328E+000  1.6541045760E-003  2.4012735902E+000  2.5249957607E+000  1.8978588685E-003  2.5090940150E+000  2.5642473433E+000  2.0998270662E-003  2.3602737302E+000  2.5226417346E+000  1.5514962340E-003  3.6060468244E-004
   1   -60   0    0 -4.1166553348E-001  8.3623800681E+000  2.2501514181E-004  2.1091557493E+000  2.4814998627E+000  1.5511708916E-004  2.1940480745E+000  2.4515875872E+000  5.9462600497E-004  2.3274955445E+000  2.4800896731E+000  1.6551981518E-003  2.4005779362E+000  2.5245804256E+000  1.8981164155E-003  2.5084746746E+000  2.5636480103E+000  2.0995742202E-003  2.3596951371E+000  2.5222252054E+000  1.5522830364E-003  3.6057590013E-004
   1   -61   0    0 -4.0186003861E-001  8.3620888944E+000  2.2571224919E-004  2.1101184735E+000  2.4816914852E+000  1.5702311825E-004  2.1949500450E+000  2.4517151900E+000  5.9576160017E-004  2.3279031313E+000  2.4800933063E+000  1.6562869004E-003  2.3998849225E+000  2.5241669056E+000  1.8983726471E-003  2.5078580589E+000  2.5630513090E+000  2.0993223424E-003  2.3591179143E+000  2.5218104376E+000  1.5530658159E-003  3.6054724037E-004
   1   -62   0    0 -3.9205263824E-001  8.3617980285E+000  2.2640807841E-004  2.1110741203E+000  2.4818818140E+000  1.5892174490E-004  2.1958496280E+000  2.4518422451E+000  5.9689269527E-004  2.3283065733E+000  2.4800966374E+000  1.6573705899E-003  2.3991947042E+000  2.5237552884E+000  1.8986275109E-003  2.5072442985E+000  2.5624573658E+000  2.0990714886E-003  2.3585421934E+000  2.5213975201E+000  1.5538444136E-003  3.6051870930E-004
   1   -63   0    0 -3.8224326443E-001  8.3615075464E+000  2.2710246089E-004  2.1120225366E+000  2.4820708183E+000  1.6081255070E-004  2.1967465985E+000  2.4519687254E+000  5.9801904236E-004  2.3287058226E+000  2.4800996716E+000  1.6584489937E-003  2.3985074342E+000  2.5233456603E+000  1.8988809563E-003  2.5066335217E+000  2.5618663049E+000  2.0988217133E-003  2.3579681045E+000  2.5209865397E+000  1.5546186747E-003  3.6049031297E-004
   1   -64   0    0 -3.7243185208E-001  8.3612175238E+000  2.2779522995E-004  2.1129635760E+000  2.4822584689E+000  1.6269512579E-004  2.1976407329E+000  2.4520946046E+000  5.9914039866E-004  2.3291008349E+000  2.4801024151E+000  1.6595218906E-003  2.3978232629E+000  2.5229381056E+000  1.8991329341E-003  2.5060258538E+000  2.5612782476E+000  2.0985730701E-003  2.3573957766E+000  2.5205775818E+000  1.5553884487E-003  3.6046205731E-004
   1   -65   0    0 -3.6261833900E-001  8.3609280365E+000  2.2848622089E-004  2.1138970986E+000  2.4824447377E+000  1.6456906895E-004  2.1985318094E+000  2.4522198568E+000  6.0025652660E-004  2.3294915702E+000  2.4801048741E+000  1.6605890652E-003  2.3971423384E+000  2.5225327070E+000  1.8993833961E-003  2.5054214176E+000  2.5606933128E+000  2.0983256112E-003  2.3568253370E+000  2.5201707299E+000  1.5561535896E-003  3.6043394812E-004
   1   -66   0    0 -3.5280266592E-001  8.3606391602E+000  2.2917527114E-004  2.1148229712E+000  2.4826295985E+000  1.6643398776E-004  2.1994196086E+000  2.4523444568E+000  6.0136719395E-004  2.3298779918E+000  2.4801070555E+000  1.6616503074E-003  2.3964648062E+000  2.5221295453E+000  1.8996322961E-003  2.5048203328E+000  2.5601116167E+000  2.0980793876E-003  2.3562569121E+000  2.5197660660E+000  1.5569139557E-003  3.6040599108E-004
   1   -67   0    0 -3.4298477654E-001  8.3603509701E+000  2.2986222030E-004  2.1157410672E+000  2.4828130262E+000  1.6828949873E-004  2.2003039130E+000  2.4524683801E+000  6.0247217382E-004  2.3302600671E+000  2.4801089665E+000  1.6627054129E-003  2.3957908092E+000  2.5217286995E+000  1.8998795890E-003  2.5042227166E+000  2.5595332724E+000  2.0978344493E-003  2.3556906262E+000  2.5193636699E+000  1.5576694097E-003  3.6037819175E-004
   1   -68   0    0 -3.3316461754E-001  8.3600635412E+000  2.3054691025E-004  2.1166512665E+000  2.4829949971E+000  1.7013522742E-004  2.2011845077E+000  2.4525916028E+000  6.0357124476E-004  2.3306377668E+000  2.4801106146E+000  1.6637541828E-003  2.3951204874E+000  2.5213302467E+000  1.9001252312E-003  2.5036286832E+000  2.5589583908E+000  2.0975908449E-003  2.3551266024E+000  2.5189636199E+000  1.5584198185E-003  3.6035055557E-004
   1   -69   0    0 -3.2334213856E-001  8.3597769480E+000  2.3122918520E-004  2.1175534551E+000  2.4831754888E+000  1.7197080851E-004  2.2020611805E+000  2.4527141015E+000  6.0466419081E-004  2.3310110654E+000  2.4801120077E+000  1.6647964242E-003  2.3944539781E+000  2.5209342619E+000  1.9003691805E-003  2.5030383438E+000  2.5583870795E+000  2.0973486218E-003  2.3545649619E+000  2.5185659922E+000  1.5591650537E-003  3.6032308782E-004
   1   -70   0    0 -3.1351729229E-001  8.3594912646E+000  2.3190889181E-004  2.1184475256E+000  2.4833544805E+000  1.7379588587E-004  2.2029337221E+000  2.4528358536E+000  6.0575080155E-004  2.3313799405E+000  2.4801131540E+000  1.6658319497E-003  2.3937914158E+000  2.5205408186E+000  1.9006113962E-003  2.5024518069E+000  2.5578194435E+000  2.0971078262E-003  2.3540058241E+000  2.5181708612E+000  1.5599049910E-003  3.6029579367E-004
   1   -71   0    0 -3.0369003438E-001  8.3592065643E+000  2.3258587924E-004  2.1193333765E+000  2.4835319522E+000  1.7561011270E-004  2.2038019263E+000  2.4529568370E+000  6.0683087214E-004  2.3317443733E+000  2.4801140619E+000  1.6668605776E-003  2.3931329319E+000  2.5201499878E+000  1.9008518391E-003  2.5018691777E+000  2.5572555848E+000  2.0968685030E-003  2.3534493066E+000  2.5177782992E+000  1.5606395105E-003  3.6026867816E-004
   1   -72   0    0 -2.9386032353E-001  8.3589229197E+000  2.3325999920E-004  2.1202109126E+000  2.4837078855E+000  1.7741315152E-004  2.2046655901E+000  2.4530770303E+000  6.0790420333E-004  2.3321043482E+000  2.4801147401E+000  1.6678821319E-003  2.3924786546E+000  2.5197618390E+000  1.9010904711E-003  2.5012905586E+000  2.5566956027E+000  2.0966306959E-003  2.3528955249E+000  2.5173883769E+000  1.5613684969E-003  3.6024174618E-004
   1   -73   0    0 -2.8402812142E-001  8.3586404027E+000  2.3393110606E-004  2.1210800445E+000  2.4838822630E+000  1.7920467429E-004  2.2055245142E+000  2.4531964127E+000  6.0897060154E-004  2.3324598525E+000  2.4801151975E+000  1.6688964423E-003  2.3918287092E+000  2.5193764392E+000  1.9013272559E-003  2.5007160489E+000  2.5561395932E+000  2.0963944472E-003  2.3523445927E+000  2.5170011625E+000  1.5620918387E-003  3.6021500249E-004
   1   -74   0    0 -2.7419339273E-001  8.3583590843E+000  2.3459905689E-004  2.1219406887E+000  2.4840550685E+000  1.8098436240E-004  2.2063785028E+000  2.4533149642E+000  6.1002987885E-004  2.3328108766E+000  2.4801154432E+000  1.6699033444E-003  2.3911832176E+000  2.5189938537E+000  1.9015621584E-003  2.5001457449E+000  2.5555876497E+000  2.0961597983E-003  2.3517966213E+000  2.5166167227E+000  1.5628094293E-003  3.6018845170E-004
   1   -75   0    0 -2.6435610515E-001  8.3580790346E+000  2.3526371153E-004  2.1227927675E+000  2.4842262870E+000  1.8275190677E-004  2.2072273642E+000  2.4534326652E+000  6.1108185301E-004  2.3331574140E+000  2.4801154864E+000  1.6709026792E-003  2.3905422983E+000  2.5186141457E+000  1.9017951450E-003  2.4995797396E+000  2.5550398623E+000  2.0959267888E-003  2.3512517200E+000  2.5162351217E+000  1.5635211659E-003  3.6016209828E-004
   1   -76   0    0 -2.5451622930E-001  8.3578003224E+000  2.3592493264E-004  2.1236362087E+000  2.4843959045E+000  1.8450700782E-004  2.2080709108E+000  2.4535494969E+000  6.1212634751E-004  2.3334994607E+000  2.4801153363E+000  1.6718942936E-003  2.3899060668E+000  2.5182373762E+000  1.9020261834E-003  2.4990181231E+000  2.5544963183E+000  2.0956954575E-003  2.3507099958E+000  2.5158564220E+000  1.5642269503E-003  3.6013594657E-004
   1   -77   0    0 -2.4467373878E-001  8.3575230158E+000  2.3658258578E-004  2.1244709456E+000  2.4845639081E+000  1.8624937557E-004  2.2089089590E+000  2.4536654411E+000  6.1316319153E-004  2.3338370156E+000  2.4801150024E+000  1.6728780401E-003  2.3892746348E+000  2.5178636042E+000  1.9022552428E-003  2.4984609822E+000  2.5539571019E+000  2.0954658416E-003  2.3501715532E+000  2.5154806838E+000  1.5649266883E-003  3.6011000075E-004
   1   -78   0    0 -2.3482861008E-001  8.3572471813E+000  2.3723653944E-004  2.1252969171E+000  2.4847302859E+000  1.8797872963E-004  2.2097413300E+000  2.4537804802E+000  6.1419222002E-004  2.3341700801E+000  2.4801144940E+000  1.6738537770E-003  2.3886481106E+000  2.5174928864E+000  1.9024822937E-003  2.4979084007E+000  2.5534222941E+000  2.0952379771E-003  2.3496364945E+000  2.5151079652E+000  1.5656202901E-003  3.6008426486E-004
   1   -79   0    0 -2.2498082263E-001  8.3569728844E+000  2.3788666511E-004  2.1261140670E+000  2.4848950270E+000  1.8969479921E-004  2.2105678495E+000  2.4538945973E+000  6.1521327365E-004  2.3344986582E+000  2.4801138206E+000  1.6748213680E-003  2.3880265990E+000  2.5171252775E+000  1.9027073079E-003  2.4973604590E+000  2.5528919730E+000  2.0950118989E-003  2.3491049194E+000  2.5147383224E+000  1.5663076698E-003  3.6005874279E-004
   1   -80   0    0 -2.1513035867E-001  8.3567001890E+000  2.3853283736E-004  2.1269223447E+000  2.4850581212E+000  1.9139732316E-004  2.2113883480E+000  2.4540077762E+000  6.1622619885E-004  2.3348227560E+000  2.4801129916E+000  1.6757806828E-003  2.3874102010E+000  2.5167608302E+000  1.9029302587E-003  2.4968172346E+000  2.5523662136E+000  2.0947876405E-003  2.3485769249E+000  2.5143718092E+000  1.5669887459E-003  3.6003343827E-004
   1   -81   0    0 -2.0527720329E-001  8.3564291578E+000  2.3917493383E-004  2.1277217042E+000  2.4852195597E+000  1.9308604998E-004  2.2122026609E+000  2.4541200011E+000  6.1723084782E-004  2.3351423822E+000  2.4801120164E+000  1.6767315964E-003  2.3867990141E+000  2.5163995948E+000  1.9031511207E-003  2.4962788015E+000  2.5518450878E+000  2.0945652339E-003  2.3480526056E+000  2.5140084773E+000  1.5676634410E-003  3.6000835492E-004
   1   -82   0    0 -1.9542134437E-001  8.3561598519E+000  2.3981283533E-004  2.1285121047E+000  2.4853793341E+000  1.9476073783E-004  2.2130106289E+000  2.4542312572E+000  6.1822707851E-004  2.3354575474E+000  2.4801109043E+000  1.6776739895E-003  2.3861931319E+000  2.5160416195E+000  1.9033698699E-003  2.4957452308E+000  2.5513286642E+000  2.0943447102E-003  2.3475320532E+000  2.5136483765E+000  1.5683316816E-003  3.5998349615E-004
   1   -83   0    0 -1.8556277252E-001  8.3558923310E+000  2.4044642588E-004  2.1292935101E+000  2.4855374371E+000  1.9642115451E-004  2.2138120978E+000  2.4543415301E+000  6.1921475463E-004  2.3357682646E+000  2.4801096645E+000  1.6786077485E-003  2.3855926444E+000  2.5156869504E+000  1.9035864834E-003  2.4952165900E+000  2.5508170086E+000  2.0941260990E-003  2.3470153569E+000  2.5132915540E+000  1.5689933983E-003  3.5995886527E-004
   1   -84   0    0 -1.7570148105E-001  8.3556266529E+000  2.4107559274E-004  2.1300658891E+000  2.4856938622E+000  1.9806707752E-004  2.2146069187E+000  2.4544508060E+000  6.2019374566E-004  2.3360745484E+000  2.4801083062E+000  1.6795327652E-003  2.3849976376E+000  2.5153356313E+000  1.9038009400E-003  2.4946929436E+000  2.5503101834E+000  2.0939094286E-003  2.3465026028E+000  2.5129380552E+000  1.5696485260E-003  3.5993446541E-004
   1   -85   0    0 -1.6583746589E-001  8.3553628739E+000  2.4170022646E-004  2.1308292150E+000  2.4858486035E+000  1.9969829402E-004  2.2153949485E+000  2.4545590719E+000  6.2116392686E-004  2.3363764156E+000  2.4801068383E+000  1.6804489370E-003  2.3844081938E+000  2.5149877039E+000  1.9040132193E-003  2.4941743530E+000  2.5498082479E+000  2.0936947262E-003  2.3459938744E+000  2.5125879230E+000  1.5702970032E-003  3.5991029955E-004
   1   -86   0    0 -1.5597072558E-001  8.3551010487E+000  2.4232022097E-004  2.1315834653E+000  2.4860016561E+000  2.0131460082E-004  2.2161760493E+000  2.4546663154E+000  6.2212517921E-004  2.3366738847E+000  2.4801052695E+000  1.6813561668E-003  2.3838243912E+000  2.5146432077E+000  1.9042233027E-003  2.4936608759E+000  2.5493112585E+000  2.0934820175E-003  2.3454892521E+000  2.5122411984E+000  1.5709387726E-003  3.5988637052E-004
   1   -87   0    0 -1.4610126119E-001  8.3548412300E+000  2.4293547353E-004  2.1323286221E+000  2.4861530156E+000  2.0291580442E-004  2.2169500894E+000  2.4547725246E+000  6.2307738947E-004  2.3369669758E+000  2.4801036086E+000  1.6822543630E-003  2.3832463043E+000  2.5143021798E+000  1.9044311727E-003  2.4931525673E+000  2.5488192682E+000  2.0932713270E-003  2.3449888135E+000  2.5118979200E+000  1.5715737806E-003  3.5986268100E-004
   1   -88   0    0 -1.3622907626E-001  8.3545834688E+000  2.4354588487E-004  2.1330646719E+000  2.4863026784E+000  2.0450172094E-004  2.2177169426E+000  2.4548776884E+000  6.2402045013E-004  2.3372557108E+000  2.4801018639E+000  1.6831434394E-003  2.3826740036E+000  2.5139646555E+000  1.9046368128E-003  2.4926494786E+000  2.5483323269E+000  2.0930626781E-003  2.3444926330E+000  2.5115581242E+000  1.5722019778E-003  3.5983923351E-004
   1   -89   0    0 -1.2635417672E-001  8.3543278143E+000  2.4415135915E-004  2.1337916051E+000  2.4864506417E+000  2.0607217617E-004  2.2184764885E+000  2.4549817962E+000  6.2495425943E-004  2.3375401131E+000  2.4801000437E+000  1.6840233153E-003  2.3821075553E+000  2.5136306675E+000  1.9048402082E-003  2.4921516580E+000  2.5478504816E+000  2.0928560927E-003  2.3440007822E+000  2.5112218452E+000  1.5728233184E-003  3.5981603043E-004
   1   -90   0    0 -1.1647657085E-001  8.3540743136E+000  2.4475180404E-004  2.1345094163E+000  2.4865969032E+000  2.0762700551E-004  2.2192286130E+000  2.4550848382E+000  6.2587872132E-004  2.3378202074E+000  2.4800981560E+000  1.6848939154E-003  2.3815470222E+000  2.5133002465E+000  1.9050413452E-003  2.4916591506E+000  2.5473737758E+000  2.0926515915E-003  2.3435133294E+000  2.5108891152E+000  1.5734377604E-003  3.5979307395E-004
   1   -91   0    0 -1.0659626921E-001  8.3538230121E+000  2.4534713075E-004  2.1352181041E+000  2.4867414611E+000  2.0916605397E-004  2.2199732078E+000  2.4551868051E+000  6.2679374546E-004  2.3380960199E+000  2.4800962084E+000  1.6857551697E-003  2.3809924626E+000  2.5129734210E+000  1.9052402111E-003  2.4911719983E+000  2.5469022502E+000  2.0924491941E-003  2.3430303399E+000  2.5105599639E+000  1.5740452658E-003  3.5977036616E-004
   1   -92   0    0 -9.6713284558E-002  8.3535739532E+000  2.4593725403E-004  2.1359176708E+000  2.4868843147E+000  2.1068917612E-004  2.2207101707E+000  2.4552876883E+000  6.2769924720E-004  2.3383675783E+000  2.4800942085E+000  1.6866070136E-003  2.3804439311E+000  2.5126502173E+000  1.9054367947E-003  2.4906902396E+000  2.5464359423E+000  2.0922489185E-003  2.3425518759E+000  2.5102344191E+000  1.5746458001E-003  3.5974790894E-004
   1   -93   0    0 -8.6827631762E-002  8.3533271781E+000  2.4652209226E-004  2.1366081228E+000  2.4870254633E+000  2.1219623610E-004  2.2214394055E+000  2.4553874797E+000  6.2859514757E-004  2.3386349111E+000  2.4800921636E+000  1.6874493876E-003  2.3799014782E+000  2.5123306596E+000  1.9056310860E-003  2.4902139099E+000  2.5459748863E+000  2.0920507817E-003  2.3420779964E+000  2.5099125060E+000  1.5752393326E-003  3.5972570405E-004
   1   -94   0    0 -7.6939327757E-002  8.3530827262E+000  2.4710156738E-004  2.1372894698E+000  2.4871649071E+000  2.1368710754E-004  2.2221608223E+000  2.4554861719E+000  6.2948137322E-004  2.3388980484E+000  2.4800900805E+000  1.6882822378E-003  2.3793651503E+000  2.5120147697E+000  1.9058230760E-003  2.4897430415E+000  2.5455191138E+000  2.0918547995E-003  2.3416087572E+000  2.5095942481E+000  1.5758258363E-003  3.5970375310E-004
   1   -95   0    0 -6.7048391442E-002  8.3528406349E+000  2.4767560503E-004  2.1379617254E+000  2.4873026469E+000  2.1516167356E-004  2.2228743373E+000  2.4555837582E+000  6.3035785645E-004  2.3391570213E+000  2.4800879659E+000  1.6891055151E-003  2.3788349902E+000  2.5117025675E+000  1.9060127571E-003  2.4892776635E+000  2.5450686528E+000  2.0916609864E-003  2.3411442111E+000  2.5092796664E+000  1.5764052877E-003  3.5968205754E-004
   1   -96   0    0 -5.7154843611E-002  8.3526009394E+000  2.4824413447E-004  2.1386249065E+000  2.4874386840E+000  2.1661982668E-004  2.2235798727E+000  2.4556802325E+000  6.3122453514E-004  2.3394118616E+000  2.4800858263E+000  1.6899191760E-003  2.3783110362E+000  2.5113940706E+000  1.9062001228E-003  2.4888178019E+000  2.5446235286E+000  2.0914693554E-003  2.3406844074E+000  2.5089687799E+000  1.5769776671E-003  3.5966061866E-004
   1   -97   0    0 -4.7258706868E-002  8.3523636730E+000  2.4880708864E-004  2.1392790336E+000  2.4875730200E+000  2.1806146880E-004  2.2242773569E+000  2.4557755890E+000  6.3208135271E-004  2.3396626026E+000  2.4800836678E+000  1.6907231818E-003  2.3777933232E+000  2.5110892947E+000  1.9063851677E-003  2.4883634793E+000  2.5441837635E+000  2.0912799187E-003  2.3402293926E+000  2.5086616054E+000  1.5775429580E-003  3.5963943762E-004
   1   -98   0    0 -3.7360005546E-002  8.3521288669E+000  2.4936440417E-004  2.1399241304E+000  2.4877056574E+000  2.1948651114E-004  2.2249667245E+000  2.4558698230E+000  6.3292825813E-004  2.3399092782E+000  2.4800814961E+000  1.6915174990E-003  2.3772818819E+000  2.5107882531E+000  1.9065678877E-003  2.4879147157E+000  2.5437493766E+000  2.0910926870E-003  2.3397792096E+000  2.5083581576E+000  1.5781011476E-003  3.5961851542E-004
   1   -99   0    0 -2.7458765620E-002  8.3518965503E+000  2.4991602140E-004  2.1405602239E+000  2.4878365990E+000  2.2089487414E-004  2.2256479159E+000  2.4559629301E+000  6.3376520582E-004  2.3401519232E+000  2.4800793167E+000  1.6923020990E-003  2.3767767391E+000  2.5104909573E+000  1.9067482795E-003  2.4874715277E+000  2.5433203843E+000  2.0909076700E-003  2.3393338985E+000  2.5080584491E+000  1.5786522266E-003  3.5959785291E-004
   1  -100   0    0 -1.7555014627E-002  8.3516667503E+000  2.5046188434E-004  2.1411873441E+000  2.4879658480E+000  2.2228648741E-004  2.2263208780E+000  2.4560549065E+000  6.3459215565E-004  2.3403905733E+000  2.4800771350E+000  1.6930769583E-003  2.3762779178E+000  2.5101974166E+000  1.9069263413E-003  2.4870339291E+000  2.5428967998E+000  2.0907248759E-003  2.3388934959E+000  2.5077624906E+000  1.5791961889E-003  3.5957745081E-004
   1  -101   0    0 -7.6487815746E-003  8.3514394920E+000  2.5100194073E-004  2.1418055244E+000  2.4880934083E+000  2.2366128966E-004  2.2269855631E+000  2.4561457491E+000  6.3540907285E-004  2.3406252649E+000  2.4800749558E+000  1.6938420583E-003  2.3757854375E+000  2.5099076383E+000  1.9071020722E-003  2.4866019305E+000  2.5424786337E+000  2.0905443120E-003  2.3384580354E+000  2.5074702904E+000  1.5797330319E-003  3.5955730968E-004
   1  -102   0    0  2.2599031403E-003  8.3512147984E+000  2.5153614199E-004  2.1424148008E+000  2.4882192842E+000  2.2501922858E-004  2.2276419298E+000  2.4562354553E+000  6.3621592800E-004  2.3408560351E+000  2.4800727838E+000  1.6945973852E-003  2.3752993135E+000  2.5096216276E+000  1.9072754723E-003  2.4861755397E+000  2.5420658936E+000  2.0903659843E-003  2.3380275475E+000  2.5071818550E+000  1.5802627561E-003  3.5953742995E-004
   1  -103   0    0  1.2171007820E-002  8.3509926905E+000  2.5206444323E-004  2.1430152125E+000  2.4883434803E+000  2.2636026076E-004  2.2282899424E+000  2.4563240231E+000  6.3701269693E-004  2.3410829218E+000  2.4800706233E+000  1.6953429299E-003  2.3748195577E+000  2.5093393879E+000  1.9074465429E-003  2.4857547616E+000  2.5416585842E+000  2.0901898977E-003  2.3376020595E+000  2.5068971889E+000  1.5807853654E-003  3.5951781190E-004
   1  -104   0    0  2.2084499553E-002  8.3507731876E+000  2.5258680324E-004  2.1436068014E+000  2.4884660020E+000  2.2768435160E-004  2.2289295710E+000  2.4564114511E+000  6.3779936068E-004  2.3413059633E+000  2.4800684784E+000  1.6960786880E-003  2.3743461782E+000  2.5090609207E+000  1.9076152864E-003  2.4853395984E+000  2.5412567078E+000  2.0900160560E-003  2.3371815957E+000  2.5066162946E+000  1.5813008668E-003  3.5949845569E-004
   1  -105   0    0  3.2000344299E-002  8.3505563065E+000  2.5310318448E-004  2.1441896121E+000  2.4885868548E+000  2.2899147517E-004  2.2295607913E+000  2.4564977384E+000  6.3857590544E-004  2.3415251985E+000  2.4800663528E+000  1.6968046600E-003  2.3738791798E+000  2.5087862254E+000  1.9077817059E-003  2.4849300491E+000  2.5408602636E+000  2.0898444616E-003  2.3367661772E+000  2.5063391728E+000  1.5818092703E-003  3.5947936134E-004
   1  -106   0    0  4.1918506974E-002  8.3503420626E+000  2.5361355304E-004  2.1447636919E+000  2.4887060448E+000  2.3028161409E-004  2.2301835847E+000  2.4565828848E+000  6.3934232244E-004  2.3417406672E+000  2.4800642502E+000  1.6975208505E-003  2.3734185635E+000  2.5085152996E+000  1.9079458059E-003  2.4845261104E+000  2.5404692484E+000  2.0896751161E-003  2.3363558224E+000  2.5060658220E+000  1.5823105891E-003  3.5946052872E-004
   1  -107   0    0  5.1838951537E-002  8.3501304689E+000  2.5411787862E-004  2.1453290906E+000  2.4888235787E+000  2.3155475942E-004  2.2307979379E+000  2.4566668904E+000  6.4009860791E-004  2.3419524092E+000  2.4800621737E+000  1.6982272689E-003  2.3729643270E+000  2.5082481392E+000  1.9081075915E-003  2.4841277759E+000  2.5400836562E+000  2.0895080199E-003  2.3359505462E+000  2.5057962392E+000  1.5828048394E-003  3.5944195759E-004
   1  -108   0    0  6.1761641076E-002  8.3499215369E+000  2.5461613453E-004  2.1458858605E+000  2.4889394632E+000  2.3281091053E-004  2.2314038431E+000  2.4567497560E+000  6.4084476299E-004  2.3421604650E+000  2.4800601263E+000  1.6989239290E-003  2.3725164647E+000  2.5079847381E+000  1.9082670691E-003  2.4837350370E+000  2.5397034787E+000  2.0893431722E-003  2.3355503612E+000  2.5055304194E+000  1.5832920402E-003  3.5942364758E-004
   1  -109   0    0  7.1686537886E-002  8.3497152760E+000  2.5510829762E-004  2.1464340565E+000  2.4890537059E+000  2.3405007492E-004  2.2320012976E+000  2.4568314829E+000  6.4158079361E-004  2.3423648755E+000  2.4800581107E+000  1.6996108486E-003  2.3720749676E+000  2.5077250886E+000  1.9084242458E-003  2.4833478822E+000  2.5393287047E+000  2.0891805714E-003  2.3351552765E+000  2.5052683557E+000  1.5837722133E-003  3.5940559818E-004
   1  -110   0    0  8.1613603555E-002  8.3495116939E+000  2.5559434824E-004  2.1469737354E+000  2.4891663144E+000  2.3527226812E-004  2.2325903039E+000  2.4569120729E+000  6.4230671045E-004  2.3425656820E+000  2.4800561295E+000  1.7002880499E-003  2.3716398234E+000  2.5074691813E+000  1.9085791296E-003  2.4829662975E+000  2.5389593210E+000  2.0890202147E-003  2.3347652989E+000  2.5050100398E+000  1.5842453835E-003  3.5938780879E-004
   1  -111   0    0  9.1542799045E-002  8.3493107964E+000  2.5607427024E-004  2.1475049567E+000  2.4892772970E+000  2.3647751347E-004  2.2331708694E+000  2.4569915284E+000  6.4302252883E-004  2.3427629260E+000  2.4800541848E+000  1.7009555592E-003  2.3712110171E+000  2.5072170051E+000  1.9087317296E-003  2.4825902667E+000  2.5385953117E+000  2.0888620982E-003  2.3343804320E+000  2.5047554615E+000  1.5847115781E-003  3.5937027867E-004
   1  -112   0    0  1.0147408477E-001  8.3491125877E+000  2.5654805089E-004  2.1480277816E+000  2.4893866621E+000  2.3766584202E-004  2.2337430064E+000  2.4570698521E+000  6.4372826859E-004  2.3429566496E+000  2.4800522787E+000  1.7016134068E-003  2.3707885301E+000  2.5069685471E+000  1.9088820556E-003  2.4822197708E+000  2.5382366588E+000  2.0887062171E-003  2.3340006770E+000  2.5045046088E+000  1.5851708271E-003  3.5935300696E-004
   1  -113   0    0  1.1140742067E-001  8.3489170702E+000  2.5701568082E-004  2.1485422737E+000  2.4894944189E+000  2.3883729230E-004  2.2343067319E+000  2.4571470474E+000  6.4442395398E-004  2.3431468948E+000  2.4800504130E+000  1.7022616268E-003  2.3703723414E+000  2.5067237932E+000  1.9090301183E-003  2.4818547889E+000  2.5378833419E+000  2.0885525658E-003  2.3336260322E+000  2.5042574685E+000  1.5856231630E-003  3.5933599271E-004
   1  -114   0    0  1.2134276629E-001  8.3487242447E+000  2.5747715401E-004  2.1490484984E+000  2.4896005765E+000  2.3999191018E-004  2.2348620675E+000  2.4572231179E+000  6.4510961363E-004  2.3433337042E+000  2.4800485892E+000  1.7029002574E-003  2.3699624267E+000  2.5064827275E+000  1.9091759290E-003  2.4814952976E+000  2.5375353386E+000  2.0884011374E-003  2.3332564934E+000  2.5040140255E+000  1.5860686210E-003  3.5931923484E-004
   1  -115   0    0  1.3128008085E-001  8.3485341102E+000  2.5793246770E-004  2.1495465230E+000  2.4897051448E+000  2.4112974868E-004  2.2354090390E+000  2.4572980679E+000  6.4578528032E-004  2.3435171203E+000  2.4800468087E+000  1.7035293401E-003  2.3695587591E+000  2.5062453326E+000  1.9093195001E-003  2.4811412714E+000  2.5371926241E+000  2.0882519244E-003  2.3328920539E+000  2.5037742633E+000  1.5865072384E-003  3.5930273219E-004
   1  -116   0    0  1.4121932333E-001  8.3483466645E+000  2.5838162232E-004  2.1500364168E+000  2.4898081337E+000  2.4225086777E-004  2.2359476767E+000  2.4573719021E+000  6.4645099098E-004  2.3436971861E+000  2.4800450727E+000  1.7041489201E-003  2.3691613093E+000  2.5060115900E+000  1.9094608447E-003  2.4807926827E+000  2.5368551719E+000  2.0881049182E-003  2.3325327044E+000  2.5035381641E+000  1.5869390550E-003  3.5928648347E-004
   1  -117   0    0  1.5116045252E-001  8.3481619035E+000  2.5882462145E-004  2.1505182504E+000  2.4899095537E+000  2.4335533416E-004  2.2364780149E+000  2.4574446255E+000  6.4710678649E-004  2.3438739446E+000  2.4800433822E+000  1.7047590463E-003  2.3687700449E+000  2.5057814794E+000  1.9095999764E-003  2.4804495016E+000  2.5365229532E+000  2.0879601094E-003  2.3321784333E+000  2.5033057084E+000  1.5873641128E-003  3.5927048731E-004
   1  -118   0    0  1.6110342707E-001  8.3479798218E+000  2.5926147176E-004  2.1509920966E+000  2.4900094155E+000  2.4444322114E-004  2.2370000918E+000  2.4575162436E+000  6.4775271163E-004  2.3440474387E+000  2.4800417380E+000  1.7053597707E-003  2.3683849315E+000  2.5055549794E+000  1.9097369097E-003  2.4801116968E+000  2.5361959375E+000  2.0878174878E-003  2.3318292268E+000  2.5030768757E+000  1.5877824559E-003  3.5925474224E-004
   1  -119   0    0  1.7104820563E-001  8.3478004125E+000  2.5969218289E-004  2.1514580292E+000  2.4901077303E+000  2.4551460836E-004  2.2375139495E+000  2.4575867624E+000  6.4838881489E-004  2.3442177119E+000  2.4800401407E+000  1.7059511486E-003  2.3680059321E+000  2.5053320674E+000  1.9098716598E-003  2.4797792345E+000  2.5358740924E+000  2.0876770422E-003  2.3314850684E+000  2.5028516438E+000  1.5881941305E-003  3.5923924671E-004
   1  -120   0    0  1.8099474680E-001  8.3476236675E+000  2.6011676745E-004  2.1519161239E+000  2.4902045094E+000  2.4656958159E-004  2.2380196337E+000  2.4576561881E+000  6.4901514840E-004  2.3443848074E+000  2.4800385909E+000  1.7065332385E-003  2.3676330074E+000  2.5051127194E+000  1.9100042425E-003  2.4794520795E+000  2.5355573837E+000  2.0875387610E-003  2.3311459400E+000  2.5026299896E+000  1.5885991849E-003  3.5922399907E-004
   1  -121   0    0  1.9094300928E-001  8.3474495771E+000  2.6053524086E-004  2.1523664576E+000  2.4902997646E+000  2.4760823257E-004  2.2385171934E+000  2.4577245274E+000  6.4963176778E-004  2.3445487684E+000  2.4800370889E+000  1.7071061019E-003  2.3672661160E+000  2.5048969103E+000  1.9101346741E-003  2.4791301946E+000  2.5352457757E+000  2.0874026313E-003  2.3308118208E+000  2.5024118885E+000  1.5889976691E-003  3.5920899759E-004
   1  -122   0    0  2.0089295189E-001  8.3472781305E+000  2.6094762136E-004  2.1528091084E+000  2.4903935079E+000  2.4863065872E-004  2.2390066813E+000  2.4577917873E+000  6.5023873202E-004  2.3447096385E+000  2.4800356349E+000  1.7076698029E-003  2.3669052145E+000  2.5046846138E+000  1.9102629718E-003  2.4788135411E+000  2.5349392308E+000  2.0872686399E-003  2.3304826885E+000  2.5021973151E+000  1.5893896352E-003  3.5919424047E-004
   1  -123   0    0  2.1084453362E-001  8.3471093157E+000  2.6135392985E-004  2.1532441558E+000  2.4904857516E+000  2.4963696300E-004  2.2394881530E+000  2.4578579753E+000  6.5083610334E-004  2.3448674609E+000  2.4800342289E+000  1.7082244089E-003  2.3665502572E+000  2.5044758028E+000  1.9103891530E-003  2.4785020788E+000  2.5346377101E+000  2.0871367728E-003  2.3301585183E+000  2.5019862426E+000  1.5897751367E-003  3.5917972582E-004
   1  -124   0    0  2.2079771369E-001  8.3469431194E+000  2.6175418987E-004  2.1536716805E+000  2.4905765083E+000  2.5062725365E-004  2.2399616671E+000  2.4579230989E+000  6.5142394707E-004  2.3450222790E+000  2.4800328711E+000  1.7087699894E-003  2.3662011968E+000  2.5042704488E+000  1.9105132359E-003  2.4781957656E+000  2.5343411731E+000  2.0870070150E-003  2.3298392840E+000  2.5017786433E+000  1.5901542291E-003  3.5916545168E-004
   1  -125   0    0  2.3075245158E-001  8.3467795272E+000  2.6214842748E-004  2.1540917640E+000  2.4906657910E+000  2.5160164395E-004  2.2404272851E+000  2.4579871664E+000  6.5200233153E-004  2.3451741360E+000  2.4800315611E+000  1.7093066168E-003  2.3658579843E+000  2.5040685227E+000  1.9106352392E-003  2.4778945583E+000  2.5340495779E+000  2.0868793514E-003  2.3295249573E+000  2.5015744884E+000  1.5905269691E-003  3.5915141604E-004
   1  -126   0    0  2.4070870710E-001  8.3466185237E+000  2.6253667118E-004  2.1545044889E+000  2.4907536127E+000  2.5256025205E-004  2.2408850711E+000  2.4580501859E+000  6.5257132787E-004  2.3453230752E+000  2.4800302987E+000  1.7098343656E-003  2.3655205686E+000  2.5038699942E+000  1.9107551819E-003  2.4775984123E+000  2.5337628814E+000  2.0867537659E-003  2.3292155081E+000  2.5013737484E+000  1.5908934152E-003  3.5913761680E-004
   1  -127   0    0  2.5066644042E-001  8.3464600924E+000  2.6291895183E-004  2.1549099388E+000  2.4908399868E+000  2.5350320073E-004  2.2413350921E+000  2.4581121661E+000  6.5313100997E-004  2.3454691397E+000  2.4800290836E+000  1.7103533129E-003  2.3651888975E+000  2.5036748324E+000  1.9108730836E-003  2.4773072816E+000  2.5334810391E+000  2.0866302418E-003  2.3289109050E+000  2.5011763927E+000  1.5912536272E-003  3.5912405181E-004
   1  -128   0    0  2.6062561211E-001  8.3463042158E+000  2.6329530257E-004  2.1553081981E+000  2.4909249270E+000  2.5443061714E-004  2.2417774170E+000  2.4581731158E+000  6.5368145429E-004  2.3456123725E+000  2.4800279154E+000  1.7108635378E-003  2.3648629168E+000  2.5034830052E+000  1.9109889644E-003  2.4770211191E+000  2.5332040055E+000  2.0865087620E-003  2.3286111145E+000  2.5009823898E+000  1.5916076661E-003  3.5911071887E-004
   1  -129   0    0  2.7058618317E-001  8.3461508755E+000  2.6366575871E-004  2.1556993518E+000  2.4910084471E+000  2.5534263263E-004  2.2422121173E+000  2.4582330443E+000  6.5422273974E-004  2.3457528165E+000  2.4800267935E+000  1.7113651212E-003  2.3645425714E+000  2.5032944802E+000  1.9111028447E-003  2.4767398764E+000  2.5329317339E+000  2.0863893088E-003  2.3283161021E+000  2.5007917076E+000  1.5919555942E-003  3.5909761571E-004
   1  -130   0    0  2.8054811507E-001  8.3460000524E+000  2.6403035767E-004  2.1560834856E+000  2.4910905611E+000  2.5623938253E-004  2.2426392665E+000  2.4582919610E+000  6.5475494754E-004  2.3458905143E+000  2.4800257173E+000  1.7118581464E-003  2.3642278046E+000  2.5031092240E+000  1.9112147452E-003  2.4764635042E+000  2.5326641764E+000  2.0862718641E-003  2.3280258314E+000  2.5006043132E+000  1.5922974751E-003  3.5908474002E-004
   1  -131   0    0  2.9051136979E-001  8.3458517262E+000  2.6438913887E-004  2.1564606860E+000  2.4911712834E+000  2.5712100588E-004  2.2430589399E+000  2.4583498754E+000  6.5527816113E-004  2.3460255084E+000  2.4800246862E+000  1.7123426981E-003  2.3639185584E+000  2.5029272027E+000  1.9113246871E-003  2.4761919522E+000  2.5324012845E+000  2.0861564091E-003  2.3277402651E+000  2.5004201731E+000  1.5926333732E-003  3.5907208944E-004
   1  -132   0    0  3.0047590982E-001  8.3457058762E+000  2.6474214363E-004  2.1568310398E+000  2.4912506284E+000  2.5798764525E-004  2.2434712148E+000  2.4584067973E+000  6.5579246599E-004  2.3461578413E+000  2.4800236995E+000  1.7128188628E-003  2.3636147740E+000  2.5027483816E+000  1.9114326919E-003  2.4759251691E+000  2.5321430085E+000  2.0860429247E-003  2.3274593641E+000  2.5002392529E+000  1.5929633541E-003  3.5905966156E-004
   1  -133   0    0  3.1044169823E-001  8.3455624807E+000  2.6508941512E-004  2.1571946343E+000  2.4913286108E+000  2.5883944654E-004  2.2438761702E+000  2.4584627370E+000  6.5629794955E-004  2.3462875550E+000  2.4800227563E+000  1.7132867286E-003  2.3633163912E+000  2.5025727255E+000  1.9115387813E-003  2.4756631027E+000  2.5318892980E+000  2.0859313915E-003  2.3271830886E+000  2.5000615180E+000  1.5932874843E-003  3.5904745395E-004
   1  -134   0    0  3.2040869866E-001  8.3454215174E+000  2.6543099824E-004  2.1575515572E+000  2.4914052452E+000  2.5967655872E-004  2.2442738864E+000  2.4585177045E+000  6.5679470106E-004  2.3464146913E+000  2.4800218558E+000  1.7137463851E-003  2.3630233490E+000  2.5024001988E+000  1.9116429773E-003  2.4754057002E+000  2.5316401018E+000  2.0858217893E-003  2.3269113972E+000  2.4998869328E+000  1.5936058310E-003  3.5903546413E-004
   1  -135   0    0  3.3037687534E-001  8.3452829633E+000  2.6576693954E-004  2.1579018966E+000  2.4914805468E+000  2.6049913368E-004  2.2446644454E+000  2.4585717102E+000  6.5728281143E-004  2.3465392921E+000  2.4800209973E+000  1.7141979232E-003  2.3627355857E+000  2.5022307653E+000  1.9117453023E-003  2.4751529078E+000  2.5313953681E+000  2.0857140980E-003  2.3266442477E+000  2.4997154615E+000  1.5939184622E-003  3.5902368957E-004
   1  -136   0    0  3.4034619314E-001  8.3451467950E+000  2.6609728712E-004  2.1582457406E+000  2.4915545306E+000  2.6130732595E-004  2.2450479304E+000  2.4586247648E+000  6.5776237315E-004  2.3466613985E+000  2.4800201797E+000  1.7146414348E-003  2.3624530385E+000  2.5020643885E+000  1.9118457788E-003  2.4749046714E+000  2.5311550443E+000  2.0856082970E-003  2.3263815967E+000  2.4995470679E+000  1.5942254467E-003  3.5901212773E-004
   1  -137   0    0  3.5031661754E-001  8.3450129883E+000  2.6642209058E-004  2.1585831779E+000  2.4916272117E+000  2.6210129257E-004  2.2454244256E+000  2.4586768790E+000  6.5823348015E-004  2.3467810517E+000  2.4800194022E+000  1.7150770133E-003  2.3621756441E+000  2.5019010312E+000  1.9119444293E-003  2.4746609360E+000  2.5309190774E+000  2.0855043652E-003  2.3261234002E+000  2.4993817152E+000  1.5945268537E-003  3.5900077604E-004
   1  -138   0    0  3.6028811470E-001  8.3448815185E+000  2.6674140090E-004  2.1589142968E+000  2.4916986057E+000  2.6288119284E-004  2.2457940164E+000  2.4587280636E+000  6.5869622769E-004  2.3468982925E+000  2.4800186637E+000  1.7155047528E-003  2.3619033385E+000  2.5017406563E+000  1.9120412770E-003  2.4744216463E+000  2.5306874137E+000  2.0854022815E-003  2.3258696129E+000  2.4992193663E+000  1.5948227532E-003  3.5898963191E-004
   1  -139   0    0  3.7026065142E-001  8.3447523606E+000  2.6705527034E-004  2.1592391860E+000  2.4917687279E+000  2.6364718815E-004  2.2461567891E+000  2.4587783295E+000  6.5915071225E-004  2.3470131614E+000  2.4800179634E+000  1.7159247486E-003  2.3616360572E+000  2.5015832261E+000  1.9121363446E-003  2.4741867464E+000  2.5304599992E+000  2.0853020243E-003  2.3256201890E+000  2.4990599838E+000  1.5951132155E-003  3.5897869270E-004
   1  -140   0    0  3.8023419519E-001  8.3446254891E+000  2.6736375242E-004  2.1595579342E+000  2.4918375938E+000  2.6439944177E-004  2.2465128308E+000  2.4588276879E+000  6.5959703137E-004  2.3471256986E+000  2.4800173002E+000  1.7163370965E-003  2.3613737351E+000  2.5014287026E+000  1.9122296556E-003  2.4739561800E+000  2.5302367796E+000  2.0852035719E-003  2.3253750817E+000  2.4989035301E+000  1.5953983114E-003  3.5896795579E-004
   1  -141   0    0  3.9020871417E-001  8.3445008780E+000  2.6766690176E-004  2.1598706299E+000  2.4919052191E+000  2.6513811868E-004  2.2468622293E+000  2.4588761499E+000  6.6003528363E-004  2.3472359438E+000  2.4800166731E+000  1.7167418932E-003  2.3611163068E+000  2.5012770478E+000  1.9123212330E-003  2.4737298906E+000  2.5300176999E+000  2.0851069025E-003  2.3251342437E+000  2.4987499670E+000  1.5956781118E-003  3.5895741852E-004
   1  -142   0    0  4.0018417723E-001  8.3443785010E+000  2.6796477407E-004  2.1601773614E+000  2.4919716196E+000  2.6586338539E-004  2.2472050730E+000  2.4589237269E+000  6.6046556843E-004  2.3473439366E+000  2.4800160811E+000  1.7171392360E-003  2.3608637064E+000  2.5011282233E+000  1.9124111003E-003  2.4735078211E+000  2.5298027052E+000  2.0850119938E-003  2.3248976271E+000  2.4985992566E+000  1.5959526882E-003  3.5894707822E-004
   1  -143   0    0  4.1016055392E-001  8.3442583314E+000  2.6825742602E-004  2.1604782172E+000  2.4920368109E+000  2.6657540972E-004  2.2475414509E+000  2.4589704300E+000  6.6088798599E-004  2.3474497161E+000  2.4800155231E+000  1.7175292227E-003  2.3606158680E+000  2.5009821907E+000  1.9124992810E-003  2.4732899146E+000  2.5295917402E+000  2.0849188236E-003  2.3246651833E+000  2.4984513604E+000  1.5962221122E-003  3.5893693221E-004
   1  -144   0    0  4.2013781448E-001  8.3441403425E+000  2.6854491517E-004  2.1607732851E+000  2.4921008088E+000  2.6727436069E-004  2.2478714521E+000  2.4590162709E+000  6.6130263717E-004  2.3475533210E+000  2.4800149981E+000  1.7179119514E-003  2.3603727253E+000  2.5008389115E+000  1.9125857985E-003  2.4730761136E+000  2.5293847495E+000  2.0848273694E-003  2.3244368633E+000  2.4983062401E+000  1.5964864554E-003  3.5892697780E-004
   1  -145   0    0  4.3011592988E-001  8.3440245069E+000  2.6882729992E-004  2.1610626529E+000  2.4921636293E+000  2.6796040830E-004  2.2481951664E+000  2.4590612608E+000  6.6170962343E-004  2.3476547898E+000  2.4800145051E+000  1.7182875208E-003  2.3601342117E+000  2.5006983469E+000  1.9126706762E-003  2.4728663606E+000  2.5291816773E+000  2.0847376088E-003  2.3242126175E+000  2.4981638571E+000  1.5967457896E-003  3.5891721231E-004
   1  -146   0    0  4.4009487176E-001  8.3439107974E+000  2.6910463942E-004  2.1613464082E+000  2.4922252882E+000  2.6863372340E-004  2.2485126835E+000  2.4591054113E+000  6.6210904667E-004  2.3477541604E+000  2.4800140430E+000  1.7186560297E-003  2.3599002609E+000  2.5005604582E+000  1.9127539379E-003  2.4726605983E+000  2.5289824680E+000  2.0846495191E-003  2.3239923960E+000  2.4980241726E+000  1.5970001868E-003  3.5890763302E-004
   1  -147   0    0  4.5007461249E-001  8.3437991864E+000  2.6937699349E-004  2.1616246379E+000  2.4922858014E+000  2.6929447752E-004  2.2488240935E+000  2.4591487340E+000  6.6250100919E-004  2.3478514705E+000  2.4800136108E+000  1.7190175770E-003  2.3596708062E+000  2.5004252067E+000  1.9128356069E-003  2.4724587689E+000  2.5287870660E+000  2.0845630774E-003  2.3237761486E+000  2.4978871482E+000  1.5972497187E-003  3.5889823725E-004
   1  -148   0    0  4.6005512511E-001  8.3436896460E+000  2.6964442254E-004  2.1618974288E+000  2.4923451848E+000  2.6994284270E-004  2.2491294864E+000  2.4591912403E+000  6.6288561360E-004  2.3479467571E+000  2.4800132076E+000  1.7193722619E-003  2.3594457811E+000  2.5002925537E+000  1.9129157068E-003  2.4722608149E+000  2.5285954155E+000  2.0844782612E-003  2.3235638247E+000  2.4977527450E+000  1.5974944571E-003  3.5888902229E-004
   1  -149   0    0  4.7003638337E-001  8.3435821486E+000  2.6990698754E-004  2.1621648670E+000  2.4924034543E+000  2.7057899137E-004  2.2494289522E+000  2.4592329419E+000  6.6326296268E-004  2.3480400571E+000  2.4800128322E+000  1.7197201834E-003  2.3592251191E+000  2.5001624605E+000  1.9129942611E-003  2.4720666787E+000  2.5284074608E+000  2.0843950475E-003  2.3233553736E+000  2.4976209246E+000  1.5977344737E-003  3.5887998545E-004
   1  -150   0    0  4.8001836173E-001  8.3434766659E+000  2.7016474992E-004  2.1624270382E+000  2.4924606258E+000  2.7120309621E-004  2.2497225808E+000  2.4592738503E+000  6.6363315935E-004  2.3481314068E+000  2.4800124837E+000  1.7200614407E-003  2.3590087538E+000  2.5000348885E+000  1.9130712931E-003  2.4718763030E+000  2.5282231463E+000  2.0843134135E-003  2.3231507441E+000  2.4974916482E+000  1.5979698400E-003  3.5887112403E-004
   1  -151   0    0  4.9000103530E-001  8.3433731702E+000  2.7041777153E-004  2.1626840277E+000  2.4925167151E+000  2.7181532998E-004  2.2500104620E+000  2.4593139771E+000  6.6399630657E-004  2.3482208422E+000  2.4800121611E+000  1.7203961325E-003  2.3587966190E+000  2.4999097991E+000  1.9131468263E-003  2.4716896304E+000  2.5280424167E+000  2.0842333364E-003  2.3229498852E+000  2.4973648773E+000  1.5982006272E-003  3.5886243536E-004
   1  -152   0    0  4.9998437989E-001  8.3432716331E+000  2.7066611454E-004  2.1629359200E+000  2.4925717381E+000  2.7241586542E-004  2.2502926852E+000  2.4593533339E+000  6.6435250726E-004  2.3483083987E+000  2.4800118634E+000  1.7207243578E-003  2.3585886488E+000  2.4997871540E+000  1.9132208838E-003  2.4715066038E+000  2.5278652165E+000  2.0841547933E-003  2.3227527456E+000  2.4972405736E+000  1.5984269064E-003  3.5885391674E-004
   1  -153   0    0  5.0996837200E-001  8.3431720267E+000  2.7090984141E-004  2.1631827992E+000  2.4926257105E+000  2.7300487511E-004  2.2505693398E+000  2.4593919321E+000  6.6470186424E-004  2.3483941114E+000  2.4800115897E+000  1.7210462149E-003  2.3583847775E+000  2.4996669149E+000  1.9132934888E-003  2.4713271661E+000  2.5276914906E+000  2.0840777614E-003  2.3225592738E+000  2.4971186988E+000  1.5986487484E-003  3.5884556553E-004
   1  -154   0    0  5.1995298876E-001  8.3430743227E+000  2.7114901484E-004  2.1634247487E+000  2.4926786482E+000  2.7358253135E-004  2.2508405145E+000  2.4594297833E+000  6.6504448012E-004  2.3484780149E+000  2.4800113389E+000  1.7213618020E-003  2.3581849394E+000  2.4995490437E+000  1.9133646644E-003  2.4711512608E+000  2.5275211843E+000  2.0840022180E-003  2.3223694186E+000  2.4969992147E+000  1.5988662235E-003  3.5883737905E-004
   1  -155   0    0  5.2993820798E-001  8.3429784931E+000  2.7138369768E-004  2.1636618511E+000  2.4927305668E+000  2.7414900605E-004  2.2511062978E+000  2.4594668989E+000  6.6538045729E-004  2.3485601433E+000  2.4800111103E+000  1.7216712170E-003  2.3579890696E+000  2.4994335025E+000  1.9134344336E-003  2.4709788314E+000  2.5273542429E+000  2.0839281403E-003  2.3221831285E+000  2.4968820834E+000  1.5990794018E-003  3.5882935467E-004
   1  -156   0    0  5.3992400812E-001  8.3428845098E+000  2.7161395290E-004  2.1638941886E+000  2.4927814818E+000  2.7470447062E-004  2.2513667777E+000  2.4595032904E+000  6.6570989780E-004  2.3486405304E+000  2.4800109028E+000  1.7219745572E-003  2.3577971032E+000  2.4993202536E+000  1.9135028191E-003  2.4708098218E+000  2.5271906121E+000  2.0838555058E-003  2.3220003521E+000  2.4967672672E+000  1.5992883530E-003  3.5882148975E-004
   1  -157   0    0  5.4991036827E-001  8.3427923448E+000  2.7183984355E-004  2.1641218423E+000  2.4928314090E+000  2.7524909585E-004  2.2516220417E+000  2.4595389692E+000  6.6603290335E-004  2.3487192095E+000  2.4800107157E+000  1.7222719194E-003  2.3576089760E+000  2.4992092595E+000  1.9135698435E-003  2.4706441761E+000  2.5270302378E+000  2.0837842920E-003  2.3218210382E+000  2.4966547284E+000  1.5994931462E-003  3.5881378169E-004
   1  -158   0    0  5.5989726814E-001  8.3427019701E+000  2.7206143266E-004  2.1643448929E+000  2.4928803637E+000  2.7578305183E-004  2.2518721767E+000  2.4595739466E+000  6.6634957517E-004  2.3487962133E+000  2.4800105479E+000  1.7225634000E-003  2.3574246239E+000  2.4991004830E+000  1.9136355295E-003  2.4704818389E+000  2.5268730664E+000  2.0837144763E-003  2.3216451357E+000  2.4965444298E+000  1.5996938502E-003  3.5880622789E-004
   1  -159   0    0  5.6988468807E-001  8.3426133580E+000  2.7227878325E-004  2.1645634202E+000  2.4929283613E+000  2.7630650786E-004  2.2521172690E+000  2.4596082338E+000  6.6666001403E-004  2.3488715741E+000  2.4800103987E+000  1.7228490948E-003  2.3572439836E+000  2.4989938870E+000  1.9136998993E-003  2.4703227552E+000  2.5267190447E+000  2.0836460365E-003  2.3214725935E+000  2.4964363343E+000  1.5998905332E-003  3.5879882577E-004
   1  -160   0    0  5.7987260902E-001  8.3425264807E+000  2.7249195825E-004  2.1647775032E+000  2.4929754171E+000  2.7681963231E-004  2.2523574042E+000  2.4596418420E+000  6.6696432014E-004  2.3489453239E+000  2.4800102673E+000  1.7231290988E-003  2.3570669920E+000  2.4988894350E+000  1.9137629751E-003  2.4701668703E+000  2.5265681196E+000  2.0835789504E-003  2.3213033607E+000  2.4963304052E+000  1.6000832629E-003  3.5879157278E-004
   1  -161   0    0  5.8986101250E-001  8.3424413107E+000  2.7270102047E-004  2.1649872201E+000  2.4930215464E+000  2.7732259260E-004  2.2525926673E+000  2.4596747823E+000  6.6726259310E-004  2.3490174941E+000  2.4800101528E+000  1.7234035067E-003  2.3568935867E+000  2.4987870905E+000  1.9138247789E-003  2.4700141299E+000  2.5264202388E+000  2.0835131959E-003  2.3211373867E+000  2.4962266058E+000  1.6002721065E-003  3.5878446636E-004
   1  -162   0    0  5.9984988066E-001  8.3423578204E+000  2.7290603256E-004  2.1651926481E+000  2.4930667641E+000  2.7781555508E-004  2.2528231426E+000  2.4597070659E+000  6.6755493191E-004  2.3490881156E+000  2.4800100544E+000  1.7236724120E-003  2.3567237057E+000  2.4986868174E+000  1.9138853325E-003  2.4698644803E+000  2.5262753501E+000  2.0834487511E-003  2.3209746211E+000  2.4961249001E+000  1.6004571306E-003  3.5877750402E-004
   1  -163   0    0  6.0983919617E-001  8.3422759827E+000  2.7310705693E-004  2.1653938640E+000  2.4931110853E+000  2.7829868497E-004  2.2530489136E+000  2.4597387036E+000  6.6784143483E-004  2.3491572188E+000  2.4800099715E+000  1.7239359079E-003  2.3565572877E+000  2.4985885800E+000  1.9139446575E-003  2.4697178682E+000  2.5261334020E+000  2.0833855942E-003  2.3208150138E+000  2.4960252521E+000  1.6006384011E-003  3.5877068325E-004
   1  -164   0    0  6.1982894230E-001  8.3421957704E+000  2.7330415580E-004  2.1655909433E+000  2.4931545249E+000  2.7877214627E-004  2.2532700630E+000  2.4597697064E+000  6.6812219942E-004  2.3492248340E+000  2.4800099032E+000  1.7241940866E-003  2.3563942719E+000  2.4984923428E+000  1.9140027753E-003  2.4695742408E+000  2.5259943434E+000  2.0833237037E-003  2.3206585147E+000  2.4959276262E+000  1.6008159834E-003  3.5876400158E-004
   1  -165   0    0  6.2981910283E-001  8.3421171567E+000  2.7349739106E-004  2.1657839607E+000  2.4931970976E+000  2.7923610172E-004  2.2534866726E+000  2.4598000850E+000  6.6839732249E-004  2.3492909905E+000  2.4800098488E+000  1.7244470394E-003  2.3562345981E+000  2.4983980706E+000  1.9140597070E-003  2.4694335457E+000  2.5258581236E+000  2.0832630582E-003  2.3205050743E+000  2.4958319871E+000  1.6009899422E-003  3.5875745657E-004
   1  -166   0    0  6.3980966210E-001  8.3420401148E+000  2.7368682433E-004  2.1659729903E+000  2.4932388180E+000  2.7969071271E-004  2.2536988236E+000  2.4598298501E+000  6.6866690000E-004  2.3493557175E+000  2.4800098077E+000  1.7246948569E-003  2.3560782068E+000  2.4983057288E+000  1.9141154737E-003  2.4692957312E+000  2.5257246926E+000  2.0832036363E-003  2.3203546434E+000  2.4957383001E+000  1.6011603415E-003  3.5875104580E-004
   1  -167   0    0  6.4980060496E-001  8.3419646182E+000  2.7387251685E-004  2.1661581050E+000  2.4932797005E+000  2.8013613925E-004  2.2539065962E+000  2.4598590123E+000  6.6893102710E-004  2.3494190436E+000  2.4800097791E+000  1.7249376289E-003  2.3559250390E+000  2.4982152830E+000  1.9141700961E-003  2.4691607460E+000  2.5255940006E+000  2.0831454170E-003  2.3202071730E+000  2.4956465305E+000  1.6013272448E-003  3.5874476686E-004
   1  -168   0    0  6.5979191679E-001  8.3418906406E+000  2.7405452950E-004  2.1663393769E+000  2.4933197596E+000  2.8057253987E-004  2.2541100695E+000  2.4598875821E+000  6.6918979806E-004  2.3494809970E+000  2.4800097625E+000  1.7251754442E-003  2.3557750365E+000  2.4981266992E+000  1.9142235948E-003  2.4690285394E+000  2.5254659987E+000  2.0830883796E-003  2.3200626145E+000  2.4955566442E+000  1.6014907147E-003  3.5873861739E-004
   1  -169   0    0  6.6978358342E-001  8.3418181561E+000  2.7423292277E-004  2.1665168772E+000  2.4933590095E+000  2.8100007163E-004  2.2543093222E+000  2.4599155699E+000  6.6944330624E-004  2.3495416055E+000  2.4800097571E+000  1.7254083905E-003  2.3556281417E+000  2.4980399437E+000  1.9142759899E-003  2.4688990613E+000  2.5253406382E+000  2.0830325033E-003  2.3199209198E+000  2.4954686073E+000  1.6016508132E-003  3.5873259504E-004
   1  -170   0    0  6.7977559121E-001  8.3417471387E+000  2.7440775670E-004  2.1666906760E+000  2.4933974642E+000  2.8141889003E-004  2.2545044316E+000  2.4599429859E+000  6.6969164410E-004  2.3496008963E+000  2.4800097624E+000  1.7256365549E-003  2.3554842977E+000  2.4979549833E+000  1.9143273017E-003  2.4687722622E+000  2.5252178714E+000  2.0829777677E-003  2.3197820410E+000  2.4953823866E+000  1.6018076016E-003  3.5872669750E-004
   1  -171   0    0  6.8976792697E-001  8.3416775630E+000  2.7457909087E-004  2.1668608428E+000  2.4934351376E+000  2.8182914897E-004  2.2546954743E+000  2.4599698404E+000  6.6993490312E-004  2.3496588962E+000  2.4800097778E+000  1.7258600233E-003  2.3553434481E+000  2.4978717851E+000  1.9143775498E-003  2.4686480929E+000  2.5250976506E+000  2.0829241525E-003  2.3196459309E+000  2.4952979488E+000  1.6019611403E-003  3.5872092247E-004
   1  -172   0    0  6.9976057797E-001  8.3416094036E+000  2.7474698439E-004  2.1670274459E+000  2.4934720436E+000  2.8223100073E-004  2.2548825258E+000  2.4599961434E+000  6.7017317380E-004  2.3497156316E+000  2.4800098027E+000  1.7260788807E-003  2.3552055375E+000  2.4977903167E+000  1.9144267539E-003  2.4685265053E+000  2.5249799291E+000  2.0828716378E-003  2.3195125423E+000  2.4952152614E+000  1.6021114893E-003  3.5871526770E-004
   1  -173   0    0  7.0975353192E-001  8.3415426355E+000  2.7491149588E-004  2.1671905527E+000  2.4935081957E+000  2.8262459592E-004  2.2550656609E+000  2.4600219049E+000  6.7040654565E-004  2.3497711283E+000  2.4800098366E+000  1.7262932111E-003  2.3550705111E+000  2.4977105461E+000  1.9144749333E-003  2.4684074514E+000  2.5248646606E+000  2.0828202037E-003  2.3193818290E+000  2.4951342922E+000  1.6022587075E-003  3.5870973095E-004
   1  -174   0    0  7.1974677698E-001  8.3414772339E+000  2.7507268342E-004  2.1673502297E+000  2.4935436075E+000  2.8301008343E-004  2.2552449532E+000  2.4600471346E+000  6.7063510717E-004  2.3498254119E+000  2.4800098789E+000  1.7265030975E-003  2.3549383147E+000  2.4976324416E+000  1.9145221070E-003  2.4682908841E+000  2.5247517995E+000  2.0827698308E-003  2.3192537446E+000  2.4950550093E+000  1.6024028532E-003  3.5870431002E-004
   1  -175   0    0  7.2974030172E-001  8.3414131744E+000  2.7523060455E-004  2.1675065424E+000  2.4935782923E+000  2.8338761046E-004  2.2554204754E+000  2.4600718423E+000  6.7085894581E-004  2.3498785073E+000  2.4800099291E+000  1.7267086217E-003  2.3548088948E+000  2.4975559720E+000  1.9145682940E-003  2.4681767568E+000  2.5246413007E+000  2.0827204996E-003  2.3191282438E+000  2.4949773814E+000  1.6025439840E-003  3.5869900272E-004
   1  -176   0    0  7.3973409512E-001  8.3413504327E+000  2.7538531627E-004  2.1676595555E+000  2.4936122631E+000  2.8375732241E-004  2.2555922991E+000  2.4600960376E+000  6.7107814798E-004  2.3499304393E+000  2.4800099868E+000  1.7269098648E-003  2.3546821990E+000  2.4974811064E+000  1.9146135128E-003  2.4680650236E+000  2.5245331197E+000  2.0826721910E-003  2.3190052814E+000  2.4949013773E+000  1.6026821566E-003  3.5869380693E-004
   1  -177   0    0  7.4972814655E-001  8.3412889848E+000  2.7553687497E-004  2.1678093325E+000  2.4936455331E+000  2.8411936293E-004  2.2557604951E+000  2.4601197300E+000  6.7129279902E-004  2.3499812318E+000  2.4800100515E+000  1.7271069065E-003  2.3545581751E+000  2.4974078146E+000  1.9146577816E-003  2.4679556392E+000  2.5244272126E+000  2.0826248863E-003  2.3188848127E+000  2.4948269665E+000  1.6028174270E-003  3.5868872051E-004
   1  -178   0    0  7.5972244578E-001  8.3412288073E+000  2.7568533649E-004  2.1679559362E+000  2.4936781150E+000  2.8447387385E-004  2.2559251330E+000  2.4601429287E+000  6.7150298320E-004  2.3500309086E+000  2.4800101227E+000  1.7272998257E-003  2.3544367720E+000  2.4973360666E+000  1.9147011187E-003  2.4678485588E+000  2.5243235362E+000  2.0825785667E-003  2.3187667936E+000  2.4947541189E+000  1.6029498503E-003  3.5868374138E-004
   1  -179   0    0  7.6971698295E-001  8.3411698766E+000  2.7583075604E-004  2.1680994283E+000  2.4937100216E+000  2.8482099517E-004  2.2560862815E+000  2.4601656431E+000  6.7170878368E-004  2.3500794930E+000  2.4800102000E+000  1.7274887001E-003  2.3543179392E+000  2.4972658327E+000  1.9147435418E-003  2.4677437384E+000  2.5242220478E+000  2.0825332140E-003  2.3186511805E+000  2.4946828046E+000  1.6030794811E-003  3.5867886749E-004
   1  -180   0    0  7.7971174855E-001  8.3411121697E+000  2.7597318823E-004  2.1682398695E+000  2.4937412653E+000  2.8516086509E-004  2.2562440083E+000  2.4601878822E+000  6.7191028256E-004  2.3501270079E+000  2.4800102829E+000  1.7276736063E-003  2.3542016271E+000  2.4971970840E+000  1.9147850684E-003  2.4676411346E+000  2.5241227054E+000  2.0824888099E-003  2.3185379303E+000  2.4946129944E+000  1.6032063729E-003  3.5867409680E-004
   1  -181   0    0  7.8970673344E-001  8.3410556640E+000  2.7611268703E-004  2.1683773198E+000  2.4937718585E+000  2.8549361992E-004  2.2563983800E+000  2.4602096550E+000  6.7210756081E-004  2.3501734758E+000  2.4800103712E+000  1.7278546200E-003  2.3540877864E+000  2.4971297916E+000  1.9148257159E-003  2.4675407045E+000  2.5240254676E+000  2.0824453366E-003  2.3184270004E+000  2.4945446593E+000  1.6033305786E-003  3.5866942731E-004
   1  -182   0    0  7.9970192879E-001  8.3410003368E+000  2.7624930578E-004  2.1685118379E+000  2.4938018134E+000  2.8581939412E-004  2.2565494624E+000  2.4602309704E+000  6.7230069829E-004  2.3502189186E+000  2.4800104643E+000  1.7280318157E-003  2.3539763692E+000  2.4970639274E+000  1.9148655013E-003  2.4674424060E+000  2.5239302934E+000  2.0824027765E-003  2.3183183486E+000  2.4944777709E+000  1.6034521502E-003  3.5866485707E-004
   1  -183   0    0  8.0969732614E-001  8.3409461662E+000  2.7638309718E-004  2.1686434820E+000  2.4938311419E+000  2.8613832030E-004  2.2566973199E+000  2.4602518371E+000  6.7248977375E-004  2.3502633580E+000  2.4800105620E+000  1.7282052668E-003  2.3538673277E+000  2.4969994635E+000  1.9149044414E-003  2.4673461976E+000  2.5238371428E+000  2.0823611120E-003  2.3182119334E+000  2.4944123011E+000  1.6035711391E-003  3.5866038412E-004
   1  -184   0    0  8.1969291731E-001  8.3408931302E+000  2.7651411325E-004  2.1687723089E+000  2.4938598560E+000  2.8645052917E-004  2.2568420164E+000  2.4602722637E+000  6.7267486482E-004  2.3503068152E+000  2.4800106639E+000  1.7283750457E-003  2.3537606152E+000  2.4969363725E+000  1.9149425527E-003  2.4672520384E+000  2.5237459761E+000  2.0823203262E-003  2.3181077139E+000  2.4943482223E+000  1.6036875958E-003  3.5865600656E-004
   1  -185   0    0  8.2968869446E-001  8.3408412074E+000  2.7664240538E-004  2.1688983748E+000  2.4938879673E+000  2.8675614956E-004  2.2569836144E+000  2.4602922587E+000  6.7285604801E-004  2.3503493111E+000  2.4800107696E+000  1.7285412235E-003  2.3536561857E+000  2.4968746275E+000  1.9149798516E-003  2.4671598880E+000  2.5236567543E+000  2.0822804021E-003  2.3180056495E+000  2.4942855072E+000  1.6038015699E-003  3.5865172252E-004
   1  -186   0    0  8.3968465002E-001  8.3407903764E+000  2.7676802428E-004  2.1690217349E+000  2.4939154873E+000  2.8705530843E-004  2.2571221755E+000  2.4603118303E+000  6.7303339871E-004  2.3503908660E+000  2.4800108788E+000  1.7287038706E-003  2.3535539939E+000  2.4968142017E+000  1.9150163539E-003  2.4670697069E+000  2.5235694391E+000  2.0822413230E-003  2.3179057002E+000  2.4942241290E+000  1.6039131104E-003  3.5864753013E-004
   1  -187   0    0  8.4968077672E-001  8.3407406164E+000  2.7689101998E-004  2.1691424435E+000  2.4939424273E+000  2.8734813084E-004  2.2572577604E+000  2.4603309869E+000  6.7320699117E-004  2.3504315000E+000  2.4800109913E+000  1.7288630560E-003  2.3534539952E+000  2.4967550692E+000  1.9150520755E-003  2.4669814561E+000  2.5234839927E+000  2.0822030726E-003  2.3178078268E+000  2.4941640615E+000  1.6040222655E-003  3.5864342759E-004
   1  -188   0    0  8.5967706758E-001  8.3406919067E+000  2.7701144185E-004  2.1692605538E+000  2.4939687986E+000  2.8763473997E-004  2.2573904287E+000  2.4603497366E+000  6.7337689854E-004  2.3504712328E+000  2.4800111068E+000  1.7290188477E-003  2.3533561457E+000  2.4966972042E+000  1.9150870320E-003  2.4668950971E+000  2.5234003780E+000  2.0821656347E-003  2.3177119902E+000  2.4941052786E+000  1.6041290825E-003  3.5863941309E-004
   1  -189   0    0  8.6967351587E-001  8.3406442270E+000  2.7712933855E-004  2.1693761184E+000  2.4939946121E+000  2.8791525712E-004  2.2575202390E+000  2.4603680873E+000  6.7354319284E-004  2.3505100836E+000  2.4800112249E+000  1.7291713127E-003  2.3532604023E+000  2.4966405814E+000  1.9151212384E-003  2.4668105922E+000  2.5233185584E+000  2.0821289933E-003  2.3176181521E+000  2.4940477549E+000  1.6042336081E-003  3.5863548489E-004
   1  -190   0    0  8.7967011513E-001  8.3405975574E+000  2.7724475810E-004  2.1694891887E+000  2.4940198787E+000  2.8818980170E-004  2.2576472491E+000  2.4603860468E+000  6.7370594495E-004  2.3505480714E+000  2.4800113454E+000  1.7293205169E-003  2.3531667226E+000  2.4965851760E+000  1.9151547100E-003  2.4667279044E+000  2.5232384979E+000  2.0820931330E-003  2.3175262749E+000  2.4939914651E+000  1.6043358880E-003  3.5863164124E-004
   1  -191   0    0  8.8966685915E-001  8.3405518781E+000  2.7735774780E-004  2.1695998154E+000  2.4940446090E+000  2.8845849127E-004  2.2577715155E+000  2.4604036229E+000  6.7386522467E-004  2.3505852146E+000  2.4800114681E+000  1.7294665252E-003  2.3530750649E+000  2.4965309633E+000  1.9151874613E-003  2.4666469970E+000  2.5231601613E+000  2.0820580381E-003  2.3174363212E+000  2.4939363846E+000  1.6044359675E-003  3.5862788045E-004
   1  -192   0    0  8.9966374196E-001  8.3405071698E+000  2.7746835428E-004  2.1697080484E+000  2.4940688136E+000  2.8872144150E-004  2.2578930940E+000  2.4604208232E+000  6.7402110066E-004  2.3506215315E+000  2.4800115927E+000  1.7296094012E-003  2.3529853882E+000  2.4964779195E+000  1.9152195070E-003  2.4665678341E+000  2.5230835137E+000  2.0820236937E-003  2.3173482543E+000  2.4938824892E+000  1.6045338907E-003  3.5862420084E-004
   1  -193   0    0  9.0966075782E-001  8.3404634133E+000  2.7757662348E-004  2.1698139364E+000  2.4940925027E+000  2.8897876621E-004  2.2580120394E+000  2.4604376552E+000  6.7417364049E-004  2.3506570398E+000  2.4800117190E+000  1.7297492076E-003  2.3528976522E+000  2.4964260208E+000  1.9152508613E-003  2.4664903806E+000  2.5230085210E+000  2.0819900847E-003  2.3172620382E+000  2.4938297549E+000  1.6046297014E-003  3.5862060076E-004
   1  -194   0    0  9.1965790122E-001  8.3404205899E+000  2.7768260064E-004  2.1699175276E+000  2.4941156866E+000  2.8923057737E-004  2.2581284055E+000  2.4604541262E+000  6.7432291062E-004  2.3506917570E+000  2.4800118467E+000  1.7298860063E-003  2.3528118174E+000  2.4963752440E+000  1.9152815381E-003  2.4664146016E+000  2.5229351496E+000  2.0819571965E-003  2.3171776372E+000  2.4937781583E+000  1.6047234422E-003  3.5861707859E-004
   1  -195   0    0  9.2965516686E-001  8.3403786812E+000  2.7778633035E-004  2.1700188691E+000  2.4941383752E+000  2.8947698512E-004  2.2582422451E+000  2.4604702434E+000  6.7446897642E-004  2.3507257002E+000  2.4800119758E+000  1.7300198577E-003  2.3527278448E+000  2.4963255663E+000  1.9153115514E-003  2.4663404631E+000  2.5228633665E+000  2.0819250147E-003  2.3170950163E+000  2.4937276763E+000  1.6048151554E-003  3.5861363275E-004
   1  -196   0    0  9.3965254967E-001  8.3403376688E+000  2.7788785647E-004  2.1701180072E+000  2.4941605785E+000  2.8971809776E-004  2.2583536101E+000  2.4604860140E+000  6.7461190218E-004  2.3507588862E+000  2.4800121059E+000  1.7301508214E-003  2.3526456963E+000  2.4962769652E+000  1.9153409146E-003  2.4662679315E+000  2.5227931393E+000  2.0818935251E-003  2.3170141409E+000  2.4936782862E+000  1.6049048822E-003  3.5861026168E-004
   1  -197   0    0  9.4965004475E-001  8.3402975351E+000  2.7798722221E-004  2.1702149875E+000  2.4941823060E+000  2.8995402177E-004  2.2584625516E+000  2.4605014449E+000  6.7475175109E-004  2.3507913314E+000  2.4800122369E+000  1.7302789561E-003  2.3525653343E+000  2.4962294187E+000  1.9153696410E-003  2.4661969741E+000  2.5227244361E+000  2.0818627137E-003  2.3169349770E+000  2.4936299658E+000  1.6049926633E-003  3.5860696384E-004
   1  -198   0    0  9.5964764743E-001  8.3402582623E+000  2.7808447008E-004  2.1703098546E+000  2.4942035673E+000  2.9018486184E-004  2.2585691196E+000  2.4605165430E+000  6.7488858529E-004  2.3508230519E+000  2.4800123686E+000  1.7304043193E-003  2.3524867219E+000  2.4961829051E+000  1.9153977437E-003  2.4661275584E+000  2.5226572255E+000  2.0818325668E-003  2.3168574912E+000  2.4935826931E+000  1.6050785387E-003  3.5860373772E-004
   1  -199   0    0  9.6964535319E-001  8.3402198332E+000  2.7817964193E-004  2.1704026524E+000  2.4942243718E+000  2.9041072087E-004  2.2586733632E+000  2.4605313151E+000  6.7502246584E-004  2.3508540635E+000  2.4800125010E+000  1.7305269676E-003  2.3524098230E+000  2.4961374032E+000  1.9154252355E-003  2.4660596527E+000  2.5225914770E+000  2.0818030710E-003  2.3167816506E+000  2.4935364467E+000  1.6051625474E-003  3.5860058184E-004
   1  -200   0    0  9.7964315772E-001  8.3401822309E+000  2.7827277891E-004  2.1704934239E+000  2.4942447286E+000  2.9063169999E-004  2.2587753309E+000  2.4605457678E+000  6.7515345276E-004  2.3508843817E+000  2.4800126337E+000  1.7306469565E-003  2.3523346021E+000  2.4960928920E+000  1.9154521291E-003  2.4659932258E+000  2.5225271602E+000  2.0817742130E-003  2.3167074228E+000  2.4934912054E+000  1.6052447281E-003  3.5859749475E-004
   1  -201   0    0  9.8964105687E-001  8.3401454385E+000  2.7836392153E-004  2.1705822114E+000  2.4942646469E+000  2.9084789855E-004  2.2588750698E+000  2.4605599075E+000  6.7528160500E-004  2.3509140214E+000  2.4800127666E+000  1.7307643405E-003  2.3522610242E+000  2.4960493511E+000  1.9154784367E-003  2.4659282471E+000  2.5224642456E+000  2.0817459798E-003  2.3166347760E+000  2.4934469486E+000  1.6053251185E-003  3.5859447503E-004
   1  -202   0    0  9.9963904666E-001  8.3401094398E+000  2.7845310961E-004  2.1706690562E+000  2.4942841354E+000  2.9105941419E-004  2.2589726267E+000  2.4605737409E+000  6.7540698050E-004  2.3509429977E+000  2.4800128997E+000  1.7308791733E-003  2.3521890552E+000  2.4960067602E+000  1.9155041706E-003  2.4658646866E+000  2.5224027041E+000  2.0817183586E-003  2.3165636787E+000  2.4934036558E+000  1.6054037557E-003  3.5859152127E-004
   1  -203  -4    2  9.9999999755E-001  8.3401081548E+000  2.7845629344E-004  2.1706721557E+000  2.4942848311E+000  2.9106696401E-004  2.2589761085E+000  2.4605742346E+000  6.7541145562E-004  2.3509440316E+000  2.4800129045E+000  1.7308832719E-003  2.3521864866E+000  2.4960052401E+000  1.9155050890E-003  2.4658624181E+000  2.5224005076E+000  2.0817173727E-003  2.3165611405E+000  2.4934021106E+000  1.6054065623E-003  3.5859141585E-004
