
   1    -1   0    0   9.9999999800E-01   7.9413442343E+00   2.5580412857E-04   2.0586379255E+00   2.3708330885E+00   2.0696274727E-04   2.1413434886E+00   2.3355273691E+00   6.2587811715E-04   2.2403418151E+00   2.3736120214E+00   1.6857158460E-03   2.2399733487E+00   2.3810462520E+00   1.9052009792E-03   2.3532025446E+00   2.4128232412E+00   2.0918169360E-03   2.1996787777E+00   2.3723748378E+00   1.5733416465E-03   3.4201475825E-04
   1    -2   0    0   9.8000121361E-01   7.9414685176E+00   2.5572160048E-04   2.0585739239E+00   2.3708627462E+00   2.0696184223E-04   2.1412751234E+00   2.3355659382E+00   6.2587475688E-04   2.2403320816E+00   2.3736504097E+00   1.6857067956E-03   2.2400643623E+00   2.3811033762E+00   1.9051991311E-03   2.3532694215E+00   2.4128882554E+00   2.0918236182E-03   2.1997904983E+00   2.3724319657E+00   1.5733401203E-03   3.4201883216E-04
   1    -3   0    0   9.7000186368E-01   7.9415327970E+00   2.5567893665E-04   2.0585408330E+00   2.3708780957E+00   2.0696137428E-04   2.1412397678E+00   2.3355858945E+00   6.2587301947E-04   2.2403270409E+00   2.3736702725E+00   1.6857021161E-03   2.2401114385E+00   2.3811329234E+00   1.9051981753E-03   2.3533040111E+00   2.4129218816E+00   2.0918270733E-03   2.1998482276E+00   2.3724615148E+00   1.5733393311E-03   3.4202093941E-04
   1    -4   0    0   9.6000254364E-01   7.9415985441E+00   2.5563531264E-04   2.0585069939E+00   2.3708938030E+00   2.0696089574E-04   2.1412036071E+00   2.3356063123E+00   6.2587124275E-04   2.2403218807E+00   2.3736905947E+00   1.6856973308E-03   2.2401595923E+00   2.3811631469E+00   1.9051971979E-03   2.3533393911E+00   2.4129562762E+00   2.0918306068E-03   2.1999072381E+00   2.3724917403E+00   1.5733385239E-03   3.4202309493E-04
   1    -5   0    0   9.5000325483E-01   7.9416657916E+00   2.5559070772E-04   2.0584723905E+00   2.3709098765E+00   2.0696040639E-04   2.1411666234E+00   2.3356272023E+00   6.2586942586E-04   2.2403165980E+00   2.3737113869E+00   1.6856924372E-03   2.2402088479E+00   2.3811940620E+00   1.9051961982E-03   2.3533755791E+00   2.4129914562E+00   2.0918342203E-03   2.1999675567E+00   2.3725226573E+00   1.5733376983E-03   3.4202529980E-04
   1    -6   0    0   9.4000399868E-01   7.9417345729E+00   2.5554510074E-04   2.0584370059E+00   2.3709263246E+00   2.0695990599E-04   2.1411287983E+00   2.3356485751E+00   6.2586756794E-04   2.2403111899E+00   2.3737326597E+00   1.6856874332E-03   2.2402592300E+00   2.3812256840E+00   1.9051951759E-03   2.3534125930E+00   2.4130274392E+00   2.0918379156E-03   2.2000292109E+00   2.3725542814E+00   1.5733368541E-03   3.4202755513E-04
   1    -7   0    0   9.3000477665E-01   7.9418049220E+00   2.5549847015E-04   2.0584008233E+00   2.3709431561E+00   2.0695939429E-04   2.1410901134E+00   2.3356704417E+00   6.2586566809E-04   2.2403056536E+00   2.3737544241E+00   1.6856823162E-03   2.2403107636E+00   2.3812580289E+00   1.9051941303E-03   2.3534504513E+00   2.4130642430E+00   2.0918416944E-03   2.2000922287E+00   2.3725866283E+00   1.5733359906E-03   3.4202986204E-04
   1    -8   0    0   9.2000559027E-01   7.9418768739E+00   2.5545079399E-04   2.0583638253E+00   2.3709603797E+00   2.0695887105E-04   2.1410505495E+00   2.3356928135E+00   6.2586372540E-04   2.2402999858E+00   2.3737766913E+00   1.6856770838E-03   2.2403634744E+00   2.3812911126E+00   1.9051930611E-03   2.3534891726E+00   2.4131018859E+00   2.0918455586E-03   2.2001566387E+00   2.3726197141E+00   1.5733351077E-03   3.4203222168E-04
   1    -9   0    0   9.1000644117E-01   7.9419504640E+00   2.5540204986E-04   2.0583259940E+00   2.3709780047E+00   2.0695833602E-04   2.1410100872E+00   2.3357157019E+00   6.2586173893E-04   2.2402941835E+00   2.3737994728E+00   1.6856717336E-03   2.2404173888E+00   2.3813249516E+00   1.9051919676E-03   2.3535287762E+00   2.4131403865E+00   2.0918495101E-03   2.2002224698E+00   2.3726535554E+00   1.5733342047E-03   3.4203463523E-04
   1   -10   0    0   9.0000733100E-01   7.9420257286E+00   2.5535221495E-04   2.0582873116E+00   2.3709960404E+00   2.0695778895E-04   2.1409687067E+00   2.3357391188E+00   6.2585970775E-04   2.2402882436E+00   2.3738227804E+00   1.6856662629E-03   2.2404725335E+00   2.3813595628E+00   1.9051908494E-03   2.3535692816E+00   2.4131797637E+00   2.0918535507E-03   2.2002897516E+00   2.3726881688E+00   1.5733332812E-03   3.4203710390E-04
   1   -11   0    0   8.9000826152E-01   7.9421027048E+00   2.5530126603E-04   2.0582477596E+00   2.3710144961E+00   2.0695722958E-04   2.1409263879E+00   2.3357630760E+00   6.2585763089E-04   2.2402821627E+00   2.3738466258E+00   1.6856606691E-03   2.2405289358E+00   2.3813949633E+00   1.9051897059E-03   2.3536107087E+00   2.4132200370E+00   2.0918576823E-03   2.2003585143E+00   2.3727235715E+00   1.5733323369E-03   3.4203962890E-04
   1   -12   0    0   8.8000923456E-01   7.9421814303E+00   2.5524917940E-04   2.0582073192E+00   2.3710333817E+00   2.0695665763E-04   2.1408831100E+00   2.3357875859E+00   6.2585550736E-04   2.2402759374E+00   2.3738710215E+00   1.6856549497E-03   2.2405866236E+00   2.3814311706E+00   1.9051885366E-03   2.3536530779E+00   2.4132612261E+00   2.0918619070E-03   2.2004287884E+00   2.3727597812E+00   1.5733313712E-03   3.4204221150E-04
   1   -13   0    0   8.7001025202E-01   7.9422619436E+00   2.5519593095E-04   2.0581659713E+00   2.3710527070E+00   2.0695607285E-04   2.1408388520E+00   2.3358126611E+00   6.2585333616E-04   2.2402695645E+00   2.3738959798E+00   1.6856491019E-03   2.2406456255E+00   2.3814682025E+00   1.9051873408E-03   2.3536964099E+00   2.4133033512E+00   2.0918662268E-03   2.2005006052E+00   2.3727968155E+00   1.5733303838E-03   3.4204485296E-04
   1   -14   0    0   8.6001131589E-01   7.9423442842E+00   2.5514149611E-04   2.0581236964E+00   2.3710724823E+00   2.0695547495E-04   2.1407935924E+00   2.3358383143E+00   6.2585111627E-04   2.2402630404E+00   2.3739215135E+00   1.6856431229E-03   2.2407059705E+00   2.3815060774E+00   1.9051861181E-03   2.3537407259E+00   2.4133464329E+00   2.0918706436E-03   2.2005739963E+00   2.3728346927E+00   1.5733293740E-03   3.4204755459E-04
   1   -15   0    0   8.5001242824E-01   7.9424284921E+00   2.5508584986E-04   2.0580804746E+00   2.3710927179E+00   2.0695486366E-04   2.1407473093E+00   2.3358645587E+00   6.2584884665E-04   2.2402563614E+00   2.3739476358E+00   1.6856370100E-03   2.2407676883E+00   2.3815448137E+00   1.9051848678E-03   2.3537860476E+00   2.4133904923E+00   2.0918751596E-03   2.2006489941E+00   2.3728734316E+00   1.5733283415E-03   3.4205031772E-04
   1   -16   0    0   8.4001359123E-01   7.9425146084E+00   2.5502896672E-04   2.0580362856E+00   2.3711134245E+00   2.0695423869E-04   2.1406999803E+00   2.3358914076E+00   6.2584652623E-04   2.2402495241E+00   2.3739743598E+00   1.6856307603E-03   2.2408308092E+00   2.3815844305E+00   1.9051835894E-03   2.3538323969E+00   2.4134355507E+00   2.0918797770E-03   2.2007256313E+00   2.3729130509E+00   1.5733272858E-03   3.4205314370E-04
   1   -17   0    0   8.3001480712E-01   7.9426026748E+00   2.5497082077E-04   2.0579911088E+00   2.3711346129E+00   2.0695359975E-04   2.1406515827E+00   2.3359188746E+00   6.2584415393E-04   2.2402425245E+00   2.3740016991E+00   1.6856243708E-03   2.2408953640E+00   2.3816249472E+00   1.9051822822E-03   2.3538797965E+00   2.4134816301E+00   2.0918844978E-03   2.2008039415E+00   2.3729535702E+00   1.5733262062E-03   3.4205603393E-04
   1   -18   0    0   8.2001607827E-01   7.9426927339E+00   2.5491138559E-04   2.0579449231E+00   2.3711562942E+00   2.0695294653E-04   2.1406020930E+00   2.3359469738E+00   6.2584172866E-04   2.2402353590E+00   2.3740296678E+00   1.6856178387E-03   2.2409613843E+00   2.3816663835E+00   1.9051809456E-03   2.3539282691E+00   2.4135287527E+00   2.0918893243E-03   2.2008839586E+00   2.3729950091E+00   1.5733251025E-03   3.4205898982E-04
   1   -19   0    0   8.1001740712E-01   7.9427848293E+00   2.5485063432E-04   2.0578977071E+00   2.3711784798E+00   2.0695227875E-04   2.1405514876E+00   2.3359757194E+00   6.2583924930E-04   2.2402280235E+00   2.3740582799E+00   1.6856111609E-03   2.2410289023E+00   2.3817087595E+00   1.9051795789E-03   2.3539778383E+00   2.4135769413E+00   2.0918942587E-03   2.2009657172E+00   2.3730373879E+00   1.5733239739E-03   3.4206201280E-04
   1   -20   0    0   8.0001879624E-01   7.9428790052E+00   2.5478853962E-04   2.0578494389E+00   2.3712011812E+00   2.0695159609E-04   2.1404997423E+00   2.3360051259E+00   6.2583671469E-04   2.2402205141E+00   2.3740875500E+00   1.6856043342E-03   2.2410979508E+00   2.3817520959E+00   1.9051781817E-03   2.3540285279E+00   2.4136262191E+00   2.0918993033E-03   2.2010492524E+00   2.3730807270E+00   1.5733228200E-03   3.4206510435E-04
   1   -21   0    0   7.9002024830E-01   7.9429753068E+00   2.5472507366E-04   2.0578000962E+00   2.3712244103E+00   2.0695089823E-04   2.1404468323E+00   2.3360352082E+00   6.2583412367E-04   2.2402128268E+00   2.3741174929E+00   1.6855973557E-03   2.2411685631E+00   2.3817964136E+00   1.9051767531E-03   2.3540803622E+00   2.4136766097E+00   2.0919044605E-03   2.2011346000E+00   2.3731250475E+00   1.5733216402E-03   3.4206826597E-04
   1   -22   0    0   7.8002176608E-01   7.9430737803E+00   2.5466020816E-04   2.0577496565E+00   2.3712481793E+00   2.0695018487E-04   2.1403927326E+00   2.3360659815E+00   6.2583147507E-04   2.2402049573E+00   2.3741481236E+00   1.6855902221E-03   2.2412407736E+00   2.3818417339E+00   1.9051752925E-03   2.3541333660E+00   2.4137281373E+00   2.0919097327E-03   2.2012217963E+00   2.3731703708E+00   1.5733204341E-03   3.4207149919E-04
   1   -23   0    0   7.7002335247E-01   7.9431744727E+00   2.5459391432E-04   2.0576980965E+00   2.3712725005E+00   2.0694945567E-04   2.1403374174E+00   2.3360974612E+00   6.2582876768E-04   2.2401969014E+00   2.3741794576E+00   1.6855829301E-03   2.2413146168E+00   2.3818880787E+00   1.9051737993E-03   2.3541875646E+00   2.4137808264E+00   2.0919151222E-03   2.2013108782E+00   2.3732167186E+00   1.5733192009E-03   3.4207480556E-04
   1   -24   0    0   7.6002501051E-01   7.9432774318E+00   2.5452616289E-04   2.0576453929E+00   2.3712973866E+00   2.0694871031E-04   2.1402808606E+00   2.3361296632E+00   6.2582600027E-04   2.2401886547E+00   2.3742115107E+00   1.6855754764E-03   2.2413901284E+00   2.3819354702E+00   1.9051722727E-03   2.3542429837E+00   2.4138347021E+00   2.0919206315E-03   2.2014018832E+00   2.3732641131E+00   1.5733179403E-03   3.4207818668E-04
   1   -25   0    0   7.5002674334E-01   7.9433827065E+00   2.5445692410E-04   2.0575915216E+00   2.3713228505E+00   2.0694794844E-04   2.1402230355E+00   2.3361626037E+00   6.2582317158E-04   2.2401802128E+00   2.3742442989E+00   1.6855678578E-03   2.2414673445E+00   2.3819839311E+00   1.9051707120E-03   2.3542996497E+00   2.4138897899E+00   2.0919262632E-03   2.2014948495E+00   2.3733125771E+00   1.5733166515E-03   3.4208164417E-04
   1   -26   0    0   7.4002855425E-01   7.9434903466E+00   2.5438616771E-04   2.0575364583E+00   2.3713489055E+00   2.0694716973E-04   2.1401639149E+00   2.3361962990E+00   6.2582028037E-04   2.2401715711E+00   2.3742778386E+00   1.6855600707E-03   2.2415463020E+00   2.3820334844E+00   1.9051691166E-03   2.3543575893E+00   2.4139461158E+00   2.0919320197E-03   2.2015898157E+00   2.3733621336E+00   1.5733153339E-03   3.4208517968E-04
   1   -27   0    0   7.3003044666E-01   7.9436004028E+00   2.5431386297E-04   2.0574801781E+00   2.3713755649E+00   2.0694637383E-04   2.1401034711E+00   2.3362307661E+00   6.2581732532E-04   2.2401627250E+00   2.3743121466E+00   1.6855521117E-03   2.2416270385E+00   2.3820841537E+00   1.9051674856E-03   2.3544168298E+00   2.4140037063E+00   2.0919379037E-03   2.2016868213E+00   2.3734128062E+00   1.5733139871E-03   3.4208879490E-04
   1   -28   0    0   7.2003242413E-01   7.9437129268E+00   2.5423997866E-04   2.0574226559E+00   2.3714028427E+00   2.0694556038E-04   2.1400416759E+00   2.3362660221E+00   6.2581430512E-04   2.2401536697E+00   2.3743472400E+00   1.6855439772E-03   2.2417095922E+00   2.3821359630E+00   1.9051658184E-03   2.3544773988E+00   2.4140625884E+00   2.0919439179E-03   2.2017859061E+00   2.3734646188E+00   1.5733126103E-03   3.4209249153E-04
   1   -29   0    0   7.1003449037E-01   7.9438279712E+00   2.5416448305E-04   2.0573638659E+00   2.3714307529E+00   2.0694472903E-04   2.1399785005E+00   2.3363020844E+00   6.2581121845E-04   2.2401444004E+00   2.3743831362E+00   1.6855356637E-03   2.2417940023E+00   2.3821889367E+00   1.9051641142E-03   2.3545393248E+00   2.4141227897E+00   2.0919500648E-03   2.2018871107E+00   2.3735175958E+00   1.5733112029E-03   3.4209627134E-04
   1   -30   0    0   7.0003664925E-01   7.9439455897E+00   2.5408734390E-04   2.0573037821E+00   2.3714593098E+00   2.0694387941E-04   2.1399139157E+00   2.3363389711E+00   6.2580806395E-04   2.2401349121E+00   2.3744198531E+00   1.6855271674E-03   2.2418803084E+00   2.3822430997E+00   1.9051623722E-03   2.3546026365E+00   2.4141843382E+00   2.0919563473E-03   2.2019904762E+00   2.3735717623E+00   1.5733097644E-03   3.4210013611E-04
   1   -31   0    0   6.9003890480E-01   7.9440658368E+00   2.5400852850E-04   2.0572423777E+00   2.3714885283E+00   2.0694301114E-04   2.1398478916E+00   2.3363767002E+00   6.2580484022E-04   2.2401251999E+00   2.3744574087E+00   1.6855184848E-03   2.2419685511E+00   2.3822984773E+00   1.9051605917E-03   2.3546673633E+00   2.4142472622E+00   2.0919627681E-03   2.2020960445E+00   2.3736271434E+00   1.5733082939E-03   3.4210408764E-04
   1   -32   0    0   6.8004126120E-01   7.9441887682E+00   2.5392800363E-04   2.0571796258E+00   2.3715184233E+00   2.0694212385E-04   2.1397803977E+00   2.3364152905E+00   6.2580154588E-04   2.2401152584E+00   2.3744958216E+00   1.6855096119E-03   2.2420587717E+00   2.3823550954E+00   1.9051587718E-03   2.3547335349E+00   2.4143115910E+00   2.0919693300E-03   2.2022038579E+00   2.3736837652E+00   1.5733067910E-03   3.4210812778E-04
   1   -33   0    0   6.7004372282E-01   7.9443144406E+00   2.5384573559E-04   2.0571154989E+00   2.3715490100E+00   2.0694121716E-04   2.1397114032E+00   2.3364547608E+00   6.2579817949E-04   2.2401050826E+00   2.3745351107E+00   1.6855005450E-03   2.2421510122E+00   2.3824129802E+00   1.9051569117E-03   2.3548011820E+00   2.4143773540E+00   2.0919760360E-03   2.2023139595E+00   2.3737416537E+00   1.5733052549E-03   3.4211225843E-04
   1   -34   0    0   6.6004629421E-01   7.9444429116E+00   2.5376169015E-04   2.0570499691E+00   2.3715803043E+00   2.0694029068E-04   2.1396408766E+00   2.3364951305E+00   6.2579473961E-04   2.2400946669E+00   2.3745752953E+00   1.6854912802E-03   2.2422453154E+00   2.3824721586E+00   1.9051550106E-03   2.3548703352E+00   2.4144445813E+00   2.0919828888E-03   2.2024263928E+00   2.3738008359E+00   1.5733036850E-03   3.4211648150E-04
   1   -35   0    0   6.5004898009E-01   7.9445742398E+00   2.5367583264E-04   2.0569830078E+00   2.3716123220E+00   2.0693934400E-04   2.1395687857E+00   2.3365364194E+00   6.2579122476E-04   2.2400840060E+00   2.3746163949E+00   1.6854818134E-03   2.2423417249E+00   2.3825326577E+00   1.9051530677E-03   2.3549410263E+00   2.4145133036E+00   2.0919898916E-03   2.2025412020E+00   2.3738613389E+00   1.5733020805E-03   3.4212079893E-04
   1   -36   0    0   6.4005178537E-01   7.9447084851E+00   2.5358812785E-04   2.0569145862E+00   2.3716450794E+00   2.0693837674E-04   2.1394950980E+00   2.3365786474E+00   6.2578763346E-04   2.2400730942E+00   2.3746584297E+00   1.6854721408E-03   2.2424402849E+00   2.3825945053E+00   1.9051510820E-03   2.3550132871E+00   2.4145835519E+00   2.0919970473E-03   2.2026584320E+00   2.3739231904E+00   1.5733004408E-03   3.4212521271E-04
   1   -37   0    0   6.3005471518E-01   7.9448457081E+00   2.5349854012E-04   2.0568446750E+00   2.3716785933E+00   2.0693738847E-04   2.1394197801E+00   2.3366218353E+00   6.2578396420E-04   2.2400619259E+00   2.3747014200E+00   1.6854622581E-03   2.2425410408E+00   2.3826577296E+00   1.9051490529E-03   2.3550871502E+00   2.4146553580E+00   2.0920043589E-03   2.2027781283E+00   2.3739864188E+00   1.5732987650E-03   3.4212972488E-04
   1   -38   0    0   6.2005777484E-01   7.9449859708E+00   2.5340703330E-04   2.0567732443E+00   2.3717128805E+00   2.0693637879E-04   2.1393427984E+00   2.3366660037E+00   6.2578021542E-04   2.2400504952E+00   2.3747453866E+00   1.6854521613E-03   2.2426440383E+00   2.3827223594E+00   1.9051469793E-03   2.3551626489E+00   2.4147287540E+00   2.0920118296E-03   2.2029003369E+00   2.3740510527E+00   1.5732970526E-03   3.4213433747E-04
   1   -39   0    0   6.1006096987E-01   7.9451293359E+00   2.5331357075E-04   2.0567002639E+00   2.3717479584E+00   2.0693534728E-04   2.1392641183E+00   2.3367111740E+00   6.2577638558E-04   2.2400387962E+00   2.3747903508E+00   1.6854418462E-03   2.2427493242E+00   2.3827884237E+00   1.9051448604E-03   2.3552398167E+00   2.4148037727E+00   2.0920194625E-03   2.2030251045E+00   2.3741171212E+00   1.5732953028E-03   3.4213905259E-04
   1   -40   0    0   6.0006430604E-01   7.9452758674E+00   2.5321811538E-04   2.0566257030E+00   2.3717838447E+00   2.0693429350E-04   2.1391837050E+00   2.3367573680E+00   6.2577247309E-04   2.2400268229E+00   2.3748363341E+00   1.6854313084E-03   2.2428569461E+00   2.3828559523E+00   1.9051426952E-03   2.3553186880E+00   2.4148804474E+00   2.0920272607E-03   2.2031524782E+00   2.3741846542E+00   1.5732935148E-03   3.4214387236E-04
   1   -41   0    0   5.9006778932E-01   7.9454256304E+00   2.5312062961E-04   2.0565495303E+00   2.3718205575E+00   2.0693321703E-04   2.1391015228E+00   2.3368046076E+00   6.2576847636E-04   2.2400145691E+00   2.3748833586E+00   1.6854205438E-03   2.2429669523E+00   2.3829249754E+00   1.9051404829E-03   2.3553992975E+00   2.4149588119E+00   2.0920352277E-03   2.2032825060E+00   2.3742536817E+00   1.5732916878E-03   3.4214879895E-04
   1   -42   0    0   5.8007142593E-01   7.9455786909E+00   2.5302107542E-04   2.0564717141E+00   2.3718581151E+00   2.0693211744E-04   2.1390175357E+00   2.3368529155E+00   6.2576439374E-04   2.2400020286E+00   2.3749314466E+00   1.6854095478E-03   2.2430793919E+00   2.3829955236E+00   1.9051382225E-03   2.3554816805E+00   2.4150389007E+00   2.0920433665E-03   2.2034152362E+00   2.3743242345E+00   1.5732898212E-03   3.4215383456E-04
   1   -43   0    0   5.7007522234E-01   7.9457351162E+00   2.5291941433E-04   2.0563922223E+00   2.3718965363E+00   2.0693099427E-04   2.1389317067E+00   2.3369023144E+00   6.2576022360E-04   2.2399891950E+00   2.3749806211E+00   1.6853983161E-03   2.2431943149E+00   2.3830676282E+00   1.9051359131E-03   2.3555658731E+00   2.4151207485E+00   2.0920516807E-03   2.2035507180E+00   2.3743963437E+00   1.5732879140E-03   3.4215898141E-04
   1   -44   0    0   5.6007918525E-01   7.9458949743E+00   2.5281560743E-04   2.0563110223E+00   2.3719358402E+00   2.0692984708E-04   2.1388439986E+00   2.3369528278E+00   6.2575596427E-04   2.2399760617E+00   2.3750309052E+00   1.6853868442E-03   2.2433117721E+00   2.3831413208E+00   1.9051335537E-03   2.3556519116E+00   2.4152043909E+00   2.0920601734E-03   2.2036890007E+00   2.3744700410E+00   1.5732859656E-03   3.4216424179E-04
   1   -45   0    0   5.5008332163E-01   7.9460583348E+00   2.5270961536E-04   2.0562280808E+00   2.3719760464E+00   2.0692867541E-04   2.1387543734E+00   2.3370044795E+00   6.2575161406E-04   2.2399626222E+00   2.3750823226E+00   1.6853751275E-03   2.2434318150E+00   2.3832166336E+00   1.9051311433E-03   2.3557398332E+00   2.4152898639E+00   2.0920688482E-03   2.2038301348E+00   2.3745453586E+00   1.5732839751E-03   3.4216961800E-04
   1   -46   0    0   5.4008763872E-01   7.9462252680E+00   2.5260139835E-04   2.0561433643E+00   2.3720171746E+00   2.0692747880E-04   2.1386627925E+00   2.3370572935E+00   6.2574717125E-04   2.2399488698E+00   2.3751348975E+00   1.6853631614E-03   2.2435544962E+00   2.3832935993E+00   1.9051286810E-03   2.3558296755E+00   2.4153772041E+00   2.0920777086E-03   2.2039741707E+00   2.3746223292E+00   1.5732819416E-03   3.4217511238E-04
   1   -47   0    0   5.3009214404E-01   7.9463958454E+00   2.5249091624E-04   2.0560568387E+00   2.3720592453E+00   2.0692625679E-04   2.1385692167E+00   2.3371112946E+00   6.2574263413E-04   2.2399347976E+00   2.3751886543E+00   1.6853509413E-03   2.2436798687E+00   2.3833722511E+00   1.9051261657E-03   2.3559214765E+00   2.4154664486E+00   2.0920867579E-03   2.2041211597E+00   2.3747009860E+00   1.5732798645E-03   3.4218072733E-04
   1   -48   0    0   5.2009684538E-01   7.9465701395E+00   2.5237812843E-04   2.0559684696E+00   2.3721022791E+00   2.0692500890E-04   2.1384736064E+00   2.3371665077E+00   6.2573800093E-04   2.2399203985E+00   2.3752436179E+00   1.6853384624E-03   2.2438079867E+00   2.3834526226E+00   1.9051235964E-03   2.3560152750E+00   2.4155576349E+00   2.0920959999E-03   2.2042711537E+00   2.3747813627E+00   1.5732777427E-03   3.4218646524E-04
   1   -49   0    0   5.1010175083E-01   7.9467482241E+00   2.5226299398E-04   2.0558782220E+00   2.3721462969E+00   2.0692373466E-04   2.1383759210E+00   2.3372229583E+00   6.2573326988E-04   2.2399056656E+00   2.3752998138E+00   1.6853257200E-03   2.2439389051E+00   2.3835347480E+00   1.9051209722E-03   2.3561111103E+00   2.4156508013E+00   2.0921054380E-03   2.2044242050E+00   2.3748634933E+00   1.5732755756E-03   3.4219232858E-04
   1   -50   0    0   5.0010686880E-01   7.9469301738E+00   2.5214547156E-04   2.0557860603E+00   2.3721913202E+00   2.0692243358E-04   2.1382761197E+00   2.3372806723E+00   6.2572843920E-04   2.2398905916E+00   2.3753572677E+00   1.6853127092E-03   2.2440726794E+00   2.3836186620E+00   1.9051182919E-03   2.3562090222E+00   2.4157459865E+00   2.0921150759E-03   2.2045803663E+00   2.3749474127E+00   1.5732733622E-03   3.4219831983E-04
   1   -51   0    0   4.9011220799E-01   7.9471160645E+00   2.5202551949E-04   2.0556919488E+00   2.3722373708E+00   2.0692110518E-04   2.1381741608E+00   2.3373396760E+00   6.2572350709E-04   2.2398751692E+00   2.3754160059E+00   1.6852994253E-03   2.2442093661E+00   2.3837043998E+00   1.9051155545E-03   2.3563090511E+00   2.4158432296E+00   2.0921249174E-03   2.2047396910E+00   2.3750331560E+00   1.5732711016E-03   3.4220444152E-04
   1   -52   0    0   4.8011777742E-01   7.9473059729E+00   2.5190309579E-04   2.0555958511E+00   2.3722844711E+00   2.0691974897E-04   2.1380700022E+00   2.3373999962E+00   6.2571847170E-04   2.2398593910E+00   2.3754760549E+00   1.6852858632E-03   2.2443490227E+00   2.3837919969E+00   1.9051127590E-03   2.3564112377E+00   2.4159425705E+00   2.0921349660E-03   2.2049022328E+00   2.3751207587E+00   1.5732687930E-03   3.4221069621E-04
   1   -53   0    0   4.7012358645E-01   7.9474999771E+00   2.5177815812E-04   2.0554977305E+00   2.3723326435E+00   2.0691836445E-04   2.1379636011E+00   2.3374616601E+00   6.2571333121E-04   2.2398432493E+00   2.3755374420E+00   1.6852720179E-03   2.2444917070E+00   2.3838814896E+00   1.9051099042E-03   2.3565156237E+00   2.4160440494E+00   2.0921452255E-03   2.2050680460E+00   2.3752102571E+00   1.5732664355E-03   3.4221708648E-04
   1   -54   0    0   4.6012964479E-01   7.9476981558E+00   2.5165066389E-04   2.0553975496E+00   2.3723819111E+00   2.0691695112E-04   2.1378549142E+00   2.3375246952E+00   6.2570808374E-04   2.2398267366E+00   2.3756001946E+00   1.6852578846E-03   2.2446374780E+00   2.3839729144E+00   1.9051069891E-03   2.3566222508E+00   2.4161477071E+00   2.0921556998E-03   2.2052371853E+00   2.3753016878E+00   1.5732640282E-03   3.4222361498E-04
   1   -55   0    0   4.5013596246E-01   7.9479005892E+00   2.5152057020E-04   2.0552952710E+00   2.3724322973E+00   2.0691550847E-04   2.1377438976E+00   2.3375891297E+00   6.2570272743E-04   2.2398098449E+00   2.3756643407E+00   1.6852434581E-03   2.2447863954E+00   2.3840663084E+00   1.9051040126E-03   2.3567311615E+00   2.4162535849E+00   2.0921663926E-03   2.2054097058E+00   2.3753950877E+00   1.5732615702E-03   3.4223028436E-04
   1   -56   0    0   4.4014254988E-01   7.9481073582E+00   2.5138783395E-04   2.0551908565E+00   2.3724838260E+00   2.0691403600E-04   2.1376305068E+00   2.3376549921E+00   6.2569726038E-04   2.2397925665E+00   2.3757299087E+00   1.6852287334E-03   2.2449385194E+00   2.3841617091E+00   1.9051009736E-03   2.3568423988E+00   2.4163617244E+00   2.0921773078E-03   2.2055856630E+00   2.3754904945E+00   1.5732590605E-03   3.4223709732E-04
   1   -57   0    0   4.3014941781E-01   7.9483185447E+00   2.5125241177E-04   2.0550842677E+00   2.3725365213E+00   2.0691253318E-04   2.1375146966E+00   2.3377223112E+00   6.2569168070E-04   2.2397748933E+00   2.3757969273E+00   1.6852137053E-03   2.2450939114E+00   2.3842591545E+00   1.9050978710E-03   2.3569560062E+00   2.4164721680E+00   2.0921884493E-03   2.2057651129E+00   2.3755879462E+00   1.5732564983E-03   3.4224405658E-04
   1   -58   0    0   4.2015657740E-01   7.9485342317E+00   2.5111426014E-04   2.0549754657E+00   2.3725904080E+00   2.0691099952E-04   2.1373964215E+00   2.3377911164E+00   6.2568598645E-04   2.2397568171E+00   2.3758654259E+00   1.6851983686E-03   2.2452526332E+00   2.3843586831E+00   1.9050947035E-03   2.3570720276E+00   2.4165849584E+00   2.0921998211E-03   2.2059481116E+00   2.3756874811E+00   1.5732538826E-03   3.4225116492E-04
   1   -59   0    0   4.1016404018E-01   7.9487545032E+00   2.5097333533E-04   2.0548644113E+00   2.3726455110E+00   2.0690943447E-04   2.1372756354E+00   2.3378614374E+00   6.2568017571E-04   2.2397383297E+00   2.3759354340E+00   1.6851827182E-03   2.2454147474E+00   2.3844603337E+00   1.9050914702E-03   2.3571905074E+00   2.4167001387E+00   2.0922114269E-03   2.2061347158E+00   2.3757891382E+00   1.5732512124E-03   3.4225842513E-04
   1   -60   0    0   4.0017181806E-01   7.9489794440E+00   2.5082959351E-04   2.0547510648E+00   2.3727018559E+00   2.0690783753E-04   2.1371522915E+00   2.3379333045E+00   6.2567424654E-04   2.2397194227E+00   2.3760069818E+00   1.6851667488E-03   2.2455803175E+00   2.3845641455E+00   1.9050881698E-03   2.3573114903E+00   2.4168177526E+00   2.0922232709E-03   2.2063249824E+00   2.3758929567E+00   1.5732484869E-03   3.4226584002E-04
   1   -61   0    0   3.9017992338E-01   7.9492091399E+00   2.5068299073E-04   2.0546353864E+00   2.3727594683E+00   2.0690620817E-04   2.1370263426E+00   2.3380067482E+00   6.2566819699E-04   2.2397000877E+00   2.3760800997E+00   1.6851504552E-03   2.2457494073E+00   2.3846701584E+00   1.9050848011E-03   2.3574350218E+00   2.4169378440E+00   2.0922353571E-03   2.2065189685E+00   2.3759989763E+00   1.5732457051E-03   3.4227341246E-04
   1   -62   0    0   3.8018836888E-01   7.9494436775E+00   2.5053348296E-04   2.0545173355E+00   2.3728183747E+00   2.0690454586E-04   2.1368977410E+00   2.3380817995E+00   6.2566202509E-04   2.2396803161E+00   2.3761548186E+00   1.6851338320E-03   2.2459220818E+00   2.3847784123E+00   1.9050813631E-03   2.3575611475E+00   2.4170604574E+00   2.0922476893E-03   2.2067167316E+00   2.3761072372E+00   1.5732428659E-03   3.4228114533E-04
   1   -63   0    0   3.7019716772E-01   7.9496831444E+00   2.5038102614E-04   2.0543968716E+00   2.3728786016E+00   2.0690285006E-04   2.1367664386E+00   2.3381584898E+00   6.2565572888E-04   2.2396600992E+00   2.3762311698E+00   1.6851168741E-03   2.2460984062E+00   2.3848889479E+00   1.9050778545E-03   2.3576899136E+00   2.4171856376E+00   2.0922602718E-03   2.2069183294E+00   2.3762177797E+00   1.5732399685E-03   3.4228904154E-04
   1   -64   0    0   3.6020633348E-01   7.9499276289E+00   2.5022557622E-04   2.0542739537E+00   2.3729401760E+00   2.0690112025E-04   2.1366323865E+00   2.3382368509E+00   6.2564930639E-04   2.2396394282E+00   2.3763091851E+00   1.6850995760E-03   2.2462784465E+00   2.3850018058E+00   1.9050742742E-03   2.3578213664E+00   2.4173134298E+00   2.0922731084E-03   2.2071238196E+00   2.3763306449E+00   1.5732370118E-03   3.4229710404E-04
   1   -65   0    0   3.5021588020E-01   7.9501772201E+00   2.5006708916E-04   2.0541485404E+00   2.3730031255E+00   2.0689935589E-04   2.1364955357E+00   2.3383169151E+00   6.2564275562E-04   2.2396182943E+00   2.3763888965E+00   1.6850819324E-03   2.2464622694E+00   2.3851170273E+00   1.9050706210E-03   2.3579555530E+00   2.4174438796E+00   2.0922862034E-03   2.2073332603E+00   2.3764458738E+00   1.5732339949E-03   3.4230533578E-04
   1   -66   0    0   3.4022582235E-01   7.9504320080E+00   2.4990552103E-04   2.0540205901E+00   2.3730674778E+00   2.0689755645E-04   2.1363558367E+00   2.3383987148E+00   6.2563607461E-04   2.2395966884E+00   2.3764703364E+00   1.6850639380E-03   2.2466499420E+00   2.3852346540E+00   1.9050668936E-03   2.3580925204E+00   2.4175770328E+00   2.0922995607E-03   2.2075467095E+00   2.3765635079E+00   1.5732309168E-03   3.4231373976E-04
   1   -67   0    0   3.3023617485E-01   7.9506920831E+00   2.4974082800E-04   2.0538900611E+00   2.3731332611E+00   2.0689572140E-04   2.1362132394E+00   2.3384822831E+00   6.2562926137E-04   2.2395746015E+00   2.3765535377E+00   1.6850455875E-03   2.2468415320E+00   2.3853547276E+00   1.9050630910E-03   2.3582323162E+00   2.4177129357E+00   2.0923131845E-03   2.2077642254E+00   2.3766835892E+00   1.5732277765E-03   3.4232231900E-04
   1   -68   0    0   3.2024695308E-01   7.9509575367E+00   2.4957296642E-04   2.0537569111E+00   2.3732005040E+00   2.0689385020E-04   2.1360676935E+00   2.3385676532E+00   6.2562231391E-04   2.2395520244E+00   2.3766385335E+00   1.6850268755E-03   2.2470371076E+00   2.3854772903E+00   1.9050592118E-03   2.3583749881E+00   2.4178516346E+00   2.0923270788E-03   2.2079858662E+00   2.3768061598E+00   1.5732245730E-03   3.4233107652E-04
   1   -69   0    0   3.1025817291E-01   7.9512284607E+00   2.4940189283E-04   2.0536210979E+00   2.3732692355E+00   2.0689194231E-04   2.1359191482E+00   2.3386548587E+00   6.2561523025E-04   2.2395289479E+00   2.3767253575E+00   1.6850077966E-03   2.2472367377E+00   2.3856023845E+00   1.9050552549E-03   2.3585205843E+00   2.4179931764E+00   2.0923412478E-03   2.2082116902E+00   2.3769312619E+00   1.5732213054E-03   3.4234001538E-04
   1   -70   0    0   3.0026985067E-01   7.9515049477E+00   2.4922756404E-04   2.0534825789E+00   2.3733394848E+00   2.0688999721E-04   2.1357675525E+00   2.3387439336E+00   6.2560800841E-04   2.2395053626E+00   2.3768140434E+00   1.6849883456E-03   2.2474404913E+00   2.3857300529E+00   1.9050512191E-03   2.3586691530E+00   2.4181376078E+00   2.0923556955E-03   2.2084417553E+00   2.3770589384E+00   1.5732179726E-03   3.4234913865E-04
   1   -71   0    0   2.9028200314E-01   7.9517870905E+00   2.4904993718E-04   2.0533413115E+00   2.3734112816E+00   2.0688801436E-04   2.1356128551E+00   2.3388349123E+00   6.2560064642E-04   2.2394812590E+00   2.3769046255E+00   1.6849685171E-03   2.2476484379E+00   2.3858603382E+00   1.9050471032E-03   2.3588207427E+00   2.4182849762E+00   2.0923704260E-03   2.2086761198E+00   2.3771892321E+00   1.5732145736E-03   3.4235844943E-04
   1   -72   0    0   2.8029464764E-01   7.9520749828E+00   2.4886896974E-04   2.0531972526E+00   2.3734846560E+00   2.0688599323E-04   2.1354550044E+00   2.3389278292E+00   6.2559314230E-04   2.2394566278E+00   2.3769971383E+00   1.6849483058E-03   2.2478606475E+00   2.3859932835E+00   1.9050429059E-03   2.3589754020E+00   2.4184353287E+00   2.0923854435E-03   2.2089148414E+00   2.3773221859E+00   1.5732111074E-03   3.4236795082E-04
   1   -73   0    0   2.7030780193E-01   7.9523687184E+00   2.4868461960E-04   2.0530503593E+00   2.3735596382E+00   2.0688393329E-04   2.1352939484E+00   2.3390227194E+00   6.2558549411E-04   2.2394314592E+00   2.3770916164E+00   1.6849277065E-03   2.2480771903E+00   2.3861289321E+00   1.9050386262E-03   2.3591331797E+00   2.4185887129E+00   2.0924007519E-03   2.2091579779E+00   2.3774578431E+00   1.5732075731E-03   3.4237764594E-04
   1   -74   0    0   2.6032148429E-01   7.9526683915E+00   2.4849684514E-04   2.0529005885E+00   2.3736362589E+00   2.0688183403E-04   2.1351296352E+00   2.3391196179E+00   6.2557769990E-04   2.2394057437E+00   2.3771880951E+00   1.6849067138E-03   2.2482981368E+00   2.3862673272E+00   1.9050342627E-03   2.3592941248E+00   2.4187451761E+00   2.0924163553E-03   2.2094055867E+00   2.3775962471E+00   1.5732039697E-03   3.4238753791E-04
   1   -75   0    0   2.5033571349E-01   7.9529740966E+00   2.4830560524E-04   2.0527478971E+00   2.3737145492E+00   2.0687969492E-04   2.1349620125E+00   2.3392185602E+00   6.2556975774E-04   2.2393794715E+00   2.3772866096E+00   1.6848853227E-03   2.2485235576E+00   2.3864085124E+00   1.9050298143E-03   2.3594582860E+00   2.4189047660E+00   2.0924322577E-03   2.2096577250E+00   2.3777374412E+00   1.5732002961E-03   3.4239762987E-04
   1   -76   0    0   2.4035050879E-01   7.9532859285E+00   2.4811085941E-04   2.0525922416E+00   2.3737945401E+00   2.0687751544E-04   2.1347910280E+00   2.3393195820E+00   6.2556166570E-04   2.2393526329E+00   2.3773871954E+00   1.6848635279E-03   2.2487535236E+00   2.3865525310E+00   1.9050252797E-03   2.3596257125E+00   2.4190675302E+00   2.0924484632E-03   2.2099144494E+00   2.3778814690E+00   1.5731965514E-03   3.4240792497E-04
   1   -77   0    0   2.3036588996E-01   7.9536039821E+00   2.4791256777E-04   2.0524335790E+00   2.3738762634E+00   2.0687529509E-04   2.1346166294E+00   2.3394227190E+00   6.2555342190E-04   2.2393252179E+00   2.3774898882E+00   1.6848413244E-03   2.2489881058E+00   2.3866994267E+00   1.9050206579E-03   2.3597964530E+00   2.4192335162E+00   2.0924649757E-03   2.2101758165E+00   2.3780283741E+00   1.5731927347E-03   3.4241842634E-04
   1   -78   0    0   2.2038187726E-01   7.9539283523E+00   2.4771069116E-04   2.0522718659E+00   2.3739597509E+00   2.0687303335E-04   2.1344387642E+00   2.3395280073E+00   6.2554502445E-04   2.2392972168E+00   2.3775947242E+00   1.6848187071E-03   2.2492273752E+00   2.3868492430E+00   1.9050159476E-03   2.3599705565E+00   2.4194027715E+00   2.0924817991E-03   2.2104418819E+00   2.3781781999E+00   1.5731888448E-03   3.4242913714E-04
   1   -79   0    0   2.1039849145E-01   7.9542591340E+00   2.4750519122E-04   2.0521070591E+00   2.3740450345E+00   2.0687072973E-04   2.1342573800E+00   2.3396354832E+00   6.2553647152E-04   2.2392686196E+00   2.3777017392E+00   1.6847956709E-03   2.2494714028E+00   2.3870020233E+00   1.9050111476E-03   2.3601480716E+00   2.4195753435E+00   2.0924989373E-03   2.2107127012E+00   2.3783309900E+00   1.5731848809E-03   3.4244006050E-04
   1   -80   0    0   2.0041575378E-01   7.9545964220E+00   2.4729603042E-04   2.0519391156E+00   2.3741321465E+00   2.0686838375E-04   2.1340724245E+00   2.3397451829E+00   6.2552776126E-04   2.2392394163E+00   2.3778109697E+00   1.6847722110E-03   2.2497202594E+00   2.3871578111E+00   1.9050062568E-03   2.3603290470E+00   2.4197512794E+00   2.0925163942E-03   2.2109883288E+00   2.3784867877E+00   1.5731808421E-03   3.4245119957E-04
   1   -81   0    0   1.9043368602E-01   7.9549403109E+00   2.4708317214E-04   2.0517679923E+00   2.3742211196E+00   2.0686599490E-04   2.1338838456E+00   2.3398571430E+00   6.2551889188E-04   2.2392095969E+00   2.3779224519E+00   1.6847483226E-03   2.2499740159E+00   2.3873166496E+00   1.9050012741E-03   2.3605135310E+00   2.4199306262E+00   2.0925341735E-03   2.2112688190E+00   2.3786456363E+00   1.5731767272E-03   3.4246255748E-04
   1   -82   0    0   1.8045231040E-01   7.9552908952E+00   2.4686658075E-04   2.0515936465E+00   2.3743119863E+00   2.0686356273E-04   2.1336915913E+00   2.3399714000E+00   6.2550986163E-04   2.2391791513E+00   2.3780362223E+00   1.6847240009E-03   2.2502327427E+00   2.3874785818E+00   1.9049961982E-03   2.3607015717E+00   2.4201134306E+00   2.0925522790E-03   2.2115542249E+00   2.3788075788E+00   1.5731725355E-03   3.4247413734E-04
   1   -83   0    0   1.7047164963E-01   7.9556482687E+00   2.4664622167E-04   2.0514160353E+00   2.3744047796E+00   2.0686108676E-04   2.1334956099E+00   2.3400879905E+00   6.2550066876E-04   2.2391480694E+00   2.3781523174E+00   1.6846992412E-03   2.2504965102E+00   2.3876436508E+00   1.9049910282E-03   2.3608932168E+00   2.4202997392E+00   2.0925707143E-03   2.2118445990E+00   2.3789726583E+00   1.5731682661E-03   3.4248594227E-04
   1   -84   0    0   1.6049172692E-01   7.9560125249E+00   2.4642206145E-04   2.0512351165E+00   2.3744995324E+00   2.0685856653E-04   2.1332958499E+00   2.3402069510E+00   6.2549131160E-04   2.2391163412E+00   2.3782707738E+00   1.6846740389E-03   2.2507653881E+00   2.3878118990E+00   1.9049857628E-03   2.3610885137E+00   2.4204895978E+00   2.0925894831E-03   2.2121399929E+00   2.3791409172E+00   1.5731639178E-03   3.4249797534E-04
   1   -85   0    0   1.5051256591E-01   7.9563837568E+00   2.4619406785E-04   2.0510508479E+00   2.3745962779E+00   2.0685600161E-04   2.1330922603E+00   2.3403283183E+00   6.2548178847E-04   2.2390839565E+00   2.3783916279E+00   1.6846483897E-03   2.2510394459E+00   2.3879833687E+00   1.9049804011E-03   2.3612875093E+00   2.4206830522E+00   2.0926085888E-03   2.2124404571E+00   2.3793123978E+00   1.5731594900E-03   3.4251023963E-04
   1   -86   0    0   1.4053419074E-01   7.9567620564E+00   2.4596220990E-04   2.0508631877E+00   2.3746950492E+00   2.0685339156E-04   2.1328847906E+00   2.3404521289E+00   6.2547209779E-04   2.2390509051E+00   2.3785149162E+00   1.6846222892E-03   2.2513187526E+00   2.3881581019E+00   1.9049749418E-03   2.3614902502E+00   2.4208801476E+00   2.0926280350E-03   2.2127460412E+00   2.3794871421E+00   1.5731549817E-03   3.4252273817E-04
   1   -87   0    0   1.3055662595E-01   7.9571475153E+00   2.4572645799E-04   2.0506720943E+00   2.3747958797E+00   2.0685073596E-04   2.1326733907E+00   2.3405784192E+00   6.2546223799E-04   2.2390171770E+00   2.3786406751E+00   1.6845957332E-03   2.2516033763E+00   2.3883361401E+00   1.9049693841E-03   2.3616967821E+00   2.4210809284E+00   2.0926478250E-03   2.2130567935E+00   2.3796651916E+00   1.5731503920E-03   3.4253547399E-04
   1   -88   0    0   1.2057989652E-01   7.9575402238E+00   2.4548678392E-04   2.0504775268E+00   2.3748988026E+00   2.0684803440E-04   2.1324580112E+00   2.3407072256E+00   6.2545220755E-04   2.2389827619E+00   2.3787689410E+00   1.6845687176E-03   2.2518933845E+00   2.3885175243E+00   1.9049637268E-03   2.3619071504E+00   2.4212854388E+00   2.0926679619E-03   2.2133727613E+00   2.3798465873E+00   1.5731457202E-03   3.4254845004E-04
   1   -89   0    0   1.1060402786E-01   7.9579402714E+00   2.4524316103E-04   2.0502794444E+00   2.3750038513E+00   2.0684528649E-04   2.1322386034E+00   2.3408385843E+00   6.2544200503E-04   2.2389476498E+00   2.3788997498E+00   1.6845412385E-03   2.2521888442E+00   2.3887022949E+00   1.9049579690E-03   2.3621213996E+00   2.4214937220E+00   2.0926884491E-03   2.2136939904E+00   2.3800313697E+00   1.5731409653E-03   3.4256166929E-04
   1   -90   0    0   1.0062904576E-01   7.9583477464E+00   2.4499556423E-04   2.0500778071E+00   2.3751110590E+00   2.0684249185E-04   2.1320151193E+00   2.3409725313E+00   6.2543162902E-04   2.2389118304E+00   2.3790331376E+00   1.6845132922E-03   2.2524898210E+00   2.3888904919E+00   1.9049521097E-03   2.3623395735E+00   2.4217058207E+00   2.0927092895E-03   2.2140205253E+00   2.3802195787E+00   1.5731361266E-03   3.4257513462E-04
   1   -91   0    0   9.0654976362E-02   7.9587627357E+00   2.4474397011E-04   2.0498725752E+00   2.3752204590E+00   2.0683965013E-04   2.1317875117E+00   2.3411091023E+00   6.2542107819E-04   2.2388752936E+00   2.3791691400E+00   1.6844848750E-03   2.2527963798E+00   2.3890821545E+00   1.9049461480E-03   2.3625617152E+00   2.4219217766E+00   2.0927304860E-03   2.2143524091E+00   2.3804112534E+00   1.5731312033E-03   3.4258884890E-04
   1   -92   0    0   8.0681846195E-02   7.9591853248E+00   2.4448835699E-04   2.0496637098E+00   2.3753320844E+00   2.0683676098E-04   2.1315557345E+00   2.3412483329E+00   6.2541035125E-04   2.2388380293E+00   2.3793077923E+00   1.6844559835E-03   2.2531085844E+00   2.3892773212E+00   1.9049400829E-03   2.3627878666E+00   2.4221416306E+00   2.0927520416E-03   2.2146896831E+00   2.3806064326E+00   1.5731261947E-03   3.4260281494E-04
   1   -93   0    0   7.0709682094E-02   7.9596155978E+00   2.4422870503E-04   2.0494511723E+00   2.3754459681E+00   2.0683382407E-04   2.1313197426E+00   2.3413902581E+00   6.2539944701E-04   2.2388000274E+00   2.3794491298E+00   1.6844266144E-03   2.2534264973E+00   2.3894760299E+00   1.9049339136E-03   2.3630180689E+00   2.4223654227E+00   2.0927739589E-03   2.2150323873E+00   2.3808051538E+00   1.5731211000E-03   3.4261703547E-04
   1   -94   0    0   6.0738511197E-02   7.9600536368E+00   2.4396499629E-04   2.0492349252E+00   2.3755621430E+00   2.0683083910E-04   2.1310794918E+00   2.3415349126E+00   6.2538836432E-04   2.2387612779E+00   2.3795931869E+00   1.6843967647E-03   2.2537501797E+00   2.3896783173E+00   1.9049276392E-03   2.3632523622E+00   2.4225931919E+00   2.0927962403E-03   2.2153805596E+00   2.3810074541E+00   1.5731159185E-03   3.4263151321E-04
   1   -95   0    0   5.0768360909E-02   7.9604995225E+00   2.4369721482E-04   2.0490149315E+00   2.3756806417E+00   2.0682780579E-04   2.1308349394E+00   2.3416823309E+00   6.2537710212E-04   2.2387217706E+00   2.3797399981E+00   1.6843664315E-03   2.2540796914E+00   2.3898842196E+00   1.9049212590E-03   2.3634907855E+00   2.4228249760E+00   2.0928188885E-03   2.2157342363E+00   2.3812133695E+00   1.5731106497E-03   3.4264625077E-04
   1   -96   0    0   4.0799258878E-02   7.9609533331E+00   2.4342534673E-04   2.0487911549E+00   2.3758014965E+00   2.0682472385E-04   2.1305860439E+00   2.3418325468E+00   6.2536565942E-04   2.2386814956E+00   2.3798895971E+00   1.6843356122E-03   2.2544150907E+00   2.3900937718E+00   1.9049147721E-03   2.3637333764E+00   2.4230608118E+00   2.0928419055E-03   2.2160934517E+00   2.3814229349E+00   1.5731052927E-03   3.4266125072E-04
   1   -97   0    0   3.0831232954E-02   7.9614151450E+00   2.4314938026E-04   2.0485635600E+00   2.3759247393E+00   2.0682159306E-04   2.1303327653E+00   2.3419855934E+00   6.2535403533E-04   2.2386404429E+00   2.3800420171E+00   1.6843043043E-03   2.2547564343E+00   2.3903070079E+00   1.9049081779E-03   2.3639801715E+00   2.4233007346E+00   2.0928652936E-03   2.2164582381E+00   2.3816361845E+00   1.5730998471E-03   3.4267651555E-04
   1   -98   0    0   2.0864311154E-02   7.9618850324E+00   2.4286930588E-04   2.0483321124E+00   2.3760504020E+00   2.0681841320E-04   2.1300750650E+00   2.3421415037E+00   6.2534222901E-04   2.2385986025E+00   2.3801972908E+00   1.6842725056E-03   2.2551037769E+00   2.3905239607E+00   1.9049014757E-03   2.3642312060E+00   2.4235447788E+00   2.0928890546E-03   2.2168286255E+00   2.3818531512E+00   1.5730943123E-03   3.4269204767E-04
   1   -99   0    0   1.0898521626E-02   7.9623630667E+00   2.4258511636E-04   2.0480967786E+00   2.3761785158E+00   2.0681518405E-04   2.1298129062E+00   2.3423003096E+00   6.2533023973E-04   2.2385559646E+00   2.3803554503E+00   1.6842402142E-03   2.2554571716E+00   2.3907446621E+00   1.9048946648E-03   2.3644865135E+00   2.4237929769E+00   2.0929131904E-03   2.2172046420E+00   2.3820738665E+00   1.5730886878E-03   3.4270784941E-04
   1  -100   0    0   9.3389260364E-04   7.9628493171E+00   2.4229680680E-04   2.0478575258E+00   2.3763091116E+00   2.0681190545E-04   2.1295462537E+00   2.3424620425E+00   6.2531806686E-04   2.2385125192E+00   2.3805165269E+00   1.6842074283E-03   2.2558166694E+00   2.3909691426E+00   1.9048877446E-03   2.3647461262E+00   2.4240453605E+00   2.0929377025E-03   2.2175863131E+00   2.3822983612E+00   1.5730829730E-03   3.4272392301E-04
   1  -101   0    0  -9.0295476343E-03   7.9633438497E+00   2.4200437478E-04   2.0476143227E+00   2.3764422196E+00   2.0680857726E-04   2.1292750742E+00   2.3426267331E+00   6.2530570984E-04   2.2384682567E+00   2.3806805513E+00   1.6841741463E-03   2.2561823191E+00   2.3911974312E+00   1.9048807146E-03   2.3650100748E+00   2.4243019591E+00   2.0929625924E-03   2.2179736620E+00   2.3825266642E+00   1.5730771676E-03   3.4274027061E-04
   1  -102   0    0  -1.8991770813E-02   7.9638467281E+00   2.4170782036E-04   2.0473671387E+00   2.3765778698E+00   2.0680519935E-04   2.1289993365E+00   2.3427944112E+00   6.2529316823E-04   2.2384231673E+00   2.3808475531E+00   1.6841403672E-03   2.2565541673E+00   2.3914295558E+00   1.9048735744E-03   2.3652783882E+00   2.4245628009E+00   2.0929878612E-03   2.2183667095E+00   2.3827588035E+00   1.5730712710E-03   3.4275689426E-04
   1  -103   0    0  -2.8952748709E-02   7.9643580126E+00   2.4140714618E-04   2.0471159444E+00   2.3767160914E+00   2.0680177163E-04   2.1287190113E+00   2.3429651058E+00   6.2528044167E-04   2.2383772412E+00   2.3810175614E+00   1.6841060900E-03   2.2569322584E+00   2.3916655426E+00   1.9048663234E-03   2.3655510935E+00   2.4248279124E+00   2.0930135100E-03   2.2187654736E+00   2.3829948053E+00   1.5730652831E-03   3.4277379591E-04
   1  -104   0    0  -3.8912453202E-02   7.9648777602E+00   2.4110235751E-04   2.0468607118E+00   2.3768569130E+00   2.0679829403E-04   2.1284340716E+00   2.3431388448E+00   6.2526752993E-04   2.2383304688E+00   2.3811906041E+00   1.6840713140E-03   2.2573166340E+00   2.3919054166E+00   1.9048589613E-03   2.3658282163E+00   2.4250973182E+00   2.0930395396E-03   2.2191699697E+00   2.3832346945E+00   1.5730592034E-03   3.4279097740E-04
   1  -105   0    0  -4.8870856330E-02   7.9654060248E+00   2.4079346233E-04   2.0466014140E+00   2.3770003625E+00   2.0679476651E-04   2.1281444927E+00   2.3433156554E+00   6.2525443285E-04   2.2382828406E+00   2.3813667084E+00   1.6840360389E-03   2.2577073334E+00   2.3921492009E+00   1.9048514878E-03   2.3661097798E+00   2.4253710412E+00   2.0930659506E-03   2.2195802104E+00   2.3834784942E+00   1.5730530317E-03   3.4280844045E-04
   1  -106   0    0  -5.8827930344E-02   7.9659428565E+00   2.4048047137E-04   2.0463380252E+00   2.3771464670E+00   2.0679118907E-04   2.1278502523E+00   2.3434955635E+00   6.2524115042E-04   2.2382343470E+00   2.3815459002E+00   1.6840002645E-03   2.2581043931E+00   2.3923969170E+00   1.9048439026E-03   2.3663958057E+00   2.4256491021E+00   2.0930927435E-03   2.2199962054E+00   2.3837262259E+00   1.5730467677E-03   3.4282618666E-04
   1  -107   0    0  -6.8783647766E-02   7.9664883020E+00   2.4016339819E-04   2.0460705212E+00   2.3772952529E+00   2.0678756173E-04   2.1275513308E+00   2.3436785941E+00   6.2522768272E-04   2.2381849786E+00   2.3817282044E+00   1.6839639911E-03   2.2585078465E+00   2.3926485847E+00   1.9048362056E-03   2.3666863133E+00   2.4259315199E+00   2.0931199183E-03   2.2204179614E+00   2.3839779096E+00   1.5730404114E-03   3.4284421752E-04
   1  -108   0    0  -7.8737981451E-02   7.9670424038E+00   2.3984225919E-04   2.0457988791E+00   2.3774467457E+00   2.0678388455E-04   2.1272477111E+00   2.3438647708E+00   6.2521402995E-04   2.2381347260E+00   2.3819136447E+00   1.6839272193E-03   2.2589177242E+00   2.3929042220E+00   1.9048283965E-03   2.3669813198E+00   2.4262183114E+00   2.0931474751E-03   2.2208454822E+00   2.3842335630E+00   1.5730339625E-03   3.4286253437E-04
   1  -109   0    0  -8.8690904651E-02   7.9676052007E+00   2.3951707369E-04   2.0455230775E+00   2.3776009699E+00   2.0678015760E-04   2.1269393789E+00   2.3440541161E+00   6.2520019243E-04   2.2380835798E+00   2.3821022437E+00   1.6838899498E-03   2.2593340539E+00   2.3931638451E+00   1.9048204752E-03   2.3672808403E+00   2.4265094911E+00   2.0931754135E-03   2.2212787683E+00   2.3844932024E+00   1.5730274210E-03   3.4288113844E-04
   1  -110   0    0  -9.8642391078E-02   7.9681767272E+00   2.3918786396E-04   2.0452430963E+00   2.3777579492E+00   2.0677638101E-04   2.1266263230E+00   2.3442466513E+00   6.2518617059E-04   2.2380315307E+00   2.3822940225E+00   1.6838521839E-03   2.2597568597E+00   2.3934274679E+00   1.9048124419E-03   2.3675848877E+00   2.4268050715E+00   2.0932037330E-03   2.2217178168E+00   2.3847568420E+00   1.5730207870E-03   3.4290003080E-04
   1  -111   0    0  -1.0859241497E-01   7.9687570135E+00   2.3885465528E-04   2.0449589170E+00   2.3779177061E+00   2.0677255493E-04   2.1263085350E+00   2.3444423962E+00   6.2517196499E-04   2.2379785697E+00   2.3824890011E+00   1.6838139231E-03   2.2601861626E+00   2.3936951028E+00   1.9048042965E-03   2.3678934722E+00   2.4271050626E+00   2.0932324328E-03   2.2221626219E+00   2.3850244937E+00   1.5730140604E-03   3.4291921239E-04
   1  -112   0    0  -1.1854095117E-01   7.9693460853E+00   2.3851747592E-04   2.0446705227E+00   2.3780802621E+00   2.0676867955E-04   2.1259860096E+00   2.3446413692E+00   6.2515757633E-04   2.2379246874E+00   2.3826871979E+00   1.6837751693E-03   2.2606219801E+00   2.3939667597E+00   1.9047960392E-03   2.3682066018E+00   2.4274094723E+00   2.0932615120E-03   2.2226131740E+00   2.3852961677E+00   1.5730072414E-03   3.4293868399E-04
   1  -113   0    0  -1.2848797516E-01   7.9699439638E+00   2.3817635725E-04   2.0443778982E+00   2.3782456376E+00   2.0676475507E-04   2.1256587451E+00   2.3448435873E+00   6.2514300542E-04   2.2378698750E+00   2.3828886299E+00   1.6837359246E-03   2.2610643261E+00   2.3942424466E+00   1.9047876701E-03   2.3685242819E+00   2.4277183056E+00   2.0932909691E-03   2.2230694601E+00   2.3855718720E+00   1.5730003301E-03   3.4295844624E-04
   1  -114   0    0  -1.3843346320E-01   7.9705506653E+00   2.3783133367E-04   2.0440810297E+00   2.3784138516E+00   2.0676078176E-04   2.1253267427E+00   2.3450490659E+00   6.2512825320E-04   2.2378141232E+00   2.3830933125E+00   1.6836961915E-03   2.2615132107E+00   2.3945221691E+00   1.9047791896E-03   2.3688465155E+00   2.4280315656E+00   2.0933208028E-03   2.2235314640E+00   2.3858516121E+00   1.5729933268E-03   3.4297849962E-04
   1  -115   0    0  -1.4837739233E-01   7.9711662014E+00   2.3748244270E-04   2.0437799055E+00   2.3785849220E+00   2.0675675991E-04   2.1249900074E+00   2.3452578188E+00   6.2511332073E-04   2.2377574233E+00   2.3833012597E+00   1.6836559729E-03   2.2619686406E+00   2.3948059308E+00   1.9047705979E-03   2.3691733028E+00   2.4283492523E+00   2.0933510112E-03   2.2239991653E+00   2.3861353917E+00   1.5729862316E-03   3.4299884443E-04
   1  -116   0    0  -1.5831974047E-01   7.9717905784E+00   2.3712972499E-04   2.0434745152E+00   2.3787588654E+00   2.0675268983E-04   2.1246485476E+00   2.3454698582E+00   6.2509820922E-04   2.2376997663E+00   2.3835124837E+00   1.6836152722E-03   2.2624306181E+00   2.3950937327E+00   1.9047618955E-03   2.3695046412E+00   2.4286713633E+00   2.0933815922E-03   2.2244725404E+00   2.3864232117E+00   1.5729790451E-03   3.4301948083E-04
   1  -117   0    0  -1.6826048654E-01   7.9724237976E+00   2.3677322426E-04   2.0431648504E+00   2.3789356969E+00   2.0674857190E-04   2.1243023755E+00   2.3456851945E+00   6.2508292001E-04   2.2376411435E+00   2.3837269950E+00   1.6835740928E-03   2.2628991419E+00   2.3953855735E+00   1.9047530829E-03   2.3698405257E+00   2.4289978937E+00   2.0934125435E-03   2.2249515618E+00   2.3867150709E+00   1.5729717675E-03   3.4304040880E-04
   1  -118   0    0  -1.7819961043E-01   7.9730658551E+00   2.3641298738E-04   2.0428509047E+00   2.3791154304E+00   2.0674440649E-04   2.1239515067E+00   2.3459038364E+00   6.2506745456E-04   2.2375815461E+00   2.3839448024E+00   1.6835324388E-03   2.2633742064E+00   2.3956814497E+00   1.9047441607E-03   2.3701809481E+00   2.4293288355E+00   2.0934438626E-03   2.2254361980E+00   2.3870109657E+00   1.5729643994E-03   3.4306162812E-04
   1  -119   0    0  -1.8813709319E-01   7.9737167415E+00   2.3604906434E-04   2.0425326731E+00   2.3792980780E+00   2.0674019405E-04   2.1235959611E+00   2.3461257908E+00   6.2505181448E-04   2.2375209654E+00   2.3841659128E+00   1.6834903144E-03   2.2638558019E+00   2.3959813550E+00   1.9047351294E-03   2.3705258975E+00   2.4296641782E+00   2.0934755465E-03   2.2259264140E+00   2.3873108899E+00   1.5729569413E-03   3.4308313844E-04
   1  -120   0    0  -1.9807291703E-01   7.9743764417E+00   2.3568150820E-04   2.0422101529E+00   2.3794836504E+00   2.0673593505E-04   2.1232357623E+00   2.3463510628E+00   6.2503600151E-04   2.2374593928E+00   2.3843903313E+00   1.6834477244E-03   2.2643439144E+00   2.3962852808E+00   1.9047259899E-03   2.3708753602E+00   2.4300039083E+00   2.0935075921E-03   2.2264221707E+00   2.3876148347E+00   1.5729493937E-03   3.4310493919E-04
   1  -121   0    0  -2.0800706543E-01   7.9750449352E+00   2.3531037514E-04   2.0418833431E+00   2.3796721569E+00   2.0673162998E-04   2.1228709378E+00   2.3465796552E+00   6.2502001751E-04   2.2373968200E+00   2.3846180611E+00   1.6834046737E-03   2.2648385255E+00   2.3965932157E+00   1.9047167429E-03   2.3712293195E+00   2.4303480095E+00   2.0935399961E-03   2.2269234251E+00   2.3879227890E+00   1.5729417574E-03   3.4312702962E-04
   1  -122   0    0  -2.1793952318E-01   7.9757221958E+00   2.3493572440E-04   2.0415522449E+00   2.3798636048E+00   2.0672727938E-04   2.1225015194E+00   2.3468115693E+00   6.2500386449E-04   2.2373332383E+00   2.3848491033E+00   1.6833611678E-03   2.2653396125E+00   2.3969051460E+00   1.9047073893E-03   2.3715877554E+00   2.4306964627E+00   2.0935727546E-03   2.2274301301E+00   2.3882347388E+00   1.5729340330E-03   3.4314940883E-04
   1  -123   0    0  -2.2787027649E-01   7.9764081913E+00   2.3455761824E-04   2.0412168611E+00   2.3800580000E+00   2.0672288385E-04   2.1221275430E+00   2.3470468042E+00   6.2498754460E-04   2.2372686396E+00   2.3850834572E+00   1.6833172124E-03   2.2658471480E+00   2.3972210550E+00   1.9046979300E-03   2.3719506454E+00   2.4310492457E+00   2.0936058638E-03   2.2279422349E+00   2.3885506677E+00   1.5729262214E-03   3.4317207567E-04
   1  -124   0    0  -2.3779931305E-01   7.9771028836E+00   2.3417612196E-04   2.0408771969E+00   2.3802553465E+00   2.0671844397E-04   2.1217490485E+00   2.3472853567E+00   6.2497106010E-04   2.2372030155E+00   2.3853211199E+00   1.6832728137E-03   2.2663611004E+00   2.3975409236E+00   1.9046883661E-03   2.3723179634E+00   2.4314063333E+00   2.0936393195E-03   2.2284596844E+00   2.3888705564E+00   1.5729183235E-03   3.4319502884E-04
   1  -125   0    0  -2.4772662211E-01   7.9778062288E+00   2.3379130378E-04   2.0405332593E+00   2.3804556465E+00   2.0671396042E-04   2.1213660802E+00   2.3475272218E+00   6.2495441341E-04   2.2371363580E+00   2.3855620863E+00   1.6832279781E-03   2.2668814331E+00   2.3978647300E+00   1.9046786987E-03   2.3726896807E+00   2.4317676974E+00   2.0936731170E-03   2.2289824197E+00   2.3891943830E+00   1.5729103400E-03   3.4321826684E-04
   1  -126   0    0  -2.5765219449E-01   7.9785181768E+00   2.3340323489E-04   2.0401850576E+00   2.3806589006E+00   2.0670943386E-04   2.1209786867E+00   2.3477723922E+00   6.2493760707E-04   2.2370686589E+00   2.3858063495E+00   1.6831827126E-03   2.2674081050E+00   2.3981924493E+00   1.9046689291E-03   2.3730657652E+00   2.4321333069E+00   2.0937072517E-03   2.2295103776E+00   2.3895221229E+00   1.5729022721E-03   3.4324178796E-04
   1  -127   0    0  -2.6757602276E-01   7.9792386714E+00   2.3301198932E-04   2.0398326031E+00   2.3808651071E+00   2.0670486503E-04   2.1205869208E+00   2.3480208585E+00   6.2492064375E-04   2.2369999104E+00   2.3860538999E+00   1.6831370242E-03   2.2679410703E+00   2.3985240543E+00   1.9046590584E-03   2.3734461816E+00   2.4325031275E+00   2.0937417185E-03   2.2300434911E+00   2.3898537486E+00   1.5728941208E-03   3.4326559029E-04
   1  -128   0    0  -2.7749810118E-01   7.9799676503E+00   2.3261764392E-04   2.0394759090E+00   2.3810742628E+00   2.0670025466E-04   2.1201908398E+00   2.3482726091E+00   6.2490352625E-04   2.2369301046E+00   2.3863047262E+00   1.6830909206E-03   2.2684802784E+00   2.3988595148E+00   1.9046490881E-03   2.3738308917E+00   2.4328771219E+00   2.0937765120E-03   2.2305816891E+00   2.3901892301E+00   1.5728858871E-03   3.4328967173E-04
   1  -129   0    0  -2.8741842585E-01   7.9807050450E+00   2.3222027831E-04   2.0391149912E+00   2.3812863623E+00   2.0669560357E-04   2.1197905050E+00   2.3485276299E+00   6.2488625751E-04   2.2368592340E+00   2.3865588146E+00   1.6830444097E-03   2.2690256741E+00   2.3991987977E+00   1.9046390196E-03   2.3742198540E+00   2.4332552499E+00   2.0938116267E-03   2.2311248962E+00   2.3905285343E+00   1.5728775724E-03   3.4331402998E-04
   1  -130   0    0  -2.9733699474E-01   7.9814507805E+00   2.3181997476E-04   2.0387498672E+00   2.3815013983E+00   2.0669091256E-04   2.1193859825E+00   2.3487859048E+00   6.2486884057E-04   2.2367872909E+00   2.3868161490E+00   1.6829974996E-03   2.2695771973E+00   2.3995418674E+00   1.9046288543E-03   2.3746130239E+00   2.4336374681E+00   2.0938470567E-03   2.2316730335E+00   2.3908716254E+00   1.5728691778E-03   3.4333866253E-04
   1  -131   0    0  -3.0725380774E-01   7.9822047760E+00   2.3141681821E-04   2.0383805571E+00   2.3817193614E+00   2.0668618249E-04   2.1189773425E+00   2.3490474154E+00   6.2485127863E-04   2.2367142680E+00   2.3870767111E+00   1.6829501989E-03   2.2701347829E+00   2.3998886853E+00   1.9046185940E-03   2.3750103536E+00   2.4340237300E+00   2.0938827959E-03   2.2322260176E+00   2.3912184649E+00   1.5728607047E-03   3.4336356667E-04
   1  -132   0    0  -3.1716886670E-01   7.9829669441E+00   2.3101089609E-04   2.0380070832E+00   2.3819402404E+00   2.0668141426E-04   2.1185646594E+00   2.3493121406E+00   6.2483357498E-04   2.2366401581E+00   2.3873404803E+00   1.6829025166E-03   2.2706983614E+00   2.4002392099E+00   1.9046082402E-03   2.3754117922E+00   2.4344139860E+00   2.0939188379E-03   2.2327837615E+00   2.3915690115E+00   1.5728521543E-03   3.4338873948E-04
   1  -133   0    0  -3.2708217552E-01   7.9837371913E+00   2.3060229833E-04   2.0376294698E+00   2.3821640216E+00   2.0667660878E-04   2.1181480121E+00   2.3495800575E+00   6.2481573305E-04   2.2365649543E+00   2.3876074336E+00   1.6828544618E-03   2.2712678581E+00   2.4005933972E+00   1.9045977947E-03   2.3758172856E+00   2.4348081837E+00   2.0939551762E-03   2.2333461741E+00   2.3919232208E+00   1.5728435283E-03   3.4341417786E-04
   1  -134   0    0  -3.3699374015E-01   7.9845154175E+00   2.3019111722E-04   2.0372477437E+00   2.3823906896E+00   2.0667176701E-04   2.1177274837E+00   2.3498511405E+00   6.2479775638E-04   2.2364886498E+00   2.3878775455E+00   1.6828060442E-03   2.2718431939E+00   2.4009512001E+00   1.9045872593E-03   2.3762267767E+00   2.4352062673E+00   2.0939918038E-03   2.2339131605E+00   2.3922810461E+00   1.5728348280E-03   3.4343987849E-04
   1  -135   0    0  -3.4690356867E-01   7.9853015169E+00   2.2977744734E-04   2.0368619339E+00   2.3826202266E+00   2.0666688994E-04   2.1173031614E+00   2.3501253615E+00   6.2477964863E-04   2.2364112381E+00   2.3881507885E+00   1.6827572734E-03   2.2724242846E+00   2.4013125689E+00   1.9045766359E-03   2.3766402051E+00   2.4356081783E+00   2.0940287137E-03   2.2344846221E+00   2.3926424374E+00   1.5728260551E-03   3.4346583784E-04
   1  -136   0    0  -3.5681167127E-01   7.9860953769E+00   2.2936138546E-04   2.0364720718E+00   2.3828526128E+00   2.0666197857E-04   2.1168751367E+00   2.3504026905E+00   6.2476141355E-04   2.2363327129E+00   2.3884271324E+00   1.6827081598E-03   2.2730110415E+00   2.4016774511E+00   1.9045659265E-03   2.3770575074E+00   2.4360138550E+00   2.0940658985E-03   2.2350604562E+00   2.3930073423E+00   1.5728172111E-03   3.4349205219E-04
   1  -137   0    0  -3.6671806035E-01   7.9868968791E+00   2.2894303048E-04   2.0360781911E+00   2.3830878262E+00   2.0665703396E-04   2.1164435050E+00   2.3506830947E+00   6.2474305503E-04   2.2362530681E+00   2.3887065448E+00   1.6826587136E-03   2.2736033710E+00   2.4020457914E+00   1.9045551330E-03   2.3774786173E+00   2.4364232329E+00   2.0941033506E-03   2.2356405568E+00   2.3933757056E+00   1.5728082977E-03   3.4351851764E-04
   1  -138   0    0  -3.7662275049E-01   7.9877058988E+00   2.2852248329E-04   2.0356803278E+00   2.3833258427E+00   2.0665205716E-04   2.1160083657E+00   2.3509665390E+00   6.2472457704E-04   2.2361722982E+00   2.3889889908E+00   1.6826089457E-03   2.2742011751E+00   2.4024175319E+00   1.9045442577E-03   2.3779034652E+00   2.4368362443E+00   2.0941410622E-03   2.2362248141E+00   2.3937474692E+00   1.5727993168E-03   3.4354523006E-04
   1  -139   0    0  -3.8652575850E-01   7.9885223053E+00   2.2809984669E-04   2.0352785203E+00   2.3835666359E+00   2.0664704930E-04   2.1155698223E+00   2.3512529860E+00   6.2470598366E-04   2.2360903977E+00   2.3892744332E+00   1.6825588671E-03   2.2748043510E+00   2.4027926117E+00   1.9045333027E-03   2.3783319789E+00   2.4372528189E+00   2.0941790254E-03   2.2368131146E+00   2.3941225724E+00   1.5727902699E-03   3.4357218513E-04
   1  -140   0    0  -3.9642710341E-01   7.9893459617E+00   2.2767522527E-04   2.0348728095E+00   2.3838101773E+00   2.0664201147E-04   2.1151279819E+00   2.3515423959E+00   6.2468727908E-04   2.2360073617E+00   2.3895628325E+00   1.6825084889E-03   2.2754127914E+00   2.4031709677E+00   1.9045222702E-03   2.3787640828E+00   2.4376728835E+00   2.0942172318E-03   2.2374053416E+00   2.3945009519E+00   1.5727811592E-03   3.4359937836E-04
   1  -141   0    0  -4.0632680651E-01   7.9901767253E+00   2.2724872535E-04   2.0344632385E+00   2.3840564362E+00   2.0663694485E-04   2.1146829551E+00   2.3518347266E+00   6.2466846757E-04   2.2359231856E+00   2.3898541467E+00   1.6824578227E-03   2.2760263846E+00   2.4035525338E+00   1.9045111625E-03   2.3791996988E+00   2.4380963618E+00   2.0942556731E-03   2.2380013750E+00   2.3948825416E+00   1.5727719863E-03   3.4362680504E-04
   1  -142   0    0  -4.1622489134E-01   7.9910144475E+00   2.2682045483E-04   2.0340498531E+00   2.3843053798E+00   2.0663185060E-04   2.1142348565E+00   2.3521299336E+00   6.2464955348E-04   2.2358378653E+00   2.3901483315E+00   1.6824068802E-03   2.2766450144E+00   2.4039372414E+00   1.9044999821E-03   2.3796387457E+00   2.4385231750E+00   2.0942943406E-03   2.2386010911E+00   2.3952672731E+00   1.5727627533E-03   3.4365446029E-04
   1  -143   0    0  -4.2612138369E-01   7.9918589739E+00   2.2639052309E-04   2.0336327013E+00   2.3845569730E+00   2.0662672993E-04   2.1137838037E+00   2.3524279698E+00   6.2463054127E-04   2.2357513970E+00   2.3904453403E+00   1.6823556735E-03   2.2772685603E+00   2.4043250193E+00   1.9044887312E-03   2.3800811397E+00   2.4389532417E+00   2.0943332254E-03   2.2392043635E+00   2.3956550751E+00   1.5727534622E-03   3.4368233903E-04
   1  -144   0    0  -4.3601631158E-01   7.9927101444E+00   2.2595904091E-04   2.0332118338E+00   2.3848111786E+00   2.0662158405E-04   2.1133299177E+00   2.3527287863E+00   6.2461143548E-04   2.2356637775E+00   2.3907451242E+00   1.6823042146E-03   2.2778968978E+00   2.4047157941E+00   1.9044774125E-03   2.3805267940E+00   2.4393864775E+00   2.0943723187E-03   2.2398110624E+00   2.3960458741E+00   1.5727441150E-03   3.4371043602E-04
   1  -145   0    0  -4.4590970528E-01   7.9935677934E+00   2.2552612032E-04   2.0327873035E+00   2.3850679572E+00   2.0661641420E-04   2.1128733227E+00   2.3530323315E+00   6.2459224071E-04   2.2355750042E+00   2.3910476319E+00   1.6822525162E-03   2.2785298979E+00   2.4051094895E+00   1.9044660284E-03   2.3809756196E+00   2.4398227956E+00   2.0944116112E-03   2.2404210550E+00   2.3964395940E+00   1.5727347139E-03   3.4373874582E-04
   1  -146   0    0  -4.5580159725E-01   7.9944317498E+00   2.2509187452E-04   2.0323591660E+00   2.3853272673E+00   2.0661122165E-04   2.1124141458E+00   2.3533385517E+00   6.2457296165E-04   2.2354850751E+00   2.3913528100E+00   1.6822005907E-03   2.2791674279E+00   2.4055060272E+00   1.9044545816E-03   2.3814275244E+00   2.4402621066E+00   2.0944510934E-03   2.2410342060E+00   2.3968361562E+00   1.5727252610E-03   3.4376726282E-04
   1  -147   0    0  -4.6569202217E-01   7.9953018370E+00   2.2465641777E-04   2.0319274794E+00   2.3855890654E+00   2.0660600768E-04   2.1119525168E+00   2.3536473910E+00   6.2455360306E-04   2.2353939886E+00   2.3916606027E+00   1.6821484511E-03   2.2798093510E+00   2.4059053262E+00   1.9044430747E-03   2.3818824139E+00   2.4407043188E+00   2.0944907561E-03   2.2416503769E+00   2.3972354799E+00   1.5727157584E-03   3.4379598124E-04
   1  -148   0    0  -4.7558101685E-01   7.9961778736E+00   2.2421986525E-04   2.0314923043E+00   2.3858533056E+00   2.0660077359E-04   2.1114885683E+00   2.3539587911E+00   6.2453416976E-04   2.2353017439E+00   2.3919709523E+00   1.6820961102E-03   2.2804555266E+00   2.4063073035E+00   1.9044315104E-03   2.3823401914E+00   2.4411493379E+00   2.0945305894E-03   2.2422694270E+00   2.3976374821E+00   1.5727062085E-03   3.4382489513E-04
   1  -149   0    0  -4.8546862024E-01   7.9970596728E+00   2.2378233298E-04   2.0310537037E+00   2.3861199401E+00   2.0659552070E-04   2.1110224353E+00   2.3542726917E+00   6.2451466664E-04   2.2352083409E+00   2.3922837985E+00   1.6820435812E-03   2.2811058106E+00   2.4067118737E+00   1.9044198916E-03   2.3828007574E+00   2.4415970674E+00   2.0945705835E-03   2.2428912128E+00   2.3980420773E+00   1.5726966134E-03   3.4385399839E-04
   1  -150   0    0  -4.9535487339E-01   7.9979470429E+00   2.2334393770E-04   2.0306117433E+00   2.3863889192E+00   2.0659025033E-04   2.1105542549E+00   2.3545890304E+00   6.2449509864E-04   2.2351137802E+00   2.3925990792E+00   1.6819908775E-03   2.2817600551E+00   2.4071189493E+00   1.9044082209E-03   2.3832640105E+00   2.4420474083E+00   2.0946107286E-03   2.2435155886E+00   2.3984491780E+00   1.5726869756E-03   3.4388328474E-04
   1  -151   0    0  -5.0523981937E-01   7.9988397876E+00   2.2290479677E-04   2.0301664915E+00   2.3866601909E+00   2.0658496382E-04   2.1100841663E+00   2.3549077426E+00   6.2447547075E-04   2.2350180631E+00   2.3929167301E+00   1.6819380125E-03   2.2824181090E+00   2.4075284408E+00   1.9043965012E-03   2.3837298466E+00   2.4425002599E+00   2.0946510145E-03   2.2441424065E+00   2.3988586947E+00   1.5726772973E-03   3.4391274777E-04
   1  -152   0    0  -5.1512350326E-01   7.9997377059E+00   2.2246502804E-04   2.0297180188E+00   2.3869337014E+00   2.0657966255E-04   2.1096123107E+00   2.3552287618E+00   6.2445578803E-04   2.2349211919E+00   2.3932366849E+00   1.6818849998E-03   2.2830798178E+00   2.4079402564E+00   1.9043847354E-03   2.3841981598E+00   2.4429555189E+00   2.0946914310E-03   2.2447715164E+00   2.3992705357E+00   1.5726675810E-03   3.4394238090E-04
   1  -153   0    0  -5.2500597204E-01   8.0006405924E+00   2.2202474975E-04   2.0292663988E+00   2.3872093949E+00   2.0657434789E-04   2.1091388309E+00   2.3555520194E+00   6.2443605556E-04   2.2348231696E+00   2.3935588754E+00   1.6818318531E-03   2.2837450238E+00   2.4083543026E+00   1.9043729265E-03   2.3846688420E+00   2.4434130803E+00   2.0947319680E-03   2.2454027662E+00   2.3996846074E+00   1.5726578290E-03   3.4397217742E-04
   1  -154   0    0  -5.3488727461E-01   8.0015482373E+00   2.2158408043E-04   2.0288117073E+00   2.3874872137E+00   2.0656902120E-04   2.1086638712E+00   2.3558774449E+00   6.2441627846E-04   2.2347240002E+00   2.3938832313E+00   1.6817785863E-03   2.2844135664E+00   2.4087704839E+00   1.9043610774E-03   2.3851417832E+00   2.4438728371E+00   2.0947726148E-03   2.2460360022E+00   2.4001008144E+00   1.5726480439E-03   3.4400213048E-04
   1  -155   0    0  -5.4476746166E-01   8.0024604268E+00   2.2114313878E-04   2.0283540227E+00   2.3877670982E+00   2.0656368389E-04   2.1081875770E+00   2.3562049658E+00   6.2439646192E-04   2.2346236884E+00   2.3942096804E+00   1.6817252132E-03   2.2850852822E+00   2.4091887032E+00   1.9043491911E-03   2.3856168713E+00   2.4443346804E+00   2.0948133612E-03   2.2466710687E+00   2.4005190594E+00   1.5726382280E-03   3.4403223309E-04
   1  -156   0    0  -5.5464658560E-01   8.0033769432E+00   2.2070204358E-04   2.0278934262E+00   2.3880489870E+00   2.0655833735E-04   2.1077100950E+00   2.3565345080E+00   6.2437661113E-04   2.2345222402E+00   2.3945381488E+00   1.6816717478E-03   2.2857600050E+00   2.4096088613E+00   1.9043372707E-03   2.3860939926E+00   2.4447984995E+00   2.0948541964E-03   2.2473078088E+00   2.4009392434E+00   1.5726283840E-03   3.4406247814E-04
   1  -157   0    0  -5.6452470054E-01   8.0042975651E+00   2.2026091357E-04   2.0274300014E+00   2.3883328169E+00   2.0655298299E-04   2.1072315724E+00   2.3568659954E+00   6.2435673131E-04   2.2344196623E+00   2.3948685609E+00   1.6816182043E-03   2.2864375659E+00   2.4100308577E+00   1.9043253192E-03   2.3865730317E+00   2.4452641823E+00   2.0948951099E-03   2.2479460639E+00   2.4013612657E+00   1.5726185143E-03   3.4409285840E-04
   1  -158   0    0  -5.7440186215E-01   8.0052220674E+00   2.1981986737E-04   2.0269638344E+00   2.3886185231E+00   2.0654762223E-04   2.1067521575E+00   2.3571993503E+00   6.2433682771E-04   2.2343159627E+00   2.3952008390E+00   1.6815645967E-03   2.2871177940E+00   2.4104545901E+00   1.9043133397E-03   2.3870538713E+00   2.4457316147E+00   2.0949360908E-03   2.2485856743E+00   2.4017850242E+00   1.5726086214E-03   3.4412336652E-04
   1  -159   0    0  -5.8427812763E-01   8.0061502217E+00   2.1937902333E-04   2.0264950139E+00   2.3889060389E+00   2.0654225649E-04   2.1062719987E+00   2.3575344933E+00   6.2431690560E-04   2.2342111504E+00   2.3955349043E+00   1.6815109393E-03   2.2878005158E+00   2.4108799549E+00   1.9043013354E-03   2.3875363928E+00   2.4462006816E+00   2.0949771285E-03   2.2492264793E+00   2.4022104151E+00   1.5725987081E-03   3.4415399504E-04
   1  -160   0    0  -5.9415355556E-01   8.0070817967E+00   2.1893849947E-04   2.0260236310E+00   2.3891952961E+00   2.0653688718E-04   2.1057912448E+00   2.3578713436E+00   6.2429697025E-04   2.2341052353E+00   2.3958706760E+00   1.6814572462E-03   2.2884855560E+00   2.4113068471E+00   1.9042893093E-03   2.3880204763E+00   2.4466712661E+00   2.0950182122E-03   2.2498683169E+00   2.4026373335E+00   1.5725887768E-03   3.4418473640E-04
   1  -161   0    0  -6.0402820587E-01   8.0080165578E+00   2.1849841337E-04   2.0255497796E+00   2.3894862251E+00   2.0653151573E-04   2.1053100444E+00   2.3582098186E+00   6.2427702696E-04   2.2339982286E+00   2.3962080719E+00   1.6814035317E-03   2.2891727372E+00   2.4117351602E+00   1.9042772647E-03   2.3885060004E+00   2.4471432504E+00   2.0950593309E-03   2.2505110245E+00   2.4030656728E+00   1.5725788302E-03   3.4421558295E-04
   1  -162   0    0  -6.1390213973E-01   8.0089542679E+00   2.1805888207E-04   2.0250735558E+00   2.3897787544E+00   2.0652614357E-04   2.1048285463E+00   2.3585498345E+00   6.2425708103E-04   2.2338901428E+00   2.3965470085E+00   1.6813498101E-03   2.2898618803E+00   2.4121647867E+00   1.9042652047E-03   2.3889928424E+00   2.4476165151E+00   2.0951004737E-03   2.2511544390E+00   2.4034953257E+00   1.5725688708E-03   3.4424652693E-04
   1  -163   0    0  -6.2377541942E-01   8.0098946872E+00   2.1762002196E-04   2.0245950581E+00   2.3900728115E+00   2.0652077212E-04   2.1043468986E+00   2.3588913059E+00   6.2423713774E-04   2.2337809913E+00   2.3968874007E+00   1.6812960956E-03   2.2905528048E+00   2.4125956179E+00   1.9042531324E-03   2.3894808787E+00   2.4480909401E+00   2.0951416299E-03   2.2517983965E+00   2.4039261832E+00   1.5725589014E-03   3.4427756051E-04
   1  -164   0    0  -6.3364810829E-01   8.0108375737E+00   2.1718194868E-04   2.0241143875E+00   2.3903683222E+00   2.0651540281E-04   2.1038652490E+00   2.3592341463E+00   6.2421720239E-04   2.2336707889E+00   2.3972291622E+00   1.6812424025E-03   2.2912453286E+00   2.4130275441E+00   1.9042410513E-03   2.3899699846E+00   2.4485664041E+00   2.0951827883E-03   2.2524427327E+00   2.4043581358E+00   1.5725489246E-03   3.4430867578E-04
   1  -165   0    0  -6.4352027060E-01   8.0117826833E+00   2.1674477705E-04   2.0236316475E+00   2.3906652112E+00   2.0651003705E-04   2.1033837445E+00   2.3595782678E+00   6.2419728025E-04   2.2335595515E+00   2.3975722054E+00   1.6811887450E-03   2.2919392686E+00   2.4134604545E+00   1.9042289643E-03   2.3904600345E+00   2.4490427850E+00   2.0952239382E-03   2.2530872833E+00   2.4047910726E+00   1.5725389430E-03   3.4433986477E-04
   1  -166   0    0  -6.5339197143E-01   8.0127297699E+00   2.1630862095E-04   2.0231469436E+00   2.3909634016E+00   2.0650467628E-04   2.1029025311E+00   2.3599235816E+00   6.2417737661E-04   2.2334472963E+00   2.3979164419E+00   1.6811351373E-03   2.2926344404E+00   2.4138942377E+00   1.9042168748E-03   2.3909509019E+00   2.4495199599E+00   2.0952650685E-03   2.2537318837E+00   2.4052248823E+00   1.5725289593E-03   3.4437111943E-04
   1  -167   0    0  -6.6326327662E-01   8.0136785860E+00   2.1587359324E-04   2.0226603837E+00   2.3912628159E+00   2.0649932191E-04   2.1024217535E+00   2.3602699975E+00   6.2415749671E-04   2.2333340418E+00   2.3982617817E+00   1.6810815935E-03   2.2933306589E+00   2.4143287814E+00   1.9042047860E-03   2.3914424599E+00   2.4499978052E+00   2.0953061684E-03   2.2543763696E+00   2.4056594526E+00   1.5725189762E-03   3.4440243166E-04
   1  -168   0    0  -6.7313425259E-01   8.0146288823E+00   2.1543980565E-04   2.0221720779E+00   2.3915633749E+00   2.0649397533E-04   2.1019415556E+00   2.3606174245E+00   6.2413764578E-04   2.2332198075E+00   2.3986081341E+00   1.6810281278E-03   2.2940277382E+00   2.4147639728E+00   1.9041927011E-03   2.3919345806E+00   2.4504761969E+00   2.0953472270E-03   2.2550205767E+00   2.4060946705E+00   1.5725089964E-03   3.4443379331E-04
   1  -169   0    0  -6.8300496627E-01   8.0155804086E+00   2.1500736872E-04   2.0216821384E+00   2.3918649988E+00   2.0648863796E-04   2.1014620794E+00   2.3609657708E+00   6.2411782902E-04   2.2331046144E+00   2.3989554076E+00   1.6809747541E-03   2.2947254920E+00   2.4151996984E+00   1.9041806233E-03   2.3924271361E+00   2.4509550104E+00   2.0953882335E-03   2.2556643410E+00   2.4065304226E+00   1.5724990224E-03   3.4446519620E-04
   1  -170   0    0  -6.9287548499E-01   8.0165329136E+00   2.1457639168E-04   2.0211906795E+00   2.3921676065E+00   2.0648331119E-04   2.1009834656E+00   2.3613149436E+00   6.2409805161E-04   2.2329884847E+00   2.3993035097E+00   1.6809214864E-03   2.2954237334E+00   2.4156358443E+00   1.9041685559E-03   2.3929199978E+00   2.4514341208E+00   2.0954291771E-03   2.2563074993E+00   2.4069665951E+00   1.5724890569E-03   3.4449663210E-04
   1  -171   0    0  -7.0274587635E-01   8.0174861453E+00   2.1414698236E-04   2.0206978173E+00   2.3924711163E+00   2.0647799640E-04   2.1005058529E+00   2.3616648495E+00   6.2407831868E-04   2.2328714418E+00   2.3996523471E+00   1.6808683385E-03   2.2961222756E+00   2.4160722963E+00   1.9041565021E-03   2.3934130370E+00   2.4519134029E+00   2.0954700470E-03   2.2569498887E+00   2.4074030736E+00   1.5724791027E-03   3.4452809276E-04
   1  -172   0    0  -7.1261620812E-01   8.0184398510E+00   2.1371924713E-04   2.0202036701E+00   2.3927754456E+00   2.0647269496E-04   2.1000293782E+00   2.3620153942E+00   6.2405863534E-04   2.2327535103E+00   2.4000018260E+00   1.6808153241E-03   2.2968209316E+00   2.4165089399E+00   1.9041444650E-03   2.3939061250E+00   2.4523927316E+00   2.0955108325E-03   2.2575913473E+00   2.4078397437E+00   1.5724691624E-03   3.4455956990E-04
   1  -173   0    0  -7.2248654812E-01   8.0193937779E+00   2.1329329079E-04   2.0197083576E+00   2.3930805110E+00   2.0646740824E-04   2.0995541765E+00   2.3623664832E+00   6.2403900662E-04   2.2326347160E+00   2.4003518521E+00   1.6807624569E-03   2.2975195147E+00   2.4169456605E+00   1.9041324480E-03   2.3943991328E+00   2.4528719817E+00   2.0955515230E-03   2.2582317141E+00   2.4082764909E+00   1.5724592385E-03   3.4459105524E-04
   1  -174   0    0  -7.3235696411E-01   8.0203476732E+00   2.1286921651E-04   2.0192120015E+00   2.3933862284E+00   2.0646213758E-04   2.0990803804E+00   2.3627180213E+00   6.2401943755E-04   2.2325150862E+00   2.4007023305E+00   1.6807097503E-03   2.2982178385E+00   2.4173823435E+00   1.9041204540E-03   2.3948919318E+00   2.4533510278E+00   2.0955921081E-03   2.2588708290E+00   2.4087132004E+00   1.5724493337E-03   3.4462254049E-04
   1  -175   0    0  -7.4222752368E-01   8.0213012841E+00   2.1244712571E-04   2.0187147249E+00   2.3936925134E+00   2.0645688431E-04   2.0986081203E+00   2.3630699130E+00   6.2399993307E-04   2.2323946489E+00   2.4010531658E+00   1.6806572177E-03   2.2989157170E+00   2.4178188743E+00   1.9041084864E-03   2.3953843934E+00   2.4538297452E+00   2.0956325772E-03   2.2595085332E+00   2.4091497577E+00   1.5724394507E-03   3.4465401736E-04
   1  -176   0    0  -7.5209829410E-01   8.0222543583E+00   2.1202711801E-04   2.0182166526E+00   2.3939992809E+00   2.0645164977E-04   2.0981375243E+00   2.3634220624E+00   6.2398049807E-04   2.2322734337E+00   2.4014042625E+00   1.6806048723E-03   2.2996129650E+00   2.4182551386E+00   1.9040965482E-03   2.3958763896E+00   2.4543080093E+00   2.0956729201E-03   2.2601446694E+00   2.4095860483E+00   1.5724295919E-03   3.4468547757E-04
   1  -177   0    0  -7.6196934227E-01   8.0232066441E+00   2.1160929116E-04   2.0177179106E+00   2.3943064455E+00   2.0644643523E-04   2.0976687177E+00   2.3637743735E+00   6.2396113739E-04   2.2321514710E+00   2.4017555250E+00   1.6805527269E-03   2.3003093982E+00   2.4186910221E+00   1.9040846425E-03   2.3963677926E+00   2.4547856960E+00   2.0957131265E-03   2.2607790815E+00   2.4100219582E+00   1.5724197601E-03   3.4471691287E-04
   1  -178   0    0  -7.7184073457E-01   8.0241578908E+00   2.1119374092E-04   2.0172186261E+00   2.3946139213E+00   2.0644124200E-04   2.0972018235E+00   2.3641267503E+00   6.2394185579E-04   2.2320287925E+00   2.4021068573E+00   1.6805007946E-03   2.3010048333E+00   2.4191264112E+00   1.9040727725E-03   2.3968584752E+00   2.4552626816E+00   2.0957531864E-03   2.2614116150E+00   2.4104573736E+00   1.5724099576E-03   3.4474831502E-04
   1  -179   0    0  -7.8171253674E-01   8.0251078487E+00   2.1078056103E-04   2.0167189276E+00   2.3949216224E+00   2.0643607133E-04   2.0967369617E+00   2.3644790966E+00   6.2392265797E-04   2.2319054309E+00   2.4024581636E+00   1.6804490880E-03   2.3016990879E+00   2.4195611926E+00   1.9040609411E-03   2.3973483112E+00   2.4557388432E+00   2.0957930897E-03   2.2620421175E+00   2.4108921813E+00   1.5724001871E-03   3.4477967582E-04
   1  -180   0    0  -7.9158481380E-01   8.0260562695E+00   2.1036984312E-04   2.0162189445E+00   2.3952294627E+00   2.0643092447E-04   2.0962742496E+00   2.3648313163E+00   6.2390354855E-04   2.2317814199E+00   2.4028093480E+00   1.6803976194E-03   2.3023919815E+00   2.4199952536E+00   1.9040491514E-03   2.3978371747E+00   2.4562140588E+00   2.0958328266E-03   2.2626704379E+00   2.4113262685E+00   1.5723904510E-03   3.4481098711E-04
   1  -181   0    0  -8.0145762994E-01   8.0270029064E+00   2.0996167664E-04   2.0157188070E+00   2.3955373559E+00   2.0642580265E-04   2.0958138018E+00   2.3651833136E+00   6.2388453207E-04   2.2316567942E+00   2.4031603151E+00   1.6803464011E-03   2.3030833346E+00   2.4204284824E+00   1.9040374064E-03   2.3983249412E+00   2.4566882071E+00   2.0958723874E-03   2.2632964275E+00   2.4117595234E+00   1.5723807518E-03   3.4484224078E-04
   1  -182   0    0  -8.1133104838E-01   8.0279475147E+00   2.0955614879E-04   2.0152186462E+00   2.3958452159E+00   2.0642070706E-04   2.0953557296E+00   2.3655349930E+00   6.2386561300E-04   2.2315315894E+00   2.4035109693E+00   1.6802954453E-03   2.3037729697E+00   2.4208607676E+00   1.9040257089E-03   2.3988114870E+00   2.4571611679E+00   2.0959117627E-03   2.2639199396E+00   2.4121918347E+00   1.5723710919E-03   3.4487342876E-04
   1  -183   0    0  -8.2120513132E-01   8.0288898513E+00   2.0915334447E-04   2.0147185936E+00   2.3961529567E+00   2.0641563888E-04   2.0949001415E+00   2.3658862591E+00   6.2384679571E-04   2.2314058420E+00   2.4038612158E+00   1.6802447635E-03   2.3044607111E+00   2.4212919992E+00   1.9040140620E-03   2.3992966895E+00   2.4576328222E+00   2.0959509430E-03   2.2645408297E+00   2.4126230923E+00   1.5723614737E-03   3.4490454307E-04
   1  -184   0    0  -8.3107993981E-01   8.0298296757E+00   2.0875334621E-04   2.0142187812E+00   2.3964604925E+00   2.0641059927E-04   2.0944471429E+00   2.3662370173E+00   6.2382808449E-04   2.2312795894E+00   2.4042109600E+00   1.6801943674E-03   2.3051463848E+00   2.4217220678E+00   1.9040024684E-03   2.3997804275E+00   2.4581030520E+00   2.0959899191E-03   2.2651589555E+00   2.4130531867E+00   1.5723518996E-03   3.4493557579E-04
   1  -185   0    0  -8.4095553364E-01   8.0307667497E+00   2.0835623410E-04   2.0137193413E+00   2.3967677376E+00   2.0640558936E-04   2.0939968360E+00   2.3665871733E+00   6.2380948353E-04   2.2311528697E+00   2.4045601080E+00   1.6801442683E-03   2.3058298194E+00   2.4221508653E+00   1.9039909310E-03   2.4002625811E+00   2.4585717407E+00   2.0960286820E-03   2.2657741775E+00   2.4134820100E+00   1.5723423718E-03   3.4496651906E-04
   1  -186   0    0  -8.5083197131E-01   8.0317008379E+00   2.0796208576E-04   2.0132204063E+00   2.3970746069E+00   2.0640061025E-04   2.0935493200E+00   2.3669366335E+00   6.2379099692E-04   2.2310257216E+00   2.4049085663E+00   1.6800944772E-03   2.3065108455E+00   2.4225782848E+00   1.9039794525E-03   2.4007430318E+00   2.4590387734E+00   2.0960672230E-03   2.2663863583E+00   2.4139094551E+00   1.5723328927E-03   3.4499736513E-04
   1  -187   0    0  -8.6070930986E-01   8.0326317078E+00   2.0757097629E-04   2.0127221085E+00   2.3973810157E+00   2.0639566301E-04   2.0931046906E+00   2.3672853052E+00   6.2377262866E-04   2.2308981847E+00   2.4052562424E+00   1.6800450048E-03   2.3071892960E+00   2.4230042205E+00   1.9039680356E-03   2.4012216629E+00   2.4595040364E+00   2.0961055334E-03   2.2669953636E+00   2.4143354164E+00   1.5723234645E-03   3.4502810634E-04
   1  -188   0    0  -8.7058760486E-01   8.0335591300E+00   2.0718297818E-04   2.0122245802E+00   2.3976868798E+00   2.0639074869E-04   2.0926630404E+00   2.3676330963E+00   6.2375438264E-04   2.2307702991E+00   2.4056030445E+00   1.6799958617E-03   2.3078650069E+00   2.4234285684E+00   1.9039566830E-03   2.4016983592E+00   2.4599674178E+00   2.0961436047E-03   2.2676010616E+00   2.4147597896E+00   1.5723140893E-03   3.4505873510E-04
   1  -189   0    0  -8.8046691026E-01   8.0344828783E+00   2.0679816132E-04   2.0117279533E+00   2.3979921158E+00   2.0638586832E-04   2.0922244589E+00   2.3679799158E+00   6.2373626263E-04   2.2306421054E+00   2.4059488818E+00   1.6799470580E-03   2.3085378163E+00   2.4238512255E+00   1.9039453972E-03   2.4021730073E+00   2.4604288075E+00   2.0961814287E-03   2.2682033235E+00   2.4151824721E+00   1.5723047694E-03   3.4508924398E-04
   1  -190   0    0  -8.9034727837E-01   8.0354027303E+00   2.0641659293E-04   2.0112323591E+00   2.3982966408E+00   2.0638102288E-04   2.0917890320E+00   2.3683256735E+00   6.2371827233E-04   2.2305136447E+00   2.4062936643E+00   1.6798986036E-03   2.3092075656E+00   2.4242720909E+00   1.9039341808E-03   2.4026454959E+00   2.4608880971E+00   2.0962189975E-03   2.2688020235E+00   2.4156033626E+00   1.5722955067E-03   3.4511962560E-04
   1  -191   0    0  -9.0022875978E-01   8.0363184672E+00   2.0603833753E-04   2.0107379283E+00   2.3986003729E+00   2.0637621333E-04   2.0913568426E+00   2.3686702806E+00   6.2370041528E-04   2.2303849584E+00   2.4066373033E+00   1.6798505081E-03   2.3098740989E+00   2.4246910649E+00   1.9039230362E-03   2.4031157154E+00   2.4613451803E+00   2.0962563033E-03   2.2693970386E+00   2.4160223616E+00   1.5722863033E-03   3.4514987276E-04
   1  -192   0    0  -9.1011140325E-01   8.0372298740E+00   2.0566345691E-04   2.0102447909E+00   2.3989032309E+00   2.0637144060E-04   2.0909279700E+00   2.3690136492E+00   6.2368269494E-04   2.2302560884E+00   2.4069797111E+00   1.6798027808E-03   2.3105372637E+00   2.4251080498E+00   1.9039119659E-03   2.4035835584E+00   2.4617999525E+00   2.0962933385E-03   2.2699882492E+00   2.4164393714E+00   1.5722771613E-03   3.4517997833E-04
   1  -193   0    0  -9.1999525571E-01   8.0381367400E+00   2.0529201010E-04   2.0097530757E+00   2.3992051346E+00   2.0636670559E-04   2.0905024904E+00   2.3693556928E+00   6.2366511463E-04   2.2301270767E+00   2.4073208015E+00   1.6797554307E-03   2.3111969103E+00   2.4255229498E+00   1.9039009721E-03   2.4040489198E+00   2.4622523117E+00   2.0963300959E-03   2.2705755389E+00   2.4168542962E+00   1.5722680825E-03   3.4520993536E-04
   1  -194   0    0  -9.2988036216E-01   8.0390388586E+00   2.0492405335E-04   2.0092629108E+00   2.3995060050E+00   2.0636200916E-04   2.0900804766E+00   2.3696963261E+00   6.2364767756E-04   2.2299979658E+00   2.4076604894E+00   1.6797084664E-03   2.3118528927E+00   2.4259356710E+00   1.9038900572E-03   2.4045116966E+00   2.4627021577E+00   2.0963665683E-03   2.2711587945E+00   2.4172670418E+00   1.5722590688E-03   3.4523973701E-04
   1  -195   0    0  -9.3976676562E-01   8.0399360278E+00   2.0455964010E-04   2.0087744225E+00   2.3998057641E+00   2.0635735213E-04   2.0896619982E+00   2.3700354655E+00   6.2363038682E-04   2.2298687979E+00   2.4079986912E+00   1.6796618962E-03   2.3125050682E+00   2.4263461213E+00   1.9038792233E-03   2.4049717881E+00   2.4631493927E+00   2.0964027491E-03   2.2717379062E+00   2.4176775165E+00   1.5722501220E-03   3.4526937659E-04
   1  -196   0    0  -9.4965450713E-01   8.0408280500E+00   2.0419882097E-04   2.0082877362E+00   2.4001043350E+00   2.0635273532E-04   2.0892471212E+00   2.3703730287E+00   6.2361324537E-04   2.2297396158E+00   2.4083353248E+00   1.6796157281E-03   2.3131532977E+00   2.4267542108E+00   1.9038684725E-03   2.4054290963E+00   2.4635939213E+00   2.0964386315E-03   2.2723127677E+00   2.4180856303E+00   1.5722412439E-03   3.4529884756E-04
   1  -197   0    0  -9.5954362564E-01   8.0417147326E+00   2.0384164378E-04   2.0078029752E+00   2.4004016423E+00   2.0634815948E-04   2.0888359087E+00   2.3707089349E+00   6.2359625606E-04   2.2296104617E+00   2.4086703096E+00   1.6795699697E-03   2.3137974456E+00   2.4271598520E+00   1.9038578069E-03   2.4058835253E+00   2.4640356506E+00   2.0964742093E-03   2.2728832762E+00   2.4184912955E+00   1.5722324361E-03   3.4532814354E-04
   1  -198   0    0  -9.6943415803E-01   8.0425958877E+00   2.0348815348E-04   2.0073202616E+00   2.4006976118E+00   2.0634362535E-04   2.0884284203E+00   2.3710431050E+00   6.2357942159E-04   2.2294813783E+00   2.4090035668E+00   1.6795246284E-03   2.3144373801E+00   2.4275629592E+00   1.9038472286E-03   2.4063349822E+00   2.4644744899E+00   2.0965094765E-03   2.2734493323E+00   2.4188944266E+00   1.5722237003E-03   3.4535725830E-04
   1  -199   0    0  -9.7932613907E-01   8.0434713326E+00   2.0313839220E-04   2.0068397153E+00   2.4009921706E+00   2.0633913362E-04   2.0880247125E+00   2.3713754619E+00   6.2356274455E-04   2.2293524077E+00   2.4093350191E+00   1.6794797111E-03   2.3150729733E+00   2.4279634492E+00   1.9038367393E-03   2.4067833763E+00   2.4649103514E+00   2.0965444272E-03   2.2740108404E+00   2.4192949404E+00   1.5722150381E-03   3.4538618578E-04
   1  -200   0    0  -9.8921960138E-01   8.0443408896E+00   2.0279239924E-04   2.0063614543E+00   2.4012852475E+00   2.0633468495E-04   2.0876248384E+00   2.3717059297E+00   6.2354622739E-04   2.2292235922E+00   2.4096645910E+00   1.6794352244E-03   2.3157041013E+00   2.4283612412E+00   1.9038263408E-03   2.4072286199E+00   2.4653431497E+00   2.0965790560E-03   2.2745677086E+00   2.4196927559E+00   1.5722064509E-03   3.4541492010E-04
   1  -201   0    0  -9.9911457540E-01   8.0452043866E+00   2.0245021107E-04   2.0058855946E+00   2.4015767726E+00   2.0633027997E-04   2.0872288481E+00   2.3720344350E+00   6.2352987244E-04   2.2290949736E+00   2.4099922091E+00   1.6793911746E-03   2.3163306437E+00   2.4287562567E+00   1.9038160351E-03   2.4076706280E+00   2.4657728023E+00   2.0966133576E-03   2.2751198484E+00   2.4200877947E+00   1.5721979403E-03   3.4544345552E-04
   1  -202  -4    5  -9.9999993604E-01   8.0452813411E+00   2.0241978269E-04   2.0058431412E+00   2.4016027769E+00   2.0632988802E-04   2.0871936104E+00   2.3720637276E+00   6.2352841718E-04   2.2290834773E+00   2.4100214228E+00   1.6793872551E-03   2.3163864720E+00   2.4287914601E+00   1.9038151176E-03   2.4077100132E+00   2.4658110865E+00   2.0966164104E-03   2.2751690140E+00   2.4201230002E+00   1.5721971826E-03   3.4544599865E-04
