        
   1    -1   0    0   9.9999999785E-01   7.9427249923E+00   2.5418120874E-04   2.0602120153E+00   2.3729910661E+00   2.5780492156E-04   2.1412389134E+00   2.3356051024E+00   5.9329033462E-04   2.2388021450E+00   2.3751804108E+00   1.6945695252E-03   2.2397128116E+00   2.3816404078E+00   1.9002937145E-03   2.3533532193E+00   2.4129761616E+00   2.0864814331E-03   2.1998055735E+00   2.3726018564E+00   1.5619661923E-03   3.4206054905E-04
   1    -2   0    0   9.8000139354E-01   7.9428874546E+00   2.5411802247E-04   2.0601656263E+00   2.3730331373E+00   2.5785433025E-04   2.1411890894E+00   2.3356658754E+00   5.9367099833E-04   2.2388043595E+00   2.3752292800E+00   1.6946189339E-03   2.2398209815E+00   2.3817028575E+00   1.9003224574E-03   2.3534211143E+00   2.4130422104E+00   2.0864799001E-03   2.1999266448E+00   2.3726664844E+00   1.5620554869E-03   3.4206491146E-04
   1    -3   0    0   9.7000213911E-01   7.9429714202E+00   2.5408538269E-04   2.0601416498E+00   2.3730548890E+00   2.5787985495E-04   2.1411633305E+00   2.3356972862E+00   5.9386759183E-04   2.2388055087E+00   2.3752545432E+00   1.6946444586E-03   2.2398768891E+00   2.3817351325E+00   1.9003373034E-03   2.3534562026E+00   2.4130763445E+00   2.0864791077E-03   2.1999892057E+00   2.3726998846E+00   1.5621016098E-03   3.4206716612E-04
   1    -4   0    0   9.6000291838E-01   7.9430572607E+00   2.5405202591E-04   2.0601171372E+00   2.3730771321E+00   2.5790594170E-04   2.1411369905E+00   2.3357293993E+00   5.9406847297E-04   2.2388066869E+00   2.3752803750E+00   1.6946705453E-03   2.2399340466E+00   2.3817681274E+00   1.9003524744E-03   2.3534920731E+00   2.4131112395E+00   2.0864782975E-03   2.2000531548E+00   2.3727340293E+00   1.5621487432E-03   3.4206947113E-04
   1    -5   0    0   9.5000373283E-01   7.9431450162E+00   2.5401793742E-04   2.0600920769E+00   2.3730998772E+00   2.5793260210E-04   2.1411100569E+00   2.3357622298E+00   5.9427372846E-04   2.2388078947E+00   2.3753067875E+00   1.6946972057E-03   2.2399924806E+00   2.3818018576E+00   1.9003679771E-03   2.3535287423E+00   2.4131469115E+00   2.0864774691E-03   2.2001185211E+00   2.3727689345E+00   1.5621969080E-03   3.4207182758E-04
   1    -6   0    0   9.4000458400E-01   7.9432347271E+00   2.5398310222E-04   2.0600664573E+00   2.3731231353E+00   2.5795984797E-04   2.1410825167E+00   2.3357957929E+00   5.9448344641E-04   2.2388091330E+00   2.3753337934E+00   1.6947244516E-03   2.2400522183E+00   2.3818363388E+00   1.9003838182E-03   2.3535662271E+00   2.4131833769E+00   2.0864766222E-03   2.2001853344E+00   2.3728046164E+00   1.5622461251E-03   3.4207423655E-04
   1    -7   0    0   9.3000547351E-01   7.9433264352E+00   2.5394750506E-04   2.0600402664E+00   2.3731469175E+00   2.5798769133E-04   2.1410543569E+00   2.3358301043E+00   5.9469771640E-04   2.2388104026E+00   2.3753614053E+00   1.6947522949E-03   2.2401132874E+00   2.3818715867E+00   1.9004000045E-03   2.3536045447E+00   2.4132206526E+00   2.0864757563E-03   2.2002536250E+00   2.3728410911E+00   1.5622964158E-03   3.4207669918E-04
   1    -8   0    0   9.2000640304E-01   7.9434201824E+00   2.5391113045E-04   2.0600134920E+00   2.3731712353E+00   2.5801614440E-04   2.1410255640E+00   2.3358651798E+00   5.9491662948E-04   2.2388117043E+00   2.3753896365E+00   1.6947807480E-03   2.2401757161E+00   2.3819076175E+00   1.9004165430E-03   2.3536437128E+00   2.4132587555E+00   2.0864748711E-03   2.2003234235E+00   2.3728783756E+00   1.5623478018E-03   3.4207921657E-04
   1    -9   0    0   9.1000737435E-01   7.9435160120E+00   2.5387396262E-04   2.0599861218E+00   2.3731961002E+00   2.5804521963E-04   2.1409961245E+00   2.3359010355E+00   5.9514027812E-04   2.2388130388E+00   2.3754185001E+00   1.6948098232E-03   2.2402395332E+00   2.3819444478E+00   1.9004334408E-03   2.3536837492E+00   2.4132977031E+00   2.0864739660E-03   2.2003947614E+00   2.3729164868E+00   1.5624003053E-03   3.4208178991E-04
   1   -10   0    0   9.0000838925E-01   7.9436139677E+00   2.5383598554E-04   2.0599581432E+00   2.3732215241E+00   2.5807492965E-04   2.1409660245E+00   2.3359376881E+00   5.9536875630E-04   2.2388144071E+00   2.3754480097E+00   1.6948395333E-03   2.2403047681E+00   2.3819820944E+00   1.9004507051E-03   2.3537246720E+00   2.4133375131E+00   2.0864730408E-03   2.2004676706E+00   2.3729554421E+00   1.5624539487E-03   3.4208442036E-04
   1   -11   0    0   8.9000944964E-01   7.9437140941E+00   2.5379718292E-04   2.0599295434E+00   2.3732475190E+00   2.5810528733E-04   2.1409352497E+00   2.3359751541E+00   5.9560215945E-04   2.2388158101E+00   2.3754781792E+00   1.6948698909E-03   2.2403714505E+00   2.3820205742E+00   1.9004683432E-03   2.3537664999E+00   2.4133782034E+00   2.0864720949E-03   2.2005421834E+00   2.3729952590E+00   1.5625087548E-03   3.4208710912E-04
   1   -12   0    0   8.8001055751E-01   7.9438164367E+00   2.5375753819E-04   2.0599003091E+00   2.3732740972E+00   2.5813630574E-04   2.1409037858E+00   2.3360134508E+00   5.9584058447E-04   2.2388172486E+00   2.3755090226E+00   1.6949009093E-03   2.2404396108E+00   2.3820599049E+00   1.9004863626E-03   2.3538092516E+00   2.4134197925E+00   2.0864711280E-03   2.2006183330E+00   2.3730359557E+00   1.5625647467E-03   3.4208985742E-04
   1   -13   0    0   8.7001171492E-01   7.9439210418E+00   2.5371703453E-04   2.0598704272E+00   2.3733012712E+00   2.5816799818E-04   2.1408716181E+00   2.3360525956E+00   5.9608412978E-04   2.2388187235E+00   2.3755405543E+00   1.6949326018E-03   2.2405092799E+00   2.3821001039E+00   1.9005047708E-03   2.3538529464E+00   2.4134622991E+00   2.0864701396E-03   2.2006961530E+00   2.3730775503E+00   1.5626219480E-03   3.4209266650E-04
   1   -14   0    0   8.6001292401E-01   7.9440279565E+00   2.5367565484E-04   2.0598398839E+00   2.3733290539E+00   2.5820037814E-04   2.1408387314E+00   2.3360926061E+00   5.9633289525E-04   2.2388202359E+00   2.3755727889E+00   1.6949649817E-03   2.2405804895E+00   2.3821411895E+00   1.9005235754E-03   2.3538976039E+00   2.4135057421E+00   2.0864691292E-03   2.2007756775E+00   2.3731200616E+00   1.5626803826E-03   3.4209553763E-04
   1   -15   0    0   8.5001418702E-01   7.9441372288E+00   2.5363338175E-04   2.0598086655E+00   2.3733574583E+00   2.5823345936E-04   2.1408051107E+00   2.3361335005E+00   5.9658698224E-04   2.2388217866E+00   2.3756057412E+00   1.6949980630E-03   2.2406532715E+00   2.3821831800E+00   1.9005427842E-03   2.3539432439E+00   2.4135501409E+00   2.0864680964E-03   2.2008569413E+00   2.3731635084E+00   1.5627400748E-03   3.4209847209E-04
   1   -16   0    0   8.4001550627E-01   7.9442489074E+00   2.5359019762E-04   2.0597767580E+00   2.3733864976E+00   2.5826725578E-04   2.1407707404E+00   2.3361752971E+00   5.9684649360E-04   2.2388233767E+00   2.3756394265E+00   1.6950318594E-03   2.2407276587E+00   2.3822260940E+00   1.9005624052E-03   2.3539898867E+00   2.4135955152E+00   2.0864670407E-03   2.2009399797E+00   2.3732079100E+00   1.5628010492E-03   3.4210147121E-04
   1   -17   0    0   8.3001688418E-01   7.9443630420E+00   2.5354608453E-04   2.0597441468E+00   2.3734161855E+00   2.5830178155E-04   2.1407356045E+00   2.3362180145E+00   5.9711153367E-04   2.2388250072E+00   2.3756738602E+00   1.6950663851E-03   2.2408036841E+00   2.3822699505E+00   1.9005824464E-03   2.3540375528E+00   2.4136418850E+00   2.0864659616E-03   2.2010248288E+00   2.3732532862E+00   1.5628633309E-03   3.4210453630E-04
   1   -18   0    0   8.2001832329E-01   7.9444796832E+00   2.5350102432E-04   2.0597108175E+00   2.3734465355E+00   2.5833705106E-04   2.1406996871E+00   2.3362616718E+00   5.9738220827E-04   2.2388266791E+00   2.3757090581E+00   1.6951016547E-03   2.2408813817E+00   2.3823147690E+00   1.9006029159E-03   2.3540862633E+00   2.4136892708E+00   2.0864648587E-03   2.2011115251E+00   2.3732996568E+00   1.5629269452E-03   3.4210766875E-04
   1   -19   0    0   8.1001982620E-01   7.9445988823E+00   2.5345499851E-04   2.0596767552E+00   2.3734775619E+00   2.5837307892E-04   2.1406629716E+00   2.3363062885E+00   5.9765862468E-04   2.2388283936E+00   2.3757450362E+00   1.6951376825E-03   2.2409607859E+00   2.3823605691E+00   1.9006238219E-03   2.3541360394E+00   2.4137376932E+00   2.0864637314E-03   2.2012001057E+00   2.3733470421E+00   1.5629919178E-03   3.4211086992E-04
   1   -20   0    0   8.0002139564E-01   7.9447206918E+00   2.5340798837E-04   2.0596419447E+00   2.3735092789E+00   2.5840987994E-04   2.1406254414E+00   2.3363518841E+00   5.9794089167E-04   2.2388301516E+00   2.3757818108E+00   1.6951744835E-03   2.2410419316E+00   2.3824073708E+00   1.9006451729E-03   2.3541869029E+00   2.4137871734E+00   2.0864625793E-03   2.2012906084E+00   2.3733954629E+00   1.5630582750E-03   3.4211414123E-04
   1   -21   0    0   7.9002303446E-01   7.9448451647E+00   2.5335997491E-04   2.0596063707E+00   2.3735417010E+00   2.5844746918E-04   2.1405870795E+00   2.3363984787E+00   5.9822911946E-04   2.2388319544E+00   2.3758193985E+00   1.6952120728E-03   2.2411248545E+00   2.3824551945E+00   1.9006669773E-03   2.3542388757E+00   2.4138377327E+00   2.0864614018E-03   2.2013830716E+00   2.3734449401E+00   1.5631260433E-03   3.4211748410E-04
   1   -22   0    0   7.8002474561E-01   7.9449723551E+00   2.5331093884E-04   2.0595700175E+00   2.3735748432E+00   2.5848586191E-04   2.1405478685E+00   2.3364460926E+00   5.9852341975E-04   2.2388338030E+00   2.3758578163E+00   1.6952504655E-03   2.2412095907E+00   2.3825040608E+00   1.9006892437E-03   2.3542919803E+00   2.4138893930E+00   2.0864601984E-03   2.2014775342E+00   2.3734954950E+00   1.5631952494E-03   3.4212089999E-04
   1   -23   0    0   7.7002653215E-01   7.9451023181E+00   2.5326086062E-04   2.0595328691E+00   2.3736087206E+00   2.5852507360E-04   2.1405077909E+00   2.3364947468E+00   5.9882390564E-04   2.2388356987E+00   2.3758970813E+00   1.6952896772E-03   2.2412961771E+00   2.3825539908E+00   1.9007119809E-03   2.3543462394E+00   2.4139421765E+00   2.0864589685E-03   2.2015740359E+00   2.3735471495E+00   1.5632659208E-03   3.4212439039E-04
   1   -24   0    0   7.6002839728E-01   7.9452351095E+00   2.5320972043E-04   2.0594949093E+00   2.3736433484E+00   2.5856511997E-04   2.1404668287E+00   2.3365444620E+00   5.9913069172E-04   2.2388376426E+00   2.3759372111E+00   1.6953297236E-03   2.2413846512E+00   2.3826050060E+00   1.9007351978E-03   2.3544016763E+00   2.4139961056E+00   2.0864577117E-03   2.2016726167E+00   2.3735999254E+00   1.5633380848E-03   3.4212795679E-04
   1   -25   0    0   7.5003034432E-01   7.9453707861E+00   2.5315749817E-04   2.0594561217E+00   2.3736787425E+00   2.5860601696E-04   2.1404249638E+00   2.3365952599E+00   5.9944389394E-04   2.2388396360E+00   2.3759782235E+00   1.6953706206E-03   2.2414750508E+00   2.3826571279E+00   1.9007589032E-03   2.3544583143E+00   2.4140512033E+00   2.0864564274E-03   2.2017733176E+00   2.3736538453E+00   1.5634117697E-03   3.4213160072E-04
   1   -26   0    0   7.4003237670E-01   7.9455094057E+00   2.5310417349E-04   2.0594164895E+00   2.3737149186E+00   2.5864778070E-04   2.1403821775E+00   2.3366471622E+00   5.9976362970E-04   2.2388416802E+00   2.3760201366E+00   1.6954123843E-03   2.2415674148E+00   2.3827103787E+00   1.9007831062E-03   2.3545161775E+00   2.4141074927E+00   2.0864551150E-03   2.2018761800E+00   2.3737089320E+00   1.5634870036E-03   3.4213532374E-04
   1   -27   0    0   7.3003449802E-01   7.9456510269E+00   2.5304972577E-04   2.0593759955E+00   2.3737518932E+00   2.5869042756E-04   2.1403384512E+00   2.3367001909E+00   6.0009001775E-04   2.2388437764E+00   2.3760629689E+00   1.6954550312E-03   2.2416617823E+00   2.3827647808E+00   1.9008078161E-03   2.3545752900E+00   2.4141649976E+00   2.0864537740E-03   2.2019812459E+00   2.3737652084E+00   1.5635638153E-03   3.4213912742E-04
   1   -28   0    0   7.2003671199E-01   7.9457957093E+00   2.5299413411E-04   2.0593346226E+00   2.3737896825E+00   2.5873397414E-04   2.1402937655E+00   2.3367543687E+00   6.0042317821E-04   2.2388459259E+00   2.3761067391E+00   1.6954985777E-03   2.2417581934E+00   2.3828203571E+00   1.9008330421E-03   2.3546356766E+00   2.4142237418E+00   2.0864524037E-03   2.2020885580E+00   2.3738226982E+00   1.5636422338E-03   3.4214301337E-04
   1   -29   0    0   7.1003902249E-01   7.9459435133E+00   2.5293737736E-04   2.0592923529E+00   2.3738283036E+00   2.5877843723E-04   2.1402481011E+00   2.3368097182E+00   6.0076323255E-04   2.2388481301E+00   2.3761514664E+00   1.6955430408E-03   2.2418566885E+00   2.3828771306E+00   1.9008587936E-03   2.3546973622E+00   2.4142837497E+00   2.0864510037E-03   2.2021981595E+00   2.3738814253E+00   1.5637222886E-03   3.4214698322E-04
   1   -30   0    0   7.0004143352E-01   7.9460945005E+00   2.5287943412E-04   2.0592491687E+00   2.3738677734E+00   2.5882383383E-04   2.1402014383E+00   2.3368662627E+00   6.0111030354E-04   2.2388503904E+00   2.3761971700E+00   1.6955884374E-03   2.2419573088E+00   2.3829351248E+00   1.9008850803E-03   2.3547603723E+00   2.4143450460E+00   2.0864495732E-03   2.2023100945E+00   2.3739414137E+00   1.5638040094E-03   3.4215103863E-04
   1   -31   0    0   6.9004394925E-01   7.9462487332E+00   2.5282028271E-04   2.0592050518E+00   2.3739081093E+00   2.5887018119E-04   2.1401537568E+00   2.3369240258E+00   6.0146451526E-04   2.2388527082E+00   2.3762438697E+00   1.6956347848E-03   2.2420600961E+00   2.3829943636E+00   1.9009119116E-03   2.3548247325E+00   2.4144076558E+00   2.0864481117E-03   2.2024244072E+00   2.3740026881E+00   1.5638874262E-03   3.4215518126E-04
   1   -32   0    0   6.8004657403E-01   7.9464062746E+00   2.5275990121E-04   2.0591599835E+00   2.3739493290E+00   2.5891749672E-04   2.1401050364E+00   2.3369830314E+00   6.0182599301E-04   2.2388550849E+00   2.3762915856E+00   1.6956821003E-03   2.2421650928E+00   2.3830548711E+00   1.9009392973E-03   2.3548904692E+00   2.4144716045E+00   2.0864466186E-03   2.2025411429E+00   2.3740652734E+00   1.5639725695E-03   3.4215941283E-04
   1   -33   0    0   6.7004931232E-01   7.9465671890E+00   2.5269826746E-04   2.0591139452E+00   2.3739914504E+00   2.5896579808E-04   2.1400552564E+00   2.3370433036E+00   6.0219486335E-04   2.2388575219E+00   2.3763403380E+00   1.6957304017E-03   2.2422723420E+00   2.3831166719E+00   1.9009672472E-03   2.3549576088E+00   2.4145369180E+00   2.0864450933E-03   2.2026603473E+00   2.3741291949E+00   1.5640594701E-03   3.4216373506E-04
   1   -34   0    0   6.6005216880E-01   7.9467315416E+00   2.5263535904E-04   2.0590669177E+00   2.3740344919E+00   2.5901510310E-04   2.1400043956E+00   2.3371048672E+00   6.0257125402E-04   2.2388600209E+00   2.3763901475E+00   1.6957797067E-03   2.2423818874E+00   2.3831797909E+00   1.9009957714E-03   2.3550261783E+00   2.4146036224E+00   2.0864435350E-03   2.2027820668E+00   2.3741944783E+00   1.5641481590E-03   3.4216814971E-04
   1   -35   0    0   6.5005514830E-01   7.9468993984E+00   2.5257115330E-04   2.0590188817E+00   2.3740784720E+00   2.5906542982E-04   2.1399524329E+00   2.3371677471E+00   6.0295529388E-04   2.2388625832E+00   2.3764410352E+00   1.6958300334E-03   2.2424937733E+00   2.3832442534E+00   1.9010248797E-03   2.3550962049E+00   2.4146717444E+00   2.0864419433E-03   2.2029063481E+00   2.3742611496E+00   1.5642386676E-03   3.4217265856E-04
   1   -36   0    0   6.4005825583E-01   7.9470708264E+00   2.5250562735E-04   2.0589698175E+00   2.3741234095E+00   2.5911679650E-04   2.1398993465E+00   2.3372319687E+00   6.0334711295E-04   2.2388652105E+00   2.3764930223E+00   1.6958814001E-03   2.2426080446E+00   2.3833100849E+00   1.9010545825E-03   2.3551677162E+00   2.4147413107E+00   2.0864403174E-03   2.2030332388E+00   2.3743292352E+00   1.5643310276E-03   3.4217726341E-04
   1   -37   0    0   6.3006149659E-01   7.9472458936E+00   2.5243875809E-04   2.0589197050E+00   2.3741693237E+00   2.5916922155E-04   2.1398451146E+00   2.3372975576E+00   6.0374684227E-04   2.2388679042E+00   2.3765461306E+00   1.6959338251E-03   2.2427247469E+00   2.3833773114E+00   1.9010848898E-03   2.3552407404E+00   2.4148123486E+00   2.0864386566E-03   2.2031627870E+00   2.3743987618E+00   1.5644252711E-03   3.4218196611E-04
   1   -38   0    0   6.2006487597E-01   7.9474246687E+00   2.5237052216E-04   2.0588685241E+00   2.3742162339E+00   2.5922272359E-04   2.1397897149E+00   2.3373645400E+00   6.0415461392E-04   2.2388706662E+00   2.3766003820E+00   1.6959873272E-03   2.2428439263E+00   2.3834459592E+00   1.9011158120E-03   2.3553153059E+00   2.4148848859E+00   2.0864369604E-03   2.2032950414E+00   2.3744697564E+00   1.5645214302E-03   3.4218676849E-04
   1   -39   0    0   6.1006839956E-01   7.9476072217E+00   2.5230089602E-04   2.0588162541E+00   2.3742641599E+00   2.5927732144E-04   2.1397331248E+00   2.3374329421E+00   6.0457056095E-04   2.2388734979E+00   2.3766557988E+00   1.6960419250E-03   2.2429656298E+00   2.3835160549E+00   1.9011473595E-03   2.3553914413E+00   2.4149589504E+00   2.0864352279E-03   2.2034300511E+00   2.3745422466E+00   1.5646195375E-03   3.4219167244E-04
   1   -40   0    0   6.0007207314E-01   7.9477936230E+00   2.5222985590E-04   2.0587628742E+00   2.3743131219E+00   2.5933303406E-04   2.1396753214E+00   2.3375027908E+00   6.0499481732E-04   2.2388764010E+00   2.3767124036E+00   1.6960976377E-03   2.2430899046E+00   2.3835876256E+00   1.9011795427E-03   2.3554691759E+00   2.4150345706E+00   2.0864334586E-03   2.2035678661E+00   2.3746162601E+00   1.5647196259E-03   3.4219667986E-04
   1   -41   0    0   5.9007590271E-01   7.9479839443E+00   2.5215737786E-04   2.0587083631E+00   2.3743631401E+00   2.5938988061E-04   2.1396162818E+00   2.3375741132E+00   6.0542751785E-04   2.2388793773E+00   2.3767702194E+00   1.6961544842E-03   2.2432167989E+00   2.3836606984E+00   1.9012123723E-03   2.3555485391E+00   2.4151117751E+00   2.0864316517E-03   2.2037085365E+00   2.3746918250E+00   1.5648217285E-03   3.4220179269E-04
   1   -42   0    0   5.8007989447E-01   7.9481782580E+00   2.5208343772E-04   2.0586526995E+00   2.3744142352E+00   2.5944788040E-04   2.1395559824E+00   2.3376469367E+00   6.0586879813E-04   2.2388824285E+00   2.3768292694E+00   1.6962124840E-03   2.2433463612E+00   2.3837353012E+00   1.9012458588E-03   2.3556295608E+00   2.4151905929E+00   2.0864298065E-03   2.2038521133E+00   2.3747689698E+00   1.5649258785E-03   3.4220701288E-04
   1   -43   0    0   5.7008405484E-01   7.9483766374E+00   2.5200801117E-04   2.0585958614E+00   2.3744664283E+00   2.5950705292E-04   2.1394943995E+00   2.3377212892E+00   6.0631879453E-04   2.2388855563E+00   2.3768895773E+00   1.6962716565E-03   2.2434786408E+00   2.3838114618E+00   1.9012800130E-03   2.3557122712E+00   2.4152710535E+00   2.0864279223E-03   2.2039986479E+00   2.3748477233E+00   1.5650321095E-03   3.4221234240E-04
   1   -44   0    0   5.6008839048E-01   7.9485791567E+00   2.5193107368E-04   2.0585378269E+00   2.3745197406E+00   2.5956741777E-04   2.1394315091E+00   2.3377971986E+00   6.0677764404E-04   2.2388887624E+00   2.3769511669E+00   1.6963320214E-03   2.2436136874E+00   2.3838892086E+00   1.9013148457E-03   2.3557967009E+00   2.4153531865E+00   2.0864259984E-03   2.2041481921E+00   2.3749281147E+00   1.5651404553E-03   3.4221778326E-04
   1   -45   0    0   5.5009290827E-01   7.9487858909E+00   2.5185260059E-04   2.0584785736E+00   2.3745741936E+00   2.5962899475E-04   2.1393672869E+00   2.3378746936E+00   6.0724548428E-04   2.2388920488E+00   2.3770140625E+00   1.6963935984E-03   2.2437515515E+00   2.3839685702E+00   1.9013503676E-03   2.3558828806E+00   2.4154370220E+00   2.0864240340E-03   2.2043007984E+00   2.3750101734E+00   1.5652509498E-03   3.4222333747E-04
   1   -46   0    0   5.4009761532E-01   7.9489969158E+00   2.5177256707E-04   2.0584180787E+00   2.3746298092E+00   2.5969180376E-04   2.1393017085E+00   2.3379538028E+00   6.0772245337E-04   2.2388954172E+00   2.3770782886E+00   1.6964564074E-03   2.2438922840E+00   2.3840495755E+00   1.9013865897E-03   2.3559708417E+00   2.4155225904E+00   2.0864220285E-03   2.2044565197E+00   2.3750939292E+00   1.5653636272E-03   3.4222900709E-04
   1   -47   0    0   5.3010251899E-01   7.9492123081E+00   2.5169094815E-04   2.0583563193E+00   2.3746866097E+00   2.5975586482E-04   2.1392347490E+00   2.3380345555E+00   6.0820868986E-04   2.2388988694E+00   2.3771438700E+00   1.6965204684E-03   2.2440359364E+00   2.3841322539E+00   1.9014235229E-03   2.3560606157E+00   2.4156099222E+00   2.0864199809E-03   2.2046154093E+00   2.3751794121E+00   1.5654785217E-03   3.4223479418E-04
   1   -48   0    0   5.2010762689E-01   7.9494321452E+00   2.5160771874E-04   2.0582932722E+00   2.3747446174E+00   2.5982119811E-04   2.1391663834E+00   2.3381169809E+00   6.0870433268E-04   2.2389024074E+00   2.3772108320E+00   1.6965858017E-03   2.2441825607E+00   2.3842166348E+00   1.9014611781E-03   2.3561522344E+00   2.4156990487E+00   2.0864178907E-03   2.2047775209E+00   2.3752666527E+00   1.5655956679E-03   3.4224070083E-04
   1   -49   0    0   5.1011294686E-01   7.9496565054E+00   2.5152285363E-04   2.0582289137E+00   2.3748038550E+00   2.5988782388E-04   2.1390965864E+00   2.3382011089E+00   6.0920952102E-04   2.2389060330E+00   2.3772791999E+00   1.6966524275E-03   2.2443322095E+00   2.3843027480E+00   1.9014995664E-03   2.3562457300E+00   2.4157900009E+00   2.0864157570E-03   2.2049429088E+00   2.3753556814E+00   1.5657151003E-03   3.4224672917E-04
   1   -50   0    0   5.0011848703E-01   7.9498854677E+00   2.5143632749E-04   2.0581632200E+00   2.3748643458E+00   2.5995576250E-04   2.1390253324E+00   2.3382869695E+00   6.0972439424E-04   2.2389097482E+00   2.3773489996E+00   1.6967203661E-03   2.2444849359E+00   2.3843906238E+00   1.9015386989E-03   2.3563411350E+00   2.4158828106E+00   2.0864135790E-03   2.2051116277E+00   2.3754465295E+00   1.5658368537E-03   3.4225288131E-04
   1   -51   0    0   4.9012425578E-01   7.9501191118E+00   2.5134811494E-04   2.0580961670E+00   2.3749261128E+00   2.6002503442E-04   2.1389525959E+00   2.3383745930E+00   6.1024909179E-04   2.2389135548E+00   2.3774202570E+00   1.6967896380E-03   2.2446407935E+00   2.3844802925E+00   1.9015785866E-03   2.3564384821E+00   2.4159775095E+00   2.0864113560E-03   2.2052837324E+00   2.3755392280E+00   1.5659609627E-03   3.4225915942E-04
   1   -52   0    0   4.8013026175E-01   7.9503575181E+00   2.5125819048E-04   2.0580277303E+00   2.3749891798E+00   2.6009566017E-04   2.1388783507E+00   2.3384640101E+00   6.1078375311E-04   2.2389174547E+00   2.3774929986E+00   1.6968602638E-03   2.2447998363E+00   2.3845717848E+00   1.9016192405E-03   2.3565378044E+00   2.4160741297E+00   2.0864090872E-03   2.2054592784E+00   2.3756338085E+00   1.5660874622E-03   3.4226556566E-04
   1   -53   0    0   4.7013651387E-01   7.9506007677E+00   2.5116652859E-04   2.0579578850E+00   2.3750535707E+00   2.6016766035E-04   2.1388025708E+00   2.3385552515E+00   6.1132851752E-04   2.2389214500E+00   2.3775672509E+00   1.6969322640E-03   2.2449621188E+00   2.3846651317E+00   1.9016606719E-03   2.3566391351E+00   2.4161727038E+00   2.0864067717E-03   2.2056383213E+00   2.3757303029E+00   1.5662163872E-03   3.4227210223E-04
   1   -54   0    0   4.6014302135E-01   7.9508489423E+00   2.5107310368E-04   2.0578866063E+00   2.3751193095E+00   2.6024105562E-04   2.1387252299E+00   2.3386483486E+00   6.1188352410E-04   2.2389255426E+00   2.3776430409E+00   1.6970056592E-03   2.2451276961E+00   2.3847603641E+00   1.9017028917E-03   2.3567425079E+00   2.4162732643E+00   2.0864044088E-03   2.2058209171E+00   2.3758287430E+00   1.5663477726E-03   3.4227877134E-04
   1   -55   0    0   4.5014979367E-01   7.9511021244E+00   2.5097789015E-04   2.0578138688E+00   2.3751864207E+00   2.6031586666E-04   2.1386463015E+00   2.3387433326E+00   6.1244891161E-04   2.2389297345E+00   2.3777203956E+00   1.6970804703E-03   2.2452966235E+00   2.3848575137E+00   1.9017459112E-03   2.3568479564E+00   2.4163758441E+00   2.0864019977E-03   2.2060071221E+00   2.3759291612E+00   1.5664816532E-03   3.4228557522E-04
   1   -56   0    0   4.4015684062E-01   7.9513603968E+00   2.5088086239E-04   2.0577396471E+00   2.3752549289E+00   2.6039211419E-04   2.1385657590E+00   2.3388402352E+00   6.1302481834E-04   2.2389340276E+00   2.3777993426E+00   1.6971567178E-03   2.2454689568E+00   2.3849566119E+00   1.9017897413E-03   2.3569555147E+00   2.4164804762E+00   2.0863995375E-03   2.2061969928E+00   2.3760315900E+00   1.5666180639E-03   3.4229251610E-04
   1   -57   0    0   4.3016417227E-01   7.9516238431E+00   2.5078199480E-04   2.0576639152E+00   2.3753248590E+00   2.6046981895E-04   2.1384835756E+00   2.3389390883E+00   6.1361138201E-04   2.2389384238E+00   2.3778799095E+00   1.6972344225E-03   2.2456447522E+00   2.3850576907E+00   1.9018343931E-03   2.3570652171E+00   2.4165871940E+00   2.0863970274E-03   2.2063905858E+00   2.3761360620E+00   1.5667570396E-03   3.4229959626E-04
   1   -58   0    0   4.2017179899E-01   7.9518925472E+00   2.5068126180E-04   2.0575866471E+00   2.3753962363E+00   2.6054900166E-04   2.1383997244E+00   2.3390399240E+00   6.1420873964E-04   2.2389429253E+00   2.3779621241E+00   1.6973136053E-03   2.2458240661E+00   2.3851607820E+00   1.9018798777E-03   2.3571770979E+00   2.4166960310E+00   2.0863944666E-03   2.2065879582E+00   2.3762426101E+00   1.5668986149E-03   3.4230681795E-04
   1   -59   0    0   4.1017973147E-01   7.9521665937E+00   2.5057863789E-04   2.0575078165E+00   2.3754690861E+00   2.6062968304E-04   2.1383141785E+00   2.3391427745E+00   6.1481702742E-04   2.2389475338E+00   2.3780460147E+00   1.6973942866E-03   2.2460069554E+00   2.3852659180E+00   1.9019262060E-03   2.3572911919E+00   2.4168070207E+00   2.0863918543E-03   2.2067891668E+00   2.3763512673E+00   1.5670428246E-03   3.4231418348E-04
   1   -60   0    0   4.0018798067E-01   7.9524460674E+00   2.5047409760E-04   2.0574273967E+00   2.3755434340E+00   2.6071188378E-04   2.1382269109E+00   2.3392476724E+00   6.1543638057E-04   2.2389522514E+00   2.3781316096E+00   1.6974764874E-03   2.2461934773E+00   2.3853731311E+00   1.9019733890E-03   2.3574075336E+00   2.4169201971E+00   2.0863891895E-03   2.2069942689E+00   2.3764620669E+00   1.5671897030E-03   3.4232169513E-04
   1   -61   0    0   3.9019655791E-01   7.9527310536E+00   2.5036761559E-04   2.0573453610E+00   2.3756193058E+00   2.6079562450E-04   2.1381378944E+00   2.3393546503E+00   6.1606693322E-04   2.2389570800E+00   2.3782189374E+00   1.6975602281E-03   2.2463836890E+00   2.3854824537E+00   1.9020214376E-03   2.3575261581E+00   2.4170355941E+00   2.0863864716E-03   2.2072033217E+00   2.3765750421E+00   1.5673392845E-03   3.4232935523E-04
   1   -62   0    0   3.8020547478E-01   7.9530216380E+00   2.5025916661E-04   2.0572616822E+00   2.3756967277E+00   2.6088092576E-04   2.1380471020E+00   2.3394637409E+00   6.1670881824E-04   2.2389620215E+00   2.3783080268E+00   1.6976455294E-03   2.2465776483E+00   2.3855939186E+00   1.9020703624E-03   2.3576471004E+00   2.4171532457E+00   2.0863836995E-03   2.2074163824E+00   2.3766902265E+00   1.5674916032E-03   3.4233716608E-04
   1   -63   0    0   3.7021474322E-01   7.9533179063E+00   2.5014872555E-04   2.0571763330E+00   2.3757757258E+00   2.6096780806E-04   2.1379545066E+00   2.3395749773E+00   6.1736216712E-04   2.2389670778E+00   2.3783989068E+00   1.6977324117E-03   2.2467754129E+00   2.3857075583E+00   1.9021201743E-03   2.3577703955E+00   2.4172731862E+00   2.0863808725E-03   2.2076335082E+00   2.3768076535E+00   1.5676466929E-03   3.4234513003E-04
   1   -64   0    0   3.6022437546E-01   7.9536199449E+00   2.5003626749E-04   2.0570892859E+00   2.3758563267E+00   2.6105629177E-04   2.1378600811E+00   2.3396883925E+00   6.1802710982E-04   2.2389722507E+00   2.3784916065E+00   1.6978208954E-03   2.2469770408E+00   2.3858234057E+00   1.9021708839E-03   2.3578960788E+00   2.4173954497E+00   2.0863779898E-03   2.2078547563E+00   2.3769273569E+00   1.5678045871E-03   3.4235324941E-04
   1   -65   0    0   3.5023438407E-01   7.9539278399E+00   2.4992176765E-04   2.0570005131E+00   2.3759385568E+00   2.6114639714E-04   2.1377637985E+00   2.3398040196E+00   6.1870377459E-04   2.2389775421E+00   2.3785861551E+00   1.6979110007E-03   2.2471825900E+00   2.3859414938E+00   1.9022225017E-03   2.3580241854E+00   2.4175200706E+00   2.0863750504E-03   2.2080801838E+00   2.3770493702E+00   1.5679653192E-03   3.4236152655E-04
   1   -66   0    0   3.4024478195E-01   7.9542416777E+00   2.4980520151E-04   2.0569099866E+00   2.3760224429E+00   2.6123814429E-04   2.1376656318E+00   2.3399218918E+00   6.1939228783E-04   2.2389829538E+00   2.3786825821E+00   1.6980027479E-03   2.2473921188E+00   2.3860618554E+00   1.9022750380E-03   2.3581547508E+00   2.4176470833E+00   2.0863720535E-03   2.2083098474E+00   2.3771737273E+00   1.5681289220E-03   3.4236996382E-04
   1   -67   0    0   3.3025558229E-01   7.9545615450E+00   2.4968654476E-04   2.0568176781E+00   2.3761080121E+00   2.6133155318E-04   2.1375655543E+00   2.3400420424E+00   6.2009277394E-04   2.2389884875E+00   2.3787809169E+00   1.6980961568E-03   2.2476056854E+00   2.3861845234E+00   1.9023285032E-03   2.3582878101E+00   2.4177765220E+00   2.0863689982E-03   2.2085438040E+00   2.3773004619E+00   1.5682954282E-03   3.4237856355E-04
   1   -68   0    0   3.2026679863E-01   7.9548875281E+00   2.4956577335E-04   2.0567235594E+00   2.3761952912E+00   2.6142664358E-04   2.1374635392E+00   2.3401645048E+00   6.2080535512E-04   2.2389941448E+00   2.3788811893E+00   1.6981912472E-03   2.2478233478E+00   2.3863095308E+00   1.9023829074E-03   2.3584233987E+00   2.4179084211E+00   2.0863658838E-03   2.2087821099E+00   2.3774296078E+00   1.5684648697E-03   3.4238732811E-04
   1   -69   0    0   3.1027844483E-01   7.9552197135E+00   2.4944286354E-04   2.0566276018E+00   2.3762843075E+00   2.6152343506E-04   2.1373595601E+00   2.3402893122E+00   6.2153015125E-04   2.2389999275E+00   2.3789834289E+00   1.6982880387E-03   2.2480451644E+00   2.3864369106E+00   1.9024382606E-03   2.3585615519E+00   2.4180428149E+00   2.0863627092E-03   2.2090248214E+00   2.3775611985E+00   1.5686372782E-03   3.4239625983E-04
   1   -70   0    0   3.0029053507E-01   7.9555581874E+00   2.4931779190E-04   2.0565297765E+00   2.3763750882E+00   2.6162194696E-04   2.1372535908E+00   2.3404164980E+00   6.2226727966E-04   2.2390058369E+00   2.3790876655E+00   1.6983865506E-03   2.2482711931E+00   2.3865666956E+00   1.9024945725E-03   2.3587023048E+00   2.4181797375E+00   2.0863594737E-03   2.2092719940E+00   2.3776952679E+00   1.5688126849E-03   3.4240536108E-04
   1   -71   0    0   2.9030308385E-01   7.9559030360E+00   2.4919053536E-04   2.0564300545E+00   2.3764676607E+00   2.6172219836E-04   2.1371456052E+00   2.3405460954E+00   6.2301685502E-04   2.2390118747E+00   2.3791939289E+00   1.6984868020E-03   2.2485014919E+00   2.3866989185E+00   1.9025518528E-03   2.3588456925E+00   2.4183192233E+00   2.0863561764E-03   2.2095236831E+00   2.3778318493E+00   1.5689911205E-03   3.4241463419E-04
   1   -72   0    0   2.8031610599E-01   7.9562543450E+00   2.4906107121E-04   2.0563284069E+00   2.3765620523E+00   2.6182420811E-04   2.1370355777E+00   2.3406781375E+00   6.2377898909E-04   2.2390180422E+00   2.3793022490E+00   1.6985888117E-03   2.2487361185E+00   2.3868336121E+00   1.9026101109E-03   2.3589917499E+00   2.4184613060E+00   2.0863528165E-03   2.2097799437E+00   2.3779709762E+00   1.5691726147E-03   3.4242408151E-04
   1   -73   0    0   2.7032961662E-01   7.9566121999E+00   2.4892937717E-04   2.0562248042E+00   2.3766582906E+00   2.6192799472E-04   2.1369234829E+00   2.3408126576E+00   6.2455379062E-04   2.2390243406E+00   2.3794126556E+00   1.6986925983E-03   2.2489751304E+00   2.3869708089E+00   1.9026693561E-03   2.3591405120E+00   2.4186060197E+00   2.0863493931E-03   2.2100408299E+00   2.3781126820E+00   1.5693571972E-03   3.4243370536E-04
   1   -74   0    0   2.6034363119E-01   7.9569766856E+00   2.4879543138E-04   2.0561192171E+00   2.3767564030E+00   2.6203357640E-04   2.1368092958E+00   2.3409496885E+00   6.2534136509E-04   2.2390307713E+00   2.3795251786E+00   1.6987981800E-03   2.2492185846E+00   2.3871105413E+00   1.9027295974E-03   2.3592920131E+00   2.4187533978E+00   2.0863459053E-03   2.2103063954E+00   2.3782569996E+00   1.5695448966E-03   3.4244350807E-04
   1   -75   0    0   2.5035816545E-01   7.9573478866E+00   2.4865921247E-04   2.0560116161E+00   2.3768564170E+00   2.6214097103E-04   2.1366929919E+00   2.3410892631E+00   6.2614181458E-04   2.2390373351E+00   2.3796398478E+00   1.6989055746E-03   2.2494665380E+00   2.3872528415E+00   1.9027908435E-03   2.3594462879E+00   2.4189034739E+00   2.0863423522E-03   2.2105766932E+00   2.3784039620E+00   1.5697357409E-03   3.4245349194E-04
   1   -76   0    0   2.4037323545E-01   7.9577258869E+00   2.4852069956E-04   2.0559019715E+00   2.3769583601E+00   2.6225019609E-04   2.1365745472E+00   2.3412314141E+00   6.2695523757E-04   2.2390440332E+00   2.3797566928E+00   1.6990147997E-03   2.2497190470E+00   2.3873977415E+00   1.9028531029E-03   2.3596033702E+00   2.4190562812E+00   2.0863387332E-03   2.2108517757E+00   2.3785536018E+00   1.5699297574E-03   3.4246365928E-04
   1   -77   0    0   2.3038885754E-01   7.9581107695E+00   2.4837987229E-04   2.0557902535E+00   2.3770622596E+00   2.6236126870E-04   2.1364539381E+00   2.3413761737E+00   6.2778172872E-04   2.2390508662E+00   2.3798757433E+00   1.6991258723E-03   2.2499761675E+00   2.3875452729E+00   1.9029163840E-03   2.3597632940E+00   2.4192118524E+00   2.0863350473E-03   2.2111316941E+00   2.3787059514E+00   1.5701269724E-03   3.4247401235E-04
   1   -78   0    0   2.2040504835E-01   7.9585026170E+00   2.4823671090E-04   2.0556764322E+00   2.3771681431E+00   2.6247420554E-04   2.1363311417E+00   2.3415235742E+00   6.2862137875E-04   2.2390578349E+00   2.3799970289E+00   1.6992388091E-03   2.2502379549E+00   2.3876954672E+00   1.9029806947E-03   2.3599260928E+00   2.4193702203E+00   2.0863312936E-03   2.2114164991E+00   2.3788610429E+00   1.5703274117E-03   3.4248455342E-04
   1   -79   0    0   2.1042182479E-01   7.9589015107E+00   2.4809119620E-04   2.0555604777E+00   2.3772760377E+00   2.6258902286E-04   2.1362061357E+00   2.3416736475E+00   6.2947427417E-04   2.2390649397E+00   2.3801205788E+00   1.6993536265E-03   2.2505044638E+00   2.3878483555E+00   1.9030460426E-03   2.3600917996E+00   2.4195314170E+00   2.0863274715E-03   2.2117062403E+00   2.3790189079E+00   1.5705310998E-03   3.4249528472E-04
   1   -80   0    0   2.0043920404E-01   7.9593075314E+00   2.4794330964E-04   2.0554423599E+00   2.3773859707E+00   2.6270573642E-04   2.1360788984E+00   2.3418264252E+00   6.3034049716E-04   2.2390721811E+00   2.3802464222E+00   1.6994703400E-03   2.2507757483E+00   2.3880039685E+00   1.9031124352E-03   2.3602604472E+00   2.4196954743E+00   2.0863235800E-03   2.2120009663E+00   2.3791795778E+00   1.5707380607E-03   3.4250620848E-04
   1   -81   0    0   1.9045720353E-01   7.9597207586E+00   2.4779303334E-04   2.0553220488E+00   2.3774979692E+00   2.6282436150E-04   2.1359494089E+00   2.3419819383E+00   6.3122012533E-04   2.2390795591E+00   2.3803745882E+00   1.6995889651E-03   2.2510518618E+00   2.3881623366E+00   1.9031798796E-03   2.3604320679E+00   2.4198624236E+00   2.0863196183E-03   2.2123007244E+00   2.3793430834E+00   1.5709483170E-03   3.4251732686E-04
   1   -82   0    0   1.8047584096E-01   7.9601412704E+00   2.4764035013E-04   2.0551995142E+00   2.3776120599E+00   2.6294491285E-04   2.1358176472E+00   2.3421402179E+00   6.3211323155E-04   2.2390870738E+00   2.3805051054E+00   1.6997095164E-03   2.2513328568E+00   2.3883234896E+00   1.9032483823E-03   2.3606066933E+00   2.4200322958E+00   2.0863155858E-03   2.2126055610E+00   2.3795094552E+00   1.5711618905E-03   3.4252864205E-04
   1   -83   0    0   1.7049513422E-01   7.9605691442E+00   2.4748524353E-04   2.0550747259E+00   2.3777282695E+00   2.6306740466E-04   2.1356835941E+00   2.3423012942E+00   6.3301988379E-04   2.2390947247E+00   2.3806380022E+00   1.6998320083E-03   2.2516187848E+00   2.3884874570E+00   1.9033179499E-03   2.3607843549E+00   2.4202051213E+00   2.0863114815E-03   2.2129155210E+00   2.3796787232E+00   1.5713788018E-03   3.4254015615E-04
   1   -84   0    0   1.6051510145E-01   7.9610044555E+00   2.4732769787E-04   2.0549476536E+00   2.3778466247E+00   2.6319185056E-04   2.1355472312E+00   2.3424651971E+00   6.3394014487E-04   2.2391025116E+00   2.3807733070E+00   1.6999564542E-03   2.2519096966E+00   2.3886542678E+00   1.9033885883E-03   2.3609650832E+00   2.4203809300E+00   2.0863073047E-03   2.2132306483E+00   2.3798509168E+00   1.5715990706E-03   3.4255187127E-04
   1   -85   0    0   1.5053576099E-01   7.9614472786E+00   2.4716769826E-04   2.0548182673E+00   2.3779671515E+00   2.6331826357E-04   2.1354085413E+00   2.3426319562E+00   6.3487407234E-04   2.2391104336E+00   2.3809110474E+00   1.7000828672E-03   2.2522056418E+00   2.3888239502E+00   1.9034603032E-03   2.3611489084E+00   2.4205597511E+00   2.0863030547E-03   2.2135509849E+00   2.3800260648E+00   1.5718227152E-03   3.4256378946E-04
   1   -86   0    0   1.4055713135E-01   7.9618976861E+00   2.4700523064E-04   2.0546865367E+00   2.3780898759E+00   2.6344665607E-04   2.1352675080E+00   2.3428016003E+00   6.3582171824E-04   2.2391184898E+00   2.3810512510E+00   1.7002112597E-03   2.2525066689E+00   2.3889965321E+00   1.9035330997E-03   2.3613358599E+00   2.4207416132E+00   2.0862987307E-03   2.2138765717E+00   2.3802041955E+00   1.5720497527E-03   3.4257591274E-04
   1   -87   0    0   1.3057923122E-01   7.9623557491E+00   2.4684028181E-04   2.0545524315E+00   2.3782148236E+00   2.6357703980E-04   2.1351241162E+00   2.3429741576E+00   6.3678312898E-04   2.2391266790E+00   2.3811939448E+00   1.7003416434E-03   2.2528128253E+00   2.3891720407E+00   1.9036069827E-03   2.3615259664E+00   2.4209265444E+00   2.0862943320E-03   2.2142074478E+00   2.3803853363E+00   1.5722801991E-03   3.4258824308E-04
   1   -88   0    0   1.2060207942E-01   7.9628215367E+00   2.4667283948E-04   2.0544159217E+00   2.3783420198E+00   2.6370942578E-04   2.1349783520E+00   2.3431496560E+00   6.3775834510E-04   2.2391349995E+00   2.3813391553E+00   1.7004740294E-03   2.2531241569E+00   2.3893505024E+00   1.9036819566E-03   2.3617192559E+00   2.4211145717E+00   2.0862898580E-03   2.2145436507E+00   2.3805695142E+00   1.5725140690E-03   3.4260078240E-04
   1   -89   0    0   1.1062569493E-01   7.9632951162E+00   2.4650289230E-04   2.0542769770E+00   2.3784714895E+00   2.6384382437E-04   2.1348302026E+00   2.3433281222E+00   6.3874740116E-04   2.2391434497E+00   2.3814869088E+00   1.7006084280E-03   2.2534407085E+00   2.3895319430E+00   1.9037580254E-03   2.3619157556E+00   2.4213057216E+00   2.0862853078E-03   2.2148852162E+00   2.3807567553E+00   1.5727513756E-03   3.4261353259E-04
   1   -90   0    0   1.0065009679E-01   7.9637765527E+00   2.4633042985E-04   2.0541355676E+00   2.3786032572E+00   2.6398024515E-04   2.1346796566E+00   2.3435095828E+00   6.3975032550E-04   2.2391520274E+00   2.3816372309E+00   1.7007448488E-03   2.2537625234E+00   2.3897163876E+00   1.9038351925E-03   2.3621154920E+00   2.4215000199E+00   2.0862806808E-03   2.2152321781E+00   2.3809470848E+00   1.5729921307E-03   3.4262649547E-04
   1   -91   0    0   9.0675304157E-02   7.9642659094E+00   2.4615544272E-04   2.0539916634E+00   2.3787373468E+00   2.6411869697E-04   2.1345267040E+00   2.3436940631E+00   6.4076714016E-04   2.2391607300E+00   2.3817901466E+00   1.7008833006E-03   2.2540896434E+00   2.3899038604E+00   1.9039134609E-03   2.3623184904E+00   2.4216974913E+00   2.0862759765E-03   2.2155845686E+00   2.3811405274E+00   1.5732363449E-03   3.4263967281E-04
   1   -92   0    0   8.0701336230E-02   7.9647632470E+00   2.4597792254E-04   2.0538452345E+00   2.3788737821E+00   2.6425918785E-04   2.1343713363E+00   2.3438815881E+00   6.4179786064E-04   2.2391695548E+00   2.3819456805E+00   1.7010237915E-03   2.2544221086E+00   2.3900943848E+00   1.9039928333E-03   2.3625247755E+00   2.4218981597E+00   2.0862711940E-03   2.2159424174E+00   2.3813371066E+00   1.5734840269E-03   3.4265306634E-04
   1   -93   0    0   7.0728212237E-02   7.9652686241E+00   2.4579786196E-04   2.0536962513E+00   2.3790125860E+00   2.6440172505E-04   2.1342135465E+00   2.3440721815E+00   6.4284249581E-04   2.2391784985E+00   2.3821038563E+00   1.7011663287E-03   2.2547599575E+00   2.3902879833E+00   1.9040733118E-03   2.3627343709E+00   2.4221020481E+00   2.0862663330E-03   2.2163057527E+00   2.3815368452E+00   1.5737351844E-03   3.4266667770E-04
   1   -94   0    0   6.0755951411E-02   7.9657820965E+00   2.4561525476E-04   2.0535446840E+00   2.3791537811E+00   2.6454631496E-04   2.1340533292E+00   2.3442658664E+00   6.4390104772E-04   2.2391875576E+00   2.3822646973E+00   1.7013109186E-03   2.2551032270E+00   2.3904846775E+00   1.9041548978E-03   2.3629472993E+00   2.4223091784E+00   2.0862613926E-03   2.2166746000E+00   2.3817397648E+00   1.5739898230E-03   3.4268050848E-04
   1   -95   0    0   5.0784572958E-02   7.9663037176E+00   2.4543009579E-04   2.0533905032E+00   2.3792973894E+00   2.6469296310E-04   2.1338906806E+00   2.3444626649E+00   6.4497351148E-04   2.2391967281E+00   2.3824282259E+00   1.7014575667E-03   2.2554519518E+00   2.3906844880E+00   1.9042375924E-03   2.3631635821E+00   2.4225195717E+00   2.0862563725E-03   2.2170489830E+00   2.3819458863E+00   1.5742479472E-03   3.4269456022E-04
   1   -96   0    0   4.0814096026E-02   7.9668335380E+00   2.4524238106E-04   2.0532336795E+00   2.3794434321E+00   2.6484167414E-04   2.1337255989E+00   2.3446625982E+00   6.4605987514E-04   2.2392060057E+00   2.3825944640E+00   1.7016062777E-03   2.2558061650E+00   2.3908874345E+00   1.9043213962E-03   2.3633832398E+00   2.4227332477E+00   2.0862512721E-03   2.2174289226E+00   2.3821552293E+00   1.5745095596E-03   3.4270883436E-04
   1   -97   0    0   3.0844539677E-02   7.9673716055E+00   2.4505210775E-04   2.0530741838E+00   2.3795919298E+00   2.6499245182E-04   2.1335580837E+00   2.3448656864E+00   6.4716011953E-04   2.2392153853E+00   2.3827634323E+00   1.7017570554E-03   2.2561658974E+00   2.3910935355E+00   1.9044063092E-03   2.3636062917E+00   2.4229502253E+00   2.0862460907E-03   2.2178144377E+00   2.3823678125E+00   1.5747746611E-03   3.4272333228E-04
   1   -98   0    0   2.0875922849E-02   7.9679179649E+00   2.4485927422E-04   2.0529119872E+00   2.3797429026E+00   2.6514529896E-04   2.1333881369E+00   2.3450719485E+00   6.4827421818E-04   2.2392248619E+00   2.3829351512E+00   1.7019099026E-03   2.2565311780E+00   2.3913028084E+00   1.9044923307E-03   2.3638327559E+00   2.4231705220E+00   2.0862408281E-03   2.2182055445E+00   2.3825836532E+00   1.5750432510E-03   3.4273805528E-04
   1   -99   0    0   1.0908264328E-02   7.9684726578E+00   2.4466388006E-04   2.0527470609E+00   2.3798963696E+00   2.6530021742E-04   2.1332157623E+00   2.3452814026E+00   6.4940213717E-04   2.2392344296E+00   2.3831096397E+00   1.7020648210E-03   2.2569020334E+00   2.3915152697E+00   1.9045794598E-03   2.3640626492E+00   2.4233941542E+00   2.0862354837E-03   2.2186022566E+00   2.3828027678E+00   1.5753153270E-03   3.4275300460E-04
   1  -100   0    0   9.4158270943E-04   7.9690357228E+00   2.4446592609E-04   2.0525793765E+00   2.3800523493E+00   2.6545720810E-04   2.1330409655E+00   2.3454940655E+00   6.5054383509E-04   2.2392440821E+00   2.3832869164E+00   1.7022218117E-03   2.2572784880E+00   2.3917309344E+00   1.9046676946E-03   2.3642959873E+00   2.4236211370E+00   2.0862300570E-03   2.2190045851E+00   2.3830251714E+00   1.5755908847E-03   3.4276818138E-04
   1  -101   0    0  -9.0241036379E-03   7.9696071951E+00   2.4426541441E-04   2.0524089055E+00   2.3802108592E+00   2.6561627092E-04   2.1328637545E+00   2.3457099527E+00   6.5169926288E-04   2.2392538128E+00   2.3834669985E+00   1.7023808745E-03   2.2576605638E+00   2.3919498165E+00   1.9047570330E-03   2.3645327843E+00   2.4238514844E+00   2.0862245478E-03   2.2194125382E+00   2.3832508776E+00   1.5758699183E-03   3.4278358667E-04
   1  -102   0    0  -1.8988776607E-02   7.9701871065E+00   2.4406234838E-04   2.0522356202E+00   2.3803719163E+00   2.6577740479E-04   2.1326841392E+00   2.3459290787E+00   6.5286836380E-04   2.2392636143E+00   2.3836499025E+00   1.7025420084E-03   2.2580482805E+00   2.3921719286E+00   1.9048474720E-03   2.3647730531E+00   2.4240852087E+00   2.0862189555E-03   2.2198261213E+00   2.3834798991E+00   1.5761524199E-03   3.4279922144E-04
   1  -103   0    0  -2.8952418394E-02   7.9707754852E+00   2.4385673267E-04   2.0520594927E+00   2.3805355363E+00   2.6594060758E-04   2.1325021320E+00   2.3461514567E+00   6.5405107335E-04   2.2392734788E+00   2.3838356437E+00   1.7027052112E-03   2.2584416552E+00   2.3923972822E+00   1.9049390083E-03   2.3650168052E+00   2.4243223211E+00   2.0862132800E-03   2.2202453372E+00   2.3837122469E+00   1.5764383800E-03   3.4281508656E-04
   1  -104   0    0  -3.8915011532E-02   7.9713723559E+00   2.4364857327E-04   2.0518804957E+00   2.3807017342E+00   2.6610587616E-04   2.1323177475E+00   2.3463770985E+00   6.5524731919E-04   2.2392833980E+00   2.3840242365E+00   1.7028704798E-03   2.2588407024E+00   2.3926258871E+00   1.9050316379E-03   2.3652640505E+00   2.4245628314E+00   2.0862075209E-03   2.2206701854E+00   2.3839479307E+00   1.5767277869E-03   3.4283118284E-04
   1  -105   0    0  -4.8876538936E-02   7.9719777393E+00   2.4343787751E-04   2.0516986021E+00   2.3808705239E+00   2.6627320630E-04   2.1321310025E+00   2.3466060145E+00   6.5645702112E-04   2.2392933629E+00   2.3842156941E+00   1.7030378099E-03   2.2592454339E+00   2.3928577520E+00   1.9051253561E-03   2.3655147976E+00   2.4248067476E+00   2.0862016779E-03   2.2211006626E+00   2.3841869590E+00   1.5770206275E-03   3.4284751094E-04
   1  -106   0    0  -5.8836983941E-02   7.9725916524E+00   2.4322465406E-04   2.0515137852E+00   2.3810419186E+00   2.6644259275E-04   2.1319419166E+00   2.3468382138E+00   6.5768009099E-04   2.2393033641E+00   2.3844100284E+00   1.7032071963E-03   2.2596558589E+00   2.3930928842E+00   1.9052201577E-03   2.3657690534E+00   2.4250540767E+00   2.0861957509E-03   2.2215367623E+00   2.3844293385E+00   1.5773168863E-03   3.4286407146E-04
   1  -107   0    0  -6.8796330344E-02   7.9732141084E+00   2.4300891297E-04   2.0513260187E+00   2.3812159301E+00   2.6661402915E-04   2.1317505115E+00   2.3470737040E+00   6.5891643274E-04   2.2393133915E+00   2.3846072505E+00   1.7033786327E-03   2.2600719837E+00   2.3933312894E+00   1.9053160368E-03   2.3660268232E+00   2.4253048237E+00   2.0861897396E-03   2.2219784751E+00   2.3846750745E+00   1.5776165463E-03   3.4288086487E-04
   1  -108   0    0  -7.8754562442E-02   7.9738451161E+00   2.4279066564E-04   2.0511352766E+00   2.3813925693E+00   2.6678750806E-04   2.1315568116E+00   2.3473124914E+00   6.6016594232E-04   2.2393234344E+00   2.3848073699E+00   1.7035521117E-03   2.2604938117E+00   2.3935729717E+00   1.9054129871E-03   2.3662881107E+00   2.4255589923E+00   2.0861836438E-03   2.2224257882E+00   2.3849241709E+00   1.5779195884E-03   3.4289789157E-04
   1  -109   0    0  -8.8711665081E-02   7.9744846804E+00   2.4256992488E-04   2.0509415334E+00   2.3815718459E+00   2.6696302096E-04   2.1313608439E+00   2.3475545806E+00   6.6142850772E-04   2.2393334815E+00   2.3850103950E+00   1.7037276246E-03   2.2609213433E+00   2.3938179340E+00   1.9055110013E-03   2.3665529182E+00   2.4258165845E+00   2.0861774636E-03   2.2228786856E+00   2.3851766298E+00   1.5782259917E-03   3.4291515182E-04
   1  -110   0    0  -9.8667623691E-02   7.9751328019E+00   2.4234670487E-04   2.0507447640E+00   2.3817537686E+00   2.6714055819E-04   2.1311626381E+00   2.3477999746E+00   6.6270400895E-04   2.2393435209E+00   2.3852163329E+00   1.7039051618E-03   2.2613545760E+00   2.3940661773E+00   1.9056100718E-03   2.3668212458E+00   2.4260776007E+00   2.0861711987E-03   2.2233371480E+00   2.3854324519E+00   1.5785357330E-03   3.4293264578E-04
   1  -111   0    0  -1.0862242433E-01   7.9757894767E+00   2.4212102120E-04   2.0505449438E+00   2.3819383447E+00   2.6732010899E-04   2.1309622262E+00   2.3480486751E+00   6.6399231808E-04   2.2393535400E+00   2.3854251893E+00   1.7040847126E-03   2.2617935041E+00   2.3943177013E+00   1.9057101904E-03   2.3670930924E+00   2.4263420395E+00   2.0861648492E-03   2.2238011529E+00   2.3856916361E+00   1.5788487877E-03   3.4295037349E-04
   1  -112   0    0  -1.1857605374E-01   7.9764546967E+00   2.4189289087E-04   2.0503420487E+00   2.3821255805E+00   2.6750166150E-04   2.1307596434E+00   2.3483006819E+00   6.6529329923E-04   2.2393635257E+00   2.3856369686E+00   1.7042662651E-03   2.2622381189E+00   2.3945725037E+00   1.9058113480E-03   2.3673684549E+00   2.4266098980E+00   2.0861584150E-03   2.2242706743E+00   2.3859541796E+00   1.5791651289E-03   3.4296833490E-04
   1  -113   0    0  -1.2852849935E-01   7.9771284491E+00   2.4166233226E-04   2.0501360551E+00   2.3823154809E+00   2.6768520270E-04   2.1305549272E+00   2.3485559934E+00   6.6660680864E-04   2.2393734642E+00   2.3858516738E+00   1.7044498063E-03   2.2626884083E+00   2.3948305810E+00   1.9059135351E-03   2.3676473283E+00   2.4268811713E+00   2.0861518962E-03   2.2247456828E+00   2.3862200781E+00   1.5794847279E-03   3.4298652982E-04
   1  -114   0    0  -1.3847974937E-01   7.9778107169E+00   2.4142936519E-04   2.0499269398E+00   2.3825080497E+00   2.6787071847E-04   2.1303481181E+00   2.3488146060E+00   6.6793269467E-04   2.2393833410E+00   2.3860693064E+00   1.7046353221E-03   2.2631443572E+00   2.3950919276E+00   1.9060167416E-03   2.3679297059E+00   2.4271558529E+00   2.0861452929E-03   2.2252261455E+00   2.3864893254E+00   1.5798075539E-03   3.4300495793E-04
   1  -115   0    0  -1.4842979281E-01   7.9785014779E+00   2.4119401086E-04   2.0497146805E+00   2.3827032890E+00   2.6805819354E-04   2.1301392592E+00   2.3490765148E+00   6.6927079790E-04   2.2393931410E+00   2.3862898664E+00   1.7048227971E-03   2.2636059471E+00   2.3953565363E+00   1.9061209566E-03   2.3682155793E+00   2.4274339346E+00   2.0861386053E-03   2.2257120261E+00   2.3867619134E+00   1.5801335743E-03   3.4302361882E-04
   1  -116   0    0  -1.5837861949E-01   7.9792007056E+00   2.4095629189E-04   2.0494992553E+00   2.3829012000E+00   2.6824761152E-04   2.1299283965E+00   2.3493417128E+00   6.7062095119E-04   2.2394028486E+00   2.3865133525E+00   1.7050122151E-03   2.2640731559E+00   2.3956243984E+00   1.9062261688E-03   2.3685049379E+00   2.4277154061E+00   2.0861318334E-03   2.2262032850E+00   2.3870378326E+00   1.5804627546E-03   3.4304251194E-04
   1  -117   0    0  -1.6832622014E-01   7.9799083685E+00   2.4071623232E-04   2.0492806430E+00   2.3831017823E+00   2.6843895488E-04   2.1297155788E+00   2.3496101915E+00   6.7198297969E-04   2.2394124473E+00   2.3867397617E+00   1.7052035585E-03   2.2645459586E+00   2.3958955031E+00   1.9063323662E-03   2.3687977695E+00   2.4280002554E+00   2.0861249776E-03   2.2266998786E+00   2.3873170713E+00   1.5807950584E-03   3.4306163662E-04
   1  -118   0    0  -1.7827258639E-01   7.9806244304E+00   2.4047385755E-04   2.0490588229E+00   2.3833050342E+00   2.6863220497E-04   2.1295008574E+00   2.3498819404E+00   6.7335670102E-04   2.2394219203E+00   2.3869690895E+00   1.7053968086E-03   2.2650243263E+00   2.3961698380E+00   1.9064395361E-03   2.3690940599E+00   2.4282884687E+00   2.0861180380E-03   2.2272017603E+00   2.3875996162E+00   1.5811304472E-03   3.4308099204E-04
   1  -119   0    0  -1.8821771084E-01   7.9813488502E+00   2.4022919441E-04   2.0488337754E+00   2.3835109523E+00   2.6882734201E-04   2.1292842867E+00   2.3501569474E+00   6.7474192526E-04   2.2394312498E+00   2.3872013298E+00   1.7055919456E-03   2.2655082270E+00   2.3964473888E+00   1.9065476653E-03   2.3693937928E+00   2.4285800303E+00   2.0861110150E-03   2.2277088796E+00   2.3878854521E+00   1.5814688808E-03   3.4310057729E-04
   1  -120   0    0  -1.9816158709E-01   7.9820815818E+00   2.3998227109E-04   2.0486054813E+00   2.3837195321E+00   2.6902434508E-04   2.1290659237E+00   2.3504351985E+00   6.7613845514E-04   2.2394404177E+00   2.3874364750E+00   1.7057889487E-03   2.2659976250E+00   2.3967281396E+00   1.9066567400E-03   2.3696969502E+00   2.4288749224E+00   2.0861039090E-03   2.2282211826E+00   2.3881745619E+00   1.5818103170E-03   3.4312039131E-04
   1  -121   0    0  -2.0810420974E-01   7.9828225741E+00   2.3973311717E-04   2.0483739224E+00   2.3839307674E+00   2.6922319216E-04   2.1288458281E+00   2.3507166777E+00   6.7754608606E-04   2.2394494053E+00   2.3876745156E+00   1.7059877958E-03   2.2664924811E+00   2.3970120723E+00   1.9067667458E-03   2.3700035120E+00   2.4291731256E+00   2.0860967203E-03   2.2287386119E+00   2.3884669266E+00   1.5821547119E-03   3.4314043290E-04
   1  -122   0    0  -2.1804557450E-01   7.9835717711E+00   2.3948176359E-04   2.0481390811E+00   2.3841446507E+00   2.6942386010E-04   2.1286240623E+00   2.3510013674E+00   6.7896460627E-04   2.2394581930E+00   2.3879154409E+00   1.7061884637E-03   2.2669927528E+00   2.3972991672E+00   1.9068776678E-03   2.3703134560E+00   2.4294746182E+00   2.0860894493E-03   2.2292611064E+00   2.3887625254E+00   1.5825020196E-03   3.4316070074E-04
   1  -123   0    0  -2.2798567815E-01   7.9843291116E+00   2.3922824267E-04   2.0479009409E+00   2.3843611728E+00   2.6962632465E-04   2.1284006912E+00   2.3512892479E+00   6.8039379693E-04   2.2394667610E+00   2.3881592381E+00   1.7063909282E-03   2.2674983939E+00   2.3975894027E+00   1.9069894902E-03   2.3706267582E+00   2.4297793769E+00   2.0860820967E-03   2.2297886016E+00   2.3890613354E+00   1.5828521923E-03   3.4318119338E-04
   1  -124   0    0  -2.3792451862E-01   7.9850945294E+00   2.3897258804E-04   2.0476594862E+00   2.3845803229E+00   2.6983056045E-04   2.1281757826E+00   2.3515802978E+00   6.8183343228E-04   2.2394750888E+00   2.3884058930E+00   1.7065951641E-03   2.2680093544E+00   2.3978827552E+00   1.9071021971E-03   2.3709433925E+00   2.4300873762E+00   2.0860746628E-03   2.2303210296E+00   2.3893633319E+00   1.5832051807E-03   3.4320190924E-04
   1  -125   0    0  -2.4786209499E-01   7.9858679533E+00   2.3871483470E-04   2.0474147023E+00   2.3848020890E+00   2.7003654106E-04   2.1279494066E+00   2.3518744937E+00   6.8328327974E-04   2.2394831553E+00   2.3886553895E+00   1.7068011447E-03   2.2685255812E+00   2.3981791995E+00   1.9072157717E-03   2.3712633308E+00   2.4303985888E+00   2.0860671483E-03   2.2308583187E+00   2.3896684883E+00   1.5835609334E-03   3.4322284658E-04
   1  -126   0    0  -2.5779840756E-01   7.9866493069E+00   2.3845501893E-04   2.0471665754E+00   2.3850264571E+00   2.7024423893E-04   2.1277216358E+00   2.3521718101E+00   6.8474310004E-04   2.2394909391E+00   2.3889077100E+00   1.7070088425E-03   2.2690470173E+00   2.3984787081E+00   1.9073301967E-03   2.3715865429E+00   2.4307129854E+00   2.0860595539E-03   2.2314003941E+00   2.3899767761E+00   1.5839193974E-03   3.4324400355E-04
   1  -127   0    0  -2.6773345781E-01   7.9874385087E+00   2.3819317836E-04   2.0469150930E+00   2.3852534119E+00   2.7045362545E-04   2.1274925452E+00   2.3524722200E+00   6.8621264737E-04   2.2394984182E+00   2.3891628350E+00   1.7072182291E-03   2.2695736023E+00   2.3987812519E+00   1.9074454544E-03   2.3719129967E+00   2.4310305345E+00   2.0860518801E-03   2.2319471773E+00   2.3902881646E+00   1.5842805180E-03   3.4326537815E-04
   1  -128   0    0  -2.7766724851E-01   7.9882354720E+00   2.3792935189E-04   2.0466602435E+00   2.3854829364E+00   2.7066467095E-04   2.1272622121E+00   2.3527756941E+00   6.8769166951E-04   2.2395055701E+00   2.3894207433E+00   1.7074292745E-03   2.2701052722E+00   2.3990867998E+00   1.9075615264E-03   2.3722426579E+00   2.4313512030E+00   2.0860441278E-03   2.2324985865E+00   2.3906026215E+00   1.5846442386E-03   3.4328696826E-04
   1  -129   0    0  -2.8759978365E-01   7.9890401052E+00   2.3766357969E-04   2.0464020167E+00   2.3857150120E+00   2.7087734466E-04   2.1270307161E+00   2.3530822013E+00   6.8917990798E-04   2.2395123722E+00   2.3896814122E+00   1.7076419483E-03   2.2706419595E+00   2.3993953188E+00   1.9076783938E-03   2.3725754904E+00   2.4316749556E+00   2.0860362977E-03   2.2330545366E+00   2.3909201124E+00   1.5850105011E-03   3.4330877161E-04
   1  -130   0    0  -2.9753106855E-01   7.9898523114E+00   2.3739590320E-04   2.0461404035E+00   2.3859496185E+00   2.7109161482E-04   2.1267981386E+00   2.3533917085E+00   6.9067709817E-04   2.2395188011E+00   2.3899448167E+00   1.7078562184E-03   2.2711835931E+00   2.3997067740E+00   1.9077960373E-03   2.3729114559E+00   2.4320017549E+00   2.0860283906E-03   2.2336149391E+00   2.3912406007E+00   1.5853792457E-03   3.4333078578E-04
   1  -131   0    0  -3.0746110982E-01   7.9906719886E+00   2.3712636510E-04   2.0458753961E+00   2.3861867340E+00   2.7130744858E-04   2.1265645633E+00   2.3537041809E+00   6.9218296950E-04   2.2395248335E+00   2.3902109306E+00   1.7080720522E-03   2.2717300985E+00   2.4000211286E+00   1.9079144369E-03   2.3732505140E+00   2.4323315618E+00   2.0860204074E-03   2.2341797022E+00   2.3915640484E+00   1.5857504109E-03   3.4335300826E-04
   1  -132   0    0  -3.1738991539E-01   7.9914990298E+00   2.3685500931E-04   2.0456069880E+00   2.3864263352E+00   2.7152481209E-04   2.1263300757E+00   2.3540195816E+00   6.9369724554E-04   2.2395304455E+00   2.3904797257E+00   1.7082894157E-03   2.2722813975E+00   2.4003383438E+00   1.9080335722E-03   2.3735926225E+00   2.4326643351E+00   2.0860123490E-03   2.2347487311E+00   2.3918904151E+00   1.5861239336E-03   3.4337543635E-04
   1  -133   0    0  -3.2731749452E-01   7.9923333230E+00   2.3658188095E-04   2.0453351743E+00   2.3866683969E+00   2.7174367049E-04   2.1260947631E+00   2.3543378716E+00   6.9521964419E-04   2.2395356132E+00   2.3907511720E+00   1.7085082741E-03   2.2728374089E+00   2.4006583792E+00   1.9081534224E-03   2.3739377370E+00   2.4330000317E+00   2.0860042165E-03   2.2353219276E+00   2.3922196587E+00   1.5864997493E-03   3.4339806724E-04
   1  -134   0    0  -3.3724385784E-01   7.9931747509E+00   2.3630702633E-04   2.0450599514E+00   2.3869128923E+00   2.7196398789E-04   2.1258587142E+00   2.3546590102E+00   6.9674987781E-04   2.2395403123E+00   2.3910252378E+00   1.7087285915E-03   2.2733980477E+00   2.4009811922E+00   1.9082739661E-03   2.3742858111E+00   2.4333386063E+00   2.0859960108E-03   2.2358991904E+00   2.3925517350E+00   1.5868777917E-03   3.4342089800E-04
   1  -135   0    0  -3.4716901732E-01   7.9940231916E+00   2.3603049297E-04   2.0447813173E+00   2.3871597932E+00   2.7218572744E-04   2.1256220194E+00   2.3549829548E+00   6.9828765337E-04   2.2395445185E+00   2.3913018896E+00   1.7089503310E-03   2.2739632257E+00   2.4013067385E+00   1.9083951813E-03   2.3746367966E+00   2.4336800121E+00   2.0859877329E-03   2.2364804155E+00   2.3928865982E+00   1.5872579931E-03   3.4344392553E-04
   1  -136   0    0  -3.5709298632E-01   7.9948785179E+00   2.3575232950E-04   2.0444992716E+00   2.3874090695E+00   2.7240885128E-04   2.1253847703E+00   2.3553096607E+00   6.9983267261E-04   2.2395482073E+00   2.3915810922E+00   1.7091734549E-03   2.2745328513E+00   2.4016349718E+00   1.9085170458E-03   2.3749906430E+00   2.4340241999E+00   2.0859793841E-03   2.2370654955E+00   2.3932242002E+00   1.5876402843E-03   3.4346714663E-04
   1  -137   0    0  -3.6701577953E-01   7.9957405978E+00   2.3547258572E-04   2.0442138157E+00   2.3876606895E+00   2.7263332060E-04   2.1251470599E+00   2.3556390815E+00   7.0138463216E-04   2.2395513543E+00   2.3918628086E+00   1.7093979242E-03   2.2751068296E+00   2.4019658441E+00   1.9086395369E-03   2.3753472981E+00   2.4343711188E+00   2.0859709654E-03   2.2376543203E+00   2.3935644912E+00   1.5880245947E-03   3.4349055793E-04
   1  -138   0    0  -3.7693741305E-01   7.9966092944E+00   2.3519131257E-04   2.0439249527E+00   2.3879146201E+00   2.7285909562E-04   2.1249089818E+00   2.3559711687E+00   7.0294322372E-04   2.2395539350E+00   2.3921470001E+00   1.7096236992E-03   2.2756850627E+00   2.4022993054E+00   1.9087626311E-03   2.3757067076E+00   2.4347207162E+00   2.0859624782E-03   2.2382467772E+00   2.3939074196E+00   1.5884108521E-03   3.4351415596E-04
   1  -139   0    0  -3.8685790433E-01   7.9974844661E+00   2.3490856206E-04   2.0436326874E+00   2.3881708263E+00   2.7308613564E-04   2.1246706310E+00   2.3563058722E+00   7.0450813418E-04   2.2395559249E+00   2.3924336261E+00   1.7098507392E-03   2.2762674494E+00   2.4026353040E+00   1.9088863051E-03   2.3760688152E+00   2.4350729371E+00   2.0859539236E-03   2.2388427502E+00   2.3942529319E+00   1.5887989831E-03   3.4353793711E-04
   1  -140   0    0  -3.9677727219E-01   7.9983659663E+00   2.3462438732E-04   2.0433370268E+00   2.3884292717E+00   2.7331439900E-04   2.1244321027E+00   2.3566431397E+00   7.0607904580E-04   2.2395572999E+00   2.3927226445E+00   1.7100790026E-03   2.2768538851E+00   2.4029737863E+00   1.9090105345E-03   2.3764335629E+00   2.4354277251E+00   2.0859453029E-03   2.2394421213E+00   2.3946009727E+00   1.5891889126E-03   3.4356189762E-04
   1  -141   0    0  -4.0669553681E-01   7.9992536439E+00   2.3433884254E-04   2.0430379796E+00   2.3886899181E+00   2.7354384315E-04   2.1241934929E+00   2.3569829172E+00   7.0765563632E-04   2.2395580358E+00   2.3930140114E+00   1.7103084467E-03   2.2774442627E+00   2.4033146971E+00   1.9091352950E-03   2.3768008905E+00   2.4357850218E+00   2.0859366177E-03   2.2400447693E+00   2.3949514847E+00   1.5895805646E-03   3.4358603363E-04
   1  -142   0    0  -4.1661271974E-01   8.0001473432E+00   2.3405198294E-04   2.0427355567E+00   2.3889527258E+00   2.7377442460E-04   2.1239548978E+00   2.3573251491E+00   7.0923757914E-04   2.2395581088E+00   2.3933076810E+00   1.7105390282E-03   2.2780384717E+00   2.4036579791E+00   1.9092605616E-03   2.3771707362E+00   2.4361447668E+00   2.0859278692E-03   2.2406505710E+00   2.3953044089E+00   1.5899738614E-03   3.4361034113E-04
   1  -143   0    0  -4.2652884386E-01   8.0010469035E+00   2.3376386480E-04   2.0424297711E+00   2.3892176536E+00   2.7400609901E-04   2.1237164138E+00   2.3576697775E+00   7.1082454347E-04   2.2395574954E+00   2.3936036061E+00   1.7107707026E-03   2.2786363988E+00   2.4040035735E+00   1.9093863090E-03   2.3775430361E+00   2.4365068980E+00   2.0859190589E-03   2.2412594004E+00   2.3956596846E+00   1.5903687242E-03   3.4363481600E-04
   1  -144   0    0  -4.3644393337E-01   8.0019521602E+00   2.3347454540E-04   2.0421206379E+00   2.3894846586E+00   2.7423882114E-04   2.1234781374E+00   2.3580167432E+00   7.1241619444E-04   2.2395561723E+00   2.3939017377E+00   1.7110034247E-03   2.2792379278E+00   2.4043514198E+00   1.9095125115E-03   2.3779177246E+00   2.4368713517E+00   2.0859101884E-03   2.2418711294E+00   2.3960172492E+00   1.5907650728E-03   3.4365945397E-04
   1  -145   0    0  -4.4635801382E-01   8.0028629439E+00   2.3318408301E-04   2.0418081747E+00   2.3897536964E+00   2.7447254488E-04   2.1232401648E+00   2.3583659849E+00   7.1401219330E-04   2.2395541169E+00   2.3942020250E+00   1.7112371485E-03   2.2798429400E+00   2.4047014556E+00   1.9096391431E-03   2.3782947343E+00   2.4372380622E+00   2.0859012592E-03   2.2424856276E+00   2.3963770384E+00   1.5911628260E-03   3.4368425068E-04
   1  -146   0    0  -4.5627111203E-01   8.0037790808E+00   2.3289253688E-04   2.0414924012E+00   2.3900247211E+00   2.7470722330E-04   2.1230025917E+00   2.3587174397E+00   7.1561219755E-04   2.2395513069E+00   2.3945044157E+00   1.7114718269E-03   2.2804513136E+00   2.4050536169E+00   1.9097661774E-03   2.3786739959E+00   2.4376069620E+00   2.0858922729E-03   2.2431027623E+00   2.3967389862E+00   1.5915619012E-03   3.4370920162E-04
   1  -147   0    0  -4.6618325612E-01   8.0047003932E+00   2.3259996720E-04   2.0411733398E+00   2.3902976852E+00   2.7494280862E-04   2.1227655134E+00   2.3590710430E+00   7.1721586109E-04   2.2395477207E+00   2.3948088560E+00   1.7117074122E-03   2.2810629245E+00   2.4054078382E+00   1.9098935874E-03   2.3790554385E+00   2.4379779823E+00   2.0858832312E-03   2.2437223992E+00   2.3971030250E+00   1.5919622147E-03   3.4373430218E-04
   1  -148   0    0  -4.7609447544E-01   8.0056266988E+00   2.3230643508E-04   2.0408510152E+00   2.3905725397E+00   2.7517925224E-04   2.1225290244E+00   2.3594267283E+00   7.1882283440E-04   2.2395433371E+00   2.3951152903E+00   1.7119438558E-03   2.2816776460E+00   2.4057640521E+00   1.9100213461E-03   2.3794389893E+00   2.4383510521E+00   2.0858741358E-03   2.2443444014E+00   2.3974690854E+00   1.5923636817E-03   3.4375954762E-04
   1  -149   0    0  -4.8600480059E-01   8.0065578116E+00   2.3201200256E-04   2.0405254546E+00   2.3908492342E+00   2.7541650479E-04   2.1222932184E+00   2.3597844277E+00   7.2043276468E-04   2.2395381357E+00   2.3954236615E+00   1.7121811084E-03   2.2822953487E+00   2.4061221899E+00   1.9101494261E-03   2.3798245739E+00   2.4387260992E+00   2.0858649885E-03   2.2449686307E+00   2.3978370965E+00   1.5927662163E-03   3.4378493309E-04
   1  -150   0    0  -4.9591426339E-01   8.0074935415E+00   2.3171673252E-04   2.0401966880E+00   2.3911277169E+00   2.7565451608E-04   2.1220581877E+00   2.3601440715E+00   7.2204529604E-04   2.2395320969E+00   2.3957339109E+00   1.7124191197E-03   2.2829159013E+00   2.4064821811E+00   1.9102777995E-03   2.3802121164E+00   2.4391030495E+00   2.0858557910E-03   2.2455949468E+00   2.3982069857E+00   1.5931697314E-03   3.4381045363E-04
   1  -151   0    0  -5.0582289680E-01   8.0084336943E+00   2.3142068874E-04   2.0398647480E+00   2.3914079344E+00   2.7589323521E-04   2.1218240237E+00   2.3605055885E+00   7.2366006964E-04   2.2395252019E+00   2.3960459783E+00   1.7126578388E-03   2.2835391699E+00   2.4068439538E+00   1.9104064383E-03   2.3806015390E+00   2.4394818274E+00   2.0858465453E-03   2.2462232080E+00   2.3985786791E+00   1.5935741392E-03   3.4383610416E-04
   1  -152   0    0  -5.1573073495E-01   8.0093780725E+00   2.3112393577E-04   2.0395296699E+00   2.3916898319E+00   2.7613261051E-04   2.1215908160E+00   2.3608689059E+00   7.2527672389E-04   2.2395174325E+00   2.3963598021E+00   1.7128972141E-03   2.2841650184E+00   2.4072074347E+00   1.9105353140E-03   2.3809927624E+00   2.4398623559E+00   2.0858372532E-03   2.2468532707E+00   2.3989521010E+00   1.5939793505E-03   3.4386187949E-04
   1  -153   0    0  -5.2563781309E-01   8.0103264745E+00   2.3082653900E-04   2.0391914918E+00   2.3919733533E+00   2.7637258959E-04   2.1213586529E+00   2.3612339493E+00   7.2689489465E-04   2.2395087716E+00   2.3966753192E+00   1.7131371932E-03   2.2847933089E+00   2.4075725489E+00   1.9106643979E-03   2.3813857060E+00   2.4402445564E+00   2.0858279166E-03   2.2474849902E+00   2.3993271744E+00   1.5943852755E-03   3.4388777435E-04
   1  -154   0    0  -5.3554416752E-01   8.0112786956E+00   2.3052856458E-04   2.0388502549E+00   2.3922584413E+00   2.7661311939E-04   2.1211276207E+00   2.3616006429E+00   7.2851421537E-04   2.2394992032E+00   2.3969924648E+00   1.7133777230E-03   2.2854239013E+00   2.4079392201E+00   1.9107936612E-03   2.3817802873E+00   2.4406283488E+00   2.0858185376E-03   2.2481182201E+00   2.3997038207E+00   1.5947918234E-03   3.4391378333E-04
   1  -155   0    0  -5.4544983559E-01   8.0122345272E+00   2.3023007937E-04   2.0385060029E+00   2.3925450370E+00   2.7685414617E-04   2.1208978040E+00   2.3619689093E+00   7.3013431731E-04   2.2394887119E+00   2.3973111732E+00   1.7136187498E-03   2.2860566535E+00   2.4083073707E+00   1.9109230747E-03   2.3821764227E+00   2.4410136516E+00   2.0858091183E-03   2.2487528131E+00   2.4000819601E+00   1.5951989025E-03   3.4393990094E-04
   1  -156   0    0  -5.5535485565E-01   8.0131937580E+00   2.2993115095E-04   2.0381587826E+00   2.3928330804E+00   2.7709561555E-04   2.1206692851E+00   2.3623386700E+00   7.3175482978E-04   2.2394772838E+00   2.3976313769E+00   1.7138602192E-03   2.2866914220E+00   2.4086769217E+00   1.9110526088E-03   2.3825740271E+00   2.4414003821E+00   2.0857996606E-03   2.2493886206E+00   2.4004615114E+00   1.5956064204E-03   3.4396612160E-04
   1  -157   0    0  -5.6525926701E-01   8.0141561730E+00   2.2963184758E-04   2.0378086439E+00   2.3931225101E+00   2.7733747254E-04   2.1204421443E+00   2.3627098448E+00   7.3337538030E-04   2.2394649057E+00   2.3979530073E+00   1.7141020761E-03   2.2873280612E+00   2.4090477929E+00   1.9111822340E-03   2.3829730138E+00   2.4417884559E+00   2.0857901667E-03   2.2500254927E+00   2.4008423921E+00   1.5960142837E-03   3.4399243962E-04
   1  -158   0    0  -5.7516310989E-01   8.0151215545E+00   2.2933223810E-04   2.0374556396E+00   2.3934132637E+00   2.7757966156E-04   2.1202164594E+00   2.3630823523E+00   7.3499559484E-04   2.2394515659E+00   2.3982759944E+00   1.7143442652E-03   2.2879664242E+00   2.4094199029E+00   1.9113119204E-03   2.3833732951E+00   2.4421777878E+00   2.0857806388E-03   2.2506632791E+00   2.4012245183E+00   1.5964223987E-03   3.4401884923E-04
   1  -159   0    0  -5.8506642536E-01   8.0160896820E+00   2.2903239198E-04   2.0370998255E+00   2.3937052773E+00   2.7782212650E-04   2.1199923059E+00   2.3634561100E+00   7.3661509807E-04   2.2394372536E+00   2.3986002671E+00   1.7145867301E-03   2.2886063625E+00   2.4097931689E+00   1.9114416379E-03   2.3837747819E+00   2.4425682910E+00   2.0857710791E-03   2.2513018283E+00   2.4016078051E+00   1.5968306707E-03   3.4404534457E-04
   1  -160   0    0  -5.9496925533E-01   8.0170603322E+00   2.2873237920E-04   2.0367412603E+00   2.3939984862E+00   2.7806481070E-04   2.1197697567E+00   2.3638310338E+00   7.3823351357E-04   2.2394219594E+00   2.3989257530E+00   1.7148294143E-03   2.2892477263E+00   2.4101675071E+00   1.9115713564E-03   2.3841773839E+00   2.4429598777E+00   2.0857614898E-03   2.2519409881E+00   2.4019921664E+00   1.5972390046E-03   3.4407191970E-04
   1  -161   0    0  -6.0487164247E-01   8.0180332790E+00   2.2843227027E-04   2.0363800062E+00   2.3942928244E+00   2.7830765706E-04   2.1195488818E+00   2.3642070388E+00   7.3985046410E-04   2.2394056751E+00   2.3992523785E+00   1.7150722607E-03   2.2898903645E+00   2.4105428328E+00   1.9117010454E-03   2.3845810098E+00   2.4433524591E+00   2.0857518732E-03   2.2525806059E+00   2.4023775149E+00   1.5976473047E-03   3.4409856859E-04
   1  -162   0    0  -6.1477363014E-01   8.0190082943E+00   2.2813213612E-04   2.0360161279E+00   2.3945882248E+00   2.7855060800E-04   2.1193297488E+00   2.3645840388E+00   7.4146557186E-04   2.2393883938E+00   2.3995800690E+00   1.7153152116E-03   2.2905341249E+00   2.4109190600E+00   1.9118306745E-03   2.3849855670E+00   2.4437459451E+00   2.0857422317E-03   2.2532205284E+00   2.4027637624E+00   1.5980554749E-03   3.4412528514E-04
   1  -163   0    0  -6.2467526241E-01   8.0199851475E+00   2.2783204810E-04   2.0356496934E+00   2.3948846195E+00   2.7879360556E-04   2.1191124222E+00   2.3649619466E+00   7.4307845874E-04   2.2393701097E+00   2.3999087488E+00   1.7155582092E-03   2.2911788542E+00   2.4112961019E+00   1.9119602130E-03   2.3853909621E+00   2.4441402449E+00   2.0857325676E-03   2.2538606022E+00   2.4031508198E+00   1.5984634187E-03   3.4415206319E-04
   1  -164   0    0  -6.3457658390E-01   8.0209636059E+00   2.2753207791E-04   2.0352807740E+00   2.3951819395E+00   2.7903659142E-04   2.1188969636E+00   2.3653406740E+00   7.4468874664E-04   2.2393508187E+00   2.4002383412E+00   1.7158011950E-03   2.2918243982E+00   2.4116738707E+00   1.9120896303E-03   2.3857971005E+00   2.4445352664E+00   2.0857228833E-03   2.2545006734E+00   2.4035385967E+00   1.5988710393E-03   3.4417889650E-04
   1  -165   0    0  -6.4447763981E-01   8.0219434352E+00   2.2723229753E-04   2.0349094435E+00   2.3954801148E+00   2.7927950694E-04   2.1186834317E+00   2.3657201319E+00   7.4629605772E-04   2.2393305177E+00   2.4005687685E+00   1.7160441105E-03   2.2924706020E+00   2.4120522777E+00   1.9122188957E-03   2.3862038869E+00   2.4449309170E+00   2.0857131813E-03   2.2551405880E+00   2.4039270023E+00   1.5992782396E-03   3.4420577876E-04
   1  -166   0    0  -6.5437847582E-01   8.0229243992E+00   2.2693277917E-04   2.0345357790E+00   2.3957790746E+00   2.7952229320E-04   2.1184718820E+00   2.3661002303E+00   7.4790001470E-04   2.2393092052E+00   2.4008999521E+00   1.7162868968E-03   2.2931173101E+00   2.4124312338E+00   1.9123479784E-03   2.3866112252E+00   2.4453271031E+00   2.0857034639E-03   2.2557801920E+00   2.4043159448E+00   1.5996849224E-03   3.4423270363E-04
   1  -167   0    0  -6.6427913802E-01   8.0239062600E+00   2.2663359525E-04   2.0341598606E+00   2.3960787475E+00   2.7976489109E-04   2.1182623670E+00   2.3664808783E+00   7.4950024122E-04   2.2392868809E+00   2.4012318127E+00   1.7165294947E-03   2.2937643661E+00   2.4128106487E+00   1.9124768475E-03   2.3870190185E+00   2.4457237304E+00   2.0856937337E-03   2.2564193316E+00   2.4047053318E+00   1.6000909902E-03   3.4425966468E-04
   1  -168   0    0  -6.7417967287E-01   8.0248887786E+00   2.2633481829E-04   2.0337817711E+00   2.3963790608E+00   2.8000724129E-04   2.1180549361E+00   2.3668619845E+00   7.5109636208E-04   2.2392635460E+00   2.4015642702E+00   1.7167718449E-03   2.2944116134E+00   2.4131904317E+00   1.9126054724E-03   2.3874271691E+00   2.4461207041E+00   2.0856839931E-03   2.2570578531E+00   2.4050950700E+00   1.6004963459E-03   3.4428665547E-04
   1  -169   0    0  -6.8408012713E-01   8.0258717149E+00   2.2603652083E-04   2.0334015963E+00   2.3966799417E+00   2.8024928439E-04   2.1178496355E+00   2.3672434567E+00   7.5268800365E-04   2.2392392031E+00   2.4018972435E+00   1.7170138880E-03   2.2950588952E+00   2.4135704915E+00   1.9127338222E-03   2.3878355789E+00   2.4465179287E+00   2.0856742448E-03   2.2576956032E+00   2.4054850658E+00   1.6009008920E-03   3.4431366948E-04
   1  -170   0    0  -6.9398054779E-01   8.0268548277E+00   2.2573877545E-04   2.0330194247E+00   2.3969813164E+00   2.8049096092E-04   2.1176465083E+00   2.3676252021E+00   7.5427479411E-04   2.2392138560E+00   2.4022306512E+00   1.7172555645E-03   2.2957060543E+00   2.4139507364E+00   1.9128618664E-03   2.3882441493E+00   2.4469153081E+00   2.0856644912E-03   2.2583324290E+00   2.4058752251E+00   1.6013045317E-03   3.4434070018E-04
   1  -171   0    0  -7.0388098198E-01   8.0278378750E+00   2.2544165462E-04   2.0326353475E+00   2.3972831106E+00   2.8073221138E-04   2.1174455942E+00   2.3680071275E+00   7.5585636389E-04   2.2391875101E+00   2.4025644113E+00   1.7174968150E-03   2.2963529336E+00   2.4143310741E+00   1.9129895743E-03   2.3886527810E+00   2.4473127461E+00   2.0856547350E-03   2.2589681782E+00   2.4062654532E+00   1.6017071679E-03   3.4436774099E-04
   1  -172   0    0  -7.1378147696E-01   8.0288206145E+00   2.2514523064E-04   2.0322494588E+00   2.3975852493E+00   2.8097297634E-04   2.1172469301E+00   2.3683891392E+00   7.5743234594E-04   2.2391601719E+00   2.4028984409E+00   1.7177375799E-03   2.2969993761E+00   2.4147114122E+00   1.9131169155E-03   2.3890613748E+00   2.4477101459E+00   2.0856449786E-03   2.2596026993E+00   2.4066556552E+00   1.6021087043E-03   3.4439478531E-04
   1  -173   0    0  -7.2368207999E-01   8.0298028034E+00   2.2484957562E-04   2.0318618548E+00   2.3978876574E+00   2.8121319646E-04   2.1170505494E+00   2.3687711432E+00   7.5900237612E-04   2.2391318494E+00   2.4032326571E+00   1.7179778001E-03   2.2976452247E+00   2.4150916577E+00   1.9132438599E-03   2.3894698308E+00   2.4481074104E+00   2.0856352249E-03   2.2602358414E+00   2.4070457360E+00   1.6025090448E-03   3.4442182652E-04
   1  -174   0    0  -7.3358283827E-01   8.0307841990E+00   2.2455476136E-04   2.0314726347E+00   2.3981902590E+00   2.8145281259E-04   2.1168564826E+00   2.3691530451E+00   7.6056609353E-04   2.2391025520E+00   2.4035669764E+00   1.7182174162E-03   2.2982903230E+00   2.4154717177E+00   1.9133703771E-03   2.3898780492E+00   2.4485044426E+00   2.0856254762E-03   2.2608674547E+00   2.4074356001E+00   1.6029080939E-03   3.4444885798E-04
   1  -175   0    0  -7.4348379892E-01   8.0317645584E+00   2.2426085928E-04   2.0310818996E+00   2.3984929781E+00   2.8169176581E-04   2.1166647571E+00   2.3695347505E+00   7.6212314091E-04   2.2390722903E+00   2.4039013151E+00   1.7184563694E-03   2.2989345148E+00   2.4158514991E+00   1.9134964375E-03   2.3902859301E+00   2.4489011453E+00   2.0856157353E-03   2.2614973905E+00   2.4078251523E+00   1.6033057568E-03   3.4447587305E-04
   1  -176   0    0  -7.5338500883E-01   8.0327436394E+00   2.2396794036E-04   2.0306897531E+00   2.3987957385E+00   2.8192999747E-04   2.1164753972E+00   2.3699161649E+00   7.6367316495E-04   2.2390410760E+00   2.4042355892E+00   1.7186946011E-03   2.2995776448E+00   2.4162309088E+00   1.9136220114E-03   2.3906933734E+00   2.4492974211E+00   2.0856060048E-03   2.2621255013E+00   2.4082142969E+00   1.6037019394E-03   3.4450286506E-04
   1  -177   0    0  -7.6328651465E-01   8.0337212001E+00   2.2367607508E-04   2.0302963008E+00   2.3990984634E+00   2.8216744930E-04   2.1162884241E+00   2.3702971936E+00   7.6521581669E-04   2.2390089225E+00   2.4045697146E+00   1.7189320529E-03   2.3002195581E+00   2.4166098538E+00   1.9137470693E-03   2.3911002793E+00   2.4496931731E+00   2.0855962873E-03   2.2627516408E+00   2.4086029388E+00   1.6040965484E-03   3.4452982738E-04
   1  -178   0    0  -7.7318836269E-01   8.0346969996E+00   2.2338533329E-04   2.0299016505E+00   2.3994010763E+00   2.8240406344E-04   2.1161038562E+00   2.3706777423E+00   7.6675075187E-04   2.2389758441E+00   2.4049036071E+00   1.7191686670E-03   2.3008601008E+00   2.4169882411E+00   1.9138715824E-03   2.3915065482E+00   2.4500883043E+00   2.0855865855E-03   2.2633756642E+00   2.4089909828E+00   1.6044894913E-03   3.4455675337E-04
   1  -179   0    0  -7.8309059883E-01   8.0356707978E+00   2.2309578417E-04   2.0295059117E+00   2.3997035005E+00   2.8263978252E-04   2.1159217090E+00   2.3710577166E+00   7.6827763129E-04   2.2389418563E+00   2.4052371826E+00   1.7194043861E-03   2.3014991201E+00   2.4173659783E+00   1.9139955220E-03   2.3919120806E+00   2.4504827181E+00   2.0855769019E-03   2.2639974283E+00   2.4093783339E+00   1.6048806770E-03   3.4458363638E-04
   1  -180   0    0  -7.9299326850E-01   8.0366423560E+00   2.2280749618E-04   2.0291091956E+00   2.4000056593E+00   2.8287454972E-04   2.1157419952E+00   2.3714370224E+00   7.6979612115E-04   2.2389069758E+00   2.4055703569E+00   1.7196391533E-03   2.3021364641E+00   2.4177429728E+00   1.9141188596E-03   2.3923167777E+00   2.4508763181E+00   2.0855672392E-03   2.2646167915E+00   2.4097648977E+00   1.6052700153E-03   3.4461046983E-04
   1  -181   0    0  -8.0289641657E-01   8.0376114371E+00   2.2252053691E-04   2.0287116153E+00   2.4003074759E+00   2.8310830883E-04   2.1155647247E+00   2.3718155662E+00   7.7130589344E-04   2.2388712204E+00   2.4059030461E+00   1.7198729124E-03   2.3027719824E+00   2.4181191330E+00   1.9142415674E-03   2.3927205408E+00   2.4512690087E+00   2.0855576000E-03   2.2652336142E+00   2.4101505801E+00   1.6056574172E-03   3.4463724714E-04
   1  -182   0    0  -8.1280008726E-01   8.0385778054E+00   2.2223497308E-04   2.0283132851E+00   2.4006088740E+00   2.8334100432E-04   2.1153899048E+00   2.3721932547E+00   7.7280662625E-04   2.2388346090E+00   2.4062351667E+00   1.7201056079E-03   2.3034055257E+00   2.4184943675E+00   1.9143636180E-03   2.3931232722E+00   2.4516606945E+00   2.0855479869E-03   2.2658477585E+00   2.4105352876E+00   1.6060427951E-03   3.4466396175E-04
   1  -183   0    0  -8.2270432412E-01   8.0395412273E+00   2.2195087041E-04   2.0279143206E+00   2.4009097773E+00   2.8357258139E-04   2.1152175403E+00   2.3725699951E+00   7.7429800413E-04   2.2387971615E+00   2.4065666353E+00   1.7203371850E-03   2.3040369466E+00   2.4188685854E+00   1.9144849842E-03   2.3935248745E+00   2.4520512810E+00   2.0855384024E-03   2.2664590887E+00   2.4109189272E+00   1.6064260629E-03   3.4469060718E-04
   1  -184   0    0  -8.3260916993E-01   8.0405014716E+00   2.2166829356E-04   2.0275148387E+00   2.4012101098E+00   2.8380298607E-04   2.1150476333E+00   2.3729456956E+00   7.7577971842E-04   2.2387588987E+00   2.4068973690E+00   1.7205675897E-03   2.3046660989E+00   2.4192416967E+00   1.9146056397E-03   2.3939252512E+00   2.4524406745E+00   2.0855288491E-03   2.2670674710E+00   2.4113014069E+00   1.6068071358E-03   3.4471717695E-04
   1  -185   0    0  -8.4251466665E-01   8.0414583092E+00   2.2138730610E-04   2.0271149572E+00   2.4015097961E+00   2.8403216522E-04   2.1148801838E+00   2.3733202647E+00   7.7725146756E-04   2.2387198424E+00   2.4072272854E+00   1.7207967688E-03   2.3052928386E+00   2.4196136121E+00   1.9147255583E-03   2.3943243068E+00   2.4528287819E+00   2.0855193295E-03   2.2676727743E+00   2.4116826352E+00   1.6071859309E-03   3.4474366468E-04
   1  -186   0    0  -8.5242085532E-01   8.0424115137E+00   2.2110797036E-04   2.0267147947E+00   2.4018087611E+00   2.8426006667E-04   2.1147151894E+00   2.3736936121E+00   7.7871295742E-04   2.2386800153E+00   2.4075563028E+00   1.7210246703E-03   2.3059170234E+00   2.4199842433E+00   1.9148447148E-03   2.3947219466E+00   2.4532155111E+00   2.0855098462E-03   2.2682748696E+00   2.4120625219E+00   1.6075623668E-03   3.4477006401E-04
   1  -187   0    0  -8.6232777602E-01   8.0433608615E+00   2.2083034744E-04   2.0263144705E+00   2.4021069301E+00   2.8448663919E-04   2.1145526455E+00   2.3740656480E+00   7.8016390159E-04   2.2386394409E+00   2.4078843401E+00   1.7212512428E-03   2.3065385129E+00   2.4203535027E+00   1.9149630841E-03   2.3951180770E+00   2.4536007713E+00   2.0855004016E-03   2.2688736303E+00   2.4124409773E+00   1.6079363641E-03   3.4479636866E-04
   1  -188   0    0  -8.7223546784E-01   8.0443061323E+00   2.2055449707E-04   2.0259141044E+00   2.4024042294E+00   2.8471183262E-04   2.1143925454E+00   2.3744362841E+00   7.8160402168E-04   2.2385981432E+00   2.4082113168E+00   1.7214764362E-03   2.3071571691E+00   2.4207213040E+00   1.9150806421E-03   2.3955126056E+00   2.4539844724E+00   2.0854909982E-03   2.2694689327E+00   2.4128179133E+00   1.6083078449E-03   3.4482257244E-04
   1  -189   0    0  -8.8214396874E-01   8.0452471089E+00   2.2028047761E-04   2.0255138165E+00   2.4027005855E+00   2.8493559789E-04   2.1142348806E+00   2.3748054327E+00   7.8303304756E-04   2.2385561474E+00   2.4085371534E+00   1.7217002015E-03   2.3077728562E+00   2.4210875619E+00   1.9151973651E-03   2.3959054411E+00   2.4543665259E+00   2.0854816383E-03   2.2700606555E+00   2.4131932427E+00   1.6086767338E-03   3.4484866922E-04
   1  -190   0    0  -8.9205331558E-01   8.0461835776E+00   2.2000834595E-04   2.0251137270E+00   2.4029959261E+00   2.8515788709E-04   2.1140796404E+00   2.3751730075E+00   7.8445071766E-04   2.2385134789E+00   2.4088617714E+00   1.7219224907E-03   2.3083854406E+00   2.4214521922E+00   1.9153132302E-03   2.3962964938E+00   2.4547468443E+00   2.0854723244E-03   2.2706486805E+00   2.4135668795E+00   1.6090429570E-03   3.4487465295E-04
   1  -191   0    0  -9.0196354400E-01   8.0471153283E+00   2.1973815745E-04   2.0247139563E+00   2.4032901794E+00   2.8537865351E-04   2.1139268127E+00   2.3755389237E+00   7.8585677919E-04   2.2384701640E+00   2.4091850930E+00   1.7221432571E-03   2.3089947915E+00   2.4218151123E+00   1.9154282151E-03   2.3966856752E+00   2.4551253417E+00   2.0854630587E-03   2.2712328920E+00   2.4139387392E+00   1.6094064429E-03   3.4490051769E-04
   1  -192   0    0  -9.1187468840E-01   8.0480421551E+00   2.1946996590E-04   2.0243146243E+00   2.4035832748E+00   2.8559785168E-04   2.1137763834E+00   2.3759030975E+00   7.8725098835E-04   2.2384262293E+00   2.4095070419E+00   1.7223624553E-03   2.3096007805E+00   2.4221762407E+00   1.9155422981E-03   2.3970728983E+00   2.4555019334E+00   2.0854538435E-03   2.2718131777E+00   2.4143087388E+00   1.6097671224E-03   3.4492625757E-04
   1  -193   0    0  -9.2178678191E-01   8.0489638558E+00   2.1920382346E-04   2.0239158508E+00   2.4038751423E+00   2.8581543745E-04   2.1136283372E+00   2.3762654466E+00   7.8863311060E-04   2.2383817021E+00   2.4098275425E+00   1.7225800410E-03   2.3102032819E+00   2.4225354975E+00   1.9156554585E-03   2.3974580778E+00   2.4558765367E+00   2.0854446812E-03   2.2723894281E+00   2.4146767965E+00   1.6101249282E-03   3.4495186685E-04
   1  -194   0    0  -9.3169985628E-01   8.0498802329E+00   2.1893978061E-04   2.0235177549E+00   2.4041657134E+00   2.8603136799E-04   2.1134826571E+00   2.3766258903E+00   7.9000292078E-04   2.2383366100E+00   2.4101465207E+00   1.7227959716E-03   2.3108021729E+00   2.4228928043E+00   1.9157676760E-03   2.3978411300E+00   2.4562490700E+00   2.0854355737E-03   2.2729615369E+00   2.4150428325E+00   1.6104797956E-03   3.4497733987E-04
   1  -195   0    0  -9.4161394192E-01   8.0507910930E+00   2.1867788610E-04   2.0231204551E+00   2.4044549203E+00   2.8624560188E-04   2.1133393247E+00   2.3769843496E+00   7.9136020330E-04   2.2382909809E+00   2.4104639036E+00   1.7230102055E-03   2.3113973337E+00   2.4232480843E+00   1.9158789314E-03   2.3982219731E+00   2.4566194538E+00   2.0854265234E-03   2.2735294012E+00   2.4154067683E+00   1.6108316622E-03   3.4500267111E-04
   1  -196   0    0  -9.5152906781E-01   8.0516962474E+00   2.1841818691E-04   2.0227240691E+00   2.4047426966E+00   2.8645809910E-04   2.1131983205E+00   2.3773407469E+00   7.9270475234E-04   2.2382448431E+00   2.4107796197E+00   1.7232227027E-03   2.3119886473E+00   2.4236012623E+00   1.9159892059E-03   2.3986005269E+00   2.4569876102E+00   2.0854175323E-03   2.2740929211E+00   2.4157685274E+00   1.6111804681E-03   3.4502785515E-04
   1  -197   0    0  -9.6144526147E-01   8.0525955124E+00   2.1816072821E-04   2.0223287135E+00   2.4050289771E+00   2.8666882110E-04   2.1130596239E+00   2.3776950065E+00   7.9403637193E-04   2.2381982252E+00   2.4110935990E+00   1.7234334247E-03   2.3125759999E+00   2.4239522651E+00   1.9160984818E-03   2.3989767133E+00   2.4573534632E+00   2.0854086024E-03   2.2746520003E+00   2.4161280349E+00   1.6115261556E-03   3.4505288669E-04
   1  -198   0    0  -9.7136254895E-01   8.0534887089E+00   2.1790555332E-04   2.0219345037E+00   2.4053136979E+00   2.8687773081E-04   2.1129232131E+00   2.3780470544E+00   7.9535487607E-04   2.2381511559E+00   2.4114057729E+00   1.7236423344E-03   2.3131592810E+00   2.4243010209E+00   1.9162067421E-03   2.3993504560E+00   2.4577169387E+00   2.0853997357E-03   2.2752065459E+00   2.4164852179E+00   1.6118686699E-03   3.4507776058E-04
   1  -199   0    0  -9.8128095480E-01   8.0543756632E+00   2.1765270370E-04   2.0215415539E+00   2.4055967964E+00   2.8708479268E-04   2.1127890653E+00   2.3783968188E+00   7.9666008886E-04   2.2381036641E+00   2.4117160743E+00   1.7238493963E-03   2.3137383832E+00   2.4246474602E+00   1.9163139705E-03   2.3997216808E+00   2.4580779645E+00   2.0853909340E-03   2.2757564684E+00   2.4168400053E+00   1.6122079584E-03   3.4510247177E-04
   1  -200   0    0  -9.9120050204E-01   8.0552562067E+00   2.1740221888E-04   2.0211499767E+00   2.4058782115E+00   2.8728997271E-04   2.1126571570E+00   2.3787442293E+00   7.9795184453E-04   2.2380557788E+00   2.4120244380E+00   1.7240545763E-03   2.3143132025E+00   2.4249915151E+00   1.9164201516E-03   2.4000903157E+00   2.4584364705E+00   2.0853821992E-03   2.2763016818E+00   2.4171923283E+00   1.6125439713E-03   3.4512701538E-04
   1  -201  -4    3  -9.9999994090E-01   8.0560317369E+00   2.1718205255E-04   2.0208038926E+00   2.4061263650E+00   2.8747036283E-04   2.1125420112E+00   2.3790503518E+00   7.9908622217E-04   2.2380129993E+00   2.4122962782E+00   1.7242349664E-03   2.3148193919E+00   2.4252946374E+00   1.9165134443E-03   2.4004150647E+00   2.4587522957E+00   2.0853745091E-03   2.2767812696E+00   2.4175027162E+00   1.6128392296E-03   3.4514864106E-04
