         
   1    -1   9    1 -4.6000000834E-001  8.7149735192E+000  1.7335182929E-004  2.2043156624E+000  2.6660773754E+000  1.3842145563E-006  2.3033523560E+000  2.6347899437E+000  5.0047080731E-004  2.4088108540E+000  2.6389102936E+000  1.5574273420E-003  2.4423670769E+000  2.6278088093E+000  1.8733622273E-003  2.5477516651E+000  2.6333358288E+000  2.1270858124E-003  2.4001333714E+000  2.6293220520E+000  1.4828660060E-003  3.6777780042E-004
   1    -2   0    0 -4.5195671991E-001  8.7005277884E+000  1.7735179578E-004  2.2063128807E+000  2.6621793878E+000  1.4112272580E-005  2.3002360922E+000  2.6300951069E+000  5.0269136235E-004  2.4073335728E+000  2.6330929902E+000  1.5483654667E-003  2.4380393242E+000  2.6202565334E+000  1.8674878153E-003  2.5451949190E+000  2.6250930075E+000  2.1439906722E-003  2.3986152652E+000  2.6220162831E+000  1.4826207657E-003  3.6722436974E-004
   1    -3   0    0 -4.4693995897E-001  8.6923021196E+000  1.7865738155E-004  2.2054280438E+000  2.6589850383E+000  1.8233939126E-005  2.2991444988E+000  2.6268257323E+000  5.0528327318E-004  2.4060522834E+000  2.6299363463E+000  1.5512565224E-003  2.4361703195E+000  2.6170937428E+000  1.8684095760E-003  2.5432245778E+000  2.6219713875E+000  2.1428495362E-003  2.3968703329E+000  2.6188239755E+000  1.4847645964E-003  3.6699764733E-004
   1    -4   0    0 -4.4189395460E-001  8.6840943142E+000  1.7997746664E-004  2.2045487345E+000  2.6557966793E+000  2.2383278188E-005  2.2980578538E+000  2.6235617082E+000  5.0789351402E-004  2.4047765418E+000  2.6267862875E+000  1.5541660418E-003  2.4343034517E+000  2.6139378023E+000  1.8693322940E-003  2.5412551656E+000  2.6188568130E+000  2.1417032243E-003  2.3951264814E+000  2.6156382841E+000  1.4869134292E-003  3.6677142899E-004
   1    -5   0    0 -4.3681858347E-001  8.6759045685E+000  1.8131222449E-004  2.2036749513E+000  2.6526143713E+000  2.6560461510E-005  2.2969761139E+000  2.6203030919E+000  5.1052224302E-004  2.4035064207E+000  2.6236428854E+000  1.5570942432E-003  2.4324387963E+000  2.6107888027E+000  1.8702559015E-003  2.5392867182E+000  2.6157493750E+000  2.1405517058E-003  2.3933837743E+000  2.6124592974E+000  1.4890671882E-003  3.6654572105E-004
   1    -6   0    0 -4.3171372550E-001  8.6677330787E+000  1.8266182998E-004  2.2028066908E+000  2.6494381742E+000  3.0765660773E-005  2.2958992327E+000  2.6170499404E+000  5.1316962009E-004  2.4022419928E+000  2.6205062114E+000  1.5600413495E-003  2.4305764302E+000  2.6076468356E+000  1.8711803289E-003  2.5373192719E+000  2.6126491652E+000  2.1393949496E-003  2.3916422769E+000  2.6092871047E+000  1.4912257947E-003  3.6632052988E-004
   1    -7   0    0 -4.2657926409E-001  8.6595800410E+000  1.8402645945E-004  2.2019439485E+000  2.6462681478E+000  3.4999047536E-005  2.2948271603E+000  2.6138023101E+000  5.1583580693E-004  2.4009833315E+000  2.6173763368E+000  1.5630075883E-003  2.4287164314E+000  2.6045119933E+000  1.8721055042E-003  2.5353528635E+000  2.6095562759E+000  2.1382329242E-003  2.3899020563E+000  2.6061217958E+000  1.4933891670E-003  3.6609586189E-004
   1    -8   0    0 -4.2141508632E-001  8.6514456511E+000  1.8540629058E-004  2.2010867179E+000  2.6431043510E+000  3.9260793173E-005  2.2937598433E+000  2.6105602571E+000  5.1852096708E-004  2.3997305099E+000  2.6142533322E+000  1.5659931926E-003  2.4268588789E+000  2.6013843687E+000  1.8730313530E-003  2.5333875303E+000  2.6064708001E+000  2.1370655972E-003  2.3881631810E+000  2.6029634611E+000  1.4955572202E-003  3.6587172349E-004
   1    -9   0    0 -4.1622108313E-001  8.6433301043E+000  1.8680150242E-004  2.2002349908E+000  2.6399468422E+000  4.3551068808E-005  2.2926972247E+000  2.6073238366E+000  5.2122526591E-004  2.3984836017E+000  2.6111372681E+000  1.5689984004E-003  2.4250038529E+000  2.5982640552E+000  1.8739577983E-003  2.5314233101E+000  2.6033928312E+000  2.1358929360E-003  2.3864257214E+000  2.5998121919E+000  1.4977298661E-003  3.6564812116E-004
   1   -10   0    0 -4.1099714953E-001  8.6352335949E+000  1.8821227529E-004  2.1993887572E+000  2.6367956789E+000  4.7870045245E-005  2.2916392437E+000  2.6040931034E+000  5.2394887066E-004  2.3972426805E+000  2.6080282144E+000  1.5720234548E-003  2.4231514348E+000  2.5951511470E+000  1.8748847608E-003  2.5294602411E+000  2.6003224631E+000  2.1347149075E-003  2.3846897492E+000  2.5966680799E+000  1.4999070132E-003  3.6542506135E-004
   1   -11   0    0 -4.0574318484E-001  8.6271563166E+000  1.8963879079E-004  2.1985480050E+000  2.6336509180E+000  5.2217892897E-005  2.2905858360E+000  2.6008681113E+000  5.2669195048E-004  2.3960078197E+000  2.6049262402E+000  1.5750686049E-003  2.4213017068E+000  2.5920457386E+000  1.8758121587E-003  2.5274983621E+000  2.5972597903E+000  2.1335314779E-003  2.3829553381E+000  2.5935312172E+000  1.5020885667E-003  3.6520255056E-004
   1   -12   0    0 -4.0045909287E-001  8.6190984618E+000  1.9108123167E-004  2.1977127202E+000  2.6305126154E+000  5.6594781713E-005  2.2895369330E+000  2.5976489133E+000  5.2945467642E-004  2.3947790928E+000  2.6018314141E+000  1.5781341049E-003  2.4194547523E+000  2.5889479253E+000  1.8767399072E-003  2.5255377124E+000  2.5942049077E+000  2.1323426127E-003  2.3812225631E+000  2.5904016967E+000  1.5042744279E-003  3.6498059531E-004
   1   -13   0    0 -3.9514478220E-001  8.6110602215E+000  1.9253978185E-004  2.1968828866E+000  2.6273808260E+000  6.1000881096E-005  2.2884924624E+000  2.5944355613E+000  5.3223722151E-004  2.3935565731E+000  2.5987438039E+000  1.5812202152E-003  2.4176106556E+000  2.5858578026E+000  1.8776679189E-003  2.5235783316E+000  2.5911579105E+000  2.1311482770E-003  2.3794915009E+000  2.5872796117E+000  1.5064644948E-003  3.6475920212E-004
   1   -14   0    0 -3.8980016639E-001  8.6030417852E+000  1.9401462629E-004  2.1960584857E+000  2.6242556036E+000  6.5436359827E-005  2.2874523477E+000  2.5912281064E+000  5.3503976072E-004  2.3923403336E+000  2.5956634766E+000  1.5843272020E-003  2.4157695019E+000  2.5827754667E+000  1.8785961037E-003  2.5216202600E+000  2.5881188944E+000  2.1299484353E-003  2.3777622296E+000  2.5841650558E+000  1.5086586614E-003  3.6453837750E-004
   1   -15   0    0 -3.8442516421E-001  8.5950433405E+000  1.9550595097E-004  2.1952394965E+000  2.6211370007E+000  6.9901385983E-005  2.2864165082E+000  2.5880265983E+000  5.3786247106E-004  2.3911304469E+000  2.5925904980E+000  1.5874553377E-003  2.4139313775E+000  2.5797010138E+000  1.8795243685E-003  2.5196635382E+000  2.5850879553E+000  2.1287430513E-003  2.3760348290E+000  2.5810581234E+000  1.5108568177E-003  3.6431812799E-004
   1   -16   0    0 -3.7901969994E-001  8.5870650730E+000  1.9701394280E-004  2.1944258955E+000  2.6180250688E+000  7.4396126846E-005  2.2853848592E+000  2.5848310854E+000  5.4070553156E-004  2.3899269852E+000  2.5895249330E+000  1.5906049010E-003  2.4120963691E+000  2.5766345408E+000  1.8804526169E-003  2.5177082072E+000  2.5820651893E+000  2.1275320881E-003  2.3743093803E+000  2.5779589088E+000  1.5130588498E-003  3.6409846013E-004
   1   -17   0    0 -3.7358370355E-001  8.5791071660E+000  1.9853878953E-004  2.1936176568E+000  2.6149198576E+000  7.8920748824E-005  2.2843573112E+000  2.5816416148E+000  5.4356912332E-004  2.3887300200E+000  2.5864668452E+000  1.5937761773E-003  2.4102645647E+000  2.5735761447E+000  1.8813807498E-003  2.5157543085E+000  2.5790506928E+000  2.1263155083E-003  2.3725859663E+000  2.5748675069E+000  1.5152646397E-003  3.6387938042E-004
   1   -18   0    0 -3.6811711105E-001  8.5711697999E+000  2.0008067970E-004  2.1928147514E+000  2.6118214153E+000  8.3475417354E-005  2.2833337705E+000  2.5784582322E+000  5.4645342954E-004  2.3875396222E+000  2.5834162969E+000  1.5969694585E-003  2.4084360527E+000  2.5705259230E+000  1.8823086646E-003  2.5138018839E+000  2.5760445624E+000  2.1250932736E-003  2.3708646710E+000  2.5717840128E+000  1.5174740650E-003  3.6366089539E-004
   1   -19   0    0 -3.6261986470E-001  8.5632531526E+000  2.0163980252E-004  2.1920171477E+000  2.6087297888E+000  8.8060296818E-005  2.2823141389E+000  2.5752809814E+000  5.4935863556E-004  2.3863558617E+000  2.5803733489E+000  1.6001850434E-003  2.4066109224E+000  2.5674839730E+000  1.8832362555E-003  2.5118509758E+000  2.5730468946E+000  2.1238653449E-003  2.3691455799E+000  2.5687085219E+000  1.5196869989E-003  3.6344301153E-004
   1   -20   0    0 -3.5709191330E-001  8.5553573984E+000  2.0321634779E-004  2.1912248107E+000  2.6056450226E+000  9.2675550447E-005  2.2812983134E+000  2.5721099044E+000  5.5228492890E-004  2.3851788078E+000  2.5773380605E+000  1.6034232383E-003  2.4047892636E+000  2.5644503924E+000  1.8841634133E-003  2.5099016268E+000  2.5700577861E+000  2.1226316826E-003  2.3674287799E+000  2.5656411296E+000  1.5219033099E-003  3.6322573530E-004
   1   -21   0    0 -3.5153321249E-001  8.5474827082E+000  2.0481050582E-004  2.1904377025E+000  2.6025671597E+000  9.7321340227E-005  2.2802861862E+000  2.5689450416E+000  5.5523249929E-004  2.3840085283E+000  2.5743104892E+000  1.6066843566E-003  2.4029711667E+000  2.5614252789E+000  1.8850900254E-003  2.5079538800E+000  2.5670773334E+000  2.1213922461E-003  2.3657143590E+000  2.5625819316E+000  1.5241228619E-003  3.6300907316E-004
   1   -22   0    0 -3.4594372504E-001  8.5396292490E+000  2.0642246730E-004  2.1896557817E+000  2.5994962407E+000  1.0199782681E-004  2.2792776449E+000  2.5657864310E+000  5.5820153871E-004  2.3828450902E+000  2.5712906906E+000  1.6099687193E-003  2.4011567227E+000  2.5584087302E+000  1.8860159752E-003  2.5060077786E+000  2.5641056332E+000  2.1201469941E-003  2.3640024067E+000  2.5595310237E+000  1.5263455142E-003  3.6279303151E-004
   1   -23   0    0 -3.4032342109E-001  8.5317971837E+000  2.0805242320E-004  2.1888790034E+000  2.5964323042E+000  1.0670516940E-004  2.2782725719E+000  2.5626341085E+000  5.6119224146E-004  2.3816885586E+000  2.5682787183E+000  1.6132766553E-003  2.3993460228E+000  2.5554008440E+000  1.8869411428E-003  2.5040633664E+000  2.5611427816E+000  2.1188958843E-003  2.3622930134E+000  2.5564885014E+000  1.5285711206E-003  3.6257761671E-004
   1   -24   0    0 -3.3467227854E-001  8.5239866704E+000  2.0970056467E-004  2.1881073191E+000  2.5933753862E+000  1.1144352571E-004  2.2772708448E+000  2.5594881077E+000  5.6420480418E-004  2.3805389977E+000  2.5652746236E+000  1.6166085016E-003  2.3975391590E+000  2.5524017179E+000  1.8878654042E-003  2.5021206874E+000  2.5581888747E+000  2.1176388738E-003  2.3605862709E+000  2.5534544604E+000  1.5307995302E-003  3.6236283511E-004
   1   -25   0    0 -3.2622169945E-001  8.5190345631E+000  2.1075701737E-004  2.1871928063E+000  2.5908607366E+000  1.1446956916E-004  2.2762516884E+000  2.5569782957E+000  5.6612986668E-004  2.3796126359E+000  2.5631033049E+000  1.6187375084E-003  2.3966447120E+000  2.5508348040E+000  1.8884519782E-003  2.5013180510E+000  2.5571010664E+000  2.1168373198E-003  2.3597120129E+000  2.5518203934E+000  1.5322164294E-003  3.6225669375E-004
   1   -26   0    0 -3.1716442948E-001  8.5153668066E+000  2.1154436429E-004  2.1862574041E+000  2.5886506633E+000  1.1671915754E-004  2.2752634875E+000  2.5548089989E+000  5.6756157126E-004  2.3788056202E+000  2.5613332319E+000  1.6203208732E-003  2.3961352435E+000  2.5498776270E+000  1.8888861778E-003  2.5009822680E+000  2.5567671456E+000  2.1162420380E-003  2.3591915692E+000  2.5507865731E+000  1.5332666221E-003  3.6219616927E-004
   1   -27   0    0 -3.0813199380E-001  8.5116550942E+000  2.1234536501E-004  2.1853089349E+000  2.5864126866E+000  1.1900285052E-004  2.2742607786E+000  2.5526123771E+000  5.6901550753E-004  2.3779875480E+000  2.5595400412E+000  1.6219288259E-003  2.3956216146E+000  2.5489115628E+000  1.8893253305E-003  2.5006421185E+000  2.5564289266E+000  2.1156382496E-003  2.3586667062E+000  2.5497430392E+000  1.5343299946E-003  3.6213495679E-004
   1   -28   0    0 -2.9912473918E-001  8.5078995609E+000  2.1316015334E-004  2.1843473377E+000  2.5841468295E+000  1.2132081190E-004  2.2732434615E+000  2.5503884546E+000  5.7049181025E-004  2.3771583754E+000  2.5577237101E+000  1.6235615304E-003  2.3951039341E+000  2.5479367642E+000  1.8897693916E-003  2.5002976132E+000  2.5560864215E+000  2.1150259293E-003  2.3581375301E+000  2.5486899506E+000  1.5354064992E-003  3.6207306061E-004
   1   -29   0    0 -2.9014300638E-001  8.5041003582E+000  2.1398886095E-004  2.1833725528E+000  2.5818531238E+000  1.2367319531E-004  2.2722114363E+000  2.5481372642E+000  5.7199060885E-004  2.3763180594E+000  2.5558842216E+000  1.6252191464E-003  2.3945823148E+000  2.5469533905E+000  1.8902183127E-003  2.4999487651E+000  2.5557396448E+000  2.1144050542E-003  2.3576041516E+000  2.5476274740E+000  1.5364960808E-003  3.6201048536E-004
   1   -30   0    0 -2.8118712989E-001  8.5002576536E+000  2.1483161733E-004  2.1823845216E+000  2.5795316105E+000  1.2606014397E-004  2.2711646037E+000  2.5458588473E+000  5.7351202728E-004  2.3754665583E+000  2.5540215648E+000  1.6269018288E-003  2.3940568740E+000  2.5459616083E+000  1.8906720413E-003  2.4995955898E+000  2.5553886134E+000  2.1137756044E-003  2.3570666858E+000  2.5465557830E+000  1.5375986770E-003  3.6194723604E-004
   1   -31   0    0 -2.7225743776E-001  8.4963716310E+000  2.1568854961E-004  2.1813831865E+000  2.5771823389E+000  1.2848179050E-004  2.2701028643E+000  2.5435532540E+000  5.7505618398E-004  2.3746038310E+000  2.5521357342E+000  1.6286097280E-003  2.3935277333E+000  2.5449615910E+000  1.8911305212E-003  2.4992381054E+000  2.5550333470E+000  2.1131375624E-003  2.3565252524E+000  2.5454750588E+000  1.5387142173E-003  3.6188331796E-004
   1   -32   0    0 -2.6335425146E-001  8.4924424896E+000  2.1655978246E-004  2.1803684905E+000  2.5748053669E+000  1.3093825667E-004  2.2690261187E+000  2.5412205423E+000  5.7662319167E-004  2.3737298373E+000  2.5502267295E+000  1.6303429898E-003  2.3929950185E+000  2.5439535188E+000  1.8915936921E-003  2.4988763327E+000  2.5546738677E+000  2.1124909139E-003  2.3559799757E+000  2.5443854897E+000  1.5398426239E-003  3.6181873678E-004
   1   -33   0    0 -2.5447788574E-001  8.4884704440E+000  2.1744543798E-004  2.1793403776E+000  2.5724007609E+000  1.3342965322E-004  2.2679342676E+000  2.5388607781E+000  5.7821315735E-004  2.3728445374E+000  2.5482945561E+000  1.6321017552E-003  2.3924588596E+000  2.5429375784E+000  1.8920614899E-003  2.4985102949E+000  2.5543102001E+000  2.1118356469E-003  2.3554309840E+000  2.5432872710E+000  1.5409838113E-003  3.6175349850E-004
   1   -34   0    0 -2.4562864853E-001  8.4844557235E+000  2.1834563558E-004  2.1782987922E+000  2.5699685951E+000  1.3595607967E-004  2.2668272112E+000  2.5364740355E+000  5.7982618209E-004  2.3719478921E+000  2.5463392241E+000  1.6338861604E-003  2.3919193907E+000  2.5419139634E+000  1.8925338463E-003  2.4981400181E+000  2.5539423715E+000  2.1111717527E-003  2.3548784103E+000  2.5421806050E+000  1.5421376858E-003  3.6168760945E-004
   1   -35   0    0 -2.3680684088E-001  8.4803985720E+000  2.1926049182E-004  2.1772436788E+000  2.5675089516E+000  1.3851762406E-004  2.2657048495E+000  2.5340603956E+000  5.8146236102E-004  2.3710398623E+000  2.5443607485E+000  1.6356963369E-003  2.3913767498E+000  2.5408828737E+000  1.8930106893E-003  2.4977655309E+000  2.5535704121E+000  2.1104992249E-003  2.3543223916E+000  2.5410657011E+000  1.5433041462E-003  3.6162107627E-004
   1   -36   0    0 -2.2801275693E-001  8.4762992473E+000  2.2019012031E-004  2.1761749825E+000  2.5650219201E+000  1.4111436280E-004  2.2645670819E+000  2.5316199472E+000  5.8312178317E-004  2.3701204090E+000  2.5423591492E+000  1.6375324116E-003  2.3908310790E+000  2.5398445154E+000  1.8934919426E-003  2.4973868647E+000  2.5531943545E+000  2.1098180603E-003  2.3537630692E+000  2.5399427749E+000  1.5444830832E-003  3.6155390592E-004
   1   -37   0    0 -2.1924668385E-001  8.4721580210E+000  2.2113463157E-004  2.1750926482E+000  2.5625075977E+000  1.4374636044E-004  2.2634138071E+000  2.5291527859E+000  5.8480453138E-004  2.3691894933E+000  2.5403344503E+000  1.6393945060E-003  2.3902825243E+000  2.5387991011E+000  1.8939775259E-003  2.4970040537E+000  2.5528142340E+000  2.1091282585E-003  2.3532005885E+000  2.5388120491E+000  1.5456743797E-003  3.6148610568E-004
   1   -38   0    0 -2.1050890194E-001  8.4679751774E+000  2.2209413286E-004  2.1739966205E+000  2.5599660886E+000  1.4641366947E-004  2.2622449230E+000  2.5266590141E+000  5.8651068221E-004  2.3682470759E+000  2.5382866802E+000  1.6412827373E-003  2.3897312352E+000  2.5377468494E+000  1.8944673548E-003  2.4966171350E+000  2.5524300891E+000  2.1084298217E-003  2.3526350989E+000  2.5376737526E+000  1.5468779103E-003  3.6141768314E-004
   1   -39   0    0 -2.0179968462E-001  8.4637510138E+000  2.2306872809E-004  2.1728868441E+000  2.5573975036E+000  1.4911633014E-004  2.2610603264E+000  2.5241387406E+000  5.8824030581E-004  2.3672931171E+000  2.5362158711E+000  1.6431972173E-003  2.3891773651E+000  2.5366879847E+000  1.8949613408E-003  2.4962261483E+000  2.5520419605E+000  2.1077227553E-003  2.3520667540E+000  2.5365281207E+000  1.5480935419E-003  3.6134864618E-004
   1   -40   0    0 -1.9311929852E-001  8.4594858394E+000  2.2405851761E-004  2.1717632626E+000  2.5548019604E+000  1.5185437021E-004  2.2598599132E+000  2.5215920807E+000  5.8999346582E-004  2.3663275765E+000  2.5341220593E+000  1.6451380530E-003  2.3886210710E+000  2.5356227376E+000  1.8954593913E-003  2.4958311363E+000  2.5516498922E+000  2.1070070675E-003  2.3514957108E+000  2.5353753947E+000  1.5493211330E-003  3.6127900298E-004
   1   -41   0    0 -1.8446800365E-001  8.4551799752E+000  2.2506359810E-004  2.1706258195E+000  2.5521795825E+000  1.5462780479E-004  2.2586435779E+000  2.5190191551E+000  5.9177021930E-004  2.3653504131E+000  2.5320052842E+000  1.6471053465E-003  2.3880625135E+000  2.5345513439E+000  1.8959614094E-003  2.4954321446E+000  2.5512539309E+000  2.1062827692E-003  2.3509221305E+000  2.5342158221E+000  1.5505605341E-003  3.6120876200E-004
   1   -42   0    0 -1.7584605347E-001  8.4508337532E+000  2.2608406240E-004  2.1694744570E+000  2.5495304996E+000  1.5743663609E-004  2.2574112135E+000  2.5164200903E+000  5.9357061656E-004  2.3643615849E+000  2.5298655887E+000  1.6490991947E-003  2.3875018563E+000  2.5334740454E+000  1.8964672943E-003  2.4950292219E+000  2.5508541262E+000  2.1055498745E-003  2.3503461778E+000  2.5330496563E+000  1.5518115875E-003  3.6113793200E-004
   1   -43   0    0 -1.6725369512E-001  8.4464475158E+000  2.2711999934E-004  2.1683091163E+000  2.5468548471E+000  1.6028085322E-004  2.2561627117E+000  2.5137950183E+000  5.9539470108E-004  2.3633610484E+000  2.5277030187E+000  1.6511196894E-003  2.3869392665E+000  2.5323910888E+000  1.8969769408E-003  2.4946224196E+000  2.5504505306E+000  2.1048084002E-003  2.3497680211E+000  2.5318771560E+000  1.5530741274E-003  3.6106652200E-004
   1   -44   0    0 -1.5869116959E-001  8.4420216159E+000  2.2817149353E-004  2.1671297375E+000  2.5441527656E+000  1.6316043198E-004  2.2548979622E+000  2.5111440758E+000  5.9724250938E-004  2.3623487591E+000  2.5255176228E+000  1.6531669171E-003  2.3863749147E+000  2.5313027265E+000  1.8974902395E-003  2.4942117923E+000  2.5500431995E+000  2.1040583663E-003  2.3491878322E+000  2.5306985859E+000  1.5543479797E-003  3.6099454129E-004
   1   -45   0    0 -1.5015871199E-001  8.4375564155E+000  2.2923862527E-004  2.1659362590E+000  2.5414244008E+000  1.6607533465E-004  2.2536168530E+000  2.5084674041E+000  5.9911407093E-004  2.3613246709E+000  2.5233094520E+000  1.6552409594E-003  2.3858089740E+000  2.5302092157E+000  1.8980070770E-003  2.4937973977E+000  2.5496321916E+000  2.1032997954E-003  2.3486057863E+000  2.5295142159E+000  1.5556329621E-003  3.6092199942E-004
   1   -46   0    0 -1.4165655177E-001  8.4330522858E+000  2.3032147029E-004  2.1647286179E+000  2.5386699031E+000  1.6902550972E-004  2.2523192702E+000  2.5057651492E+000  6.0100940797E-004  2.3602887357E+000  2.5210785597E+000  1.6573418924E-003  2.3852416211E+000  2.5291108185E+000  1.8985273355E-003  2.4933792965E+000  2.5492175682E+000  2.1025327133E-003  2.3480220618E+000  2.5283243209E+000  1.5569288838E-003  3.6084890620E-004
   1   -47   0    0 -1.3318491306E-001  8.4285096066E+000  2.3142009955E-004  2.1635067491E+000  2.5358894274E+000  1.7201089168E-004  2.2510050976E+000  2.5030374607E+000  6.0292853542E-004  2.3592409036E+000  2.5188250013E+000  1.6594697869E-003  2.3846730350E+000  2.5280078018E+000  1.8990508931E-003  2.4929575525E+000  2.5487993940E+000  2.1017571489E-003  2.3474368404E+000  2.5271291810E+000  1.5582355460E-003  3.6077527169E-004
   1   -48   0    0 -1.2474401492E-001  8.4239287653E+000  2.3253457913E-004  2.1622705858E+000  2.5330831327E+000  1.7503140080E-004  2.2496742171E+000  2.5002844923E+000  6.0487146074E-004  2.3581811227E+000  2.5165488340E+000  1.6616247083E-003  2.3841033978E+000  2.5269004371E+000  1.8995776237E-003  2.4925322327E+000  2.5483777366E+000  2.1009731337E-003  2.3468503070E+000  2.5259290813E+000  1.5595527415E-003  3.6070110618E-004
   1   -49   0    0 -1.1633407176E-001  8.4193101571E+000  2.3366496990E-004  2.1610200588E+000  2.5302511817E+000  1.7808694284E-004  2.2483265081E+000  2.4975064008E+000  6.0683818375E-004  2.3571093385E+000  2.5142501163E+000  1.6638067163E-003  2.3835328941E+000  2.5257890005E+000  1.9001073968E-003  2.4921034074E+000  2.5479526669E+000  2.1001807027E-003  2.3462626490E+000  2.5247243113E+000  1.5608802547E-003  3.6062642019E-004
   1   -50   0    0 -1.0795529364E-001  8.4146541839E+000  2.3481132741E-004  2.1597550967E+000  2.5273937409E+000  1.8117740883E-004  2.2469618475E+000  2.4947033465E+000  6.0882869656E-004  2.3560254941E+000  2.5119289081E+000  1.6660158652E-003  2.3829617109E+000  2.5246737721E+000  1.9006400778E-003  2.4916711500E+000  2.5475242588E+000  2.0993798934E-003  2.3456740570E+000  2.5235151653E+000  1.5622178616E-003  3.6055122448E-004
   1   -51   0    0 -9.9607886689E-002  8.4099612540E+000  2.3597370161E-004  2.1584756254E+000  2.5245109797E+000  1.8430267480E-004  2.2455801098E+000  2.4918754921E+000  6.1084298332E-004  2.3549295300E+000  2.5095852704E+000  1.6682522037E-003  2.3823900378E+000  2.5235550362E+000  1.9011755280E-003  2.4912355373E+000  2.5470925896E+000  2.0985707469E-003  2.3450847243E+000  2.5223019417E+000  1.5635653300E-003  3.6047553003E-004
   1   -52   0    0 -9.1292053507E-002  8.4052317818E+000  2.3715213664E-004  2.1571815685E+000  2.5216030707E+000  1.8746260153E-004  2.2441811668E+000  2.4890230031E+000  6.1288102014E-004  2.3538213836E+000  2.5072192651E+000  1.6705157744E-003  2.3818180666E+000  2.5224330810E+000  1.9017136044E-003  2.4907966494E+000  2.5466577396E+000  2.0977533070E-003  2.3444948465E+000  2.5210849431E+000  1.5649224191E-003  3.6039934802E-004
   1   -53   0    0 -8.3007993591E-002  8.4004661871E+000  2.3834667057E-004  2.1558728463E+000  2.5186701891E+000  1.9065703424E-004  2.2427648879E+000  2.4861460473E+000  6.1494277490E-004  2.3527009894E+000  2.5048309543E+000  1.6728066141E-003  2.3812459910E+000  2.5213081987E+000  1.9022541596E-003  2.4903545698E+000  2.5462197925E+000  2.0969276207E-003  2.3439046220E+000  2.5198644764E+000  1.5662888800E-003  3.6032268985E-004
   1   -54   0    0 -7.4755903778E-002  8.3956648945E+000  2.3955733518E-004  2.1545493763E+000  2.5157125124E+000  1.9388580235E-004  2.2413311395E+000  2.4832447942E+000  6.1702820702E-004  2.3515682787E+000  2.5024204010E+000  1.6751247536E-003  2.3806740071E+000  2.5201806849E+000  1.9027970424E-003  2.4899093852E+000  2.5457788354E+000  2.0960937382E-003  2.3433142513E+000  2.5186408521E+000  1.5676644550E-003  3.6024556712E-004
   1   -55   0    0 -6.6535978710E-002  8.3908283334E+000  2.4078415571E-004  2.1532110729E+000  2.5127302203E+000  1.9714871914E-004  2.2398797853E+000  2.4803194153E+000  6.1913726739E-004  2.3504231791E+000  2.4999876679E+000  1.6774702174E-003  2.3801023125E+000  2.5190508388E+000  1.9033420971E-003  2.4894611860E+000  2.5453349586E+000  2.0952517126E-003  2.3427239371E+000  2.5174143843E+000  1.5690488785E-003  3.6016799161E-004
   1   -56   0    0 -5.8348411303E-002  8.3859569371E+000  2.4202715054E-004  2.1518578473E+000  2.5097234942E+000  2.0044558153E-004  2.2384106861E+000  2.4773700832E+000  6.2126989806E-004  2.3492656150E+000  2.4975328180E+000  1.6798430238E-003  2.3795311070E+000  2.5179189627E+000  1.9038891641E-003  2.4890100659E+000  2.5448882558E+000  2.0944016006E-003  2.3421338845E+000  2.5161853908E+000  1.5704418762E-003  3.6008997529E-004
   1   -57   0    0 -5.0193393237E-002  8.3810511427E+000  2.4328633102E-004  2.1504896071E+000  2.5066925175E+000  2.0377616972E-004  2.2369237001E+000  2.4743969722E+000  6.2342603216E-004  2.3480955069E+000  2.4950559140E+000  1.6822431843E-003  2.3789605916E+000  2.5167853622E+000  1.9044380793E-003  2.4885561222E+000  2.5444388242E+000  2.0935434616E-003  2.3415443002E+000  2.5149541926E+000  1.5718431653E-003  3.6001153034E-004
   1   -58   0    0 -4.2071115450E-002  8.3761113907E+000  2.4456170109E-004  2.1491062566E+000  2.5036374747E+000  2.0714024691E-004  2.2354186824E+000  2.4714002571E+000  6.2560559360E-004  2.3469127715E+000  2.4925570182E+000  1.6846707041E-003  2.3783909692E+000  2.5156503459E+000  1.9049886748E-003  2.4880994559E+000  2.5439867643E+000  2.0926773588E-003  2.3409553928E+000  2.5137211140E+000  1.5732524550E-003  3.5993266908E-004
   1   -59   0    0 -3.3981768640E-002  8.3711381243E+000  2.4585325708E-004  2.1477076965E+000  2.5005585514E+000  2.1053755899E-004  2.2338954855E+000  2.4683801138E+000  6.2780849694E-004  2.3457173215E+000  2.4900361925E+000  1.6871255811E-003  2.3778224437E+000  2.5145142252E+000  1.9055407785E-003  2.4876401712E+000  2.5435321803E+000  2.0918033580E-003  2.3403673726E+000  2.5124864821E+000  1.5746694458E-003  3.5985340402E-004
   1   -60   0    0 -2.5925543773E-002  8.3661317894E+000  2.4716098735E-004  2.1462938239E+000  2.4974559343E+000  2.1396783423E-004  2.2323539590E+000  2.4653367185E+000  6.3003464713E-004  2.3445090655E+000  2.4874934980E+000  1.6896078065E-003  2.3772552205E+000  2.5133773140E+000  1.9060942143E-003  2.4871783763E+000  2.5430751797E+000  2.0909215290E-003  2.3397804515E+000  2.5112506269E+000  1.5760938300E-003  3.5977374784E-004
   1   -61   0    0 -1.7902632594E-002  8.3610928343E+000  2.4848487206E-004  2.1448645318E+000  2.4943298109E+000  2.1743078295E-004  2.2307939497E+000  2.4622702479E+000  6.3228393930E-004  2.3432879078E+000  2.4849289949E+000  1.6921173639E-003  2.3766895062E+000  2.5122399290E+000  1.9066488020E-003  2.4867141830E+000  2.5426158738E+000  2.0900319444E-003  2.3391948428E+000  2.5100138813E+000  1.5775252916E-003  3.5969371336E-004
   1   -62   0    0 -9.9132281388E-003  8.3560217090E+000  2.4982488280E-004  2.1434197100E+000  2.4911803692E+000  2.2092609722E-004  2.2292153017E+000  2.4591808790E+000  6.3455625858E-004  2.3420537485E+000  2.4823427428E+000  1.6946542297E-003  2.3761255081E+000  2.5111023889E+000  1.9072043575E-003  2.4862477066E+000  2.5421543771E+000  2.0891346804E-003  2.3386107610E+000  2.5087765803E+000  1.5789635062E-003  3.5961331358E-004
   1   -63   0    0 -1.9575252424E-003  8.3509188654E+000  2.5118098236E-004  2.1419592439E+000  2.4880077976E+000  2.2445345057E-004  2.2276178567E+000  2.4560687887E+000  6.3685147978E-004  2.3408064834E+000  2.4797348000E+000  1.6972183723E-003  2.3755634346E+000  2.5099650147E+000  1.9077606928E-003  2.4857790664E+000  2.5416908081E+000  2.0882298166E-003  2.3380284217E+000  2.5075390616E+000  1.5804081414E-003  3.5953256162E-004
   1   -64   0    0  5.9642789569E-003  8.3457847567E+000  2.5255312435E-004  2.1404830155E+000  2.4848122849E+000  2.2801249760E-004  2.2260014538E+000  2.4529341539E+000  6.3916946726E-004  2.3395460036E+000  2.4771052238E+000  1.6998097523E-003  2.3750034948E+000  2.5088281297E+000  1.9083176159E-003  2.4853083852E+000  2.5412252887E+000  2.0873174361E-003  2.3374480414E+000  2.5063016647E+000  1.5818588563E-003  3.5945147077E-004
   1   -65   0    0  1.3851984519E-002  8.3406198375E+000  2.5394125293E-004  2.1389909026E+000  2.4815940198E+000  2.3160287375E-004  2.2243659295E+000  2.4497771511E+000  6.4151007463E-004  2.3382721957E+000  2.4744540703E+000  1.7024283218E-003  2.3744458982E+000  2.5076920586E+000  1.9088749312E-003  2.4848357898E+000  2.5407579445E+000  2.0863976253E-003  2.3368698377E+000  2.5050647315E+000  1.5833153022E-003  3.5937005446E-004
   1   -66   0    0  2.1705388216E-002  8.3354245631E+000  2.5534530246E-004  2.1374827795E+000  2.4783531912E+000  2.3522419495E-004  2.2227111182E+000  2.4465979566E+000  6.4387314451E-004  2.3369849419E+000  2.4717813945E+000  1.7050740247E-003  2.3738908549E+000  2.5065571281E+000  1.9094324392E-003  2.4843614106E+000  2.5402889048E+000  2.0854704744E-003  2.3362940285E+000  2.5038286054E+000  1.5847771220E-003  3.5928832624E-004
   1   -67   0    0  2.9524283054E-002  8.3301993900E+000  2.5676519723E-004  2.1359585164E+000  2.4750899880E+000  2.3887605733E-004  2.2210368524E+000  2.4433967464E+000  6.4625850836E-004  2.3356841196E+000  2.4690872499E+000  1.7077467960E-003  2.3733385754E+000  2.5054236664E+000  1.9099899369E-003  2.4838853820E+000  2.5398183026E+000  2.0845360769E-003  2.3357208325E+000  2.5025936316E+000  1.5862439510E-003  3.5920629980E-004
   1   -68   0    0  3.7308457819E-002  8.3249447752E+000  2.5820085110E-004  2.1344179798E+000  2.4718045986E+000  2.4255803692E-004  2.2193429626E+000  2.4401736959E+000  6.4866598614E-004  2.3343696018E+000  2.4663716889E+000  1.7104465614E-003  2.3727892701E+000  2.5042920028E+000  1.9105472176E-003  2.4834078422E+000  2.5393462745E+000  2.0835945300E-003  2.3351504686E+000  2.5013601567E+000  1.5877154163E-003  3.5912398896E-004
   1   -69   0    0  4.5057696627E-002  8.3196611763E+000  2.5965216720E-004  2.1328610328E+000  2.4684972114E+000  2.4626968940E-004  2.2176292773E+000  2.4369289800E+000  6.5109538616E-004  2.3330412568E+000  2.4636347626E+000  1.7131732376E-003  2.3722431498E+000  2.5031624681E+000  1.9111040712E-003  2.4829289331E+000  2.5388729610E+000  2.0826459347E-003  2.3345831560E+000  2.5001285288E+000  1.5891911375E-003  3.5904140766E-004
   1   -70   0    0  5.2771778509E-002  8.3143490515E+000  2.6111903761E-004  2.1312875347E+000  2.4651680145E+000  2.5001054982E-004  2.2158956240E+000  2.4336627730E+000  6.5354650481E-004  2.3316989482E+000  2.4608765208E+000  1.7159267313E-003  2.3717004248E+000  2.5020353939E+000  1.9116602843E-003  2.4824488007E+000  2.5383985060E+000  2.0816903955E-003  2.3340191137E+000  2.4988990967E+000  1.5906707264E-003  3.5895856996E-004
   1   -71   0    0  6.0450477014E-002  8.3090088593E+000  2.6260134308E-004  2.1296973412E+000  2.4618171957E+000  2.5378013232E-004  2.2141418288E+000  2.4303752488E+000  6.5601912630E-004  2.3303425354E+000  2.4580970123E+000  1.7187069395E-003  2.3711613055E+000  2.5009111129E+000  1.9122156400E-003  2.4819675946E+000  2.5379230574E+000  2.0807280206E-003  2.3334585609E+000  2.4976722107E+000  1.5921537873E-003  3.5887549003E-004
   1   -72   0    0  6.8093559832E-002  8.3036410589E+000  2.6409895268E-004  2.1280903049E+000  2.4584449424E+000  2.5757792997E-004  2.2123677167E+000  2.4270665807E+000  6.5851302251E-004  2.3289718731E+000  2.4552962843E+000  1.7215137485E-003  2.3706260015E+000  2.4997899582E+000  1.9127699187E-003  2.4814854684E+000  2.5374467667E+000  2.0797589221E-003  2.3329017162E+000  2.4964482214E+000  1.5936399173E-003  3.5879218215E-004
   1   -73   0    0  7.5700788456E-002  8.2982461095E+000  2.6561172354E-004  2.1264662752E+000  2.4550514418E+000  2.6140341448E-004  2.2105731122E+000  2.4237369415E+000  6.6102795268E-004  2.3275868117E+000  2.4524743835E+000  1.7243470345E-003  2.3700947222E+000  2.4986722634E+000  1.9133228974E-003  2.4810025794E+000  2.5369697890E+000  2.0787832157E-003  2.3323487979E+000  2.4952274801E+000  1.5951287061E-003  3.5870866072E-004
   1   -74   0    0  8.3271917873E-002  8.2928244711E+000  2.6713950053E-004  2.1248250986E+000  2.4516368805E+000  2.6525603608E-004  2.2087578396E+000  2.4203865033E+000  6.6356366327E-004  2.3261871975E+000  2.4496313552E+000  1.7272066622E-003  2.3695676761E+000  2.4975583626E+000  1.9138743506E-003  2.4805190889E+000  2.5364922832E+000  2.0778010211E-003  2.3318000235E+000  2.4940103385E+000  1.5966197368E-003  3.5862494022E-004
   1   -75   0    0  9.0806696287E-002  8.2873766039E+000  2.6868211604E-004  2.1231666186E+000  2.4482014453E+000  2.6913522334E-004  2.2069217230E+000  2.4170154382E+000  6.6611988771E-004  2.3247728724E+000  2.4467672440E+000  1.7300924854E-003  2.3690450709E+000  2.4964485898E+000  1.9144240498E-003  2.4800351618E+000  2.5360144116E+000  2.0768124616E-003  2.3312556099E+000  2.4927971485E+000  1.5981125853E-003  3.5854103525E-004
   1   -76   0    0  9.8304864884E-002  8.2819029688E+000  2.7023938964E-004  2.1214906763E+000  2.4447453224E+000  2.7304038303E-004  2.2050645868E+000  2.4136239178E+000  6.6869634624E-004  2.3233436747E+000  2.4438820938E+000  1.7330043461E-003  2.3685271132E+000  2.4953432788E+000  1.9149717643E-003  2.4795509667E+000  2.5355363403E+000  2.0758176647E-003  2.3307157726E+000  2.4915882619E+000  1.5996068213E-003  3.5845696048E-004
   1   -77   0    0  1.0576615763E-001  8.2764040273E+000  2.7181112790E-004  2.1197971107E+000  2.4412686982E+000  2.7697090005E-004  2.2031862565E+000  2.4102121135E+000  6.7129274574E-004  2.3218994387E+000  2.4409759479E+000  1.7359420744E-003  2.3680140085E+000  2.4942427635E+000  1.9155172609E-003  2.4790666761E+000  2.5350582387E+000  2.0748167613E-003  2.3301807262E+000  2.4903840301E+000  1.6011020081E-003  3.5837273068E-004
   1   -78   0    0  1.1319030114E-001  8.2708802415E+000  2.7339712411E-004  2.1180857585E+000  2.4377717587E+000  2.8092613736E-004  2.2012865584E+000  2.4067801967E+000  6.7390877954E-004  2.3204399952E+000  2.4380488493E+000  1.7389054883E-003  2.3675059609E+000  2.4931473768E+000  1.9160603042E-003  2.4785824658E+000  2.5345802800E+000  2.0738098867E-003  2.3296506838E+000  2.4891848043E+000  1.6025977030E-003  3.5828836072E-004
   1   -79   0    0  1.2057701451E-001  8.2653320747E+000  2.7499715809E-004  2.1163564549E+000  2.4342546902E+000  2.8490543600E-004  2.1993653205E+000  2.4033283388E+000  6.7654412731E-004  2.3189651717E+000  2.4351008406E+000  1.7418943928E-003  2.3670031730E+000  2.4920574511E+000  1.9166006571E-003  2.4780985155E+000  2.5341026406E+000  2.0727971796E-003  2.3291258570E+000  2.4879909347E+000  1.6040934578E-003  3.5820386550E-004
   1   -80   0    0  1.2792600935E-001  8.2597599908E+000  2.7661099603E-004  2.1146090338E+000  2.4307176793E+000  2.8890811505E-004  2.1974223728E+000  2.3998567115E+000  6.7919845490E-004  2.3174747926E+000  2.4321319647E+000  1.7449085805E-003  2.3665058457E+000  2.4909733177E+000  1.9171380807E-003  2.4776150081E+000  2.5336255000E+000  2.0717787829E-003  2.3286064553E+000  2.4868027708E+000  1.6055888186E-003  3.5811926005E-004
   1   -81   0    0  1.3523698969E-001  8.2541644551E+000  2.7823839023E-004  2.1128433280E+000  2.4271609127E+000  2.9293347176E-004  2.1954575478E+000  2.3963654869E+000  6.8187141429E-004  2.3159686793E+000  2.4291422646E+000  1.7479478305E-003  2.3660141780E+000  2.4898953070E+000  1.9176723346E-003  2.4771321300E+000  2.5331490414E+000  2.0707548433E-003  2.3280926866E+000  2.4856206606E+000  1.6070833268E-003  3.5803455943E-004
   1   -82   0    0  1.4250965208E-001  8.2485459345E+000  2.7987907908E-004  2.1110591697E+000  2.4235845777E+000  2.9698078167E-004  2.1934706808E+000  2.3928548376E+000  6.8456264348E-004  2.3144466512E+000  2.4261317837E+000  1.7510119085E-003  2.3655283669E+000  2.4888237475E+000  1.9182031772E-003  2.4766500709E+000  2.5326734508E+000  2.0697255114E-003  2.3275847564E+000  2.4844449510E+000  1.6085765191E-003  3.5794977877E-004
   1   -83   0    0  1.4974368565E-001  8.2429048970E+000  2.8153278684E-004  2.1092563909E+000  2.4199888621E+000  3.0104929877E-004  2.1914616109E+000  2.3893249371E+000  6.8727176646E-004  2.3129085249E+000  2.4231005664E+000  1.7541005663E-003  2.3650486072E+000  2.4877589664E+000  1.9187303661E-003  2.4761690235E+000  2.5321989172E+000  2.0686909414E-003  2.3270828678E+000  2.4832759869E+000  1.6100679280E-003  3.5786493327E-004
   1   -84   0    0  1.5693877229E-001  8.2372418128E+000  2.8319922362E-004  2.1074348238E+000  2.4163739548E+000  3.0513825573E-004  2.1894301806E+000  2.3857759599E+000  6.8999839316E-004  2.3113541157E+000  2.4200486578E+000  1.7572135420E-003  2.3645750913E+000  2.4867012887E+000  1.9192536580E-003  2.4756891837E+000  2.5317256327E+000  2.0676512917E-003  2.3265872213E+000  2.4821141112E+000  1.6115570820E-003  3.5778003814E-004
   1   -85   0    0  1.6409458687E-001  8.2315571538E+000  2.8487808533E-004  2.1055943012E+000  2.4127400454E+000  3.0924686422E-004  2.1873762374E+000  2.3822080817E+000  6.9274211949E-004  2.3097832371E+000  2.4169761046E+000  1.7603505590E-003  2.3641080090E+000  2.4856510371E+000  1.9197728095E-003  2.4752107502E+000  2.5312537919E+000  2.0666067241E-003  2.3260980145E+000  2.4809596649E+000  1.6130435066E-003  3.5769510868E-004
   1   -86   0    0  1.7121079749E-001  8.2258513944E+000  2.8656905362E-004  2.1037346572E+000  2.4090873248E+000  3.1337431522E-004  2.1852996334E+000  2.3786214797E+000  6.9550252739E-004  2.3081957018E+000  2.4138829550E+000  1.7635113266E-003  2.3636475473E+000  2.4846085322E+000  1.9202875768E-003  2.4747339244E+000  2.5307835922E+000  2.0655574043E-003  2.3256154422E+000  2.4798129860E+000  1.6145267242E-003  3.5761016018E-004
   1   -87   0    0  1.7828706585E-001  8.2201250111E+000  2.8827179596E-004  2.1018557272E+000  2.4054159853E+000  3.1751977950E-004  2.1832002263E+000  2.3750163329E+000  6.9827918487E-004  2.3065913216E+000  2.4107692591E+000  1.7666955392E-003  2.3631938903E+000  2.4835740913E+000  1.9207977167E-003  2.4742589104E+000  2.5303152333E+000  2.0645035016E-003  2.3251396956E+000  2.4786744099E+000  1.6160062549E-003  3.5752520799E-004
   1   -88   0    0  1.8532304759E-001  8.2143784835E+000  2.8998596566E-004  2.0999573489E+000  2.4017262208E+000  3.2168240801E-004  2.1810778801E+000  2.3713928220E+000  7.0107164614E-004  2.3049699082E+000  2.4076350692E+000  1.7699028762E-003  2.3627472190E+000  2.4825480290E+000  1.9213029862E-003  2.4737859144E+000  2.5298489170E+000  2.0634451890E-003  2.3246709628E+000  2.4775442687E+000  1.6174816172E-003  3.5744026745E-004
   1   -89   0    0  1.9231839282E-001  8.2086122937E+000  2.9171120202E-004  2.0980393625E+000  2.3980182270E+000  3.2586133255E-004  2.1789324651E+000  2.3677511301E+000  7.0387945179E-004  2.3033312737E+000  2.4044804403E+000  1.7731330023E-003  2.3623077108E+000  2.4815306564E+000  1.9218031435E-003  2.4733151451E+000  2.5293848474E+000  2.0623826427E-003  2.3242094278E+000  2.4764228911E+000  1.6189523281E-003  3.5735535392E-004
   1   -90   0    0  1.9927274662E-001  8.2028269271E+000  2.9344713040E-004  2.0961016113E+000  2.3942922015E+000  3.3005566628E-004  2.1767638589E+000  2.3640914428E+000  7.0670212893E-004  2.3016752307E+000  2.4013054303E+000  1.7763855669E-003  2.3618755398E+000  2.4805222808E+000  1.9222979480E-003  2.4728468128E+000  2.5289232304E+000  2.0613160426E-003  2.3237552711E+000  2.4753106020E+000  1.6204179040E-003  3.5727048276E-004
   1   -91   0    0  2.0618574958E-001  8.1970228724E+000  2.9519336250E-004  2.0941439423E+000  2.3905483442E+000  3.3426450448E-004  2.1745719469E+000  2.3604139483E+000  7.0953919148E-004  2.3000015931E+000  2.3981101001E+000  1.7796602042E-003  2.3614508765E+000  2.4795232058E+000  1.9227871605E-003  2.4723811297E+000  2.5284642732E+000  2.0602455718E-003  2.3233086687E+000  2.4742077221E+000  1.6218778614E-003  3.5718566932E-004
   1   -92   0    0  2.1305703852E-001  8.1912006218E+000  2.9694949656E-004  2.0921662067E+000  2.3867868576E+000  3.3848692530E-004  2.1723566226E+000  2.3567188378E+000  7.1239014041E-004  2.2983101765E+000  2.3948945144E+000  1.7829565332E-003  2.3610338871E+000  2.4785337303E+000  1.9232705441E-003  2.4719183096E+000  2.5280081847E+000  2.0591714166E-003  2.3228697926E+000  2.4731145677E+000  1.6233317172E-003  3.5710092891E-004
   1   -93   0    0  2.1988624716E-001  8.1853606714E+000  2.9871511761E-004  2.0901682604E+000  2.3830079464E+000  3.4272199058E-004  2.1701177884E+000  2.3530063058E+000  7.1525446406E-004  2.2966007988E+000  2.3916587416E+000  1.7862741577E-003  2.3606247339E+000  2.4775541489E+000  1.9237478641E-003  2.4714585672E+000  2.5275551748E+000  2.0580937661E-003  2.3224388099E+000  2.4720314501E+000  1.6247789897E-003  3.5701627682E-004
   1   -94   0    0  2.2667300688E-001  8.1795035209E+000  3.0048979787E-004  2.0881499646E+000  2.3792118186E+000  3.4696874679E-004  2.1678553559E+000  2.3492765500E+000  7.1813163853E-004  2.2948732806E+000  2.3884028547E+000  1.7896126661E-003  2.3602235749E+000  2.4765847510E+000  1.9242188885E-003  2.4710021185E+000  2.5271054542E+000  2.0570128127E-003  2.3220158831E+000  2.4709586758E+000  1.6262191990E-003  3.5693172830E-004
   1   -95   0    0  2.3341694758E-001  8.1736296742E+000  3.0227309709E-004  2.0861111865E+000  2.3753986850E+000  3.5122622597E-004  2.1655692468E+000  2.3455297721E+000  7.2102112807E-004  2.2931274458E+000  2.3851269309E+000  1.7929716319E-003  2.3598305635E+000  2.4756258207E+000  1.9246833886E-003  2.4705491799E+000  2.5266592343E+000  2.0559287512E-003  2.3216011697E+000  2.4698965452E+000  1.6276518678E-003  3.5684729853E-004
   1   -96   0    0  2.4011769853E-001  8.1677396394E+000  3.0406456301E-004  2.0840517993E+000  2.3715687595E+000  3.5549344684E-004  2.1632593928E+000  2.3417661776E+000  7.2392238556E-004  2.2913631221E+000  2.3818310524E+000  1.7963506135E-003  2.3594458486E+000  2.4746776366E+000  1.9251411391E-003  2.4700999684E+000  2.5262167268E+000  2.0548417792E-003  2.3211948220E+000  2.4688453534E+000  1.6290765221E-003  3.5676300261E-004
   1   -97   0    0  2.4677488932E-001  8.1618339288E+000  3.0586373181E-004  2.0819716835E+000  2.3677222597E+000  3.5976941587E-004  2.1609257366E+000  2.3379859759E+000  7.2683485298E-004  2.2895801418E+000  2.3785153067E+000  1.7997491544E-003  2.3590695740E+000  2.4737404712E+000  1.9255919186E-003  2.4696547009E+000  2.5257781431E+000  2.0537520966E-003  2.3207969869E+000  2.4678053889E+000  1.6304926920E-003  3.5667885558E-004
   1   -98   0    0  2.5338815087E-001  8.1559130590E+000  3.0767012868E-004  2.0798707271E+000  2.3638594066E+000  3.6405312852E-004  2.1585682324E+000  2.3341893810E+000  7.2975796201E-004  2.2877783418E+000  2.3751797867E+000  1.8031667836E-003  2.3587018785E+000  2.4728145907E+000  1.9260355100E-003  2.4692135941E+000  2.5253436947E+000  2.0526599054E-003  2.3204078057E+000  2.4667769337E+000  1.6318999123E-003  3.5659487236E-004
   1   -99   0    0  2.5995711638E-001  8.1499775512E+000  3.0948326837E-004  2.0777488258E+000  2.3599804247E+000  3.6834357045E-004  2.1561868457E+000  2.3303766112E+000  7.3269113456E-004  2.2859575646E+000  2.3718245912E+000  1.8066030158E-003  2.3583428956E+000  2.4719002545E+000  1.9264717012E-003  2.4687768641E+000  2.5249135922E+000  2.0515654098E-003  2.3200274139E+000  2.4657602627E+000  1.6332977233E-003  3.5651106777E-004
   1  -100   0    0  2.6648142248E-001  8.1440279309E+000  3.1130265583E-004  2.0756058840E+000  2.3560855426E+000  3.7263971888E-004  2.1537815544E+000  2.3265478895E+000  7.3563378348E-004  2.2841176589E+000  2.3684498248E+000  1.8100573515E-003  2.3579927536E+000  2.4709977151E+000  1.9269002848E-003  2.4683447262E+000  2.5244880454E+000  2.0504688154E-003  2.3196559410E+000  2.4647556436E+000  1.6346856716E-003  3.5642745650E-004
   1  -101   0    0  2.7296071032E-001  8.1380647278E+000  3.1312778691E-004  2.0734418152E+000  2.3521749928E+000  3.7694054396E-004  2.1513523490E+000  2.3227034436E+000  7.3858531321E-004  2.2822584797E+000  2.3650555987E+000  1.8135292778E-003  2.3576515750E+000  2.4701072178E+000  1.9273210592E-003  2.4679173943E+000  2.5240672627E+000  2.0493703299E-003  2.3192935104E+000  2.4637633365E+000  1.6360633105E-003  3.5634405308E-004
   1  -102   0    0  2.7939462665E-001  8.1320884763E+000  3.1495814904E-004  2.0712565422E+000  2.3482490115E+000  3.8124501020E-004  2.1488992326E+000  2.3188435063E+000  7.4154512049E-004  2.2803798891E+000  2.3616420306E+000  1.8170182684E-003  2.3573194765E+000  2.4692289999E+000  1.9277338284E-003  2.4674950809E+000  2.5236514510E+000  2.0482701617E-003  2.3189402391E+000  2.4627835931E+000  1.6374302013E-003  3.5626087189E-004
   1  -103   0    0  2.8578282507E-001  8.1260997147E+000  3.1679322203E-004  2.0690499978E+000  2.3443078395E+000  3.8555207793E-004  2.1464222217E+000  2.3149683150E+000  7.4451259516E-004  2.2784817569E+000  2.3582092448E+000  1.8205237843E-003  2.3569965692E+000  2.4683632911E+000  1.9281384030E-003  2.4670779964E+000  2.5232408150E+000  2.0471685206E-003  2.3185962378E+000  2.4618166571E+000  1.6387859137E-003  3.5617792715E-004
   1  -104   0    0  2.9212496713E-001  8.1200989855E+000  3.1863247885E-004  2.0668221250E+000  2.3403517213E+000  3.8986070488E-004  2.1439213461E+000  2.3110781125E+000  7.4748712095E-004  2.2765639608E+000  2.3547573726E+000  1.8240452743E-003  2.3566829578E+000  2.4675103123E+000  1.9285345998E-003  2.4666663490E+000  2.5228355574E+000  2.0460656171E-003  2.3182616104E+000  2.4608627633E+000  1.6401300264E-003  3.5609523287E-004
   1  -105   0    0  2.9842072357E-001  8.1140868354E+000  3.2047538648E-004  2.0645728779E+000  2.3363809056E+000  3.9416984772E-004  2.1413966493E+000  2.3071731464E+000  7.5046807632E-004  2.2746263870E+000  2.3512865524E+000  1.8275821756E-003  2.3563787410E+000  2.4666702762E+000  1.9289222428E-003  2.4662603441E+000  2.5224358781E+000  2.0449616622E-003  2.3179364541E+000  2.4599221374E+000  1.6414621282E-003  3.5601280286E-004
   1  -106   0    0  3.0466977553E-001  8.1080638144E+000  3.2232140680E-004  2.0623022214E+000  2.3323956455E+000  3.9847846364E-004  2.1388481888E+000  2.3032536694E+000  7.5345483532E-004  2.2726689308E+000  2.3477969299E+000  1.8311339142E-003  2.3560840112E+000  2.4658433863E+000  1.9293011633E-003  2.4658601842E+000  2.5220419739E+000  2.0438568671E-003  2.3176208593E+000  2.4589949959E+000  1.6427818183E-003  3.5593065070E-004
   1  -107   0    0  3.1087181569E-001  8.1020304762E+000  3.2416999747E-004  2.0600101318E+000  2.3283961980E+000  4.0278551202E-004  2.1362760359E+000  2.2993199392E+000  7.5644676854E-004  2.2706914967E+000  2.3442886578E+000  1.8346999061E-003  2.3557988544E+000  2.4650298372E+000  1.9296712001E-003  2.4654660685E+000  2.5216540385E+000  2.0427514430E-003  2.3173149093E+000  2.4580815454E+000  1.6440887073E-003  3.5584878974E-004
   1  -108   0    0  3.1702654954E-001  8.0959873776E+000  3.2602061290E-004  2.0576965972E+000  2.3243828242E+000  4.0708995604E-004  2.1336802762E+000  2.2953722188E+000  7.5944324396E-004  2.2686939991E+000  2.3407618967E+000  1.8382795574E-003  2.3555233499E+000  2.4642298138E+000  1.9300322000E-003  2.4650781924E+000  2.5212722617E+000  2.0416456006E-003  2.3170186806E+000  2.4571819827E+000  1.6453824178E-003  3.5576723306E-004
   1  -109   0    0  3.2313369651E-001  8.0899350783E+000  3.2787270517E-004  2.0553616177E+000  2.3203557890E+000  4.1139076433E-004  2.1310610094E+000  2.2914107755E+000  7.6244362796E-004  2.2666763625E+000  2.3372168140E+000  1.8418722653E-003  2.3552575705E+000  2.4634434914E+000  1.9303840179E-003  2.4646967472E+000  2.5208968295E+000  2.0405395504E-003  2.3167322421E+000  2.4562964945E+000  1.6466625848E-003  3.5568599348E-004
   1  -110   0    0  3.2919299110E-001  8.0838741404E+000  3.2972572503E-004  2.0530052055E+000  2.3163153614E+000  4.1568691269E-004  2.1284183491E+000  2.2874358820E+000  7.6544728627E-004  2.2646385217E+000  2.3336535850E+000  1.8454774192E-003  2.3550015825E+000  2.4626710354E+000  1.9307265172E-003  2.4643219200E+000  2.5205279234E+000  2.0394335014E-003  2.3164556558E+000  2.4554252568E+000  1.6479288565E-003  3.5560508353E-004
   1  -111   0    0  3.3520418410E-001  8.0778051281E+000  3.3157912290E-004  2.0506273850E+000  2.3122618139E+000  4.1997738566E-004  2.1257524234E+000  2.2834478152E+000  7.6845358494E-004  2.2625804224E+000  2.3300723921E+000  1.8490944010E-003  2.3547554451E+000  2.4619126010E+000  1.9310595701E-003  2.4639538929E+000  2.5201657204E+000  2.0383276617E-003  2.3161889764E+000  2.4545684351E+000  1.6491808948E-003  3.5552451541E-004
   1  -112   0    0  3.4116704358E-001  8.0717286071E+000  3.3343234981E-004  2.0482281933E+000  2.3081954226E+000  4.2426117822E-004  2.1230633742E+000  2.2794468565E+000  7.7146189133E-004  2.2605020212E+000  2.3264734252E+000  1.8527225865E-003  2.3545192110E+000  2.4611683330E+000  1.9313830575E-003  2.4635928433E+000  2.5198103923E+000  2.0372222380E-003  2.3159322513E+000  2.4537261840E+000  1.6504183760E-003  3.5544430103E-004
   1  -113   0    0  3.4708135599E-001  8.0656451444E+000  3.3528485850E-004  2.0458076798E+000  2.3041164671E+000  4.2853729739E-004  2.1203513573E+000  2.2754332918E+000  7.7447157513E-004  2.2584032859E+000  2.3228568812E+000  1.8563613459E-003  2.3542929258E+000  2.4604383660E+000  1.9316968694E-003  2.4632389430E+000  2.5194621060E+000  2.0361174347E-003  2.3156855205E+000  2.4528986468E+000  1.6516409910E-003  3.5536445196E-004
   1  -114   0    0  3.5294692715E-001  8.0595553075E+000  3.3713610431E-004  2.0433659064E+000  2.3000252298E+000  4.3280476384E-004  2.1176165421E+000  2.2714074106E+000  7.7748200929E-004  2.2562841957E+000  2.3192229642E+000  1.8600100448E-003  2.3540766286E+000  2.4597228237E+000  1.9320009053E-003  2.4628923584E+000  2.5191210227E+000  2.0350134547E-003  2.3154488169E+000  2.4520859560E+000  1.6528484461E-003  3.5528497941E-004
   1  -115   0    0  3.5876358318E-001  8.0534596640E+000  3.3898554628E-004  2.0409029476E+000  2.2959219962E+000  4.3706261341E-004  2.1148591116E+000  2.2673695064E+000  7.8049257108E-004  2.2541447412E+000  2.3155718853E+000  1.8636680455E-003  2.3538703514E+000  2.4590218191E+000  1.9322950737E-003  2.4625532499E+000  2.5187872977E+000  2.0339104979E-003  2.3152221659E+000  2.4512882325E+000  1.6540404630E-003  3.5520589423E-004
   1  -116   0    0  3.6453117140E-001  8.0473587812E+000  3.4083264804E-004  2.0384188905E+000  2.2918070543E+000  4.4130989869E-004  2.1120792617E+000  2.2633198762E+000  7.8350264301E-004  2.2519849246E+000  2.3119038622E+000  1.8673347073E-003  2.3536741194E+000  2.4583354545E+000  1.9325792929E-003  2.4622217717E+000  2.5184610805E+000  2.0328087619E-003  2.3150055858E+000  2.4505055857E+000  1.6552167795E-003  3.5512720691E-004
   1  -117   0    0  3.7024956111E-001  8.0412532251E+000  3.4267687887E-004  2.0359138343E+000  2.2876806946E+000  4.4554569039E-004  2.1092772013E+000  2.2592588201E+000  7.8651161380E-004  2.2498047599E+000  2.3082191191E+000  1.8710093883E-003  2.3534879512E+000  2.4576638212E+000  1.9328534906E-003  2.4618980718E+000  2.5181425143E+000  2.0317084413E-003  2.3147990876E+000  2.4497381136E+000  1.6563771497E-003  3.5504892754E-004
   1  -118   0    0  3.7591864438E-001  8.0351435603E+000  3.4451771455E-004  2.0333878903E+000  2.2835432093E+000  4.4976907884E-004  2.1064531516E+000  2.2551866408E+000  7.8951887936E-004  2.2476042724E+000  2.3045178864E+000  1.8746914457E-003  2.3533118585E+000  2.4570069996E+000  1.9331176041E-003  2.4615822913E+000  2.5178317356E+000  2.0306097273E-003  2.3146026754E+000  2.4489859027E+000  1.6575213443E-003  3.5497106580E-004
   1  -119   0    0  3.8153833666E-001  8.0290303490E+000  3.4635463838E-004  2.0308411822E+000  2.2793948927E+000  4.5397917524E-004  2.1036073460E+000  2.2511036437E+000  7.9252384366E-004  2.2453834994E+000  2.3008004006E+000  1.8783802370E-003  2.3531458462E+000  2.4563650593E+000  1.9333715803E-003  2.4612745649E+000  2.5175288746E+000  2.0295128077E-003  2.3144163460E+000  2.4482490278E+000  1.6586491506E-003  3.5489363099E-004
