
   1    -1   0    0   9.9999999802E-01   7.9414501889E+00   2.5570169166E-04   2.0585979994E+00   2.3708692338E+00   2.0683628564E-04   2.1413137787E+00   2.3355791086E+00   6.2540858640E-04   2.2400565139E+00   2.3736384730E+00   1.6844512301E-03   2.2399413083E+00   2.3810680010E+00   1.9049390847E-03   2.3534916141E+00   2.4131012582E+00   2.0927555885E-03   2.1996665301E+00   2.3723971144E+00   1.5731253703E-03   3.4202332468E-04
   1    -2   0    0   9.8000120192E-01   7.9415742615E+00   2.5562040537E-04   2.0585347192E+00   2.3708988686E+00   2.0683628564E-04   2.1412451101E+00   2.3356174887E+00   6.2540858640E-04   2.2400499133E+00   2.3736768530E+00   1.6844512301E-03   2.2400327619E+00   2.3811247921E+00   1.9049390847E-03   2.3535562144E+00   2.4131640804E+00   2.0927555885E-03   2.1997792549E+00   2.3724539054E+00   1.5731253703E-03   3.4202732886E-04
   1    -3   0    0   9.7000184568E-01   7.9416384285E+00   2.5557838079E-04   2.0585019992E+00   2.3709142050E+00   2.0683628564E-04   2.1412096017E+00   2.3356373462E+00   6.2540858640E-04   2.2400464858E+00   2.3736967106E+00   1.6844512301E-03   2.2400800644E+00   2.3811541680E+00   1.9049390847E-03   2.3535896281E+00   2.4131965744E+00   2.0927555885E-03   2.1998374959E+00   2.3724832814E+00   1.5731253703E-03   3.4202940011E-04
   1    -4   0    0   9.6000251900E-01   7.9417040583E+00   2.5553540850E-04   2.0584685381E+00   2.3709298980E+00   2.0683628564E-04   2.1411732874E+00   2.3356576624E+00   6.2540858640E-04   2.2400429705E+00   2.3737170268E+00   1.6844512301E-03   2.2401284486E+00   2.3811842172E+00   1.9049390847E-03   2.3536238065E+00   2.4132298121E+00   2.0927555885E-03   2.1998970244E+00   2.3725133306E+00   1.5731253703E-03   3.4203151885E-04
   1    -5   0    0   9.5000322322E-01   7.9417711832E+00   2.5549146795E-04   2.0584343196E+00   2.3709459558E+00   2.0683628564E-04   2.1411361495E+00   2.3356784477E+00   6.2540858640E-04   2.2400393650E+00   2.3737378120E+00   1.6844512301E-03   2.2401779389E+00   2.3812149548E+00   1.9049390847E-03   2.3536587666E+00   2.4132638099E+00   2.0927555885E-03   2.1999578673E+00   2.3725440682E+00   1.5731253703E-03   3.4203368614E-04
   1    -6   0    0   9.4000395972E-01   7.9418398366E+00   2.5544653817E-04   2.0583993272E+00   2.3709623870E+00   2.0683628564E-04   2.1410981698E+00   2.3356997126E+00   6.2540858640E-04   2.2400356669E+00   2.3737590770E+00   1.6844512301E-03   2.2402285598E+00   2.3812463962E+00   1.9049390847E-03   2.3536945258E+00   2.4132985849E+00   2.0927555885E-03   2.2000200519E+00   2.3725755096E+00   1.5731253703E-03   3.4203590308E-04
   1    -7   0    0   9.3000472997E-01   7.9419100522E+00   2.5540059780E-04   2.0583635439E+00   2.3709792001E+00   2.0683628564E-04   2.1410593299E+00   2.3357214682E+00   6.2540858640E-04   2.2400318737E+00   2.3737808326E+00   1.6844512301E-03   2.2402803366E+00   2.3812785571E+00   1.9049390847E-03   2.3537311021E+00   2.4133341544E+00   2.0927555885E-03   2.2000836061E+00   2.3726076705E+00   1.5731253703E-03   3.4203817078E-04
   1    -8   0    0   9.2000553548E-01   7.9419818646E+00   2.5535362504E-04   2.0583269525E+00   2.3709964039E+00   2.0683628564E-04   2.1410196107E+00   2.3357437256E+00   6.2540858640E-04   2.2400279828E+00   2.3738030900E+00   1.6844512301E-03   2.2403332951E+00   2.3813114536E+00   1.9049390847E-03   2.3537685136E+00   2.4133705362E+00   2.0927555885E-03   2.2001485584E+00   2.3726405670E+00   1.5731253703E-03   3.4204049037E-04
   1    -9   0    0   9.1000637783E-01   7.9420553091E+00   2.5530559769E-04   2.0582895352E+00   2.3710140075E+00   2.0683628564E-04   2.1409789931E+00   2.3357664962E+00   6.2540858640E-04   2.2400239915E+00   2.3738258606E+00   1.6844512301E-03   2.2403874615E+00   2.3813451022E+00   1.9049390847E-03   2.3538067788E+00   2.4134077482E+00   2.0927555885E-03   2.2002149377E+00   2.3726742155E+00   1.5731253703E-03   3.4204286301E-04
   1   -10   0    0   9.0000725867E-01   7.9421304217E+00   2.5525649312E-04   2.0582512742E+00   2.3710320200E+00   2.0683628564E-04   2.1409374573E+00   2.3357897916E+00   6.2540858640E-04   2.2400198972E+00   2.3738491560E+00   1.6844512301E-03   2.2404428627E+00   2.3813795196E+00   1.9049390847E-03   2.3538459169E+00   2.4134458090E+00   2.0927555885E-03   2.2002827733E+00   2.3727086329E+00   1.5731253703E-03   3.4204528989E-04
   1   -11   0    0   8.9000817974E-01   7.9422072391E+00   2.5520628824E-04   2.0582121511E+00   2.3710504508E+00   2.0683628564E-04   2.1408949833E+00   2.3358136238E+00   6.2540858640E-04   2.2400156970E+00   2.3738729881E+00   1.6844512301E-03   2.2404995259E+00   2.3814147229E+00   1.9049390847E-03   2.3538859470E+00   2.4134847374E+00   2.0927555885E-03   2.2003520952E+00   2.3727438362E+00   1.5731253703E-03   3.4204777222E-04
   1   -12   0    0   8.8000914284E-01   7.9422857988E+00   2.5515495956E-04   2.0581721471E+00   2.3710693096E+00   2.0683628564E-04   2.1408515507E+00   2.3358380048E+00   6.2540858640E-04   2.2400113882E+00   2.3738973691E+00   1.6844512301E-03   2.2405574793E+00   2.3814507296E+00   1.9049390847E-03   2.3539268891E+00   2.4135245525E+00   2.0927555885E-03   2.2004229339E+00   2.3727798429E+00   1.5731253703E-03   3.4205031123E-04
   1   -13   0    0   8.7001014984E-01   7.9423661391E+00   2.5510248312E-04   2.0581312433E+00   2.3710886061E+00   2.0683628564E-04   2.1408071384E+00   2.3358629471E+00   6.2540858640E-04   2.2400069677E+00   2.3739223114E+00   1.6844512301E-03   2.2406167512E+00   2.3814875575E+00   1.9049390847E-03   2.3539687632E+00   2.4135652740E+00   2.0927555885E-03   2.2004953204E+00   2.3728166709E+00   1.5731253703E-03   3.4205290817E-04
   1   -14   0    0   8.6001120270E-01   7.9424482990E+00   2.5504883452E-04   2.0580894201E+00   2.3711083506E+00   2.0683628564E-04   2.1407617253E+00   2.3358884633E+00   6.2540858640E-04   2.2400024325E+00   2.3739478276E+00   1.6844512301E-03   2.2406773709E+00   2.3815252249E+00   1.9049390847E-03   2.3540115899E+00   2.4136069220E+00   2.0927555885E-03   2.2005692862E+00   2.3728543383E+00   1.5731253703E-03   3.4205556435E-04
   1   -15   0    0   8.5001230347E-01   7.9425323182E+00   2.5499398891E-04   2.0580466577E+00   2.3711285531E+00   2.0683628564E-04   2.1407152895E+00   2.3359145664E+00   6.2540858640E-04   2.2399977794E+00   2.3739739308E+00   1.6844512301E-03   2.2407393680E+00   2.3815637504E+00   1.9049390847E-03   2.3540553903E+00   2.4136495168E+00   2.0927555885E-03   2.2006448634E+00   2.3728928637E+00   1.5731253703E-03   3.4205828106E-04
   1   -16   0    0   8.4001345428E-01   7.9426182375E+00   2.5493792097E-04   2.0580029359E+00   2.3711492243E+00   2.0683628564E-04   2.1406678090E+00   2.3359412697E+00   6.2540858640E-04   2.2399930054E+00   2.3740006341E+00   1.6844512301E-03   2.2408027728E+00   2.3816031528E+00   1.9049390847E-03   2.3541001857E+00   2.4136930793E+00   2.0927555885E-03   2.2007220847E+00   2.3729322662E+00   1.5731253703E-03   3.4206105964E-04
   1   -17   0    0   8.3001465736E-01   7.9427060982E+00   2.5488060491E-04   2.0579582341E+00   2.3711703749E+00   2.0683628564E-04   2.1406192610E+00   2.3359685866E+00   6.2540858640E-04   2.2399881071E+00   2.3740279510E+00   1.6844512301E-03   2.2408676162E+00   2.3816434516E+00   1.9049390847E-03   2.3541459981E+00   2.4137376307E+00   2.0927555885E-03   2.2008009831E+00   2.3729725649E+00   1.5731253703E-03   3.4206390148E-04
   1   -18   0    0   8.2001591503E-01   7.9427959425E+00   2.5482201450E-04   2.0579125313E+00   2.3711920158E+00   2.0683628564E-04   2.1405696226E+00   2.3359965310E+00   6.2540858640E-04   2.2399830810E+00   2.3740558954E+00   1.6844512301E-03   2.2409339298E+00   2.3816846664E+00   1.9049390847E-03   2.3541928497E+00   2.4137831928E+00   2.0927555885E-03   2.2008815925E+00   2.3730137798E+00   1.5731253703E-03   3.4206680794E-04
   1   -19   0    0   8.1001722970E-01   7.9428878136E+00   2.5476212301E-04   2.0578658060E+00   2.3712141582E+00   2.0683628564E-04   2.1405188702E+00   2.3360251169E+00   6.2540858640E-04   2.2399779238E+00   2.3740844812E+00   1.6844512301E-03   2.2410017458E+00   2.3817268174E+00   1.9049390847E-03   2.3542407633E+00   2.4138297876E+00   2.0927555885E-03   2.2009639471E+00   2.3730559308E+00   1.5731253703E-03   3.4206978048E-04
   1   -20   0    0   8.0001860391E-01   7.9429817553E+00   2.5470090324E-04   2.0578180364E+00   2.3712368137E+00   2.0683628564E-04   2.1404669800E+00   2.3360543587E+00   6.2540858640E-04   2.2399726319E+00   2.3741137230E+00   1.6844512301E-03   2.2410710969E+00   2.3817699252E+00   1.9049390847E-03   2.3542897621E+00   2.4138774377E+00   2.0927555885E-03   2.2010480817E+00   2.3730990386E+00   1.5731253703E-03   3.4207282052E-04
   1   -21   0    0   7.9002004027E-01   7.9430778125E+00   2.5463832751E-04   2.0577692003E+00   2.3712599938E+00   2.0683628564E-04   2.1404139273E+00   2.3360842711E+00   6.2540858640E-04   2.2399672015E+00   2.3741436354E+00   1.6844512301E-03   2.2411420167E+00   2.3818140107E+00   1.9049390847E-03   2.3543398697E+00   2.4139261661E+00   2.0927555885E-03   2.2011340319E+00   2.3731431241E+00   1.5731253703E-03   3.4207592955E-04
   1   -22   0    0   7.8002154154E-01   7.9431760308E+00   2.5457436765E-04   2.0577192750E+00   2.3712837106E+00   2.0683628564E-04   2.1403596874E+00   2.3361148690E+00   6.2540858640E-04   2.2399616290E+00   2.3741742334E+00   1.6844512301E-03   2.2412145393E+00   2.3818590953E+00   1.9049390847E-03   2.3543911102E+00   2.4139759963E+00   2.0927555885E-03   2.2012218335E+00   2.3731882087E+00   1.5731253703E-03   3.4207910909E-04
   1   -23   0    0   7.7002311056E-01   7.9432764567E+00   2.5450899500E-04   2.0576682374E+00   2.3713079763E+00   2.0683628564E-04   2.1403042349E+00   2.3361461679E+00   6.2540858640E-04   2.2399559104E+00   2.3742055322E+00   1.6844512301E-03   2.2412886995E+00   2.3819052008E+00   1.9049390847E-03   2.3544435083E+00   2.4140269522E+00   2.0927555885E-03   2.2013115232E+00   2.3732343142E+00   1.5731253703E-03   3.4208236067E-04
   1   -24   0    0   7.6002475033E-01   7.9433791377E+00   2.5444218041E-04   2.0576160640E+00   2.3713328034E+00   2.0683628564E-04   2.1402475439E+00   2.3361781832E+00   6.2540858640E-04   2.2399500417E+00   2.3742375476E+00   1.6844512301E-03   2.2413645327E+00   2.3819523493E+00   1.9049390847E-03   2.3544970891E+00   2.4140790582E+00   2.0927555885E-03   2.2014031381E+00   2.3732814627E+00   1.5731253703E-03   3.4208568586E-04
   1   -25   0    0   7.5002646393E-01   7.9434841220E+00   2.5437389423E-04   2.0575627308E+00   2.3713582046E+00   2.0683628564E-04   2.1401895880E+00   2.3362109310E+00   6.2540858640E-04   2.2399440188E+00   2.3742702954E+00   1.6844512301E-03   2.2414420752E+00   2.3820005636E+00   1.9049390847E-03   2.3545518780E+00   2.4141323391E+00   2.0927555885E-03   2.2014967159E+00   2.3733296770E+00   1.5731253703E-03   3.4208908626E-04
   1   -26   0    0   7.4002825462E-01   7.9435914590E+00   2.5430410631E-04   2.0575082135E+00   2.3713841929E+00   2.0683628564E-04   2.1401303405E+00   2.3362444275E+00   6.2540858640E-04   2.2399378376E+00   2.3743037919E+00   1.6844512301E-03   2.2415213638E+00   2.3820498668E+00   1.9049390847E-03   2.3546079012E+00   2.4141868203E+00   2.0927555885E-03   2.2015922949E+00   2.3733789802E+00   1.5731253703E-03   3.4209256351E-04
   1   -27   0    0   7.3003012575E-01   7.9437011988E+00   2.5423278601E-04   2.0574524872E+00   2.3714107817E+00   2.0683628564E-04   2.1400697739E+00   2.3362786893E+00   6.2540858640E-04   2.2399314937E+00   2.3743380536E+00   1.6844512301E-03   2.2416024360E+00   2.3821002823E+00   1.9049390847E-03   2.3546651852E+00   2.4142425276E+00   2.0927555885E-03   2.2016899140E+00   2.3734293957E+00   1.5731253703E-03   3.4209611927E-04
   1   -28   0    0   7.2003208083E-01   7.9438133924E+00   2.5415990216E-04   2.0573955266E+00   2.3714379845E+00   2.0683628564E-04   2.1400078604E+00   2.3363137333E+00   6.2540858640E-04   2.2399249827E+00   2.3743730977E+00   1.6844512301E-03   2.2416853302E+00   2.3821518342E+00   1.9049390847E-03   2.3547237570E+00   2.4142994872E+00   2.0927555885E-03   2.2017896127E+00   2.3734809476E+00   1.5731253703E-03   3.4209975524E-04
   1   -29   0    0   7.1003412353E-01   7.9439280921E+00   2.5408542312E-04   2.0573373059E+00   2.3714658152E+00   2.0683628564E-04   2.1399445716E+00   2.3363495769E+00   6.2540858640E-04   2.2399183000E+00   2.3744089412E+00   1.6844512301E-03   2.2417700853E+00   2.3822045469E+00   1.9049390847E-03   2.3547836441E+00   2.4143577260E+00   2.0927555885E-03   2.2018914310E+00   2.3735336603E+00   1.5731253703E-03   3.4210347313E-04
   1   -30   0    0   7.0003625764E-01   7.9440453508E+00   2.5400931670E-04   2.0572777989E+00   2.3714942879E+00   2.0683628564E-04   2.1398798786E+00   2.3363862375E+00   6.2540858640E-04   2.2399114409E+00   2.3744456019E+00   1.6844512301E-03   2.2418567411E+00   2.3822584453E+00   1.9049390847E-03   2.3548448747E+00   2.4144172713E+00   2.0927555885E-03   2.2019954096E+00   2.3735875587E+00   1.5731253703E-03   3.4210727472E-04
   1   -31   0    0   6.9003848713E-01   7.9441652224E+00   2.5393155024E-04   2.0572169790E+00   2.3715234171E+00   2.0683628564E-04   2.1398137520E+00   2.3364237333E+00   6.2540858640E-04   2.2399044006E+00   2.3744830976E+00   1.6844512301E-03   2.2419453381E+00   2.3823135549E+00   1.9049390847E-03   2.3549074774E+00   2.4144781509E+00   2.0927555885E-03   2.2021015896E+00   2.3736426682E+00   1.5731253703E-03   3.4211116180E-04
   1   -32   0    0   6.8004081613E-01   7.9442877619E+00   2.5385209055E-04   2.0571548190E+00   2.3715532176E+00   2.0683628564E-04   2.1397461618E+00   2.3364620825E+00   6.2540858640E-04   2.2398971742E+00   2.3745214469E+00   1.6844512301E-03   2.2420359174E+00   2.3823699013E+00   1.9049390847E-03   2.3549714812E+00   2.4145403930E+00   2.0927555885E-03   2.2022100130E+00   2.3736990147E+00   1.5731253703E-03   3.4211513619E-04
   1   -33   0    0   6.7004324894E-01   7.9444130253E+00   2.5377090394E-04   2.0570912912E+00   2.3715837045E+00   2.0683628564E-04   2.1396770776E+00   2.3365013038E+00   6.2540858640E-04   2.2398897567E+00   2.3745606682E+00   1.6844512301E-03   2.2421285212E+00   2.3824275111E+00   1.9049390847E-03   2.3550369157E+00   2.4146040265E+00   2.0927555885E-03   2.2023207221E+00   2.3737566244E+00   1.5731253703E-03   3.4211919976E-04
   1   -34   0    0   6.6004579001E-01   7.9445410696E+00   2.5368795620E-04   2.0570263677E+00   2.3716148930E+00   2.0683628564E-04   2.1396064683E+00   2.3365414164E+00   6.2540858640E-04   2.2398821427E+00   2.3746007807E+00   1.6844512301E-03   2.2422231920E+00   2.3824864109E+00   1.9049390847E-03   2.3551038112E+00   2.4146690808E+00   2.0927555885E-03   2.2024337599E+00   2.3738155243E+00   1.5731253703E-03   3.4212335440E-04
   1   -35   0    0   6.5004844401E-01   7.9446719525E+00   2.5360321262E-04   2.0569600197E+00   2.3716467990E+00   2.0683628564E-04   2.1395343022E+00   2.3365824395E+00   6.2540858640E-04   2.2398743270E+00   2.3746418038E+00   1.6844512301E-03   2.2423199734E+00   2.3825466280E+00   1.9049390847E-03   2.3551721984E+00   2.4147355856E+00   2.0927555885E-03   2.2025491699E+00   2.3738757414E+00   1.5731253703E-03   3.4212760204E-04
   1   -36   0    0   6.4005121576E-01   7.9448057332E+00   2.5351663799E-04   2.0568922183E+00   2.3716794383E+00   2.0683628564E-04   2.1394605474E+00   2.3366243930E+00   6.2540858640E-04   2.2398663041E+00   2.3746837573E+00   1.6844512301E-03   2.2424189097E+00   2.3826081903E+00   1.9049390847E-03   2.3552421085E+00   2.4148035715E+00   2.0927555885E-03   2.2026669964E+00   2.3739373037E+00   1.5731253703E-03   3.4213194464E-04
   1   -37   0    0   6.3005411032E-01   7.9449424716E+00   2.5342819658E-04   2.0568229339E+00   2.3717128274E+00   2.0683628564E-04   2.1393851710E+00   2.3366672971E+00   6.2540858640E-04   2.2398580683E+00   2.3747266614E+00   1.6844512301E-03   2.2425200459E+00   2.3826711260E+00   1.9049390847E-03   2.3553135732E+00   2.4148730692E+00   2.0927555885E-03   2.2027872840E+00   2.3740002394E+00   1.5731253703E-03   3.4213638421E-04
   1   -38   0    0   6.2005713290E-01   7.9450822286E+00   2.5333785218E-04   2.0567521365E+00   2.3717469829E+00   2.0683628564E-04   2.1393081399E+00   2.3367111723E+00   6.2540858640E-04   2.2398496139E+00   2.3747705366E+00   1.6844512301E-03   2.2426234279E+00   2.3827354638E+00   1.9049390847E-03   2.3553866250E+00   2.4149441103E+00   2.0927555885E-03   2.2029100781E+00   2.3740645772E+00   1.5731253703E-03   3.4214092277E-04
   1   -39   0    0   6.1006028896E-01   7.9452250663E+00   2.5324556806E-04   2.0566797955E+00   2.3717819218E+00   2.0683628564E-04   2.1392294202E+00   2.3367560396E+00   6.2540858640E-04   2.2398409349E+00   2.3748154039E+00   1.6844512301E-03   2.2427291022E+00   2.3828012331E+00   1.9049390847E-03   2.3554612967E+00   2.4150167268E+00   2.0927555885E-03   2.2030354245E+00   2.3741303464E+00   1.5731253703E-03   3.4214556241E-04
   1   -40   0    0   6.0006358415E-01   7.9453710478E+00   2.5315130702E-04   2.0566058799E+00   2.3718176614E+00   2.0683628564E-04   2.1391489776E+00   2.3368019203E+00   6.2540858640E-04   2.2398320253E+00   2.3748612846E+00   1.6844512301E-03   2.2428371164E+00   2.3828684635E+00   1.9049390847E-03   2.3555376218E+00   2.4150909510E+00   2.0927555885E-03   2.2031633696E+00   2.3741975769E+00   1.5731253703E-03   3.4215030521E-04
   1   -41   0    0   5.9006702436E-01   7.9455202371E+00   2.5305503134E-04   2.0565303582E+00   2.3718542194E+00   2.0683628564E-04   2.1390667770E+00   2.3368488362E+00   6.2540858640E-04   2.2398228788E+00   2.3749082005E+00   1.6844512301E-03   2.2429475186E+00   2.3829371854E+00   1.9049390847E-03   2.3556156343E+00   2.4151668163E+00   2.0927555885E-03   2.2032939605E+00   2.3742662987E+00   1.5731253703E-03   3.4215515333E-04
   1   -42   0    0   5.8007061570E-01   7.9456726993E+00   2.5295670286E-04   2.0564531983E+00   2.3718916138E+00   2.0683628564E-04   2.1389827830E+00   2.3368968093E+00   6.2540858640E-04   2.2398134891E+00   2.3749561736E+00   1.6844512301E-03   2.2430603578E+00   2.3830074295E+00   1.9049390847E-03   2.3556953687E+00   2.4152443560E+00   2.0927555885E-03   2.2034272447E+00   2.3743365428E+00   1.5731253703E-03   3.4216010895E-04
   1   -43   0    0   5.7007436451E-01   7.9458285007E+00   2.5285628290E-04   2.0563743679E+00   2.3719298630E+00   2.0683628564E-04   2.1388969595E+00   2.3369458622E+00   6.2540858640E-04   2.2398038496E+00   2.3750052266E+00   1.6844512301E-03   2.2431756840E+00   2.3830792271E+00   1.9049390847E-03   2.3557768601E+00   2.4153236045E+00   2.0927555885E-03   2.2035632703E+00   2.3744083404E+00   1.5731253703E-03   3.4216517427E-04
   1   -44   0    0   5.6007827741E-01   7.9459877084E+00   2.5275373233E-04   2.0562938337E+00   2.3719689857E+00   2.0683628564E-04   2.1388092698E+00   2.3369960179E+00   6.2540858640E-04   2.2397939535E+00   2.3750553822E+00   1.6844512301E-03   2.2432935476E+00   2.3831526100E+00   1.9049390847E-03   2.3558601443E+00   2.4154045963E+00   2.0927555885E-03   2.2037020860E+00   2.3744817233E+00   1.5731253703E-03   3.4217035154E-04
   1   -45   0    0   5.5008236124E-01   7.9461503908E+00   2.5264901158E-04   2.0562115623E+00   2.3720090010E+00   2.0683628564E-04   2.1387196766E+00   2.3370472996E+00   6.2540858640E-04   2.2397837940E+00   2.3751066640E+00   1.6844512301E-03   2.2434140001E+00   2.3832276105E+00   1.9049390847E-03   2.3559452574E+00   2.4154873668E+00   2.0927555885E-03   2.2038437408E+00   2.3745567238E+00   1.5731253703E-03   3.4217564306E-04
   1   -46   0    0   5.4008662311E-01   7.9463166171E+00   2.5254208059E-04   2.0561275198E+00   2.3720499283E+00   2.0683628564E-04   2.1386281421E+00   2.3370997311E+00   6.2540858640E-04   2.2397733639E+00   2.3751590955E+00   1.6844512301E-03   2.2435370939E+00   2.3833042614E+00   1.9049390847E-03   2.3560322364E+00   2.4155719516E+00   2.0927555885E-03   2.2039882846E+00   2.3746333748E+00   1.5731253703E-03   3.4218105115E-04
   1   -47   0    0   5.3009107042E-01   7.9464864577E+00   2.5243289888E-04   2.0560416715E+00   2.3720917875E+00   2.0683628564E-04   2.1385346279E+00   2.3371533366E+00   6.2540858640E-04   2.2397626562E+00   2.3752127010E+00   1.6844512301E-03   2.2436628818E+00   2.3833825961E+00   1.9049390847E-03   2.3561211184E+00   2.4156583872E+00   2.0927555885E-03   2.2041357675E+00   2.3747117094E+00   1.5731253703E-03   3.4218657816E-04
   1   -48   0    0   5.2009571082E-01   7.9466599840E+00   2.5232142555E-04   2.0559539824E+00   2.3721345986E+00   2.0683628564E-04   2.1384390950E+00   2.3372081407E+00   6.2540858640E-04   2.2397516633E+00   2.3752675050E+00   1.6844512301E-03   2.2437914179E+00   2.3834626483E+00   1.9049390847E-03   2.3562119415E+00   2.4157467104E+00   2.0927555885E-03   2.2042862402E+00   2.3747917617E+00   1.5731253703E-03   3.4219222649E-04
   1   -49   0    0   5.1010055229E-01   7.9468372685E+00   2.5220761925E-04   2.0558644171E+00   2.3721783823E+00   2.0683628564E-04   2.1383415038E+00   2.3372641682E+00   6.2540858640E-04   2.2397403777E+00   2.3753235326E+00   1.6844512301E-03   2.2439227566E+00   2.3835444525E+00   1.9049390847E-03   2.3563047440E+00   2.4158369587E+00   2.0927555885E-03   2.2044397540E+00   2.3748735658E+00   1.5731253703E-03   3.4219799857E-04
   1   -50   0    0   5.0010560305E-01   7.9470183846E+00   2.5209143827E-04   2.0557729395E+00   2.3722231594E+00   2.0683628564E-04   2.1382418143E+00   2.3373214447E+00   6.2540858640E-04   2.2397287915E+00   2.3753808090E+00   1.6844512301E-03   2.2440569536E+00   2.3836280434E+00   1.9049390847E-03   2.3563995651E+00   2.4159291699E+00   2.0927555885E-03   2.2045963604E+00   2.3749571568E+00   1.5731253703E-03   3.4220389687E-04
   1   -51   0    0   4.9011087168E-01   7.9472034068E+00   2.5197284047E-04   2.0556795131E+00   2.3722689511E+00   2.0683628564E-04   2.1381399856E+00   2.3373799959E+00   6.2540858640E-04   2.2397168969E+00   2.3754393602E+00   1.6844512301E-03   2.2441940651E+00   2.3837134565E+00   1.9049390847E-03   2.3564964443E+00   2.4160233825E+00   2.0927555885E-03   2.2047561116E+00   2.3750425698E+00   1.5731253703E-03   3.4220992389E-04
   1   -52   0    0   4.8011636704E-01   7.9473924106E+00   2.5185178335E-04   2.0555841009E+00   2.3723157793E+00   2.0683628564E-04   2.1380359765E+00   2.3374398480E+00   6.2540858640E-04   2.2397046856E+00   2.3754992124E+00   1.6844512301E-03   2.2443341480E+00   2.3838007275E+00   1.9049390847E-03   2.3565954218E+00   2.4161196356E+00   2.0927555885E-03   2.2049190601E+00   2.3751298409E+00   1.5731253703E-03   3.4221608218E-04
   1   -53   0    0   4.7012209834E-01   7.9475854727E+00   2.5172822407E-04   2.0554866654E+00   2.3723636659E+00   2.0683628564E-04   2.1379297451E+00   2.3375010278E+00   6.2540858640E-04   2.2396921494E+00   2.3755603921E+00   1.6844512301E-03   2.2444772603E+00   2.3838898929E+00   1.9049390847E-03   2.3566965380E+00   2.4162179687E+00   2.0927555885E-03   2.2050852591E+00   2.3752190063E+00   1.5731253703E-03   3.4222237430E-04
   1   -54   0    0   4.6012807509E-01   7.9477826704E+00   2.5160211942E-04   2.0553871687E+00   2.3724126333E+00   2.0683628564E-04   2.1378212491E+00   2.3375635622E+00   6.2540858640E-04   2.2396792796E+00   2.3756229265E+00   1.6844512301E-03   2.2446234605E+00   2.3839809894E+00   1.9049390847E-03   2.3567998344E+00   2.4163184218E+00   2.0927555885E-03   2.2052547618E+00   2.3753101028E+00   1.5731253703E-03   3.4222880287E-04
   1   -55   0    0   4.5013430718E-01   7.9479840824E+00   2.5147342591E-04   2.0552855723E+00   2.3724627043E+00   2.0683628564E-04   2.1377104454E+00   2.3376274787E+00   6.2540858640E-04   2.2396660675E+00   2.3756868431E+00   1.6844512301E-03   2.2447728080E+00   2.3840740545E+00   1.9049390847E-03   2.3569053524E+00   2.4164210355E+00   2.0927555885E-03   2.2054276221E+00   2.3754031679E+00   1.5731253703E-03   3.4223537054E-04
   1   -56   0    0   4.4014080481E-01   7.9481897881E+00   2.5134209971E-04   2.0551818373E+00   2.3725139021E+00   2.0683628564E-04   2.1375972905E+00   2.3376928053E+00   6.2540858640E-04   2.2396525043E+00   2.3757521696E+00   1.6844512301E-03   2.2449253630E+00   2.3841691259E+00   1.9049390847E-03   2.3570131345E+00   2.4165258509E+00   2.0927555885E-03   2.2056038942E+00   2.3754982393E+00   1.5731253703E-03   3.4224207998E-04
   1   -57   0    0   4.3014757859E-01   7.9483998680E+00   2.5120809675E-04   2.0550759243E+00   2.3725662503E+00   2.0683628564E-04   2.1374817403E+00   2.3377595702E+00   6.2540858640E-04   2.2396385808E+00   2.3758189346E+00   1.6844512301E-03   2.2450811863E+00   2.3842662419E+00   1.9049390847E-03   2.3571232233E+00   2.4166329095E+00   2.0927555885E-03   2.2057836326E+00   2.3755953552E+00   1.5731253703E-03   3.4224893390E-04
   1   -58   0    0   4.2015463946E-01   7.9486144035E+00   2.5107137269E-04   2.0549677935E+00   2.3726197727E+00   2.0683628564E-04   2.1373637503E+00   2.3378278022E+00   6.2540858640E-04   2.2396242875E+00   2.3758871665E+00   1.6844512301E-03   2.2452403396E+00   2.3843654412E+00   1.9049390847E-03   2.3572356620E+00   2.4167422533E+00   2.0927555885E-03   2.2059668922E+00   2.3756945546E+00   1.5731253703E-03   3.4225593506E-04
   1   -59   0    0   4.1016199875E-01   7.9488334768E+00   2.5093188297E-04   2.0548574045E+00   2.3726744938E+00   2.0683628564E-04   2.1372432754E+00   2.3378975303E+00   6.2540858640E-04   2.2396096151E+00   2.3759568946E+00   1.6844512301E-03   2.2454028851E+00   2.3844667631E+00   1.9049390847E-03   2.3573504944E+00   2.4168539249E+00   2.0927555885E-03   2.2061537281E+00   2.3757958765E+00   1.5731253703E-03   3.4226308623E-04
   1   -60   0    0   4.0016966818E-01   7.9490571712E+00   2.5078958283E-04   2.0547447168E+00   2.3727304382E+00   2.0683628564E-04   2.1371202698E+00   2.3379687841E+00   6.2540858640E-04   2.2395945536E+00   2.3760281484E+00   1.6844512301E-03   2.2455688860E+00   2.3845702473E+00   1.9049390847E-03   2.3574677646E+00   2.4169679673E+00   2.0927555885E-03   2.2063441958E+00   2.3758993607E+00   1.5731253703E-03   3.4227039023E-04
   1   -61   0    0   3.9017765988E-01   7.9492855709E+00   2.5064442734E-04   2.0546296890E+00   2.3727876309E+00   2.0683628564E-04   2.1369946874E+00   2.3380415935E+00   6.2540858640E-04   2.2395790933E+00   2.3761009578E+00   1.6844512301E-03   2.2457384059E+00   2.3846759337E+00   1.9049390847E-03   2.3575875174E+00   2.4170844238E+00   2.0927555885E-03   2.2065383510E+00   2.3760050471E+00   1.5731253703E-03   3.4227784989E-04
   1   -62   0    0   3.8018598637E-01   7.9495187606E+00   2.5049637143E-04   2.0545122796E+00   2.3728460976E+00   2.0683628564E-04   2.1368664816E+00   2.3381159888E+00   6.2540858640E-04   2.2395632238E+00   2.3761753531E+00   1.6844512301E-03   2.2459115093E+00   2.3847838630E+00   1.9049390847E-03   2.3577097977E+00   2.4172033384E+00   2.0927555885E-03   2.2067362496E+00   2.3761129764E+00   1.5731253703E-03   3.4228546809E-04
   1   -63   0    0   3.7019466059E-01   7.9497568262E+00   2.5034536991E-04   2.0543924467E+00   2.3729058639E+00   2.0683628564E-04   2.1367356054E+00   2.3381920006E+00   6.2540858640E-04   2.2395469347E+00   2.3762513650E+00   1.6844512301E-03   2.2460882611E+00   2.3848940761E+00   1.9049390847E-03   2.3578346512E+00   2.4173247552E+00   2.0927555885E-03   2.2069379477E+00   2.3762231894E+00   1.5731253703E-03   3.4229324774E-04
   1   -64   0    0   3.6020369590E-01   7.9499998542E+00   2.5019137755E-04   2.0542701478E+00   2.3729669560E+00   2.0683628564E-04   2.1366020110E+00   2.3382696601E+00   6.2540858640E-04   2.2395302156E+00   2.3763290245E+00   1.6844512301E-03   2.2462687270E+00   2.3850066142E+00   1.9049390847E-03   2.3579621238E+00   2.4174487191E+00   2.0927555885E-03   2.2071435017E+00   2.3763357275E+00   1.5731253703E-03   3.4230119176E-04
   1   -65   0    0   3.5021310611E-01   7.9502479319E+00   2.5003434904E-04   2.0541453401E+00   2.3730294007E+00   2.0683628564E-04   2.1364656506E+00   2.3383489987E+00   6.2540858640E-04   2.2395130554E+00   2.3764083631E+00   1.6844512301E-03   2.2464529734E+00   2.3851215190E+00   1.9049390847E-03   2.3580922618E+00   2.4175752749E+00   2.0927555885E-03   2.2073529680E+00   2.3764506324E+00   1.5731253703E-03   3.4230930312E-04
   1   -66   0    0   3.4022290544E-01   7.9505011474E+00   2.4987423910E-04   2.0540179806E+00   2.3730932247E+00   2.0683628564E-04   2.1363264756E+00   2.3384300482E+00   6.2540858640E-04   2.2394954433E+00   2.3764894126E+00   1.6844512301E-03   2.2466410669E+00   2.3852388327E+00   1.9049390847E-03   2.3582251119E+00   2.4177044683E+00   2.0927555885E-03   2.2075664031E+00   2.3765679461E+00   1.5731253703E-03   3.4231758480E-04
   1   -67   0    0   3.3023310860E-01   7.9507595893E+00   2.4971100246E-04   2.0538880256E+00   2.3731584554E+00   2.0683628564E-04   2.1361844373E+00   2.3385128408E+00   6.2540858640E-04   2.2394773679E+00   2.3765722051E+00   1.6844512301E-03   2.2468330750E+00   2.3853585976E+00   1.9049390847E-03   2.3583607212E+00   2.4178363448E+00   2.0927555885E-03   2.2077838636E+00   2.3766877110E+00   1.5731253703E-03   3.4232603980E-04
   1   -68   0    0   3.2024373071E-01   7.9510233470E+00   2.4954459395E-04   2.0537554315E+00   2.3732251203E+00   2.0683628564E-04   2.1360394864E+00   2.3385974089E+00   6.2540858640E-04   2.2394588178E+00   2.3766567732E+00   1.6844512301E-03   2.2470290656E+00   2.3854808565E+00   1.9049390847E-03   2.3584991371E+00   2.4179709507E+00   2.0927555885E-03   2.2080054061E+00   2.3768099699E+00   1.5731253703E-03   3.4233467117E-04
   1   -69   0    0   3.1025478739E-01   7.9512925104E+00   2.4937496851E-04   2.0536201539E+00   2.3732932476E+00   2.0683628564E-04   2.1358915734E+00   2.3386837854E+00   6.2540858640E-04   2.2394397812E+00   2.3767431497E+00   1.6844512301E-03   2.2472291070E+00   2.3856056524E+00   1.9049390847E-03   2.3586404073E+00   2.4181083323E+00   2.0927555885E-03   2.2082310873E+00   2.3769347658E+00   1.5731253703E-03   3.4234348196E-04
   1   -70   0    0   3.0026629472E-01   7.9515671700E+00   2.4920208124E-04   2.0534821485E+00   2.3733628655E+00   2.0683628564E-04   2.1357406482E+00   2.3387720034E+00   6.2540858640E-04   2.2394202462E+00   2.3768313678E+00   1.6844512301E-03   2.2474332681E+00   2.3857330286E+00   1.9049390847E-03   2.3587845797E+00   2.4182485362E+00   2.0927555885E-03   2.2084609637E+00   2.3770621420E+00   1.5731253703E-03   3.4235247524E-04
   1   -71   0    0   2.9027826925E-01   7.9518474169E+00   2.4902588746E-04   2.0533413705E+00   2.3734340027E+00   2.0683628564E-04   2.1355866608E+00   2.3388620964E+00   6.2540858640E-04   2.2394002006E+00   2.3769214608E+00   1.6844512301E-03   2.2476416179E+00   2.3858630288E+00   1.9049390847E-03   2.3589317026E+00   2.4183916093E+00   2.0927555885E-03   2.2086950917E+00   2.3771921422E+00   1.5731253703E-03   3.4236165412E-04
   1   -72   0    0   2.8029072801E-01   7.9521333424E+00   2.4884634275E-04   2.0531977749E+00   2.3735066881E+00   2.0683628564E-04   2.1354295605E+00   2.3389540982E+00   6.2540858640E-04   2.2393796322E+00   2.3770134626E+00   1.6844512301E-03   2.2478542261E+00   2.3859956966E+00   1.9049390847E-03   2.3590818245E+00   2.4185375989E+00   2.0927555885E-03   2.2089335278E+00   2.3773248100E+00   1.5731253703E-03   3.4237102170E-04
   1   -73   0    0   2.7030368855E-01   7.9524250384E+00   2.4866340299E-04   2.0530513165E+00   2.3735809510E+00   2.0683628564E-04   2.1352692967E+00   2.3390480428E+00   6.2540858640E-04   2.2393585282E+00   2.3771074072E+00   1.6844512301E-03   2.2480711626E+00   2.3861310763E+00   1.9049390847E-03   2.3592349938E+00   2.4186865520E+00   2.0927555885E-03   2.2091763280E+00   2.3774601896E+00   1.5731253703E-03   3.4238058112E-04
   1   -74   0    0   2.6031716887E-01   7.9527225971E+00   2.4847702443E-04   2.0529019497E+00   2.3736568210E+00   2.0683628564E-04   2.1351058184E+00   2.3391439645E+00   6.2540858640E-04   2.2393368759E+00   2.3772033288E+00   1.6844512301E-03   2.2482924976E+00   2.3862692118E+00   1.9049390847E-03   2.3593912596E+00   2.4188385163E+00   2.0927555885E-03   2.2094235483E+00   2.3775983252E+00   1.5731253703E-03   3.4239033551E-04
   1   -75   0    0   2.5033118749E-01   7.9530261109E+00   2.4828716373E-04   2.0527496290E+00   2.3737343281E+00   2.0683628564E-04   2.1349390744E+00   2.3392418977E+00   6.2540858640E-04   2.2393146623E+00   2.3773012621E+00   1.6844512301E-03   2.2485183013E+00   2.3864101477E+00   1.9049390847E-03   2.3595506706E+00   2.4189935392E+00   2.0927555885E-03   2.2096752443E+00   2.3777392611E+00   1.5731253703E-03   3.4240028803E-04
   1   -76   0    0   2.4034576342E-01   7.9533356725E+00   2.4809377802E-04   2.0525943085E+00   2.3738135023E+00   2.0683628564E-04   2.1347690135E+00   2.3393418774E+00   6.2540858640E-04   2.2392918740E+00   2.3774012417E+00   1.6844512301E-03   2.2487486445E+00   2.3865539284E+00   1.9049390847E-03   2.3597132759E+00   2.4191516685E+00   2.0927555885E-03   2.2099314712E+00   2.3778830417E+00   1.5731253703E-03   3.4241044185E-04
   1   -77   0    0   2.3036091620E-01   7.9536513747E+00   2.4789682497E-04   2.0524359423E+00   2.3738943740E+00   2.0683628564E-04   2.1345955842E+00   2.3394439384E+00   6.2540858640E-04   2.2392684977E+00   2.3775033027E+00   1.6844512301E-03   2.2489835978E+00   2.3867005984E+00   1.9049390847E-03   2.3598791245E+00   2.4193129518E+00   2.0927555885E-03   2.2101922842E+00   2.3780297117E+00   1.5731253703E-03   3.4242080013E-04
   1   -78   0    0   2.2037666583E-01   7.9539733103E+00   2.4769626283E-04   2.0522744842E+00   2.3739769740E+00   2.0683628564E-04   2.1344187351E+00   2.3395481159E+00   6.2540858640E-04   2.2392445195E+00   2.3776074803E+00   1.6844512301E-03   2.2492232319E+00   2.3868502023E+00   1.9049390847E-03   2.3600482656E+00   2.4194774368E+00   2.0927555885E-03   2.2104577375E+00   2.3781793157E+00   1.5731253703E-03   3.4243136605E-04
   1   -79   0    0   2.1039303286E-01   7.9543015722E+00   2.4749205049E-04   2.0521098881E+00   2.3740613331E+00   2.0683628564E-04   2.1342384148E+00   2.3396544453E+00   6.2540858640E-04   2.2392199257E+00   2.3777138096E+00   1.6844512301E-03   2.2494676177E+00   2.3870027849E+00   1.9049390847E-03   2.3602207480E+00   2.4196451712E+00   2.0927555885E-03   2.2107278852E+00   2.3783318982E+00   1.5731253703E-03   3.4244214278E-04
   1   -80   0    0   2.0041003830E-01   7.9546362531E+00   2.4728414757E-04   2.0519421077E+00   2.3741474824E+00   2.0683628564E-04   2.1340545718E+00   2.3397629619E+00   6.2540858640E-04   2.2391947020E+00   2.3778223263E+00   1.6844512301E-03   2.2497168259E+00   2.3871583906E+00   1.9049390847E-03   2.3603966209E+00   2.4198162027E+00   2.0927555885E-03   2.2110027807E+00   2.3784875039E+00   1.5731253703E-03   3.4245313350E-04
   1   -81   0    0   1.9042770371E-01   7.9549774457E+00   2.4707251445E-04   2.0517710970E+00   2.3742354532E+00   2.0683628564E-04   2.1338671546E+00   2.3398737014E+00   6.2540858640E-04   2.2391688341E+00   2.3779330658E+00   1.6844512301E-03   2.2499709270E+00   2.3873170640E+00   1.9049390847E-03   2.3605759329E+00   2.4199905787E+00   2.0927555885E-03   2.2112824768E+00   2.3786461774E+00   1.5731253703E-03   3.4246434138E-04
   1   -82   0    0   1.8044605111E-01   7.9553252422E+00   2.4685711237E-04   2.0515968095E+00   2.3743252771E+00   2.0683628564E-04   2.1336761122E+00   2.3399866994E+00   6.2540858640E-04   2.2391423075E+00   2.3780460638E+00   1.6844512301E-03   2.2502299916E+00   2.3874788497E+00   1.9049390847E-03   2.3607587329E+00   2.4201683464E+00   2.0927555885E-03   2.2115670257E+00   2.3788079630E+00   1.5731253703E-03   3.4247576959E-04
   1   -83   0    0   1.7046510304E-01   7.9556797347E+00   2.4663790346E-04   2.0514191992E+00   2.3744169857E+00   2.0683628564E-04   2.1334813933E+00   2.3401019917E+00   6.2540858640E-04   2.2391151074E+00   2.3781613560E+00   1.6844512301E-03   2.2504940899E+00   2.3876437918E+00   1.9049390847E-03   2.3609450691E+00   2.4203495531E+00   2.0927555885E-03   2.2118564787E+00   2.3789729051E+00   1.5731253703E-03   3.4248742129E-04
   1   -84   0    0   1.6048488252E-01   7.9560410147E+00   2.4641485086E-04   2.0512382199E+00   2.3745106108E+00   2.0683628564E-04   2.1332829471E+00   2.3402196139E+00   6.2540858640E-04   2.2390872189E+00   2.3782789783E+00   1.6844512301E-03   2.2507632916E+00   2.3878119344E+00   1.9049390847E-03   2.3611349898E+00   2.4205342456E+00   2.0927555885E-03   2.2121508865E+00   2.3791410478E+00   1.5731253703E-03   3.4249929961E-04
   1   -85   0    0   1.5050541307E-01   7.9564091732E+00   2.4618791872E-04   2.0510538257E+00   2.3746061842E+00   2.0683628564E-04   2.1330807232E+00   2.3403396019E+00   6.2540858640E-04   2.2390586267E+00   2.3783989663E+00   1.6844512301E-03   2.2510376663E+00   2.3879833215E+00   1.9049390847E-03   2.3613285429E+00   2.4207224704E+00   2.0927555885E-03   2.2124502987E+00   2.3793124349E+00   1.5731253703E-03   3.4251140769E-04
   1   -86   0    0   1.4052671866E-01   7.9567843006E+00   2.4595707237E-04   2.0508659707E+00   2.3747037380E+00   2.0683628564E-04   2.1328746712E+00   2.3404619914E+00   6.2540858640E-04   2.2390293156E+00   2.3785213558E+00   1.6844512301E-03   2.2513172829E+00   2.3881579967E+00   1.9049390847E-03   2.3615257757E+00   2.4209142736E+00   2.0927555885E-03   2.2127547641E+00   2.3794871101E+00   1.5731253703E-03   3.4252374863E-04
   1   -87   0    0   1.3054882376E-01   7.9571664865E+00   2.4572227828E-04   2.0506746093E+00   2.3748033042E+00   2.0683628564E-04   2.1326647415E+00   2.3405868180E+00   6.2540858640E-04   2.2389992699E+00   2.3786461824E+00   1.6844512301E-03   2.2516022099E+00   2.3883360031E+00   1.9049390847E-03   2.3617267355E+00   2.4211097010E+00   2.0927555885E-03   2.2130643305E+00   2.3796651165E+00   1.5731253703E-03   3.4253632553E-04
   1   -88   0    0   1.2057175327E-01   7.9575558197E+00   2.4548350422E-04   2.0504796961E+00   2.3749049149E+00   2.0683628564E-04   2.1324508847E+00   2.3407141174E+00   6.2540858640E-04   2.2389684740E+00   2.3787734817E+00   1.6844512301E-03   2.2518925152E+00   2.3885173837E+00   1.9049390847E-03   2.3619314686E+00   2.4213087978E+00   2.0927555885E-03   2.2133790446E+00   2.3798464971E+00   1.5731253703E-03   3.4254914145E-04
   1   -89   0    0   1.1059553254E-01   7.9579523881E+00   2.4524071932E-04   2.0502811860E+00   2.3750086023E+00   2.0683628564E-04   2.1322330521E+00   2.3408439248E+00   6.2540858640E-04   2.2389369118E+00   2.3789032892E+00   1.6844512301E-03   2.2521882657E+00   2.3887021809E+00   1.9049390847E-03   2.3621400210E+00   2.4215116089E+00   2.0927555885E-03   2.2136989517E+00   2.3800312942E+00   1.5731253703E-03   3.4256219940E-04
   1   -90   0    0   1.0062018735E-01   7.9583562784E+00   2.4499389410E-04   2.0500790341E+00   2.3751143983E+00   2.0683628564E-04   2.1320111955E+00   2.3409762757E+00   6.2540858640E-04   2.2389045673E+00   2.3790356400E+00   1.6844512301E-03   2.2524895277E+00   2.3888904366E+00   1.9049390847E-03   2.3623524382E+00   2.4217181782E+00   2.0927555885E-03   2.2140240962E+00   2.3802195499E+00   1.5731253703E-03   3.4257550240E-04
   1   -91   0    0   9.0645743897E-02   7.9587675762E+00   2.4474300061E-04   2.0498731961E+00   2.3752223352E+00   2.0683628564E-04   2.1317852675E+00   2.3411112050E+00   6.2540858640E-04   2.2388714241E+00   2.3791705693E+00   1.6844512301E-03   2.2527963667E+00   2.3890821921E+00   1.9049390847E-03   2.3625687649E+00   2.4219285493E+00   2.0927555885E-03   2.2143545211E+00   2.3804113055E+00   1.5731253703E-03   3.4258905340E-04
   1   -92   0    0   8.0672228763E-02   7.9591863657E+00   2.4448801247E-04   2.0496636279E+00   2.3753324448E+00   2.0683628564E-04   2.1315552216E+00   2.3412487476E+00   6.2540858640E-04   2.2388374658E+00   2.3793081119E+00   1.6844512301E-03   2.2531088468E+00   2.3892774884E+00   1.9049390847E-03   2.3627890450E+00   2.4221427648E+00   2.0927555885E-03   2.2146902679E+00   2.3806066018E+00   1.5731253703E-03   3.4260285531E-04
   1   -93   0    0   7.0699668906E-02   7.9596127298E+00   2.4422890494E-04   2.0494502860E+00   2.3754447589E+00   2.0683628564E-04   2.1313210118E+00   2.3413889379E+00   6.2540858640E-04   2.2388026757E+00   2.3794483023E+00   1.6844512301E-03   2.2534270315E+00   2.3894763654E+00   1.9049390847E-03   2.3630133216E+00   2.4223608668E+00   2.0927555885E-03   2.2150313766E+00   2.3808054788E+00   1.5731253703E-03   3.4261691102E-04
   1   -94   0    0   6.0728091633E-02   7.9600467498E+00   2.4396565504E-04   2.0492331272E+00   2.3755593094E+00   2.0683628564E-04   2.1310825932E+00   2.3415318102E+00   6.2540858640E-04   2.2387670372E+00   2.3795911746E+00   1.6844512301E-03   2.2537509828E+00   2.3896788627E+00   1.9049390847E-03   2.3632416370E+00   2.4225828964E+00   2.0927555885E-03   2.2153778859E+00   2.3810079760E+00   1.5731253703E-03   3.4263122333E-04
   1   -95   0    0   5.0757524578E-02   7.9604885052E+00   2.4369824159E-04   2.0490121090E+00   2.3756761277E+00   2.0683628564E-04   2.1308399222E+00   2.3416773983E+00   6.2540858640E-04   2.2387305331E+00   2.3797367626E+00   1.6844512301E-03   2.2540807613E+00   2.3898850187E+00   1.9049390847E-03   2.3634740326E+00   2.4228088936E+00   2.0927555885E-03   2.2157298326E+00   2.3812141321E+00   1.5731253703E-03   3.4264579501E-04
   1   -96   0    0   4.0787995673E-02   7.9609380738E+00   2.4342664530E-04   2.0487871896E+00   2.3757952451E+00   2.0683628564E-04   2.1305929557E+00   2.3418257355E+00   6.2540858640E-04   2.2386931465E+00   2.3798850999E+00   1.6844512301E-03   2.2544164266E+00   2.3900948713E+00   1.9049390847E-03   2.3637105485E+00   2.4230388978E+00   2.0927555885E-03   2.2160872518E+00   2.3814239846E+00   1.5731253703E-03   3.4266062878E-04
   1   -97   0    0   3.0819533119E-02   7.9613955314E+00   2.4315084887E-04   2.0485583276E+00   2.3759166927E+00   2.0683628564E-04   2.1303416524E+00   2.3419768548E+00   6.2540858640E-04   2.2386548600E+00   2.3800362191E+00   1.6844512301E-03   2.2547580363E+00   2.3903084572E+00   1.9049390847E-03   2.3639512242E+00   2.4232729469E+00   2.0927555885E-03   2.2164501770E+00   2.3816375706E+00   1.5731253703E-03   3.4267572728E-04
   1   -98   0    0   2.0852165356E-02   7.9618609518E+00   2.4287083702E-04   2.0483254824E+00   2.3760405013E+00   2.0683628564E-04   2.1300859720E+00   2.3421307885E+00   6.2540858640E-04   2.2386156564E+00   2.3801901529E+00   1.6844512301E-03   2.2551056469E+00   2.3905258124E+00   1.9049390847E-03   2.3641960974E+00   2.4235110781E+00   2.0927555885E-03   2.2168186397E+00   2.3818549257E+00   1.5731253703E-03   3.4269109308E-04
   1   -99   0    0   1.0885921030E-02   7.9623344064E+00   2.4258659662E-04   2.0480886143E+00   2.3761667012E+00   2.0683628564E-04   2.1298258754E+00   2.3422875686E+00   6.2540858640E-04   2.2385755181E+00   2.3803469329E+00   1.6844512301E-03   2.2554593127E+00   2.3907469716E+00   1.9049390847E-03   2.3644452052E+00   2.4237533270E+00   2.0927555885E-03   2.2171926694E+00   2.3820760850E+00   1.5731253703E-03   3.4270672868E-04
   1  -100   0    0   9.2082895303E-04   7.9628159644E+00   2.4229811671E-04   2.0478476842E+00   2.3762953225E+00   2.0683628564E-04   2.1295613254E+00   2.3424472261E+00   6.2540858640E-04   2.2385344275E+00   2.3805065905E+00   1.6844512301E-03   2.2558190866E+00   2.3909719686E+00   1.9049390847E-03   2.3646985829E+00   2.4239997283E+00   2.0927555885E-03   2.2175722936E+00   2.3823010819E+00   1.5731253703E-03   3.4272263651E-04
   1  -101   0    0  -9.0430819301E-03   7.9633056924E+00   2.4200538864E-04   2.0476026539E+00   2.3764263949E+00   2.0683628564E-04   2.1292922860E+00   2.3426097917E+00   6.2540858640E-04   2.2384923668E+00   2.3806691561E+00   1.6844512301E-03   2.2561850191E+00   2.3912008358E+00   1.9049390847E-03   2.3649562648E+00   2.4242503150E+00   2.0927555885E-03   2.2179575375E+00   2.3825299492E+00   1.5731253703E-03   3.4273881891E-04
   1  -102   0    0  -1.9005782586E-02   7.9638036543E+00   2.4170840609E-04   2.0473534862E+00   2.3765599474E+00   2.0683628564E-04   2.1290187230E+00   2.3427752953E+00   6.2540858640E-04   2.2384493184E+00   2.3808346596E+00   1.6844512301E-03   2.2565571590E+00   2.3914336045E+00   1.9049390847E-03   2.3652182834E+00   2.4245051189E+00   2.0927555885E-03   2.2183484243E+00   2.3827627179E+00   1.5731253703E-03   3.4275527814E-04
   1  -103   0    0  -2.8967243933E-02   7.9643099113E+00   2.4140716515E-04   2.0471001447E+00   2.3766960088E+00   2.0683628564E-04   2.1287406039E+00   2.3429437658E+00   6.2540858640E-04   2.2384052642E+00   2.3810031301E+00   1.6844512301E-03   2.2569355528E+00   2.3916703048E+00   1.9049390847E-03   2.3654846698E+00   2.4247641703E+00   2.0927555885E-03   2.2187449748E+00   2.3829994182E+00   1.5731253703E-03   3.4277201636E-04
   1  -104   0    0  -3.8927436891E-02   7.9648245217E+00   2.4110166441E-04   2.0468425942E+00   2.3768346072E+00   2.0683628564E-04   2.1284578983E+00   2.3431152316E+00   6.2540858640E-04   2.2383601862E+00   2.3811745959E+00   1.6844512301E-03   2.2573202446E+00   2.3919109651E+00   1.9049390847E-03   2.3657554535E+00   2.4250274978E+00   2.0927555885E-03   2.2191472074E+00   2.3832400785E+00   1.5731253703E-03   3.4278903564E-04
   1  -105   0    0  -4.8886332425E-02   7.9653475405E+00   2.4079190503E-04   2.0465808005E+00   2.3769757700E+00   2.0683628564E-04   2.1281705775E+00   2.3432897199E+00   6.2540858640E-04   2.2383140664E+00   2.3813490843E+00   1.6844512301E-03   2.2577112764E+00   2.3921556126E+00   1.9049390847E-03   2.3660306624E+00   2.4252951284E+00   2.0927555885E-03   2.2195551380E+00   2.3834847260E+00   1.5731253703E-03   3.4280633793E-04
   1  -106   0    0  -5.8843901595E-02   7.9658790196E+00   2.4047789078E-04   2.0463147304E+00   2.3771195240E+00   2.0683628564E-04   2.1278786149E+00   2.3434672573E+00   6.2540858640E-04   2.2382668866E+00   2.3815266216E+00   1.6844512301E-03   2.2581086874E+00   2.3924042728E+00   1.9049390847E-03   2.3663103225E+00   2.4255670875E+00   2.0927555885E-03   2.2199687800E+00   2.3837333862E+00   1.5731253703E-03   3.4282392510E-04
   1  -107   0    0  -6.8800115613E-02   7.9664190076E+00   2.4015962810E-04   2.0460443520E+00   2.3772658955E+00   2.0683628564E-04   2.1275819861E+00   2.3436478692E+00   6.2540858640E-04   2.2382186286E+00   2.3817072335E+00   1.6844512301E-03   2.2585125141E+00   2.3926569698E+00   1.9049390847E-03   2.3665944579E+00   2.4258433986E+00   2.0927555885E-03   2.2203881440E+00   2.3839860832E+00   1.5731253703E-03   3.4284179889E-04
   1  -108   0    0  -7.8754945895E-02   7.9669675495E+00   2.3983712621E-04   2.0457696346E+00   2.3774149098E+00   2.0683628564E-04   2.1272806692E+00   2.3438315800E+00   6.2540858640E-04   2.2381692743E+00   2.3818909443E+00   1.6844512301E-03   2.2589227906E+00   2.3929137258E+00   1.9049390847E-03   2.3668830909E+00   2.4261240832E+00   2.0927555885E-03   2.2208132382E+00   2.3842428392E+00   1.5731253703E-03   3.4285996092E-04
   1  -109   0    0  -8.8708364116E-02   7.9675246864E+00   2.3951039710E-04   2.0454905489E+00   2.3775665915E+00   2.0683628564E-04   2.1269746444E+00   2.3440184130E+00   6.2540858640E-04   2.2381188053E+00   2.3820777773E+00   1.6844512301E-03   2.2593395478E+00   2.3931745615E+00   1.9049390847E-03   2.3671762418E+00   2.4264091612E+00   2.0927555885E-03   2.2212440676E+00   2.3845036749E+00   1.5731253703E-03   3.4287841272E-04
   1  -110   0    0  -9.8660342273E-02   7.9680904561E+00   2.3917945562E-04   2.0452070668E+00   2.3777209644E+00   2.0683628564E-04   2.1266638944E+00   2.3442083904E+00   6.2540858640E-04   2.2380672034E+00   2.3822677547E+00   1.6844512301E-03   2.2597628138E+00   2.3934394957E+00   1.9049390847E-03   2.3674739288E+00   2.4266986501E+00   2.0927555885E-03   2.2216806345E+00   2.3847686090E+00   1.5731253703E-03   3.4289715564E-04
   1  -111   0    0  -1.0861085274E-01   7.9686648919E+00   2.3884431954E-04   2.0449191616E+00   2.3778780514E+00   2.0683628564E-04   2.1263484047E+00   2.3444015331E+00   6.2540858640E-04   2.2380144503E+00   2.3824608974E+00   1.6844512301E-03   2.2601926136E+00   2.3937085452E+00   1.9049390847E-03   2.3677761680E+00   2.4269925657E+00   2.0927555885E-03   2.2221229384E+00   2.3850376586E+00   1.5731253703E-03   3.4291619095E-04
   1  -112   0    0  -1.1855986834E-01   7.9692480233E+00   2.3850500957E-04   2.0446268081E+00   2.3780378743E+00   2.0683628564E-04   2.1260281632E+00   2.3445978608E+00   6.2540858640E-04   2.2379605277E+00   2.3826572251E+00   1.6844512301E-03   2.2606289688E+00   2.3939817251E+00   1.9049390847E-03   2.3680829732E+00   2.4272909213E+00   2.0927555885E-03   2.2225709755E+00   2.3853108385E+00   1.5731253703E-03   3.4293551976E-04
   1  -113   0    0  -1.2850736241E-01   7.9698398755E+00   2.3816154941E-04   2.0443299827E+00   2.3782004541E+00   2.0683628564E-04   2.1257031609E+00   2.3447973918E+00   6.2540858640E-04   2.2379054173E+00   2.3828567562E+00   1.6844512301E-03   2.2610718980E+00   2.3942590483E+00   1.9049390847E-03   2.3683943559E+00   2.4275937282E+00   2.0927555885E-03   2.2230247390E+00   2.3855881617E+00   1.5731253703E-03   3.4295514303E-04
   1  -114   0    0  -1.3845330884E-01   7.9704404694E+00   2.3781396580E-04   2.0440286631E+00   2.3783658106E+00   2.0683628564E-04   2.1253733914E+00   2.3450001433E+00   6.2540858640E-04   2.2378491009E+00   2.3830595076E+00   1.6844512301E-03   2.2615214161E+00   2.3945405259E+00   1.9049390847E-03   2.3687103255E+00   2.4279009954E+00   2.0927555885E-03   2.2234842189E+00   2.3858696393E+00   1.5731253703E-03   3.4297506160E-04
   1  -115   0    0  -1.4839768219E-01   7.9710498212E+00   2.3746228851E-04   2.0437228288E+00   2.3785339625E+00   2.0683628564E-04   2.1250388515E+00   2.3452061306E+00   6.2540858640E-04   2.2377915604E+00   2.3832654949E+00   1.6844512301E-03   2.2619775347E+00   2.3948261666E+00   1.9049390847E-03   2.3690308886E+00   2.4282127293E+00   2.0927555885E-03   2.2239494021E+00   2.3861552799E+00   1.5731253703E-03   3.4299527613E-04
   1  -116   0    0  -1.5834045772E-01   7.9716679426E+00   2.3710655046E-04   2.0434124610E+00   2.3787049276E+00   2.0683628564E-04   2.1246995410E+00   2.3454153678E+00   6.2540858640E-04   2.2377327777E+00   2.3834747322E+00   1.6844512301E-03   2.2624402616E+00   2.3951159769E+00   1.9049390847E-03   2.3693560496E+00   2.4285289343E+00   2.0927555885E-03   2.2244202720E+00   2.3864450903E+00   1.5731253703E-03   3.4301578715E-04
   1  -117   0    0  -1.6828161146E-01   7.9722948407E+00   2.3674678763E-04   2.0430975425E+00   2.3788787221E+00   2.0683628564E-04   2.1243554629E+00   2.3456278676E+00   6.2540858640E-04   2.2376727346E+00   2.3836872320E+00   1.6844512301E-03   2.2629096009E+00   2.3954099614E+00   1.9049390847E-03   2.3696858102E+00   2.4288496120E+00   2.0927555885E-03   2.2248968088E+00   2.3867390747E+00   1.5731253703E-03   3.4303659503E-04
   1  -118   0    0  -1.7822112033E-01   7.9729305174E+00   2.3638303916E-04   2.0427780580E+00   2.3790553613E+00   2.0683628564E-04   2.1240066233E+00   2.3458436408E+00   6.2540858640E-04   2.2376114134E+00   2.3839030051E+00   1.6844512301E-03   2.2633855529E+00   2.3957081220E+00   1.9049390847E-03   2.3700201696E+00   2.4291747616E+00   2.0927555885E-03   2.2253789891E+00   2.3870372353E+00   1.5731253703E-03   3.4305769996E-04
   1  -119   0    0  -1.8815896214E-01   7.9735749697E+00   2.3601534735E-04   2.0424539939E+00   2.3792348590E+00   2.0683628564E-04   2.1236530320E+00   2.3460626967E+00   6.2540858640E-04   2.2375487961E+00   2.3841220611E+00   1.6844512301E-03   2.2638681141E+00   2.3960104584E+00   1.9049390847E-03   2.3703591244E+00   2.4295043797E+00   2.0927555885E-03   2.2258667862E+00   2.3873395718E+00   1.5731253703E-03   3.4307910199E-04
   1  -120   0    0  -1.9809511571E-01   7.9742281898E+00   2.3564375762E-04   2.0421253384E+00   2.3794172276E+00   2.0683628564E-04   2.1232947018E+00   2.3462850429E+00   6.2540858640E-04   2.2374848650E+00   2.3843444073E+00   1.6844512301E-03   2.2643572768E+00   2.3963169681E+00   1.9049390847E-03   2.3707026682E+00   2.4298384601E+00   2.0927555885E-03   2.2263601698E+00   2.3876460814E+00   1.5731253703E-03   3.4310080096E-04
   1  -121   0    0  -2.0802956095E-01   7.9748901643E+00   2.3526831860E-04   2.0417920819E+00   2.3796024782E+00   2.0683628564E-04   2.1229316493E+00   2.3465106853E+00   6.2540858640E-04   2.2374196028E+00   2.3845700497E+00   1.6844512301E-03   2.2648530294E+00   2.3966276457E+00   1.9049390847E-03   2.3710507921E+00   2.4301769941E+00   2.0927555885E-03   2.2268591060E+00   2.3879567591E+00   1.5731253703E-03   3.4312279658E-04
   1  -122   0    0  -2.1796227890E-01   7.9755608746E+00   2.3488908204E-04   2.0414542165E+00   2.3797906205E+00   2.0683628564E-04   2.1225638947E+00   2.3467396279E+00   6.2540858640E-04   2.2373529919E+00   2.3847989923E+00   1.6844512301E-03   2.2653553560E+00   2.3969424837E+00   1.9049390847E-03   2.3714034843E+00   2.4305199703E+00   2.0927555885E-03   2.2273635573E+00   2.3882715971E+00   1.5731253703E-03   3.4314508836E-04
   1  -123   0    0  -2.2789325182E-01   7.9762402967E+00   2.3450610285E-04   2.0411117365E+00   2.3799816626E+00   2.0683628564E-04   2.1221914617E+00   2.3469718730E+00   6.2540858640E-04   2.2372850153E+00   2.3850312373E+00   1.6844512301E-03   2.2658642365E+00   2.3972614719E+00   1.9049390847E-03   2.3717607300E+00   2.4308673742E+00   2.0927555885E-03   2.2278734828E+00   2.3885905852E+00   1.5731253703E-03   3.4316767563E-04
   1  -124   0    0  -2.3782246327E-01   7.9769284013E+00   2.3411943910E-04   2.0407646380E+00   2.3801756111E+00   2.0683628564E-04   2.1218143776E+00   2.3472074209E+00   6.2540858640E-04   2.2372156560E+00   2.3852667852E+00   1.6844512301E-03   2.2663796466E+00   2.3975845974E+00   1.9049390847E-03   2.3721225118E+00   2.4312191889E+00   2.0927555885E-03   2.2283888375E+00   2.3889137107E+00   1.5731253703E-03   3.4319055754E-04
   1  -125   0    0  -2.4774989817E-01   7.9776251533E+00   2.3372915196E-04   2.0404129196E+00   2.3803724710E+00   2.0683628564E-04   2.1214326738E+00   2.3474462699E+00   6.2540858640E-04   2.2371448974E+00   2.3855056343E+00   1.6844512301E-03   2.2669015575E+00   2.3979118447E+00   1.9049390847E-03   2.3724888090E+00   2.4315753944E+00   2.0927555885E-03   2.2289095730E+00   2.3892409581E+00   1.5731253703E-03   3.4321373305E-04
   1  -126   0    0  -2.5767554288E-01   7.9783305120E+00   2.3333530571E-04   2.0400565817E+00   2.3805722456E+00   2.0683628564E-04   2.1210463853E+00   2.3476884167E+00   6.2540858640E-04   2.2370727228E+00   2.3857477810E+00   1.6844512301E-03   2.2674299360E+00   2.3982431959E+00   1.9049390847E-03   2.3728595983E+00   2.4319359677E+00   2.0927555885E-03   2.2294356371E+00   2.3895723093E+00   1.5731253703E-03   3.4323720094E-04
   1  -127   0    0  -2.6759938526E-01   7.9790444310E+00   2.3293796768E-04   2.0396956271E+00   2.3807749368E+00   2.0683628564E-04   2.1206555510E+00   2.3479338556E+00   6.2540858640E-04   2.2369991163E+00   2.3859932199E+00   1.6844512301E-03   2.2679647445E+00   2.3985786301E+00   1.9049390847E-03   2.3732348530E+00   2.4323008831E+00   2.0927555885E-03   2.2299669739E+00   2.3899077435E+00   1.5731253703E-03   3.4326095978E-04
   1  -128   0    0  -2.7752141475E-01   7.9797668582E+00   2.3253720827E-04   2.0393300608E+00   2.3809805443E+00   2.0683628564E-04   2.1202602135E+00   2.3481825790E+00   6.2540858640E-04   2.2369240620E+00   2.3862419434E+00   1.6844512301E-03   2.2685059408E+00   2.3989181237E+00   1.9049390847E-03   2.3736145437E+00   2.4326701118E+00   2.0927555885E-03   2.2305035238E+00   2.3902472371E+00   1.5731253703E-03   3.4328500798E-04
   1  -129   0    0  -2.8744162244E-01   7.9804977355E+00   2.3213310083E-04   2.0389598900E+00   2.3811890666E+00   2.0683628564E-04   2.1198604198E+00   2.3484345773E+00   6.2540858640E-04   2.2368475443E+00   2.3864939417E+00   1.6844512301E-03   2.2690534782E+00   2.3992616506E+00   1.9049390847E-03   2.3739986377E+00   2.4330436222E+00   2.0927555885E-03   2.2310452232E+00   2.3905907640E+00   1.5731253703E-03   3.4330934371E-04
   1  -130   0    0  -2.9736000111E-01   7.9812369991E+00   2.3172572169E-04   2.0385851244E+00   2.3814005000E+00   2.0683628564E-04   2.1194562203E+00   2.3486898388E+00   6.2540858640E-04   2.2367695482E+00   2.3867492031E+00   1.6844512301E-03   2.2696073053E+00   2.3996091816E+00   1.9049390847E-03   2.3743870994E+00   2.4334213794E+00   2.0927555885E-03   2.2315920050E+00   2.3909382950E+00   1.5731253703E-03   3.4333396499E-04
   1  -131   0    0  -3.0727654533E-01   7.9819845793E+00   2.3131515007E-04   2.0382057760E+00   2.3816148392E+00   2.0683628564E-04   2.1190476697E+00   2.3489483495E+00   6.2540858640E-04   2.2366900590E+00   2.3870077138E+00   1.6844512301E-03   2.2701673664E+00   2.3999606850E+00   1.9049390847E-03   2.3747798900E+00   2.4338033459E+00   2.0927555885E-03   2.2321437983E+00   2.3912897983E+00   1.5731253703E-03   3.4335886961E-04
   1  -132   0    0  -3.1719125149E-01   7.9827404003E+00   2.3090146805E-04   2.0378218590E+00   2.3818320770E+00   2.0683628564E-04   2.1186348266E+00   2.3492100934E+00   6.2540858640E-04   2.2366090623E+00   2.3872694578E+00   1.6844512301E-03   2.2707336008E+00   2.4003161260E+00   1.9049390847E-03   2.3751769677E+00   2.4341894808E+00   2.0927555885E-03   2.2327005284E+00   2.3916452394E+00   1.5731253703E-03   3.4338405517E-04
   1  -133   0    0  -3.2710411788E-01   7.9835043805E+00   2.3048476048E-04   2.0374333904E+00   2.3820522042E+00   2.0683628564E-04   2.1182177534E+00   2.3494750523E+00   6.2540858640E-04   2.2365265443E+00   2.3875344166E+00   1.6844512301E-03   2.2713059433E+00   2.4006754673E+00   1.9049390847E-03   2.3755782875E+00   2.4345797405E+00   2.0927555885E-03   2.2332621170E+00   2.3920045807E+00   1.5731253703E-03   3.4340951907E-04
   1  -134   0    0  -3.3701514472E-01   7.9842764323E+00   2.3006511492E-04   2.0370403895E+00   2.3822752099E+00   2.0683628564E-04   2.1177965166E+00   2.3497432057E+00   6.2540858640E-04   2.2364424917E+00   2.3878025701E+00   1.6844512301E-03   2.2718843242E+00   2.4010386686E+00   1.9049390847E-03   2.3759838013E+00   2.4349740781E+00   2.0927555885E-03   2.2338284820E+00   2.3923677820E+00   1.5731253703E-03   3.4343525851E-04
   1  -135   0    0  -3.4692433424E-01   7.9850564622E+00   2.2964262159E-04   2.0366428781E+00   2.3825010811E+00   2.0683628564E-04   2.1173711866E+00   2.3500145310E+00   6.2540858640E-04   2.2363568917E+00   2.3880738954E+00   1.6844512301E-03   2.2724686689E+00   2.4014056868E+00   1.9049390847E-03   2.3763934580E+00   2.4353724439E+00   2.0927555885E-03   2.2343995377E+00   2.3927348001E+00   1.5731253703E-03   3.4346127049E-04
   1  -136   0    0  -3.5683169071E-01   7.9858443705E+00   2.2921737331E-04   2.0362408805E+00   2.3827298030E+00   2.0683628564E-04   2.1169418377E+00   2.3502890034E+00   6.2540858640E-04   2.2362697321E+00   2.3883483677E+00   1.6844512301E-03   2.2730588983E+00   2.4017764759E+00   1.9049390847E-03   2.3768072033E+00   2.4357747852E+00   2.0927555885E-03   2.2349751947E+00   2.3931055893E+00   1.5731253703E-03   3.4348755181E-04
   1  -137   0    0  -3.6673722047E-01   7.9866400520E+00   2.2878946537E-04   2.0358344239E+00   2.3829613585E+00   2.0683628564E-04   2.1165085480E+00   2.3505665956E+00   6.2540858640E-04   2.2361810013E+00   2.3886259599E+00   1.6844512301E-03   2.2736549288E+00   2.4021509874E+00   1.9049390847E-03   2.3772249799E+00   2.4361810460E+00   2.0927555885E-03   2.2355553601E+00   2.3934801007E+00   1.5731253703E-03   3.4351409907E-04
   1  -138   0    0  -3.7664093202E-01   7.9874433950E+00   2.2835899550E-04   2.0354235379E+00   2.3831957289E+00   2.0683628564E-04   2.1160713995E+00   2.3508472782E+00   6.2540858640E-04   2.2360906881E+00   2.3889066426E+00   1.6844512301E-03   2.2742566721E+00   2.4025291695E+00   1.9049390847E-03   2.3776467272E+00   2.4365911677E+00   2.0927555885E-03   2.2361399374E+00   2.3938582829E+00   1.5731253703E-03   3.4354090867E-04
   1  -139   0    0  -3.8654283600E-01   7.9882542825E+00   2.2792606373E-04   2.0350082546E+00   2.3834328933E+00   2.0683628564E-04   2.1156304779E+00   2.3511310198E+00   6.2540858640E-04   2.2359987824E+00   2.3891903841E+00   1.6844512301E-03   2.2748640352E+00   2.4029109682E+00   1.9049390847E-03   2.3780723820E+00   2.4370050885E+00   2.0927555885E-03   2.2367288266E+00   2.3942400816E+00   1.5731253703E-03   3.4356797680E-04
   1  -140   0    0  -3.9644294525E-01   7.9890725913E+00   2.2749077237E-04   2.0345886091E+00   2.3836728288E+00   2.0683628564E-04   2.1151858725E+00   2.3514177862E+00   6.2540858640E-04   2.2359052746E+00   2.3894771505E+00   1.6844512301E-03   2.2754769209E+00   2.4032963262E+00   1.9049390847E-03   2.3785018777E+00   2.4374227437E+00   2.0927555885E-03   2.2373219242E+00   2.3946254396E+00   1.5731253703E-03   3.4359529948E-04
   1  -141   0    0  -4.0634127485E-01   7.9898981924E+00   2.2705322587E-04   2.0341646392E+00   2.3839155104E+00   2.0683628564E-04   2.1147376764E+00   2.3517075414E+00   6.2540858640E-04   2.2358101557E+00   2.3897669057E+00   1.6844512301E-03   2.2760952273E+00   2.4036851837E+00   1.9049390847E-03   2.3789351447E+00   2.4378440658E+00   2.0927555885E-03   2.2379191234E+00   2.3950142971E+00   1.5731253703E-03   3.4362287249E-04
   1  -142   0    0  -4.1623784210E-01   7.9907309512E+00   2.2661353073E-04   2.0337363852E+00   2.3841609111E+00   2.0683628564E-04   2.1142859862E+00   2.3520002469E+00   6.2540858640E-04   2.2357134178E+00   2.3900596112E+00   1.6844512301E-03   2.2767188482E+00   2.4040774782E+00   1.9049390847E-03   2.3793721108E+00   2.4382689843E+00   2.0927555885E-03   2.2385203141E+00   2.3954065915E+00   1.5731253703E-03   3.4365069147E-04
   1  -143   0    0  -4.2613266658E-01   7.9915707274E+00   2.2617179541E-04   2.0333038905E+00   2.3844090019E+00   2.0683628564E-04   2.1138309019E+00   2.3522958619E+00   6.2540858640E-04   2.2356150537E+00   2.3903552263E+00   1.6844512301E-03   2.2773476730E+00   2.4044731443E+00   1.9049390847E-03   2.3798127004E+00   2.4386974258E+00   2.0927555885E-03   2.2391253829E+00   2.3958022577E+00   1.5731253703E-03   3.4367875181E-04
   1  -144   0    0  -4.3602577015E-01   7.9924173750E+00   2.2572813024E-04   2.0328672010E+00   2.3846597517E+00   2.0683628564E-04   2.1133725268E+00   2.3525943437E+00   6.2540858640E-04   2.2355150571E+00   2.3906537080E+00   1.6844512301E-03   2.2779815867E+00   2.4048721143E+00   1.9049390847E-03   2.3802568354E+00   2.4391293142E+00   2.0927555885E-03   2.2397342133E+00   2.3962012276E+00   1.5731253703E-03   3.4370704876E-04
   1  -145   0    0  -4.4591717694E-01   7.9932707426E+00   2.2528264729E-04   2.0324263657E+00   2.3849131275E+00   2.0683628564E-04   2.1129109675E+00   2.3528956469E+00   6.2540858640E-04   2.2354134225E+00   2.3909550112E+00   1.6844512301E-03   2.2786204704E+00   2.4052743174E+00   1.9049390847E-03   2.3807044347E+00   2.4395645708E+00   2.0927555885E-03   2.2403466856E+00   2.3966034307E+00   1.5731253703E-03   3.4373557735E-04
   1  -146   0    0  -4.5580691337E-01   7.9941306732E+00   2.2483546029E-04   2.0319814363E+00   2.3851690940E+00   2.0683628564E-04   2.1124463338E+00   2.3531997242E+00   6.2540858640E-04   2.2353101456E+00   2.3912590885E+00   1.6844512301E-03   2.2792642007E+00   2.4056796805E+00   1.9049390847E-03   2.3811554143E+00   2.4400031138E+00   2.0927555885E-03   2.2409626772E+00   2.3970087939E+00   1.5731253703E-03   3.4376433243E-04
   1  -147   0    0  -4.6569500815E-01   7.9949970047E+00   2.2438668451E-04   2.0315324674E+00   2.3854276141E+00   2.0683628564E-04   2.1119787384E+00   2.3535065260E+00   6.2540858640E-04   2.2352052230E+00   2.3915658903E+00   1.6844512301E-03   2.2799126504E+00   2.4060881280E+00   1.9049390847E-03   2.3816096876E+00   2.4404448590E+00   2.0927555885E-03   2.2415820624E+00   2.3974172414E+00   1.5731253703E-03   3.4379330868E-04
   1  -148   0    0  -4.7558149227E-01   7.9958695696E+00   2.2393643664E-04   2.0310795166E+00   2.3856886484E+00   2.0683628564E-04   2.1115082971E+00   2.3538160004E+00   6.2540858640E-04   2.2350986522E+00   2.3918753648E+00   1.6844512301E-03   2.2805656883E+00   2.4064995816E+00   1.9049390847E-03   2.3820671654E+00   2.4408897196E+00   2.0927555885E-03   2.2422047129E+00   2.3978286950E+00   1.5731253703E-03   3.4382250058E-04
   1  -149   0    0  -4.8546639895E-01   7.9967481953E+00   2.2348483472E-04   2.0306226442E+00   2.3859521559E+00   2.0683628564E-04   2.1110351282E+00   2.3541280936E+00   6.2540858640E-04   2.2349904322E+00   2.3921874580E+00   1.6844512301E-03   2.2812231792E+00   2.4069139606E+00   1.9049390847E-03   2.3825277557E+00   2.4413376060E+00   2.0927555885E-03   2.2428304975E+00   2.3982430740E+00   1.5731253703E-03   3.4385190246E-04
   1  -150   0    0  -4.9534976369E-01   7.9976327041E+00   2.2303199798E-04   2.0301619138E+00   2.3862180932E+00   2.0683628564E-04   2.1105593528E+00   2.3544427495E+00   6.2540858640E-04   2.2348805626E+00   2.3925021139E+00   1.6844512301E-03   2.2818849844E+00   2.4073311820E+00   1.9049390847E-03   2.3829913639E+00   2.4417884265E+00   2.0927555885E-03   2.2434592825E+00   2.3986602954E+00   1.5731253703E-03   3.4388150845E-04
   1  -151   0    0  -5.0523162420E-01   7.9985229137E+00   2.2257804676E-04   2.0296973915E+00   2.3864864150E+00   2.0683628564E-04   2.1100810943E+00   2.3547599099E+00   6.2540858640E-04   2.2347690446E+00   2.3928192743E+00   1.6844512301E-03   2.2825509613E+00   2.4077511604E+00   1.9049390847E-03   2.3834578931E+00   2.4422420865E+00   2.0927555885E-03   2.2440909316E+00   2.3990802738E+00   1.5731253703E-03   3.4391131253E-04
   1  -152   0    0  -5.1511202036E-01   7.9994186367E+00   2.2212310238E-04   2.0292291467E+00   2.3867570744E+00   2.0683628564E-04   2.1096004787E+00   2.3550795146E+00   6.2540858640E-04   2.2346558806E+00   2.3931388790E+00   1.6844512301E-03   2.2832209639E+00   2.4081738080E+00   1.9049390847E-03   2.3839272439E+00   2.4426984895E+00   2.0927555885E-03   2.2447253059E+00   2.3995029213E+00   1.5731253703E-03   3.4394130851E-04
   1  -153   0    0  -5.2499099421E-01   8.0003196813E+00   2.2166728703E-04   2.0287572515E+00   2.3870300220E+00   2.0683628564E-04   2.1091176339E+00   2.3554015013E+00   6.2540858640E-04   2.2345410739E+00   2.3934608657E+00   1.6844512301E-03   2.2838948427E+00   2.4085990348E+00   1.9049390847E-03   2.3843993143E+00   2.4431575364E+00   2.0927555885E-03   2.2453622646E+00   2.3999281482E+00   1.5731253703E-03   3.4397149003E-04
   1  -154   0    0  -5.3486858992E-01   8.0012258511E+00   2.2121072365E-04   2.0282817812E+00   2.3873052069E+00   2.0683628564E-04   2.1086326900E+00   2.3557258058E+00   6.2540858640E-04   2.2344246295E+00   2.3937851701E+00   1.6844512301E-03   2.2845724451E+00   2.4090267488E+00   1.9049390847E-03   2.3848740005E+00   2.4436191260E+00   2.0927555885E-03   2.2460016642E+00   2.4003558622E+00   1.5731253703E-03   3.4400185060E-04
   1  -155   0    0  -5.4474485372E-01   8.0021369456E+00   2.2075353582E-04   2.0278028139E+00   2.3875825761E+00   2.0683628564E-04   2.1081457788E+00   2.3560523618E+00   6.2540858640E-04   2.2343065536E+00   2.3941117261E+00   1.6844512301E-03   2.2852536152E+00   2.4094568558E+00   1.9049390847E-03   2.3853511959E+00   2.4440831549E+00   2.0927555885E-03   2.2466433596E+00   2.4007859692E+00   1.5731253703E-03   3.4403238356E-04
   1  -156   0    0  -5.5461983384E-01   8.0030527599E+00   2.2029584766E-04   2.0273204308E+00   2.3878620750E+00   2.0683628564E-04   2.1076570340E+00   2.3563811011E+00   6.2540858640E-04   2.2341868537E+00   2.3944404655E+00   1.6844512301E-03   2.2859381939E+00   2.4098892595E+00   1.9049390847E-03   2.3858307923E+00   2.4445495176E+00   2.0927555885E-03   2.2472872033E+00   2.4012183729E+00   1.5731253703E-03   3.4406308210E-04
   1  -157   0    0  -5.6449358048E-01   8.0039730851E+00   2.1983778367E-04   2.0268347158E+00   2.3881436468E+00   2.0683628564E-04   2.1071665906E+00   2.3567119539E+00   6.2540858640E-04   2.2340655387E+00   2.3947713182E+00   1.6844512301E-03   2.2866260196E+00   2.4103238617E+00   1.9049390847E-03   2.3863126792E+00   2.4450181067E+00   2.0927555885E-03   2.2479330463E+00   2.4016529751E+00   1.5731253703E-03   3.4409393927E-04
   1  -158   0    0  -5.7436614575E-01   8.0048977085E+00   2.1937946865E-04   2.0263457561E+00   2.3884272331E+00   2.0683628564E-04   2.1066745852E+00   2.3570448483E+00   6.2540858640E-04   2.2339426191E+00   2.3951042126E+00   1.6844512301E-03   2.2873169276E+00   2.4107605624E+00   1.9049390847E-03   2.3867967442E+00   2.4454888129E+00   2.0927555885E-03   2.2485807375E+00   2.4020896758E+00   1.5731253703E-03   3.4412494800E-04
   1  -159   0    0  -5.8423758358E-01   8.0058264139E+00   2.1892102758E-04   2.0258536414E+00   2.3887127740E+00   2.0683628564E-04   2.1061811554E+00   2.3573797107E+00   6.2540858640E-04   2.2338181068E+00   2.3954390750E+00   1.6844512301E-03   2.2880107507E+00   2.4111992597E+00   1.9049390847E-03   2.3872828729E+00   2.4459615250E+00   2.0927555885E-03   2.2492301246E+00   2.4025283731E+00   1.5731253703E-03   3.4415610108E-04
   1  -160   0    0  -5.9410794968E-01   8.0067589812E+00   2.1846258547E-04   2.0253584648E+00   2.3890002074E+00   2.0683628564E-04   2.1056864399E+00   2.3577164658E+00   6.2540858640E-04   2.2336920150E+00   2.3957758302E+00   1.6844512301E-03   2.2887073192E+00   2.4116398499E+00   1.9049390847E-03   2.3877709493E+00   2.4464361302E+00   2.0927555885E-03   2.2498810536E+00   2.4029689633E+00   1.5731253703E-03   3.4418739118E-04
   1  -161   0    0  -6.0397730142E-01   8.0076951874E+00   2.1800426731E-04   2.0248603219E+00   2.3892894700E+00   2.0683628564E-04   2.1051905782E+00   2.3580550368E+00   6.2540858640E-04   2.2335643586E+00   2.3961144011E+00   1.6844512301E-03   2.2894064613E+00   2.4120822279E+00   1.9049390847E-03   2.3882608557E+00   2.4469125139E+00   2.0927555885E-03   2.2505333690E+00   2.4034113412E+00   1.5731253703E-03   3.4421881083E-04
   1  -162   0    0  -6.1384569780E-01   8.0086348061E+00   2.1754619787E-04   2.0243593112E+00   2.3895804966E+00   2.0683628564E-04   2.1046937107E+00   2.3583953449E+00   6.2540858640E-04   2.2334351542E+00   2.3964547093E+00   1.6844512301E-03   2.2901080028E+00   2.4125262867E+00   1.9049390847E-03   2.3887524727E+00   2.4473905601E+00   2.0927555885E-03   2.2511869144E+00   2.4038554001E+00   1.5731253703E-03   3.4425035246E-04
   1  -163   0    0  -6.2371319934E-01   8.0095776080E+00   2.1708850166E-04   2.0238555341E+00   2.3898732206E+00   2.0683628564E-04   2.1041959780E+00   2.3587373103E+00   6.2540858640E-04   2.2333044195E+00   2.3967966746E+00   1.6844512301E-03   2.2908117675E+00   2.4129719183E+00   1.9049390847E-03   2.3892456795E+00   2.4478701512E+00   2.0927555885E-03   2.2518415322E+00   2.4043010316E+00   1.5731253703E-03   3.4428200842E-04
   1  -164   0    0  -6.3357986799E-01   8.0105233611E+00   2.1663130277E-04   2.0233490949E+00   2.3901675736E+00   2.0683628564E-04   2.1036975212E+00   2.3590808513E+00   6.2540858640E-04   2.2331721742E+00   2.3971402156E+00   1.6844512301E-03   2.2915175774E+00   2.4134190127E+00   1.9049390847E-03   2.3897403538E+00   2.4483511684E+00   2.0927555885E-03   2.2524970636E+00   2.4047481261E+00   1.5731253703E-03   3.4431377092E-04
   1  -165   0    0  -6.4344576705E-01   8.0114718308E+00   2.1617472476E-04   2.0228401004E+00   2.3904634862E+00   2.0683628564E-04   2.1031984817E+00   2.3594258849E+00   6.2540858640E-04   2.2330384394E+00   2.3974852493E+00   1.6844512301E-03   2.2922252529E+00   2.4138674593E+00   1.9049390847E-03   2.3902363721E+00   2.4488334915E+00   2.0927555885E-03   2.2531533493E+00   2.4051965726E+00   1.5731253703E-03   3.4434563209E-04
   1  -166   0    0  -6.5331096107E-01   8.0124227801E+00   2.1571889058E-04   2.0223286600E+00   2.3907608871E+00   2.0683628564E-04   2.1026990006E+00   2.3597723269E+00   6.2540858640E-04   2.2329032378E+00   2.3978316913E+00   1.6844512301E-03   2.2929346127E+00   2.4143171457E+00   1.9049390847E-03   2.3907336098E+00   2.4493169994E+00   2.0927555885E-03   2.2538102291E+00   2.4056462591E+00   1.5731253703E-03   3.4437758397E-04
   1  -167   0    0  -6.6317551574E-01   8.0133759698E+00   2.1526392239E-04   2.0218148861E+00   2.3910597039E+00   2.0683628564E-04   2.1021992193E+00   2.3601200917E+00   6.2540858640E-04   2.2327665936E+00   2.3981794560E+00   1.6844512301E-03   2.2936454743E+00   2.4147679587E+00   1.9049390847E-03   2.3912319411E+00   2.4498015696E+00   2.0927555885E-03   2.2544675423E+00   2.4060970721E+00   1.5731253703E-03   3.4440961854E-04
   1  -168   0    0  -6.7303949782E-01   8.0143311590E+00   2.1480994155E-04   2.0212988934E+00   2.3913598630E+00   2.0683628564E-04   2.1016992785E+00   2.3604690925E+00   6.2540858640E-04   2.2326285329E+00   2.3985284568E+00   1.6844512301E-03   2.2943576539E+00   2.4152197842E+00   1.9049390847E-03   2.3917312391E+00   2.4502870790E+00   2.0927555885E-03   2.2551251279E+00   2.4065488975E+00   1.5731253703E-03   3.4444172767E-04
   1  -169   0    0  -6.8290297497E-01   8.0152881047E+00   2.1435706838E-04   2.0207807989E+00   2.3916612893E+00   2.0683628564E-04   2.1011993186E+00   2.3608192413E+00   6.2540858640E-04   2.2324890829E+00   2.3988786057E+00   1.6844512301E-03   2.2950709666E+00   2.4156725068E+00   1.9049390847E-03   2.3922313764E+00   2.4507734034E+00   2.0927555885E-03   2.2557828243E+00   2.4070016201E+00   1.5731253703E-03   3.4447390319E-04
   1  -170   0    0  -6.9276601573E-01   8.0162465626E+00   2.1390542219E-04   2.0202607224E+00   2.3919639068E+00   2.0683628564E-04   2.1006994794E+00   2.3611704493E+00   6.2540858640E-04   2.2323482730E+00   2.3992298137E+00   1.6844512301E-03   2.2957852268E+00   2.4161260106E+00   1.9049390847E-03   2.3927322245E+00   2.4512604179E+00   2.0927555885E-03   2.2564404702E+00   2.4074551240E+00   1.5731253703E-03   3.4450613686E-04
   1  -171   0    0  -7.0262868934E-01   8.0172062871E+00   2.1345512104E-04   2.0197387858E+00   2.3922676382E+00   2.0683628564E-04   2.1001999001E+00   2.3615226265E+00   6.2540858640E-04   2.2322061335E+00   2.3995819909E+00   1.6844512301E-03   2.2965002481E+00   2.4165801790E+00   1.9049390847E-03   2.3932336544E+00   2.4517479972E+00   2.0927555885E-03   2.2570979038E+00   2.4079092924E+00   1.5731253703E-03   3.4453842039E-04
   1  -172   0    0  -7.1249106564E-01   8.0181670313E+00   2.1300628173E-04   2.0192151133E+00   2.3925724052E+00   2.0683628564E-04   2.0997007186E+00   2.3618756821E+00   6.2540858640E-04   2.2320626969E+00   2.3999350464E+00   1.6844512301E-03   2.2972158436E+00   2.4170348947E+00   1.9049390847E-03   2.3937355367E+00   2.4522360153E+00   2.0927555885E-03   2.2577549637E+00   2.4083640081E+00   1.5731253703E-03   3.4457074545E-04
   1  -173   0    0  -7.2235321500E-01   8.0191285476E+00   2.1255901967E-04   2.0186898310E+00   2.3928781286E+00   2.0683628564E-04   2.0992020722E+00   2.3622295244E+00   6.2540858640E-04   2.2319179967E+00   2.4002888887E+00   1.6844512301E-03   2.2979318261E+00   2.4174900398E+00   1.9049390847E-03   2.3942377413E+00   2.4527243459E+00   2.0927555885E-03   2.2584114889E+00   2.4088191532E+00   1.5731253703E-03   3.4460310365E-04
   1  -174   0    0  -7.3221520815E-01   8.0200905877E+00   2.1211344873E-04   2.0181630675E+00   2.3931847282E+00   2.0683628564E-04   2.0987040967E+00   2.3625840609E+00   6.2540858640E-04   2.2317720682E+00   2.4006434253E+00   1.6844512301E-03   2.2986480080E+00   2.4179454962E+00   1.9049390847E-03   2.3947401381E+00   2.4532128622E+00   2.0927555885E-03   2.2590673184E+00   2.4092746096E+00   1.5731253703E-03   3.4463548660E-04
   1  -175   0    0  -7.4207711607E-01   8.0210529029E+00   2.1166968121E-04   2.0176349528E+00   2.3934921232E+00   2.0683628564E-04   2.0982069268E+00   2.3629391988E+00   6.2540858640E-04   2.2316249481E+00   2.4009985631E+00   1.6844512301E-03   2.2993642020E+00   2.4184011455E+00   1.9049390847E-03   2.3952425966E+00   2.4537014376E+00   2.0927555885E-03   2.2597222920E+00   2.4097302588E+00   1.5731253703E-03   3.4466788586E-04
   1  -176   0    0  -7.5193900991E-01   8.0220152441E+00   2.1122782768E-04   2.0171056192E+00   2.3938002318E+00   2.0683628564E-04   2.0977106957E+00   2.3632948444E+00   6.2540858640E-04   2.2314766745E+00   2.4013542087E+00   1.6844512301E-03   2.3000802207E+00   2.4188568689E+00   1.9049390847E-03   2.3957449864E+00   2.4541899451E+00   2.0927555885E-03   2.2603762501E+00   2.4101859822E+00   1.5731253703E-03   3.4470029300E-04
   1  -177   0    0  -7.6180096084E-01   8.0229773625E+00   2.1078799693E-04   2.0165752004E+00   2.3941089716E+00   2.0683628564E-04   2.0972155350E+00   2.3636509035E+00   6.2540858640E-04   2.2313272871E+00   2.4017102679E+00   1.6844512301E-03   2.3007958771E+00   2.4193125477E+00   1.9049390847E-03   2.3962471772E+00   2.4546782580E+00   2.0927555885E-03   2.2610290341E+00   2.4106416611E+00   1.5731253703E-03   3.4473269955E-04
   1  -178   0    0  -7.7166303991E-01   8.0239390093E+00   2.1035029586E-04   2.0160438318E+00   2.3944182596E+00   2.0683628564E-04   2.0967215748E+00   2.3640072818E+00   6.2540858640E-04   2.2311768268E+00   2.4020666461E+00   1.6844512301E-03   2.3015109848E+00   2.4197680634E+00   1.9049390847E-03   2.3967490387E+00   2.4551662497E+00   2.0927555885E-03   2.2616804859E+00   2.4110971767E+00   1.5731253703E-03   3.4476509709E-04
   1  -179   0    0  -7.8152531800E-01   8.0248999362E+00   2.0991482935E-04   2.0155116501E+00   2.3947280124E+00   2.0683628564E-04   2.0962289432E+00   2.3643638844E+00   6.2540858640E-04   2.2310253357E+00   2.4024232488E+00   1.6844512301E-03   2.3022253579E+00   2.4202232972E+00   1.9049390847E-03   2.3972504409E+00   2.4556537938E+00   2.0927555885E-03   2.2623304490E+00   2.4115524106E+00   1.5731253703E-03   3.4479747715E-04
   1  -180   0    0  -7.9138786562E-01   8.0258598958E+00   2.0948170024E-04   2.0149787934E+00   2.3950381461E+00   2.0683628564E-04   2.0957377665E+00   2.3647206165E+00   6.2540858640E-04   2.2308728576E+00   2.4027799808E+00   1.6844512301E-03   2.3029388115E+00   2.4206781311E+00   1.9049390847E-03   2.3977512545E+00   2.4561407644E+00   2.0927555885E-03   2.2629787678E+00   2.4120072444E+00   1.5731253703E-03   3.4482983131E-04
   1  -181   0    0  -8.0125075285E-01   8.0268186414E+00   2.0905100918E-04   2.0144454009E+00   2.3953485763E+00   2.0683628564E-04   2.0952481692E+00   2.3650773827E+00   6.2540858640E-04   2.2307194370E+00   2.4031367471E+00   1.6844512301E-03   2.3036511616E+00   2.4211324470E+00   1.9049390847E-03   2.3982513505E+00   2.4566270362E+00   2.0927555885E-03   2.2636252880E+00   2.4124615603E+00   1.5731253703E-03   3.4486215117E-04
   1  -182   0    0  -8.1111404919E-01   8.0277759275E+00   2.0862285460E-04   2.0139116131E+00   2.3956592185E+00   2.0683628564E-04   2.0947602734E+00   2.3654340882E+00   6.2540858640E-04   2.2305651200E+00   2.4034934525E+00   1.6844512301E-03   2.3043622254E+00   2.4215861275E+00   1.9049390847E-03   2.3987506006E+00   2.4571124844E+00   2.0927555885E-03   2.2642698570E+00   2.4129152408E+00   1.5731253703E-03   3.4489442837E-04
   1  -183   0    0  -8.2097782347E-01   8.0287315100E+00   2.0819733259E-04   2.0133775710E+00   2.3959699880E+00   2.0683628564E-04   2.0942741993E+00   2.3657906376E+00   6.2540858640E-04   2.2304099536E+00   2.4038500019E+00   1.6844512301E-03   2.3050718214E+00   2.4220390558E+00   1.9049390847E-03   2.3992488772E+00   2.4575969851E+00   2.0927555885E-03   2.2649123237E+00   2.4133681691E+00   1.5731253703E-03   3.4492665456E-04
   1  -184   0    0  -8.3084214371E-01   8.0296851464E+00   2.0777453682E-04   2.0128434165E+00   2.3962808000E+00   2.0683628564E-04   2.0937900648E+00   2.3661469362E+00   6.2540858640E-04   2.2302539859E+00   2.4042063005E+00   1.6844512301E-03   2.3057797696E+00   2.4224911157E+00   1.9049390847E-03   2.3997460538E+00   2.4580804151E+00   2.0927555885E-03   2.2655525387E+00   2.4138202290E+00   1.5731253703E-03   3.4495882147E-04
   1  -185   0    0  -8.4070707702E-01   8.0306365960E+00   2.0735455853E-04   2.0123092920E+00   2.3965915694E+00   2.0683628564E-04   2.0933079854E+00   2.3665028892E+00   6.2540858640E-04   2.2300972659E+00   2.4045622535E+00   1.6844512301E-03   2.3064858918E+00   2.4229421919E+00   1.9049390847E-03   2.4002420049E+00   2.4585626524E+00   2.0927555885E-03   2.2661903544E+00   2.4142713053E+00   1.5731253703E-03   3.4499092086E-04
   1  -186   0    0  -8.5057268950E-01   8.0315856201E+00   2.0693748636E-04   2.0117753405E+00   2.3969022117E+00   2.0683628564E-04   2.0928280741E+00   2.3668584022E+00   6.2540858640E-04   2.2299398437E+00   2.4049177666E+00   1.6844512301E-03   2.3071900115E+00   2.4233921700E+00   1.9049390847E-03   2.4007366059E+00   2.4590435759E+00   2.0927555885E-03   2.2668256254E+00   2.4147212833E+00   1.5731253703E-03   3.4502294458E-04
   1  -187   0    0  -8.6043904611E-01   8.0325319825E+00   2.0652340639E-04   2.0112417050E+00   2.3972126420E+00   2.0683628564E-04   2.0923504417E+00   2.3672133815E+00   6.2540858640E-04   2.2297817700E+00   2.4052727459E+00   1.6844512301E-03   2.3078919540E+00   2.4238409365E+00   1.9049390847E-03   2.4012297336E+00   2.4595230658E+00   2.0927555885E-03   2.2674582082E+00   2.4151700499E+00   1.5731253703E-03   3.4505488451E-04
   1  -188   0    0  -8.7030621058E-01   8.0334754490E+00   2.0611240199E-04   2.0107085287E+00   2.3975227759E+00   2.0683628564E-04   2.0918751963E+00   2.3675677336E+00   6.2540858640E-04   2.2296230965E+00   2.4056270979E+00   1.6844512301E-03   2.3085915471E+00   2.4242883792E+00   1.9049390847E-03   2.4017212663E+00   2.4600010038E+00   2.0927555885E-03   2.2680879617E+00   2.4156174926E+00   1.5731253703E-03   3.4508673265E-04
   1  -189   0    0  -8.8017424531E-01   8.0344157885E+00   2.0570455384E-04   2.0101759547E+00   2.3978325295E+00   2.0683628564E-04   2.0914024433E+00   2.3679213656E+00   6.2540858640E-04   2.2294638755E+00   2.4059807300E+00   1.6844512301E-03   2.3092886205E+00   2.4247343870E+00   1.9049390847E-03   2.4022110835E+00   2.4604772727E+00   2.0927555885E-03   2.2687147469E+00   2.4160635004E+00   1.5731253703E-03   3.4511848107E-04
   1  -190   0    0  -8.9004321128E-01   8.0353527727E+00   2.0529993979E-04   2.0096441259E+00   2.3981418189E+00   2.0683628564E-04   2.0909322856E+00   2.3682741856E+00   6.2540858640E-04   2.2293041599E+00   2.4063335499E+00   1.6844512301E-03   2.3099830067E+00   2.4251788503E+00   1.9049390847E-03   2.4026990664E+00   2.4609517570E+00   2.0927555885E-03   2.2693384274E+00   2.4165079637E+00   1.5731253703E-03   3.4515012192E-04
   1  -191   0    0  -8.9991316794E-01   8.0362861763E+00   2.0489863492E-04   2.0091131848E+00   2.3984505610E+00   2.0683628564E-04   2.0904648234E+00   2.3686261022E+00   6.2540858640E-04   2.2291440031E+00   2.4066854666E+00   1.6844512301E-03   2.3106745404E+00   2.4256216607E+00   1.9049390847E-03   2.4031850979E+00   2.4614243429E+00   2.0927555885E-03   2.2699588694E+00   2.4169507741E+00   1.5731253703E-03   3.4518164747E-04
   1  -192   0    0  -9.0978417313E-01   8.0372157772E+00   2.0450071137E-04   2.0085832731E+00   2.3987586731E+00   2.0683628564E-04   2.0900001541E+00   2.3689770251E+00   6.2540858640E-04   2.2289834592E+00   2.4070363895E+00   1.6844512301E-03   2.3113630592E+00   2.4260627115E+00   1.9049390847E-03   2.4036690629E+00   2.4618949184E+00   2.0927555885E-03   2.2705759417E+00   2.4173918249E+00   1.5731253703E-03   3.4521305008E-04
   1  -193   0    0  -9.1965628298E-01   8.0381413572E+00   2.0410623843E-04   2.0080545320E+00   2.3990660733E+00   2.0683628564E-04   2.0895383722E+00   2.3693268648E+00   6.2540858640E-04   2.2288225823E+00   2.4073862292E+00   1.6844512301E-03   2.3120484036E+00   2.4265018976E+00   1.9049390847E-03   2.4041508477E+00   2.4623633731E+00   2.0927555885E-03   2.2711895159E+00   2.4178310109E+00   1.5731253703E-03   3.4524432223E-04
   1  -194   0    0  -9.2952955187E-01   8.0390627013E+00   2.0371528240E-04   2.0075271019E+00   2.3993726803E+00   2.0683628564E-04   2.0890795695E+00   2.3696755330E+00   6.2540858640E-04   2.2286614273E+00   2.4077348973E+00   1.6844512301E-03   2.3127304169E+00   2.4269391155E+00   1.9049390847E-03   2.4046303411E+00   2.4628295987E+00   2.0927555885E-03   2.2717994664E+00   2.4182682289E+00   1.5731253703E-03   3.4527545654E-04
   1  -195   0    0  -9.3940403232E-01   8.0399795986E+00   2.0332790663E-04   2.0070011217E+00   2.3996784137E+00   2.0683628564E-04   2.0886238350E+00   2.3700229423E+00   6.2540858640E-04   2.2285000489E+00   2.4080823066E+00   1.6844512301E-03   2.3134089455E+00   2.4273742637E+00   1.9049390847E-03   2.4051074337E+00   2.4632934890E+00   2.0927555885E-03   2.2724056707E+00   2.4187033771E+00   1.5731253703E-03   3.4530644572E-04
   1  -196   0    0  -9.4927977492E-01   8.0408918423E+00   2.0294417145E-04   2.0064767294E+00   2.3999831939E+00   2.0683628564E-04   2.0881712547E+00   2.3703690069E+00   6.2540858640E-04   2.2283385021E+00   2.4084283712E+00   1.6844512301E-03   2.3140838393E+00   2.4278072426E+00   1.9049390847E-03   2.4055820184E+00   2.4637549398E+00   2.0927555885E-03   2.2730080091E+00   2.4191363560E+00   1.5731253703E-03   3.4533728265E-04
   1  -197   0    0  -9.5915682830E-01   8.0417992297E+00   2.0256413418E-04   2.0059540616E+00   2.4002869425E+00   2.0683628564E-04   2.0877219116E+00   2.3707136419E+00   6.2540858640E-04   2.2281768420E+00   2.4087730062E+00   1.6844512301E-03   2.3147549511E+00   2.4282379544E+00   1.9049390847E-03   2.4060539902E+00   2.4642138491E+00   2.0927555885E-03   2.2736063653E+00   2.4195670678E+00   1.5731253703E-03   3.4536796033E-04
   1  -198   0    0  -9.6903523903E-01   8.0427015624E+00   2.0218784910E-04   2.0054332532E+00   2.4005895820E+00   2.0683628564E-04   2.0872758859E+00   2.3710567641E+00   6.2540858640E-04   2.2280151237E+00   2.4091161284E+00   1.6844512301E-03   2.3154221374E+00   2.4286663035E+00   1.9049390847E-03   2.4065232468E+00   2.4646701174E+00   2.0927555885E-03   2.2742006262E+00   2.4199954169E+00   1.5731253703E-03   3.4539847190E-04
   1  -199   0    0  -9.7891505160E-01   8.0435986467E+00   2.0181536745E-04   2.0049144375E+00   2.4008910359E+00   2.0683628564E-04   2.0868332548E+00   2.3713982916E+00   6.2540858640E-04   2.2278534021E+00   2.4094576559E+00   1.6844512301E-03   2.3160852582E+00   2.4290921964E+00   1.9049390847E-03   2.4069896881E+00   2.4651236473E+00   2.0927555885E-03   2.2747906817E+00   2.4204213098E+00   1.5731253703E-03   3.4542881067E-04
   1  -200   0    0  -9.8879630833E-01   8.0444902936E+00   2.0144673740E-04   2.0043977459E+00   2.4011912291E+00   2.0683628564E-04   2.0863940926E+00   2.3717381440E+00   6.2540858640E-04   2.2276917321E+00   2.4097975084E+00   1.6844512301E-03   2.3167441773E+00   2.4295155419E+00   1.9049390847E-03   2.4074532165E+00   2.4655743440E+00   2.0927555885E-03   2.2753764254E+00   2.4208446553E+00   1.5731253703E-03   3.4545897010E-04
   1  -201   0    0  -9.9867904940E-01   8.0453763188E+00   2.0108200408E-04   2.0038833078E+00   2.4014900878E+00   2.0683628564E-04   2.0859584705E+00   2.3720762427E+00   6.2540858640E-04   2.2275301681E+00   2.4101356071E+00   1.6844512301E-03   2.3173987618E+00   2.4299362511E+00   1.9049390847E-03   2.4079137370E+00   2.4660221152E+00   2.0927555885E-03   2.2759577542E+00   2.4212653645E+00   1.5731253703E-03   3.4548894381E-04
   1  -202  -4    5  -9.9999991029E-01   8.0454942931E+00   2.0103355799E-04   2.0038147350E+00   2.4015299228E+00   2.0683628564E-04   2.0859005251E+00   2.3721212898E+00   6.2540858640E-04   2.2275085873E+00   2.4101806541E+00   1.6844512301E-03   2.3174859063E+00   2.4299922710E+00   1.9049390847E-03   2.4079750489E+00   2.4660817296E+00   2.0927555885E-03   2.2760351041E+00   2.4213213843E+00   1.5731253703E-03   3.4549293514E-04
