
   1    -1   0    0   4.6594022548E-01   7.5171899062E+00   4.2380276541E-04   1.9404038638E+00   2.1351836372E+00   5.8740429269E-04   1.9629202692E+00   2.0662945010E+00   8.5027191030E-04   2.1330727037E+00   2.1754268097E+00   1.8842889948E-03   2.1972972276E+00   2.2724266237E+00   1.9481379532E-03   2.3214271409E+00   2.3809629342E+00   2.0434332565E-03   2.1569505130E+00   2.2530779433E+00   1.7053023179E-03   3.3540515159E-04
   1    -2   0    0   4.6554692206E-01   7.5176929542E+00   4.2351883472E-04   1.9405273451E+00   2.1354396767E+00   5.8690057945E-04   1.9631299265E+00   2.0666077443E+00   8.4997587240E-04   2.1331970128E+00   2.1756459530E+00   1.8840395437E-03   2.1973617024E+00   2.2725557084E+00   1.9480877009E-03   2.3214896970E+00   2.3810246915E+00   2.0434977049E-03   2.1570193519E+00   2.2532194107E+00   1.7051480561E-03   3.3541368398E-04
   1    -3   0    0   4.6550424670E-01   7.5177501021E+00   4.2348625888E-04   1.9405406540E+00   2.1354680252E+00   5.8684277243E-04   1.9631529783E+00   2.0666425418E+00   8.4994189834E-04   2.1332108418E+00   2.1756705757E+00   1.8840109141E-03   2.1973696649E+00   2.2725711719E+00   1.9480819328E-03   2.3214970889E+00   2.3810319935E+00   2.0435051012E-03   2.1570277106E+00   2.2532361895E+00   1.7051303498E-03   3.3541468665E-04
   1    -4   0    0   4.6541898680E-01   7.5178645045E+00   4.2342102507E-04   1.9405672335E+00   2.1355247122E+00   5.8672700328E-04   1.9631990562E+00   2.0667121331E+00   8.4987385891E-04   2.1332384996E+00   2.1757198443E+00   1.8839535766E-03   2.1973856603E+00   2.2726021981E+00   1.9480703805E-03   2.3215119102E+00   2.3810466349E+00   2.0435199138E-03   2.1570444902E+00   2.2532698406E+00   1.7050948876E-03   3.3541669676E-04
   1    -5   0    0   4.6524847203E-01   7.5180933218E+00   4.2329057484E-04   1.9406203815E+00   2.1356380865E+00   5.8649545825E-04   1.9632911960E+00   2.0668513096E+00   8.4973777553E-04   2.1332938107E+00   2.1758183877E+00   1.8838388929E-03   2.1974176642E+00   2.2726642702E+00   1.9480472728E-03   2.3215415543E+00   2.3810759193E+00   2.0435495401E-03   2.1570780598E+00   2.2533371608E+00   1.7050239538E-03   3.3542071771E-04
   1    -6   0    0   4.6490718271E-01   7.5185506826E+00   4.2303001491E-04   1.9407267433E+00   2.1358648672E+00   5.8603282263E-04   1.9634754775E+00   2.0671296446E+00   8.4946587359E-04   2.1334044126E+00   2.1760154298E+00   1.8836097287E-03   2.1974815144E+00   2.2727881995E+00   1.9480010926E-03   2.3216007317E+00   2.3811343786E+00   2.0436087359E-03   2.1571450534E+00   2.2534715953E+00   1.7048821954E-03   3.3542874818E-04
   1    -7   0    0   4.6465069964E-01   7.5188931251E+00   4.2283517422E-04   1.9408066860E+00   2.1360350116E+00   5.8568674368E-04   1.9636137583E+00   2.0673383853E+00   8.4926247278E-04   2.1334873425E+00   2.1761631002E+00   1.8834382812E-03   2.1975290461E+00   2.2728806526E+00   1.9479665382E-03   2.3216448972E+00   2.3811780069E+00   2.0436530188E-03   2.1571949774E+00   2.2535719521E+00   1.7047761255E-03   3.3543474615E-04
   1    -8   0    0   4.6436752481E-01   7.5192686079E+00   4.2262194658E-04   1.9408950024E+00   2.1362222831E+00   5.8530787724E-04   1.9637660602E+00   2.0675679961E+00   8.4903979986E-04   2.1335785365E+00   2.1763252916E+00   1.8832505721E-03   2.1975805738E+00   2.2729812946E+00   1.9479287014E-03   2.3216930398E+00   2.3812255605E+00   2.0437014982E-03   2.1572492160E+00   2.2536813434E+00   1.7046599809E-03   3.3544129160E-04
   1    -9   0    0   4.6408403445E-01   7.5196437448E+00   4.2240910592E-04   1.9409834089E+00   2.1364095896E+00   5.8492956455E-04   1.9639183810E+00   2.0677975892E+00   8.4881745036E-04   2.1336697100E+00   2.1764874205E+00   1.8830631179E-03   2.1976318979E+00   2.2730816559E+00   1.9478909109E-03   2.3217410486E+00   2.3812729814E+00   2.0437499078E-03   2.1573032686E+00   2.2537904670E+00   1.7045439793E-03   3.3544782251E-04
   1   -10   0    0   4.6365850978E-01   7.5202061602E+00   4.2209027188E-04   1.9411160679E+00   2.1366905832E+00   5.8436260397E-04   1.9641468265E+00   2.0681419413E+00   8.4848422115E-04   2.1338064361E+00   2.1767305736E+00   1.8827821521E-03   2.1977087328E+00   2.2732319945E+00   1.9478342589E-03   2.3218129387E+00   2.3813439913E+00   2.0438224592E-03   2.1573842040E+00   2.2539539555E+00   1.7043700826E-03   3.3545760734E-04
   1   -11   0    0   4.6301991600E-01   7.5210495404E+00   4.2161264133E-04   1.9413150310E+00   2.1371121144E+00   5.8351270377E-04   1.9644893339E+00   2.0686583806E+00   8.4798468656E-04   2.1340114535E+00   2.1770953001E+00   1.8823608893E-03   2.1978239072E+00   2.2734574127E+00   1.9477492968E-03   2.3219206421E+00   2.3814503779E+00   2.0439312217E-03   2.1575055171E+00   2.2541990934E+00   1.7041092908E-03   3.3547227661E-04
   1   -12   0    0   4.6206159434E-01   7.5223143731E+00   4.2089733485E-04   1.9416133166E+00   2.1377444757E+00   5.8223861613E-04   1.9650026725E+00   2.0694328362E+00   8.4723581369E-04   2.1343188220E+00   2.1776424495E+00   1.8817291888E-03   2.1979966914E+00   2.2737956157E+00   1.9476218441E-03   2.3220820106E+00   2.3816097787E+00   2.0440942780E-03   2.1576874605E+00   2.2545668491E+00   1.7037180837E-03   3.3549427607E-04
   1   -13   0    0   4.6062329527E-01   7.5242112692E+00   4.1982678666E-04   1.9420603268E+00   2.1386931465E+00   5.8032893814E-04   1.9657716942E+00   2.0705940598E+00   8.4611331543E-04   2.1347795227E+00   2.1784633461E+00   1.8807819437E-03   2.1982560355E+00   2.2743032537E+00   1.9474306174E-03   2.3223237081E+00   2.3818485414E+00   2.0443386995E-03   2.1579604209E+00   2.2551187473E+00   1.7031311491E-03   3.3552727327E-04
   1   -14   0    0   4.5846399915E-01   7.5270558054E+00   4.1822639691E-04   1.9427299051E+00   2.1401164389E+00   5.7746772990E-04   1.9669230099E+00   2.0723348589E+00   8.4443141550E-04   2.1354697812E+00   2.1796950735E+00   1.8793617838E-03   2.1986454229E+00   2.2750654503E+00   1.9471436745E-03   2.3226854517E+00   2.3822059203E+00   2.0447049601E-03   2.1583699585E+00   2.2559471803E+00   1.7022504812E-03   3.3557676409E-04
   1   -15   0    0   4.5684291770E-01   7.5291883875E+00   4.1703052857E-04   1.9432314109E+00   2.1411841440E+00   5.7532471525E-04   1.9677847859E+00   2.0736396413E+00   8.4317161356E-04   2.1359868486E+00   2.1806191280E+00   1.8782973639E-03   2.1989376408E+00   2.2756375168E+00   1.9469284154E-03   2.3229560637E+00   2.3824732886E+00   2.0449793263E-03   2.1586770867E+00   2.2565688123E+00   1.7015898598E-03   3.3561387037E-04
   1   -16   0    0   4.5562535007E-01   7.5307863595E+00   4.1613693115E-04   1.9436074860E+00   2.1419851311E+00   5.7372055958E-04   1.9684303476E+00   2.0746177704E+00   8.4222854451E-04   2.1363742828E+00   2.1813120928E+00   1.8775001784E-03   2.1991562676E+00   2.2760659061E+00   1.9467670909E-03   2.3231582808E+00   2.3826730906E+00   2.0451847263E-03   2.1589068539E+00   2.2570343616E+00   1.7010947835E-03   3.3564164976E-04
   1   -17   0    0   4.5440594140E-01   7.5323826831E+00   4.1524647745E-04   1.9439836395E+00   2.1427863212E+00   5.7211964276E-04   1.9690753215E+00   2.0755955037E+00   8.4128734267E-04   2.1367613964E+00   2.1820049029E+00   1.8767042492E-03   2.1993741882E+00   2.2764933809E+00   1.9466059280E-03   2.3233597272E+00   2.3828721372E+00   2.0453897312E-03   2.1591359067E+00   2.2574990032E+00   1.7006002212E-03   3.3566936905E-04
   1   -18   0    0   4.5379569909E-01   7.5331804077E+00   4.1480227944E-04   1.9441716858E+00   2.1431869768E+00   5.7132013408E-04   1.9693975528E+00   2.0760842204E+00   8.4081728631E-04   2.1369548353E+00   2.1823512888E+00   1.8763066245E-03   2.1994829996E+00   2.2767069378E+00   1.9465253806E-03   2.3234602255E+00   2.3829714412E+00   2.0454921194E-03   2.1592502682E+00   2.2577311373E+00   1.7003530517E-03   3.3568321409E-04
   1   -19   0    0   4.5287974929E-01   7.5343765507E+00   4.1413718302E-04   1.9444536836E+00   2.1437880267E+00   5.7012190904E-04   1.9698805599E+00   2.0768171066E+00   8.4011279477E-04   2.1372448477E+00   2.1828708657E+00   1.8757105385E-03   2.1996460963E+00   2.2770271395E+00   1.9464045873E-03   2.3236107283E+00   2.3831201595E+00   2.0456455779E-03   2.1594216630E+00   2.2580791922E+00   1.6999823912E-03   3.3570396788E-04
   1   -20   0    0   4.5150483283E-01   7.5361701546E+00   4.1314192138E-04   1.9448763922E+00   2.1446897199E+00   5.6832634245E-04   1.9706042324E+00   2.0779160102E+00   8.3905705990E-04   2.1376795435E+00   2.1836503111E+00   1.8748169189E-03   2.1998907175E+00   2.2775074884E+00   1.9462234033E-03   2.3238360682E+00   2.3833428377E+00   2.0458755595E-03   2.1596786431E+00   2.2586012737E+00   1.6994264376E-03   3.3573508451E-04
   1   -21   0    0   4.4943966617E-01   7.5388585285E+00   4.1165491138E-04   1.9455100164E+00   2.1460425665E+00   5.6563794805E-04   1.9716879763E+00   2.0795634015E+00   8.3747628407E-04   2.1383308504E+00   2.1848195092E+00   1.8734781209E-03   2.2002571840E+00   2.2782275333E+00   1.9459517393E-03   2.3241729206E+00   2.3836757321E+00   2.0462199435E-03   2.1600634964E+00   2.2593838432E+00   1.6985928943E-03   3.3578169951E-04
   1   -22   0    0   4.4840558654E-01   7.5402015206E+00   4.1091427267E-04   1.9458267191E+00   2.1467191429E+00   5.6429639344E-04   1.9722291047E+00   2.0803866590E+00   8.3668741082E-04   2.1386561673E+00   2.1854040565E+00   1.8728096627E-03   2.2004400335E+00   2.2785870929E+00   1.9458160000E-03   2.3243407308E+00   2.3838415791E+00   2.0463918178E-03   2.1602554911E+00   2.2597746452E+00   1.6981764264E-03   3.3580496798E-04
   1   -23   0    0   4.4737073423E-01   7.5415439829E+00   4.1017532573E-04   1.9461432622E+00   2.1473957998E+00   5.6295621380E-04   1.9727696868E+00   2.0812096236E+00   8.3589931997E-04   2.1389812637E+00   2.1859886274E+00   1.8721416398E-03   2.2006227971E+00   2.2789465823E+00   1.9456802838E-03   2.3245082239E+00   2.3840071193E+00   2.0465635299E-03   2.1604473490E+00   2.2601653509E+00   1.6977600419E-03   3.3582822208E-04
   1   -24   0    0   4.4581691537E-01   7.5435565771E+00   4.0907015655E-04   1.9466178100E+00   2.1484109395E+00   5.6094868084E-04   1.9735795538E+00   2.0824435182E+00   8.3471874401E-04   2.1394684931E+00   2.1868655022E+00   1.8711405014E-03   2.2008967165E+00   2.2794855923E+00   1.9454767692E-03   2.3247588345E+00   2.3842548196E+00   2.0468207733E-03   2.1607348222E+00   2.2607511417E+00   1.6971356720E-03   3.3586307177E-04
   1   -25   0    0   4.4426100999E-01   7.5455675751E+00   4.0796910115E-04   1.9470921229E+00   2.1494262766E+00   5.5894483930E-04   1.9743882624E+00   2.0836767437E+00   8.3354028026E-04   2.1399552188E+00   2.1877423333E+00   1.8701406430E-03   2.2011701944E+00   2.2800240901E+00   1.9452733684E-03   2.3250085972E+00   2.3845016955E+00   2.0470775749E-03   2.1610217684E+00   2.2613363813E+00   1.6965116795E-03   3.3589787192E-04
   1   -26   0    0   4.4270304497E-01   7.5475770127E+00   4.0687211949E-04   1.9475661863E+00   2.1504418011E+00   5.5694464187E-04   1.9751958033E+00   2.0849092952E+00   8.3236390110E-04   2.1404414407E+00   2.1886191247E+00   1.8691420429E-03   2.2014432574E+00   2.2805621109E+00   1.9450700774E-03   2.3252575280E+00   2.3847477626E+00   2.0473339405E-03   2.1613082121E+00   2.2619211029E+00   1.6958880521E-03   3.3593262426E-04
   1   -27   0    0   4.4114318948E-01   7.5495850927E+00   4.0577903968E-04   1.9480399333E+00   2.1514574931E+00   5.5494779970E-04   1.9760021370E+00   2.0861411699E+00   8.3118943681E-04   2.1409271616E+00   2.1894959185E+00   1.8681445587E-03   2.2017160363E+00   2.2810998368E+00   1.9448668678E-03   2.3255056994E+00   2.3849930933E+00   2.0475899072E-03   2.1615942700E+00   2.2625054793E+00   1.6952647021E-03   3.3596733773E-04
   1   -28   0    0   4.3958141021E-01   7.5515917792E+00   4.0468988001E-04   1.9485133726E+00   2.1524733483E+00   5.5295437005E-04   1.9768072680E+00   2.0873723629E+00   8.3001692123E-04   2.1414123803E+00   2.1903727030E+00   1.8671482206E-03   2.2019885125E+00   2.2816372390E+00   1.9446637461E-03   2.3257531021E+00   2.3852376783E+00   2.0478454674E-03   2.1618799264E+00   2.2630894835E+00   1.6946416498E-03   3.3600201095E-04
   1   -29   0    0   4.3801751942E-01   7.5535968555E+00   4.0360480075E-04   1.9489865689E+00   2.1534893722E+00   5.5096467113E-04   1.9776112326E+00   2.0886028666E+00   8.2884654172E-04   2.1418970920E+00   2.1912494247E+00   1.8661531895E-03   2.2022605547E+00   2.2821741293E+00   1.9444607459E-03   2.3259996657E+00   2.3854814471E+00   2.0481005803E-03   2.1621650654E+00   2.2636729374E+00   1.6940189971E-03   3.3603663479E-04
   1   -30   0    0   4.3645154387E-01   7.5556003571E+00   4.0252376218E-04   1.9494595077E+00   2.1545055551E+00   5.4897865570E-04   1.9784140217E+00   2.0898326759E+00   8.2767827068E-04   2.1423812966E+00   2.1921260877E+00   1.8651594437E-03   2.2025321893E+00   2.2827105422E+00   1.9442578630E-03   2.3262454055E+00   2.3857244152E+00   2.0483552519E-03   2.1624497113E+00   2.2642558740E+00   1.6933967319E-03   3.3607121098E-04
   1   -31   0    0   4.3488365095E-01   7.5576024841E+00   4.0144659620E-04   1.9499321240E+00   2.1555218787E+00   5.4699603959E-04   1.9792155975E+00   2.0910617895E+00   8.2651194112E-04   2.1428649972E+00   2.1930027341E+00   1.8641668428E-03   2.2028035447E+00   2.2832466570E+00   1.9440550694E-03   2.3264903929E+00   2.3859666534E+00   2.0486095183E-03   2.1627339786E+00   2.2648384633E+00   1.6927747675E-03   3.3610574830E-04
   1   -32   0    0   4.3331366689E-01   7.5596030364E+00   4.0037344852E-04   1.9504044767E+00   2.1565383466E+00   5.4501711557E-04   1.9800159928E+00   2.0922901988E+00   8.2534772545E-04   2.1433481893E+00   2.1938793138E+00   1.8631755351E-03   2.2030745006E+00   2.2837823008E+00   1.9438523960E-03   2.3267345631E+00   2.3862080974E+00   2.0488633421E-03   2.1630177615E+00   2.2654205417E+00   1.6921531983E-03   3.3614023835E-04
   1   -33   0    0   4.3174174428E-01   7.5616021966E+00   3.9930416565E-04   1.9508765064E+00   2.1575549420E+00   5.4304162526E-04   1.9808151732E+00   2.0935179025E+00   8.2418547185E-04   2.1438308757E+00   2.1947558654E+00   1.8621853931E-03   2.2033451740E+00   2.2843176370E+00   1.9436498171E-03   2.3269779812E+00   2.3864488119E+00   2.0491167563E-03   2.1633011643E+00   2.2660022639E+00   1.6915319457E-03   3.3617468915E-04
   1   -34   0    0   4.3016769595E-01   7.5635997491E+00   3.9823890402E-04   1.9513482764E+00   2.1585716687E+00   5.4106988243E-04   1.9816131738E+00   2.0947448912E+00   8.2302536510E-04   2.1443130513E+00   2.1956323346E+00   1.8611965759E-03   2.2036154356E+00   2.2848524794E+00   1.9434473658E-03   2.3272205779E+00   2.3866887276E+00   2.0493697204E-03   2.1635840731E+00   2.2665834543E+00   1.6909111109E-03   3.3620909167E-04
   1   -35   0    0   4.2859167601E-01   7.5655958781E+00   3.9717750950E-04   1.9518197272E+00   2.1595885102E+00   5.3910162665E-04   1.9824099602E+00   2.0959711639E+00   8.2186725217E-04   2.1447947194E+00   2.1965087606E+00   1.8602089547E-03   2.2038854032E+00   2.2853869927E+00   1.9432450163E-03   2.3274624183E+00   2.3869279095E+00   2.0496222679E-03   2.1638665930E+00   2.2671642686E+00   1.6902906144E-03   3.3624345396E-04
   1   -36   0    0   4.2701349555E-01   7.5675903662E+00   3.9612013844E-04   1.9522909218E+00   2.1606054695E+00   5.3713717286E-04   1.9832055674E+00   2.0971967105E+00   8.2071131855E-04   2.1452758744E+00   2.1973850884E+00   1.8592226895E-03   2.2041549470E+00   2.2859209899E+00   1.9430428018E-03   2.3277034330E+00   2.3871662884E+00   2.0498743581E-03   2.1641486098E+00   2.2677445301E+00   1.6896705582E-03   3.3627776697E-04
   1   -37   0    0   4.2543318370E-01   7.5695832516E+00   3.9506674930E-04   1.9527618452E+00   2.1616225369E+00   5.3517646955E-04   1.9839999860E+00   2.0984215265E+00   8.1955753413E-04   2.1457565164E+00   2.1982613227E+00   1.8582377564E-03   2.2044240948E+00   2.2864545078E+00   1.9428407182E-03   2.3279436386E+00   2.3874038805E+00   2.0501259977E-03   2.1644301486E+00   2.2683242738E+00   1.6890509288E-03   3.3631203251E-04
   1   -38   0    0   4.2385090634E-01   7.5715747319E+00   3.9401717904E-04   1.9532324346E+00   2.1626396964E+00   5.3321923793E-04   1.9847931802E+00   2.0996456123E+00   8.1840573505E-04   2.1462366490E+00   2.1991375064E+00   1.8572540173E-03   2.2046929717E+00   2.2869877219E+00   1.9426387374E-03   2.3281831039E+00   2.3876407547E+00   2.0503772222E-03   2.1647113213E+00   2.2689036662E+00   1.6884316406E-03   3.3634625920E-04
   1   -39   0    0   4.2226648039E-01   7.5735645967E+00   3.9297157709E-04   1.9537027502E+00   2.1636569496E+00   5.3126578141E-04   1.9855851830E+00   2.1008689568E+00   8.1725610004E-04   2.1467162669E+00   2.2000135855E+00   1.8562716265E-03   2.2049614531E+00   2.2875204521E+00   1.9424368919E-03   2.3284217625E+00   2.3878768446E+00   2.0506279926E-03   2.1649920179E+00   2.2694825367E+00   1.6878127922E-03   3.3638043829E-04
   1   -40   0    0   4.2068005720E-01   7.5755530266E+00   3.9192979427E-04   1.9541727349E+00   2.1646742818E+00   5.2931584607E-04   1.9863759616E+00   2.1020915605E+00   8.1610847986E-04   2.1471953733E+00   2.2008895991E+00   1.8552904584E-03   2.2052296532E+00   2.2880528588E+00   1.9422351562E-03   2.3286596777E+00   2.3881122131E+00   2.0508783413E-03   2.1652723405E+00   2.2700610374E+00   1.6871943059E-03   3.3641457765E-04
   1   -41   0    0   4.1909144076E-01   7.5775397964E+00   3.9089198989E-04   1.9546424525E+00   2.1656916941E+00   5.2736975509E-04   1.9871655513E+00   2.1033134111E+00   8.1496306491E-04   2.1476739624E+00   2.2017654893E+00   1.8543106773E-03   2.2054974389E+00   2.2885847494E+00   1.9420335647E-03   2.3288967784E+00   2.3883467894E+00   2.0511282269E-03   2.1655521716E+00   2.2706389862E+00   1.6865762868E-03   3.3644866792E-04
   1   -42   0    0   4.1750065502E-01   7.5795249378E+00   3.8985812728E-04   1.9551118900E+00   2.1667091775E+00   5.2542746537E-04   1.9879539438E+00   2.1045345043E+00   8.1381983004E-04   2.1481520340E+00   2.2026412595E+00   1.8533322638E-03   2.2057648338E+00   2.2891161551E+00   1.9418321141E-03   2.3291330789E+00   2.3885805876E+00   2.0513776547E-03   2.1658315331E+00   2.2712164128E+00   1.6859587240E-03   3.3648271068E-04
   1   -43   0    0   4.1590786164E-01   7.5815086434E+00   3.8882804960E-04   1.9555809875E+00   2.1677267178E+00   5.2348870702E-04   1.9887411053E+00   2.1057548416E+00   8.1267861657E-04   2.1486295920E+00   2.2035169519E+00   1.8523550838E-03   2.2060319590E+00   2.2896472460E+00   1.9416307771E-03   2.3293686456E+00   2.3888136740E+00   2.0516266593E-03   2.1661105327E+00   2.2717934784E+00   1.6853415346E-03   3.3651671425E-04
   1   -44   0    0   4.1431286829E-01   7.5834906922E+00   3.8780191100E-04   1.9560498067E+00   2.1687443147E+00   5.2155379508E-04   1.9895270693E+00   2.1069744099E+00   8.1153961016E-04   2.1491066304E+00   2.2043925093E+00   1.8513792980E-03   2.2062986846E+00   2.2901778342E+00   1.9414295875E-03   2.3296034099E+00   2.3890459800E+00   2.0518752001E-03   2.1663890562E+00   2.2723700051E+00   1.6847248213E-03   3.3655066952E-04
   1   -45   0    0   4.1271569599E-01   7.5854711127E+00   3.8677967762E-04   1.9565183358E+00   2.1697619595E+00   5.1962269126E-04   1.9903118286E+00   2.1081932049E+00   8.1040278846E-04   2.1495831488E+00   2.2052679342E+00   1.8504048893E-03   2.2065650322E+00   2.2907079479E+00   1.9412285424E-03   2.3298373846E+00   2.3892775182E+00   2.0521232818E-03   2.1666671234E+00   2.2729460199E+00   1.6841085749E-03   3.3658457790E-04
   1   -46   0    0   4.1111649800E-01   7.5874500871E+00   3.8576120153E-04   1.9569865184E+00   2.1707796392E+00   5.1769514079E-04   1.9910953513E+00   2.1094112286E+00   8.0926800169E-04   2.1500591514E+00   2.2061432670E+00   1.8494317310E-03   2.2068311159E+00   2.2912377476E+00   1.9410276161E-03   2.3300706325E+00   2.3895083514E+00   2.0523709372E-03   2.1669448359E+00   2.2735216749E+00   1.6834927169E-03   3.3661844726E-04
   1   -47   0    0   4.0951507226E-01   7.5894273836E+00   3.8474664328E-04   1.9574544187E+00   2.1717973528E+00   5.1577147244E-04   1.9918776723E+00   2.1106284664E+00   8.0813544361E-04   2.1505346313E+00   2.2070184470E+00   1.8484599911E-03   2.2070968001E+00   2.2917670367E+00   1.9408268439E-03   2.3303030817E+00   2.3897384078E+00   2.0526181238E-03   2.1672220744E+00   2.2740967841E+00   1.6828773548E-03   3.3665226808E-04
   1   -48   0    0   4.0791143607E-01   7.5914030262E+00   3.8373597228E-04   1.9579220259E+00   2.1728150917E+00   5.1385165380E-04   1.9926587848E+00   2.1118449137E+00   8.0700509535E-04   2.1510095883E+00   2.2078934758E+00   1.8474896554E-03   2.2073621036E+00   2.2922958397E+00   1.9406262234E-03   2.3305347439E+00   2.3899676988E+00   2.0528648457E-03   2.1674988561E+00   2.2746713706E+00   1.6822624815E-03   3.3668604156E-04
   1   -49   0    0   4.0630574300E-01   7.5933771971E+00   3.8272904155E-04   1.9583892846E+00   2.1738328437E+00   5.1193543051E-04   1.9934386579E+00   2.1130605735E+00   8.0587680734E-04   2.1514840266E+00   2.2087683941E+00   1.8465205974E-03   2.2076271400E+00   2.2928243166E+00   1.9404257290E-03   2.3307656814E+00   2.3901962866E+00   2.0531111355E-03   2.1677752824E+00   2.2752455865E+00   1.6816480180E-03   3.3671977557E-04
   1   -50   0    0   4.0469778759E-01   7.5953496610E+00   3.8172601242E-04   1.9588562588E+00   2.1748506065E+00   5.1002313456E-04   1.9942173258E+00   2.1142754298E+00   8.0475077529E-04   2.1519579390E+00   2.2096431398E+00   1.8455529868E-03   2.2078917724E+00   2.2933522687E+00   1.9402253964E-03   2.3309958219E+00   2.3904240990E+00   2.0533569504E-03   2.1680512327E+00   2.2758192433E+00   1.6810340738E-03   3.3675346045E-04
   1   -51   0    0   4.0308759256E-01   7.5973204479E+00   3.8072684962E-04   1.9593229361E+00   2.1758683714E+00   5.0811472437E-04   1.9949947812E+00   2.1154894784E+00   8.0362697491E-04   2.1524313254E+00   2.2105177159E+00   1.8445868050E-03   2.2081560233E+00   2.2938797256E+00   1.9400252224E-03   2.3312251789E+00   2.3906511494E+00   2.0536022956E-03   2.1683267275E+00   2.2763923693E+00   1.6804206383E-03   3.3678709769E-04
   1   -52   0    0   4.0147531589E-01   7.5992897452E+00   3.7973140373E-04   1.9597892602E+00   2.1768861271E+00   5.0620993944E-04   1.9957709928E+00   2.1167027231E+00   8.0250525301E-04   2.1529041904E+00   2.2113921649E+00   1.8436219220E-03   2.2084200086E+00   2.2944068512E+00   1.9398251806E-03   2.3314538159E+00   2.3908775012E+00   2.0538472046E-03   2.1686018702E+00   2.2769651200E+00   1.6798076308E-03   3.3682069533E-04
   1   -53   0    0   3.9986075112E-01   7.6012573164E+00   3.7873983486E-04   1.9602552943E+00   2.1779038699E+00   5.0430911110E-04   1.9965459943E+00   2.1179151468E+00   8.0138580493E-04   2.1533765263E+00   2.2122664236E+00   1.8426585078E-03   2.2086835917E+00   2.2949334467E+00   1.9396253067E-03   2.3316816611E+00   2.3911030825E+00   2.0540916345E-03   2.1688765404E+00   2.2775373070E+00   1.6791951607E-03   3.3685424371E-04
   1   -54   0    0   3.9824392393E-01   7.6032231951E+00   3.7775210534E-04   1.9607210255E+00   2.1789215911E+00   5.0241219282E-04   1.9973197778E+00   2.1191267456E+00   8.0026860348E-04   2.1538483334E+00   2.2131404962E+00   1.8416965410E-03   2.2089467971E+00   2.2954595445E+00   1.9394255970E-03   2.3319087290E+00   2.3913279077E+00   2.0543355912E-03   2.1691507605E+00   2.2781089613E+00   1.6785832160E-03   3.3688774447E-04
   1   -55   0    0   3.9662499197E-01   7.6051875679E+00   3.7676806743E-04   1.9611863980E+00   2.1799392804E+00   5.0051892572E-04   1.9980923128E+00   2.1203375240E+00   7.9915349640E-04   2.1543196164E+00   2.2140144252E+00   1.8407358924E-03   2.2092097398E+00   2.2959853075E+00   1.9392260251E-03   2.3321350823E+00   2.3915520395E+00   2.0545791079E-03   2.1694246329E+00   2.2786802372E+00   1.6779717161E-03   3.3692120558E-04
   1   -56   0    0   3.9500374439E-01   7.6071501934E+00   3.7578788288E-04   1.9616514757E+00   2.1809569328E+00   4.9862964596E-04   1.9988636330E+00   2.1215474636E+00   7.9804068191E-04   2.1547903672E+00   2.2148881458E+00   1.8397767346E-03   2.2094722808E+00   2.2965105336E+00   1.9390266276E-03   2.3323606484E+00   2.3917754052E+00   2.0548221413E-03   2.1696980353E+00   2.2792509433E+00   1.6773607724E-03   3.3695461723E-04
   1   -57   0    0   3.9338020827E-01   7.6091111067E+00   3.7481151296E-04   1.9621162449E+00   2.1819745398E+00   4.9674430464E-04   1.9996337303E+00   2.1227565606E+00   7.9693013141E-04   2.1552605860E+00   2.2157616623E+00   1.8388190452E-03   2.2097344456E+00   2.2970352564E+00   1.9388274004E-03   2.3325854423E+00   2.3919980197E+00   2.0550646976E-03   2.1699709908E+00   2.2798211116E+00   1.6767503722E-03   3.3698798111E-04
   1   -58   0    0   3.9175454115E-01   7.6110704941E+00   3.7383881137E-04   1.9625806510E+00   2.1829920918E+00   4.9486264405E-04   2.0004025750E+00   2.1239648205E+00   7.9582169333E-04   2.1557302778E+00   2.2166350179E+00   1.8378626951E-03   2.2099963484E+00   2.2975596380E+00   1.9386283172E-03   2.3328095261E+00   2.3922199450E+00   2.0553068097E-03   2.1702436011E+00   2.2803908957E+00   1.6761404350E-03   3.3702130516E-04
   1   -59   0    0   3.9012652812E-01   7.6130281097E+00   3.7286994115E-04   1.9630447580E+00   2.1840095828E+00   4.9298500462E-04   2.0011702004E+00   2.1251722231E+00   7.9471556841E-04   2.1561994341E+00   2.2175081458E+00   1.8369078598E-03   2.2102578486E+00   2.2980834731E+00   1.9384294150E-03   2.3330328265E+00   2.3924411078E+00   2.0555484337E-03   2.1705157424E+00   2.2809601013E+00   1.6755310741E-03   3.3705457941E-04
   1   -60   0    0   3.8849619982E-01   7.6149839926E+00   3.7190486077E-04   1.9635085511E+00   2.1850270040E+00   4.9111133157E-04   2.0019365982E+00   2.1263787651E+00   7.9361172462E-04   2.1566680552E+00   2.2183810515E+00   1.8359545135E-03   2.2105189737E+00   2.2986067991E+00   1.9382306893E-03   2.3332553595E+00   2.3926615241E+00   2.0557895766E-03   2.1707874398E+00   2.2815287637E+00   1.6749222748E-03   3.3708780574E-04
   1   -61   0    0   3.8686371472E-01   7.6169383300E+00   3.7094342449E-04   1.9639719762E+00   2.1860443470E+00   4.8924136678E-04   2.0027017389E+00   2.1275844529E+00   7.9251001012E-04   2.1571361464E+00   2.2192537787E+00   1.8350025271E-03   2.2107798379E+00   2.2991297780E+00   1.9380321136E-03   2.3334771874E+00   2.3928812558E+00   2.0560302714E-03   2.1710587949E+00   2.2820970367E+00   1.6743139562E-03   3.3712099208E-04
   1   -62   0    0   3.8522885431E-01   7.6188908718E+00   3.6998579625E-04   1.9644350973E+00   2.1870616043E+00   4.8737545411E-04   2.0034656558E+00   2.1287892649E+00   7.9141062769E-04   2.1576036986E+00   2.2201262591E+00   1.8340520778E-03   2.2110402991E+00   2.2996522022E+00   1.9378337254E-03   2.3336982360E+00   2.3931002290E+00   2.0562704738E-03   2.1713296825E+00   2.2826647235E+00   1.6737062332E-03   3.3715412834E-04
   1   -63   0    0   3.8359165314E-01   7.6208416618E+00   3.6903193151E-04   1.9648978986E+00   2.1880787673E+00   4.8551353249E-04   2.0042283398E+00   2.1299931981E+00   7.9031354161E-04   2.1580707124E+00   2.2209984992E+00   1.8331031368E-03   2.2113003873E+00   2.3001741125E+00   1.9376355195E-03   2.3339185228E+00   2.3933184610E+00   2.0565101916E-03   2.1716001298E+00   2.2832318629E+00   1.6730990890E-03   3.3718721658E-04
   1   -64   0    0   3.8195226951E-01   7.6227908866E+00   3.6808168598E-04   1.9653603266E+00   2.1890958285E+00   4.8365534510E-04   2.0049897624E+00   2.1311962596E+00   7.8921860076E-04   2.1585371933E+00   2.2218705433E+00   1.8321555755E-03   2.2115602160E+00   2.3006956701E+00   1.9374374694E-03   2.3341381094E+00   2.3935360132E+00   2.0567494576E-03   2.1718702379E+00   2.2837986078E+00   1.6724924429E-03   3.3722026469E-04
   1   -65   0    0   3.8031048062E-01   7.6247382914E+00   3.6713522508E-04   1.9658224458E+00   2.1901127789E+00   4.8180124036E-04   2.0057499566E+00   2.1323984265E+00   7.8812601068E-04   2.1590031317E+00   2.2227423209E+00   1.8312095736E-03   2.2118196410E+00   2.3012166643E+00   1.9372396134E-03   2.3343569210E+00   2.3937528107E+00   2.0569882268E-03   2.1721398796E+00   2.2843647584E+00   1.6718864117E-03   3.3725326244E-04
   1   -66   0    0   3.7866632522E-01   7.6266839245E+00   3.6619250106E-04   1.9662842391E+00   2.1911296102E+00   4.7995115047E-04   2.0065089128E+00   2.1335996961E+00   7.8703573165E-04   2.1594685283E+00   2.2236138401E+00   1.8302650989E-03   2.2120786950E+00   2.3017371399E+00   1.9370419454E-03   2.3345749764E+00   2.3939688725E+00   2.0572265079E-03   2.1724090848E+00   2.2849303573E+00   1.6712809764E-03   3.3728621205E-04
   1   -67   0    0   3.7701996102E-01   7.6286279719E+00   3.6525337143E-04   1.9667456539E+00   2.1921463157E+00   4.7810482059E-04   2.0072666031E+00   2.1348000763E+00   7.8594761371E-04   2.1599333889E+00   2.2244851451E+00   1.8293220236E-03   2.2123374904E+00   2.3022572568E+00   1.9368444393E-03   2.3347923363E+00   2.3941842591E+00   2.0574643336E-03   2.1726779532E+00   2.2854955560E+00   1.6706760567E-03   3.3731912137E-04
   1   -68   0    0   3.7537116072E-01   7.6305701734E+00   3.6431800319E-04   1.9672067550E+00   2.1931628851E+00   4.7626260397E-04   2.0080230605E+00   2.1359995426E+00   7.8486186529E-04   2.1603977034E+00   2.2253561636E+00   1.8283805304E-03   2.2125958809E+00   2.3027768007E+00   1.9366471337E-03   2.3350089252E+00   2.3943988948E+00   2.0577016583E-03   2.1729463562E+00   2.2860601517E+00   1.6700717714E-03   3.3735197999E-04
   1   -69   0    0   3.7371996845E-01   7.6325105836E+00   3.6338634454E-04   1.9676675239E+00   2.1941793103E+00   4.7442442433E-04   2.0087782746E+00   2.1371980929E+00   7.8377844165E-04   2.1608614728E+00   2.2262269054E+00   1.8274405825E-03   2.2128539027E+00   2.3032958217E+00   1.9364500218E-03   2.3352247638E+00   2.3946128002E+00   2.0579384915E-03   2.1732143263E+00   2.2866241915E+00   1.6694680987E-03   3.3738479039E-04
   1   -70   0    0   3.7206654075E-01   7.6344493869E+00   3.6245825524E-04   1.9681279091E+00   2.1951955854E+00   4.7259002969E-04   2.0095322184E+00   2.1383957359E+00   7.8269719452E-04   2.1613247029E+00   2.2270974147E+00   1.8265020534E-03   2.2131116665E+00   2.3038144776E+00   1.9362530776E-03   2.3354399117E+00   2.3948260351E+00   2.0581748657E-03   2.1734819620E+00   2.2871878254E+00   1.6688649590E-03   3.3741756032E-04
   1   -71   0    0   3.7041064567E-01   7.6363863178E+00   3.6153390392E-04   1.9685879754E+00   2.1962116986E+00   4.7075977833E-04   2.0102849245E+00   2.1395924453E+00   7.8161833529E-04   2.1617873831E+00   2.2279676170E+00   1.8255651288E-03   2.2133690241E+00   2.3043325509E+00   1.9360563406E-03   2.3356542926E+00   2.3950385229E+00   2.0584107346E-03   2.1737491328E+00   2.2877508470E+00   1.6682624732E-03   3.3745027921E-04
   1   -72   0    0   3.6875233380E-01   7.6383214383E+00   3.6061323401E-04   1.9690477028E+00   2.1972276423E+00   4.6893358387E-04   2.0110363821E+00   2.1407882198E+00   7.8054181332E-04   2.1622495148E+00   2.2288375243E+00   1.8246297667E-03   2.2136260157E+00   2.3048500975E+00   1.9358598027E-03   2.3358679292E+00   2.3952502862E+00   2.0586461092E-03   2.1740158748E+00   2.2883133094E+00   1.6676606161E-03   3.3748294983E-04
   1   -73   0    0   3.6709175936E-01   7.6402549298E+00   3.5969610838E-04   1.9695070413E+00   2.1982434113E+00   4.6711119901E-04   2.0117865650E+00   2.1419830686E+00   7.7946748303E-04   2.1627111038E+00   2.2297071805E+00   1.8236958427E-03   2.2138827498E+00   2.3053672724E+00   1.9356634383E-03   2.3360808800E+00   2.3954613835E+00   2.0588810212E-03   2.1742822846E+00   2.2888753596E+00   1.6670593094E-03   3.3751557978E-04
   1   -74   0    0   3.6542868558E-01   7.6421865214E+00   3.5878269739E-04   1.9699660558E+00   2.1992589923E+00   4.6529298724E-04   2.0125355056E+00   2.1431769638E+00   7.7839555895E-04   2.1631721391E+00   2.2305765090E+00   1.8227635455E-03   2.2141390758E+00   2.3058838545E+00   1.9354672877E-03   2.3362930676E+00   2.3956717373E+00   2.0591154237E-03   2.1745482296E+00   2.2894367879E+00   1.6664586761E-03   3.3754815831E-04
   1   -75   0    0   3.6376328851E-01   7.6441164199E+00   3.5787284712E-04   1.9704246901E+00   2.2002743811E+00   4.6347866729E-04   2.0132831748E+00   2.1443699167E+00   7.7732587550E-04   2.1636326276E+00   2.2314455605E+00   1.8218327332E-03   2.2143951164E+00   2.3064000195E+00   1.9352713218E-03   2.3365045578E+00   2.3958814134E+00   2.0593493527E-03   2.1748138188E+00   2.2899977610E+00   1.6658586267E-03   3.3758069406E-04
   1   -76   0    0   3.6209535307E-01   7.6460443794E+00   3.5696670939E-04   1.9708830022E+00   2.2012895638E+00   4.6166856707E-04   2.0140296011E+00   2.1455619006E+00   7.7625862624E-04   2.1640925589E+00   2.2323142648E+00   1.8209035764E-03   2.2146507362E+00   2.3069155679E+00   1.9350755770E-03   2.3367152813E+00   2.3960903423E+00   2.0595827659E-03   2.1750789330E+00   2.2905580897E+00   1.6652592728E-03   3.3761317732E-04
   1   -77   0    0   3.6042508425E-01   7.6479706401E+00   3.5606410864E-04   1.9713409278E+00   2.2023045376E+00   4.5986236100E-04   2.0147747518E+00   2.1467529304E+00   7.7519361946E-04   2.1645519415E+00   2.2331826820E+00   1.8199759104E-03   2.2149060764E+00   2.3074307029E+00   1.9348800192E-03   2.3369253137E+00   2.3962985996E+00   2.0598157050E-03   2.1753436977E+00   2.2911179665E+00   1.6646605098E-03   3.3764561804E-04
   1   -78   0    0   3.5875227592E-01   7.6498949665E+00   3.5516518864E-04   1.9717985216E+00   2.2033192880E+00   4.5806036188E-04   2.0155186534E+00   2.1479429794E+00   7.7413103984E-04   2.1650107650E+00   2.2340507440E+00   1.8190498981E-03   2.2151610080E+00   2.3079452339E+00   1.9346846835E-03   2.3371345891E+00   2.3965061192E+00   2.0600481298E-03   2.1756079993E+00   2.2916772109E+00   1.6640624447E-03   3.3767800698E-04
   1   -79   0    0   3.5707712533E-01   7.6518175898E+00   3.5426978106E-04   1.9722557224E+00   2.2043338128E+00   4.5626225720E-04   2.0162612749E+00   2.1491320626E+00   7.7307070334E-04   2.1654690378E+00   2.2349185090E+00   1.8181253813E-03   2.2154156664E+00   2.3084593559E+00   1.9344895371E-03   2.3373431798E+00   2.3967129735E+00   2.0602800802E-03   2.1758719581E+00   2.2922360078E+00   1.6634649772E-03   3.3771035370E-04
   1   -80   0    0   3.5539941796E-01   7.6537382645E+00   3.5337803505E-04   1.9727125866E+00   2.2053480965E+00   4.5446837147E-04   2.0170026436E+00   2.1503201516E+00   7.7201280157E-04   2.1659267489E+00   2.2357859059E+00   1.8172025294E-03   2.2156699176E+00   2.3089728711E+00   1.9342946164E-03   2.3375510176E+00   2.3969190940E+00   2.0605115143E-03   2.1761354563E+00   2.2927941693E+00   1.6628682182E-03   3.3774264858E-04
   1   -81   0    0   3.5371934642E-01   7.6556572165E+00   3.5248978683E-04   1.9731690548E+00   2.2063621375E+00   4.5267840018E-04   2.0177427294E+00   2.1515072616E+00   7.7095715519E-04   2.1663839068E+00   2.2366529917E+00   1.8162811880E-03   2.2159238935E+00   2.3094859694E+00   1.9340998894E-03   2.3377581728E+00   2.3971245512E+00   2.0607424713E-03   2.1763986109E+00   2.2933518759E+00   1.6622720698E-03   3.3777490093E-04
   1   -82   0    0   3.5203680565E-01   7.6575743267E+00   3.5160510121E-04   1.9736251523E+00   2.2073759236E+00   4.5089249845E-04   2.0184815444E+00   2.1526933756E+00   7.6990385593E-04   2.1668405056E+00   2.2375197296E+00   1.8153614393E-03   2.2161775318E+00   2.3099985573E+00   1.9339053741E-03   2.3379646145E+00   2.3973293139E+00   2.0609729310E-03   2.1766613672E+00   2.2939090386E+00   1.6616765868E-03   3.3780710623E-04
   1   -83   0    0   3.5035162874E-01   7.6594894050E+00   3.5072408866E-04   1.9740809207E+00   2.2083894396E+00   4.4911091478E-04   2.0192191081E+00   2.1538784690E+00   7.6885305061E-04   2.1672965362E+00   2.2383860629E+00   1.8144434139E-03   2.2164307303E+00   2.3105104834E+00   1.9337110988E-03   2.3381702914E+00   2.3975333307E+00   2.0612028613E-03   2.1769236357E+00   2.2944655137E+00   1.6610818556E-03   3.3783925713E-04
   1   -84   0    0   3.4866407096E-01   7.6614027495E+00   3.4984653915E-04   1.9745362840E+00   2.2094026872E+00   4.4733324953E-04   2.0199553828E+00   2.1550625651E+00   7.6780450375E-04   2.1677520103E+00   2.2392520689E+00   1.8135269081E-03   2.2166836611E+00   2.3110219963E+00   1.9335170211E-03   2.3383752945E+00   2.3977366927E+00   2.0614323135E-03   2.1771855689E+00   2.2950215373E+00   1.6604877462E-03   3.3787136582E-04
   1   -85   0    0   3.4697402936E-01   7.6633142436E+00   3.4897251515E-04   1.9749912663E+00   2.2104156541E+00   4.4555965356E-04   2.0206903796E+00   2.1562456465E+00   7.6675830460E-04   2.1682069220E+00   2.2401177112E+00   1.8126120022E-03   2.2169362633E+00   2.3115330049E+00   1.9333231584E-03   2.3385795938E+00   2.3979393697E+00   2.0616612680E-03   2.1774471134E+00   2.2955770226E+00   1.6598943120E-03   3.3790342788E-04
   1   -86   0    0   3.4528144533E-01   7.6652238221E+00   3.4810204477E-04   1.9754458790E+00   2.2114283289E+00   4.4379020882E-04   2.0214241034E+00   2.1574277007E+00   7.6571450173E-04   2.1686612675E+00   2.2409829673E+00   1.8116987409E-03   2.2171885053E+00   2.3120434602E+00   1.9331295210E-03   2.3387831745E+00   2.3981413468E+00   2.0618897142E-03   2.1777082419E+00   2.2961319233E+00   1.6593015841E-03   3.3793544098E-04
   1   -87   0    0   3.4358631298E-01   7.6671314808E+00   3.4723511613E-04   1.9759001188E+00   2.2124407027E+00   4.4202491626E-04   2.0221565519E+00   2.1586087211E+00   7.6467309596E-04   2.1691150456E+00   2.2418478313E+00   1.8107871272E-03   2.2174403894E+00   2.3125533635E+00   1.9329361102E-03   2.3389860397E+00   2.3983426271E+00   2.0621176518E-03   2.1779689570E+00   2.2966862405E+00   1.6587095660E-03   3.3796740520E-04
   1   -88   0    0   3.4188864269E-01   7.6690372342E+00   3.4637170529E-04   1.9763539780E+00   2.2134527675E+00   4.4026375202E-04   2.0228877208E+00   2.1597887032E+00   7.6363407347E-04   2.1695682559E+00   2.2427123029E+00   1.8098771511E-03   2.2176919287E+00   2.3130627312E+00   1.9327429244E-03   2.3391881977E+00   2.3985432187E+00   2.0623450837E-03   2.1782292706E+00   2.2972399896E+00   1.6581182533E-03   3.3799932140E-04
   1   -89   0    0   3.4018843486E-01   7.6709410855E+00   3.4551179587E-04   1.9768074518E+00   2.2144645148E+00   4.3850670754E-04   2.0236176071E+00   2.1609676414E+00   7.6259742946E-04   2.1700208976E+00   2.2435763784E+00   1.8089688108E-03   2.2179431294E+00   2.3135715702E+00   1.9325499639E-03   2.3393896534E+00   2.3987431265E+00   2.0625720108E-03   2.1784891888E+00   2.2977931772E+00   1.6575276463E-03   3.3803118996E-04
   1   -90   0    0   3.3848567900E-01   7.6728430248E+00   3.4465537968E-04   1.9772605381E+00   2.2154759353E+00   4.3675379076E-04   2.0243462090E+00   2.1621455284E+00   7.6156316888E-04   2.1704729691E+00   2.2444400505E+00   1.8080621129E-03   2.2181939908E+00   2.3140798771E+00   1.9323572308E-03   2.3395904083E+00   2.3989423519E+00   2.0627984321E-03   2.1787487116E+00   2.2983457999E+00   1.6569377512E-03   3.3806301075E-04
   1   -91   0    0   3.3678045205E-01   7.6747431435E+00   3.4380238402E-04   1.9777132118E+00   2.2164870251E+00   4.3500487732E-04   2.0250735142E+00   2.1633223685E+00   7.6053121859E-04   2.1709244738E+00   2.2453033405E+00   1.8071569954E-03   2.2184445682E+00   2.3145877304E+00   1.9321647126E-03   2.3397904925E+00   2.3991409250E+00   2.0630243635E-03   2.1790078880E+00   2.2988979324E+00   1.6563485294E-03   3.3809478764E-04
   1   -92   0    0   3.3507249981E-01   7.6766411496E+00   3.4295298041E-04   1.9781655358E+00   2.2174977608E+00   4.3326034380E-04   2.0257995516E+00   2.1644981232E+00   7.5950180105E-04   2.1713753971E+00   2.2461661616E+00   1.8062536557E-03   2.2186947053E+00   2.3150948984E+00   1.9319724518E-03   2.3399898270E+00   2.3993387665E+00   2.0632497561E-03   2.1792665808E+00   2.2994493543E+00   1.6557601114E-03   3.3812650937E-04
   1   -93   0    0   3.3336207322E-01   7.6785373363E+00   3.4210696777E-04   1.9786174385E+00   2.2185081486E+00   4.3151980215E-04   2.0265242869E+00   2.1656728191E+00   7.5847468754E-04   2.1718257515E+00   2.2470285919E+00   1.8053518955E-03   2.2189445683E+00   2.3156016228E+00   1.9317804070E-03   2.3401884993E+00   2.3995359641E+00   2.0634746599E-03   2.1795249369E+00   2.3000002952E+00   1.6551723697E-03   3.3815818778E-04
   1   -94   0    0   3.3164902744E-01   7.6804315377E+00   3.4126443672E-04   1.9790689536E+00   2.2195181712E+00   4.2978346313E-04   2.0272477351E+00   2.1668464316E+00   7.5745000270E-04   2.1722755284E+00   2.2478905801E+00   1.8044518263E-03   2.2191940708E+00   2.3161077742E+00   1.9315886024E-03   2.3403864666E+00   2.3997324748E+00   2.0636990477E-03   2.1797828807E+00   2.3005506322E+00   1.6545853788E-03   3.3818981659E-04
   1   -95   0    0   3.2993335972E-01   7.6823237530E+00   3.4042537300E-04   1.9795200768E+00   2.2205278196E+00   4.2805132221E-04   2.0279698937E+00   2.1680189543E+00   7.5642774410E-04   2.1727247266E+00   2.2487521214E+00   1.8035534485E-03   2.2194432172E+00   2.3166133568E+00   1.9313970390E-03   2.3405837330E+00   2.3999283024E+00   2.0639229197E-03   2.1800404166E+00   2.3011003690E+00   1.6539991407E-03   3.3822139604E-04
   1   -96   0    0   3.2821514927E-01   7.6842140762E+00   3.3958970302E-04   1.9799707828E+00   2.2215370905E+00   4.2632325191E-04   2.0286907501E+00   2.1691903921E+00   7.5540783677E-04   2.1731733496E+00   2.2496132380E+00   1.8026566984E-03   2.2196920635E+00   2.3171184506E+00   1.9312057036E-03   2.3407803289E+00   2.4001234775E+00   2.0641462925E-03   2.1802975944E+00   2.3016495816E+00   1.6534136157E-03   3.3825293010E-04
   1   -97   0    0   3.2632202586E-01   7.6862910690E+00   3.3867447933E-04   1.9804661119E+00   2.2226468318E+00   4.2442729882E-04   2.0294822033E+00   2.1704776926E+00   7.5428878615E-04   2.1736661607E+00   2.2505599197E+00   1.8016722717E-03   2.2199653570E+00   2.3176733526E+00   1.9309955242E-03   2.3409957653E+00   2.4003373716E+00   2.0643913968E-03   2.1805799968E+00   2.3022529801E+00   1.6527704414E-03   3.3828755850E-04
   1   -98   0    0   3.2423591337E-01   7.6885729802E+00   3.3767251759E-04   1.9810104083E+00   2.2238669854E+00   4.2234759832E-04   2.0303509881E+00   2.1718921725E+00   7.5306121110E-04   2.1742074392E+00   2.2516006236E+00   1.8005917673E-03   2.2202655006E+00   2.3182829664E+00   1.9307646669E-03   2.3412317828E+00   2.4005717174E+00   2.0646602928E-03   2.1808900874E+00   2.3029158950E+00   1.6520640106E-03   3.3832558175E-04
   1   -99   0    0   3.2193677395E-01   7.6910797603E+00   3.3657609220E-04   1.9816084315E+00   2.2252084593E+00   4.2006693645E-04   2.0313044469E+00   2.1734462169E+00   7.5171492994E-04   2.1748018611E+00   2.2527446190E+00   1.7994060441E-03   2.2205951113E+00   2.3189526432E+00   1.9305111303E-03   2.3414902578E+00   2.4008283832E+00   2.0649552169E-03   2.1812305492E+00   2.3036441462E+00   1.6512882047E-03   3.3836732728E-04
   1  -100   0    0   3.1847925238E-01   7.6948332536E+00   3.3494273402E-04   1.9825040973E+00   2.2272192516E+00   4.1665987382E-04   2.0327303070E+00   2.1757735347E+00   7.4970356391E-04   2.1756915471E+00   2.2544590163E+00   1.7976331191E-03   2.2210883950E+00   2.3199552972E+00   1.9301316477E-03   2.3418757017E+00   2.4012111715E+00   2.0653958894E-03   2.1817399400E+00   2.3047345541E+00   1.6501270595E-03   3.3842978383E-04
   1  -101   0    0   3.1327296211E-01   7.7004482909E+00   3.3251795295E-04   1.9838444846E+00   2.2302320967E+00   4.1158074902E-04   2.0348593335E+00   2.1792559568E+00   7.4670471887E-04   2.1770216700E+00   2.2570268978E+00   1.7949865725E-03   2.2218257518E+00   2.3214550231E+00   1.9295643072E-03   2.3424487807E+00   2.4017803965E+00   2.0660530236E-03   2.1825010856E+00   2.3063656701E+00   1.6483912084E-03   3.3852310208E-04
   1  -102   0    0   3.0700440279E-01   7.7071502209E+00   3.2965289120E-04   1.9854451392E+00   2.2338355870E+00   4.0554634027E-04   2.0373942145E+00   2.1834137932E+00   7.4314126454E-04   2.1786080129E+00   2.2600968539E+00   1.7918367311E-03   2.2227049681E+00   2.3232447374E+00   1.9288877246E-03   2.3431272942E+00   2.4024544949E+00   2.0668340581E-03   2.1834082263E+00   2.3083123962E+00   1.6463212757E-03   3.3863430617E-04
   1  -103   0    0   3.0070062232E-01   7.7138251951E+00   3.2683058611E-04   1.9870402337E+00   2.2374325450E+00   3.9956652968E-04   2.0399121338E+00   2.1875562924E+00   7.3960942017E-04   2.1801866372E+00   2.2631598182E+00   1.7887094234E-03   2.2235797409E+00   2.3250269094E+00   1.9282145294E-03   2.3437971823E+00   2.4031201838E+00   2.0676083560E-03   2.1843103190E+00   2.3102511633E+00   1.6442618728E-03   3.3874487177E-04
   1  -104   0    0   2.9436117949E-01   7.7204727551E+00   3.2405061460E-04   1.9886296486E+00   2.2410225193E+00   3.9364153273E-04   2.0424130048E+00   2.1916831001E+00   7.3610932556E-04   2.1817574648E+00   2.2662154435E+00   1.7856048836E-03   2.2244500558E+00   2.3268014129E+00   1.9275448028E-03   2.3444585217E+00   2.4037775361E+00   2.0683758829E-03   2.1852073690E+00   2.3121818432E+00   1.6422132406E-03   3.3885479455E-04
   1  -105   0    0   2.8798563497E-01   7.7270924325E+00   3.2131255319E-04   1.9902132613E+00   2.2446050537E+00   3.8777155212E-04   2.0448967394E+00   2.1957938567E+00   7.3264111309E-04   2.1833204154E+00   2.2692633782E+00   1.7825233399E-03   2.2253158962E+00   2.3285681198E+00   1.9268786251E-03   2.3451113886E+00   2.4044266240E+00   2.0691366056E-03   2.1860993787E+00   2.3141043049E+00   1.6401756169E-03   3.3896407008E-04
   1  -106   0    0   2.8157355177E-01   7.7336837486E+00   3.1861597830E-04   1.9917909464E+00   2.2481796870E+00   3.8195677806E-04   2.0473632481E+00   2.1998881970E+00   7.2920490788E-04   2.1848754061E+00   2.2723032665E+00   1.7794650154E-03   2.2261772431E+00   2.3303268996E+00   1.9262160755E-03   2.3457558590E+00   2.4050675193E+00   2.0698904926E-03   2.1869863480E+00   2.3160184143E+00   1.6381492372E-03   3.3907269379E-04
   1  -107   0    0   2.7512449595E-01   7.7402462143E+00   3.1596046652E-04   1.9933625757E+00   2.2517459530E+00   3.7619738862E-04   2.0498124403E+00   2.2039657508E+00   7.2580082803E-04   2.1864223520E+00   2.2753347483E+00   1.7764301277E-03   2.2270340750E+00   2.3320776198E+00   1.9255572324E-03   2.3463920079E+00   2.4057002933E+00   2.0706375139E-03   2.1878682734E+00   2.3179240343E+00   1.6361343338E-03   3.3918066098E-04
   1  -108   0    0   2.6863803715E-01   7.7467793306E+00   3.1334559493E-04   1.9949280181E+00   2.2553033809E+00   3.7049355002E-04   2.0522442239E+00   2.2080261426E+00   7.2242898471E-04   2.1879611653E+00   2.2783574590E+00   1.7734188890E-03   2.2278863684E+00   2.3338201456E+00   1.9249021732E-03   2.3470199101E+00   2.4063250167E+00   2.0713776411E-03   2.1887451491E+00   2.3198210249E+00   1.6341311362E-03   3.3928796682E-04
   1  -109   0    0   2.6211374930E-01   7.7532825881E+00   3.1077094128E-04   1.9964871395E+00   2.2588514950E+00   3.6484541695E-04   2.0546585052E+00   2.2120689920E+00   7.1908948239E-04   2.1894917564E+00   2.2813710304E+00   1.7704315066E-03   2.2287340971E+00   2.3355543401E+00   1.9242509741E-03   2.3476396398E+00   2.4069417596E+00   2.0721108470E-03   2.1896169660E+00   2.3217092431E+00   1.6321398713E-03   3.3939460634E-04
   1  -110   0    0   2.5555121124E-01   7.7597554676E+00   3.0823608432E-04   1.9980398033E+00   2.2623898156E+00   3.5925313281E-04   2.0570551896E+00   2.2160939135E+00   7.1578241900E-04   2.1910140328E+00   2.2843750901E+00   1.7674681822E-03   2.2295772328E+00   2.3372800640E+00   1.9236037106E-03   2.3482512702E+00   2.4075505915E+00   2.0728371061E-03   2.1904837122E+00   2.3235885431E+00   1.6301607628E-03   3.3950057446E-04
   1  -111   0    0   2.4895000739E-01   7.7661974402E+00   3.0574060397E-04   1.9995858701E+00   2.2659178581E+00   3.5371683006E-04   2.0594341809E+00   2.2201005167E+00   7.1250788603E-04   2.1925279001E+00   2.2873692618E+00   1.7645291129E-03   2.2304157447E+00   2.3389971761E+00   1.9229604570E-03   2.3488548741E+00   2.4081515809E+00   2.0735563942E-03   2.1913453732E+00   2.3254587760E+00   1.6281940318E-03   3.3960586595E-04
   1  -112   0    0   2.4230972848E-01   7.7726079671E+00   3.0328408155E-04   2.0011251977E+00   2.2694351343E+00   3.4823663042E-04   2.0617953816E+00   2.2240884067E+00   7.0926596875E-04   2.1940332612E+00   2.2903531654E+00   1.7616144905E-03   2.2312495998E+00   2.3407055330E+00   1.9223212868E-03   2.3494505236E+00   2.4087447959E+00   2.0742686883E-03   2.1922019313E+00   2.3273197902E+00   1.6262398965E-03   3.3971047547E-04
   1  -113   0    0   2.3562997225E-01   7.7789865001E+00   3.0086609996E-04   2.0026576414E+00   2.2729411517E+00   3.4281264510E-04   2.0641386931E+00   2.2280571841E+00   7.0605674628E-04   2.1955300171E+00   2.2933264176E+00   1.7587245019E-03   2.2320787629E+00   2.3424049893E+00   1.9216862724E-03   2.3500382896E+00   2.4093303037E+00   2.0749739669E-03   2.1930533663E+00   2.3291714313E+00   1.6242985719E-03   3.3981439753E-04
   1  -114   0    0   2.2891034416E-01   7.7853324818E+00   2.9848624389E-04   2.0041830539E+00   2.2764354142E+00   3.3744497510E-04   2.0664640155E+00   2.2320064449E+00   7.0288029175E-04   2.1970180662E+00   2.2962886312E+00   1.7558593291E-03   2.2329031961E+00   2.3440953974E+00   1.9210554852E-03   2.3506182428E+00   2.4099081707E+00   2.0756722097E-03   2.1938996550E+00   2.3310135420E+00   1.6223702705E-03   3.3991762655E-04
   1  -115   0    0   2.2215045817E-01   7.7916453458E+00   2.9614409995E-04   2.0057012855E+00   2.2799174220E+00   3.3213371132E-04   2.0687712476E+00   2.2359357813E+00   6.9973667240E-04   2.1984973050E+00   2.2992394160E+00   1.7530191491E-03   2.2337228597E+00   2.3457766080E+00   1.9204289955E-03   2.3511904525E+00   2.4104784624E+00   2.0763633978E-03   2.1947407716E+00   2.3328459626E+00   1.6204552016E-03   3.4002015679E-04
   1  -116   0    0   2.1534993747E-01   7.7979245170E+00   2.9383925684E-04   2.0072121839E+00   2.2833866722E+00   3.2687893485E-04   2.0710602874E+00   2.2398447814E+00   6.9662594970E-04   2.1999676277E+00   2.3021783787E+00   1.7502041342E-03   2.2345377115E+00   2.3474484697E+00   1.9198068727E-03   2.3517549876E+00   2.4110412437E+00   2.0770475134E-03   2.1955766875E+00   2.3346685306E+00   1.6185535716E-03   3.4012198243E-04
   1  -117   0    0   2.0850841530E-01   7.8041694120E+00   2.9157130546E-04   2.0087155947E+00   2.2868426587E+00   3.2168071706E-04   2.0733310316E+00   2.2437330296E+00   6.9354817942E-04   2.2014289264E+00   2.3051051231E+00   1.7474144518E-03   2.2353477073E+00   2.3491108294E+00   1.9191891851E-03   2.3523119159E+00   2.4115965784E+00   2.0777245402E-03   2.1964073714E+00   2.3364810811E+00   1.6166655837E-03   3.4022309751E-04
   1  -118   0    0   2.0162553566E-01   7.8103794395E+00   2.8933983905E-04   2.0102113612E+00   2.2902848726E+00   3.1653911977E-04   2.0755833763E+00   2.2476001070E+00   6.9050341174E-04   2.2028810914E+00   2.3080192503E+00   1.7446502644E-03   2.2361528007E+00   2.3507635322E+00   1.9185760000E-03   2.3528613044E+00   2.4121445296E+00   2.0783944629E-03   2.1972327896E+00   2.3382834467E+00   1.6147914383E-03   3.4032349597E-04
   1  -119   0    0   1.9470095418E-01   7.8165540006E+00   2.8714445328E-04   2.0116993247E+00   2.2937128025E+00   3.1145419541E-04   2.0778172164E+00   2.2514455914E+00   6.8749169128E-04   2.2043240109E+00   2.3109203589E+00   1.7419117298E-03   2.2369529433E+00   2.3524064217E+00   1.9179673834E-03   2.3534032193E+00   2.4126851594E+00   2.0790572674E-03   2.1980529056E+00   2.3400754579E+00   1.6129313324E-03   3.4042317164E-04
   1  -120   0    0   1.8773433888E-01   7.8226924892E+00   2.8498474634E-04   2.0131793245E+00   2.2971259350E+00   3.0642598709E-04   2.0800324462E+00   2.2552690578E+00   6.8451305720E-04   2.2057575715E+00   2.3138080456E+00   1.7391990008E-03   2.2377480846E+00   2.3540393399E+00   1.9173634007E-03   2.3539377258E+00   2.4132185293E+00   2.0797129409E-03   2.1988676808E+00   2.3418569428E+00   1.6110854600E-03   3.4052211828E-04
   1  -121   0    0   1.8072537098E-01   7.8287942929E+00   2.8286031901E-04   2.0146511980E+00   2.3005237546E+00   3.0145452872E-04   2.0822289596E+00   2.2590700788E+00   6.8156754319E-04   2.2071816580E+00   2.3166819049E+00   1.7365122253E-03   2.2385381723E+00   2.3556621274E+00   1.9167641155E-03   2.3544648882E+00   2.4137446996E+00   2.0803614720E-03   2.1996770738E+00   2.3436277278E+00   1.6092540119E-03   3.4062032952E-04
   1  -122   0    0   1.7367374575E-01   7.8348587931E+00   2.8077077473E-04   2.0161147809E+00   2.3039057442E+00   2.9653984503E-04   2.0844066497E+00   2.2628482246E+00   6.7865517756E-04   2.2085961534E+00   2.3195415297E+00   1.7338515465E-03   2.2393231521E+00   2.3572746235E+00   1.9161695909E-03   2.3549847701E+00   2.4142637301E+00   2.0810028500E-03   2.2004810412E+00   2.3453876373E+00   1.6074371753E-03   3.4071779894E-04
   1  -123   0    0   1.6657917326E-01   7.8408853657E+00   2.7871571964E-04   2.0175699075E+00   2.3072713859E+00   2.9168195165E-04   2.0865654095E+00   2.2666030639E+00   6.7577598322E-04   2.2100009397E+00   2.3223865118E+00   1.7312171023E-03   2.2401029682E+00   2.3588766666E+00   1.9155798884E-03   2.3554974342E+00   2.4147756794E+00   2.0816370659E-03   2.2012795374E+00   2.3471364938E+00   1.6056351341E-03   3.4081452003E-04
   1  -124   0    0   1.5944137926E-01   7.8468733817E+00   2.7669476259E-04   2.0190164105E+00   2.3106201608E+00   2.8688085512E-04   2.0887051317E+00   2.2703341638E+00   6.7292997768E-04   2.2113958972E+00   2.3252164418E+00   1.7286090260E-03   2.2408775628E+00   2.3604680940E+00   1.9149950686E-03   2.3560029422E+00   2.4152806055E+00   2.0822641115E-03   2.2020725145E+00   2.3488741187E+00   1.6038480689E-03   3.4091048621E-04
   1  -125   0    0   1.5226010594E-01   7.8528222081E+00   2.7470751522E-04   2.0204541215E+00   2.3139515497E+00   2.8213655290E-04   2.0908257089E+00   2.2740410903E+00   6.7011717307E-04   2.2127809052E+00   2.3280309097E+00   1.7260274454E-03   2.2416468768E+00   2.3620487420E+00   1.9144151906E-03   2.3565013552E+00   2.4157785656E+00   2.0828839800E-03   2.2028599228E+00   2.3506003318E+00   1.6020761564E-03   3.4100569084E-04
   1  -126   0    0   1.4503511276E-01   7.8587312081E+00   2.7275359192E-04   2.0218828711E+00   2.3172650334E+00   2.7744903331E-04   2.0929270341E+00   2.2777234090E+00   6.6733757611E-04   2.2141558419E+00   2.3308295051E+00   1.7234724834E-03   2.2424108494E+00   2.3636184467E+00   1.9138403124E-03   2.3569927332E+00   2.4162696160E+00   2.0834966659E-03   2.2036417106E+00   2.3523149518E+00   1.6003195698E-03   3.4110012725E-04
   1  -127   0    0   1.3776617722E-01   7.8645997426E+00   2.7083260982E-04   2.0233024891E+00   2.3205600934E+00   2.7281827555E-04   2.0950090004E+00   2.2813806855E+00   6.6459118806E-04   2.2155205847E+00   2.3336118178E+00   1.7209442575E-03   2.2431694187E+00   2.3651770434E+00   1.9132704906E-03   2.3574771356E+00   2.4167538123E+00   2.0841021646E-03   2.2044178244E+00   2.3540177966E+00   1.5985784785E-03   3.4119378871E-04
   1  -128   0    0   1.3045309566E-01   7.8704271702E+00   2.6894418883E-04   2.0247128044E+00   2.3238362122E+00   2.6824424957E-04   2.0970715016E+00   2.2850124855E+00   6.6187800467E-04   2.2168750103E+00   2.3363774381E+00   1.7184428798E-03   2.2439225213E+00   2.3667243675E+00   1.9127057807E-03   2.3579546211E+00   2.4172312094E+00   2.0847004731E-03   2.2051882093E+00   2.3557086832E+00   1.5968530477E-03   3.4128666848E-04
   1  -129   0    0   1.2309568401E-01   7.8762128483E+00   2.6708795156E-04   2.0261136458E+00   2.3270928737E+00   2.6372691603E-04   2.0991144321E+00   2.2886183758E+00   6.5919801619E-04   2.2182189948E+00   2.3391259571E+00   1.7159684570E-03   2.2446700929E+00   2.3682602539E+00   1.9121462366E-03   2.3584252475E+00   2.4177018613E+00   2.0852915893E-03   2.2059528086E+00   2.3573874285E+00   1.5951434388E-03   3.4137875979E-04
   1  -130   0    0   1.1569377853E-01   7.8819561345E+00   2.6526352332E-04   2.0275048417E+00   2.3303295640E+00   2.5926622620E-04   2.1011376874E+00   2.2921979247E+00   6.5655120720E-04   2.2195524142E+00   2.3418569673E+00   1.7135210901E-03   2.2454120681E+00   2.3697845383E+00   1.9115919108E-03   2.3588890720E+00   2.4181658215E+00   2.0858755126E-03   2.2067115644E+00   2.3590538489E+00   1.5934498090E-03   3.4147005590E-04
   1  -131   0    0   1.0824723653E-01   7.8876563865E+00   2.6347053207E-04   2.0288862205E+00   2.3335457717E+00   2.5486212180E-04   2.1031411641E+00   2.2957507024E+00   6.5393755660E-04   2.2208751442E+00   2.3445700628E+00   1.7111008745E-03   2.2461483806E+00   2.3712970562E+00   1.9110428543E-03   2.3593461511E+00   2.4186231429E+00   2.0864522435E-03   2.2074644176E+00   2.3607077609E+00   1.5917723110E-03   3.4156055003E-04
   1  -132   0    0   1.0075593709E-01   7.8933129640E+00   2.6170860837E-04   2.0302576110E+00   2.3367409886E+00   2.5051453491E-04   2.1051247603E+00   2.2992762816E+00   6.5135703753E-04   2.2221870608E+00   2.3472648402E+00   1.7087078994E-03   2.2468789635E+00   2.3727976443E+00   1.9104991168E-03   2.3597965406E+00   2.4190738777E+00   2.0870217839E-03   2.2082113079E+00   2.3623489816E+00   1.5901110930E-03   3.4165023546E-04
   1  -133   0    0   9.3219781658E-02   7.8989252289E+00   2.5997738531E-04   2.0316188424E+00   2.3399147102E+00   2.4622338781E-04   2.1070883759E+00   2.3027742383E+00   6.4880961721E-04   2.2234880401E+00   2.3499408988E+00   1.7063422484E-03   2.2476037492E+00   2.3742861399E+00   1.9099607462E-03   2.3602402958E+00   2.4195180775E+00   2.0875841370E-03   2.2089521741E+00   2.3639773283E+00   1.5884662989E-03   3.4173910550E-04
   1  -134   0    0   8.5638694734E-02   7.9044925470E+00   2.5827649848E-04   2.0329697447E+00   2.3430664364E+00   2.4198859279E-04   2.1090319124E+00   2.3062441522E+00   6.4629525691E-04   2.2247779589E+00   2.3525978408E+00   1.7040039985E-03   2.2483226698E+00   2.3757623815E+00   1.9094277889E-03   2.3606774714E+00   2.4199557934E+00   2.0881393075E-03   2.2096869544E+00   2.3655926197E+00   1.5868380673E-03   3.4182715350E-04
   1  -135   0    0   7.8012624431E-02   7.9100142885E+00   2.5660558585E-04   2.0343101491E+00   2.3461956719E+00   2.3781005197E-04   2.1109552738E+00   2.3096856073E+00   6.4381391175E-04   2.2260566947E+00   2.3552352726E+00   1.7016932204E-03   2.2490356571E+00   2.3772262091E+00   1.9089002895E-03   2.3611081217E+00   2.4203870761E+00   2.0886873011E-03   2.2104155863E+00   2.3671946754E+00   1.5852265322E-03   3.4191437288E-04
   1  -136   0    0   7.0341543022E-02   7.9154898294E+00   2.5496428774E-04   2.0356398877E+00   2.3493019271E+00   2.3368765717E-04   2.1128583667E+00   2.3130981929E+00   6.4136553068E-04   2.2273241262E+00   2.3578528047E+00   1.6994099785E-03   2.2497426427E+00   2.3786774644E+00   1.9083782912E-03   2.3615323003E+00   2.4208119759E+00   2.0892281253E-03   2.2111380069E+00   2.3687833166E+00   1.5836318224E-03   3.4200075717E-04
   1  -137   0    0   6.2625447443E-02   7.9209185524E+00   2.5335224670E-04   2.0369587947E+00   2.3523847186E+00   2.2962128965E-04   2.1147411001E+00   2.3164815039E+00   6.3895005626E-04   2.2285801332E+00   2.3604500523E+00   1.6971543300E-03   2.2504435586E+00   2.3801159910E+00   1.9078618350E-03   2.3619500607E+00   2.4212305425E+00   2.0897617888E-03   2.2118541530E+00   2.3703583663E+00   1.5820540613E-03   3.4208629994E-04
   1  -138   0    0   5.4864359734E-02   7.9262998481E+00   2.5176910746E-04   2.0382667057E+00   2.3554435700E+00   2.2561081991E-04   2.1166033862E+00   2.3198351414E+00   6.3656742461E-04   2.2298245970E+00   2.3630266360E+00   1.6949263258E-03   2.2511383365E+00   2.3815416349E+00   1.9073509603E-03   2.3623614556E+00   2.4216428255E+00   2.0902883018E-03   2.2125639614E+00   2.3719196497E+00   1.5804933669E-03   3.4217099493E-04
   1  -139   0    0   4.7058327445E-02   7.9316331161E+00   2.5021451682E-04   2.0395634589E+00   2.3584780122E+00   2.2165610752E-04   2.1184451408E+00   2.3231587138E+00   6.3421756523E-04   2.2310574009E+00   2.3655821825E+00   1.6927260091E-03   2.2518269090E+00   2.3829542446E+00   1.9068457047E-03   2.3627665378E+00   2.4220488741E+00   2.0908076760E-03   2.2132673689E+00   2.3734669947E+00   1.5789498514E-03   3.4225483597E-04
   1  -140   0    0   3.9207423964E-02   7.9369177662E+00   2.4868812358E-04   2.0408488946E+00   2.3614875845E+00   2.1775700088E-04   2.1202662829E+00   2.3264518371E+00   6.3190040087E-04   2.2322784300E+00   2.3681163248E+00   1.6905534162E-03   2.2525092089E+00   2.3843536713E+00   1.9063461036E-03   2.3631653597E+00   2.4224487373E+00   2.0913199248E-03   2.2139643129E+00   2.3750002317E+00   1.5774236215E-03   3.4233781705E-04
   1  -141   0    0   3.1311748803E-02   7.9421532195E+00   2.4718957845E-04   2.0421228560E+00   2.3644718350E+00   2.1391333701E-04   2.1220667358E+00   2.3297141359E+00   6.2961584742E-04   2.2334875718E+00   2.3706287030E+00   1.6884085758E-03   2.2531851700E+00   2.3857397695E+00   1.9058521906E-03   2.3635579733E+00   2.4228424639E+00   2.0918250628E-03   2.2146547308E+00   2.3765191945E+00   1.5759147775E-03   3.4241993232E-04
   1  -142   0    0   2.3371427813E-02   7.9473389098E+00   2.4571853391E-04   2.0433851893E+00   2.3674303215E+00   2.1012494135E-04   2.1238464268E+00   2.3329452439E+00   6.2736381375E-04   2.2346847165E+00   2.3731189649E+00   1.6862915090E-03   2.2538547268E+00   2.3871123972E+00   1.9053639970E-03   2.3639444305E+00   2.4232301026E+00   2.0923231066E-03   2.2153385611E+00   2.3780237204E+00   1.5744234137E-03   3.4250117610E-04
   1  -143   0    0   1.5386613333E-02   7.9524742842E+00   2.4427464420E-04   2.0446357442E+00   2.3703626119E+00   2.0639162752E-04   2.1256052878E+00   2.3361448044E+00   6.2514420160E-04   2.2358697568E+00   2.3755867663E+00   1.6842022289E-03   2.2545178151E+00   2.3884714159E+00   1.9048815524E-03   2.3643247833E+00   2.4236117020E+00   2.0928140741E-03   2.2160157430E+00   2.3795136505E+00   1.5729496182E-03   3.4258154292E-04
   1  -144   0    0   7.3574842721E-03   7.9575588048E+00   2.4285756519E-04   2.0458743737E+00   2.3732682851E+00   2.0271319717E-04   2.1273432555E+00   2.3393124716E+00   6.2295690543E-04   2.2370425887E+00   2.3780317721E+00   1.6821407408E-03   2.2551743718E+00   2.3898166914E+00   1.9044048837E-03   2.3646990833E+00   2.4239873106E+00   2.0932979849E-03   2.2166862166E+00   2.3809888300E+00   1.5714934723E-03   3.4266102750E-04
   1  -145   0    0  -7.1575387430E-04   7.9625919499E+00   2.4146695427E-04   2.0471009352E+00   2.3761469316E+00   1.9908943974E-04   2.1290602716E+00   2.3424479105E+00   6.2080181235E-04   2.2382031117E+00   2.3804536562E+00   1.6801070417E-03   2.2558243354E+00   2.3911480937E+00   1.9039340160E-03   2.3650673823E+00   2.4243569770E+00   2.0937748605E-03   2.2173499234E+00   2.3824491089E+00   1.5700550507E-03   3.4273962481E-04
   1  -146   0    0  -8.8328690864E-03   7.9675732145E+00   2.4010247033E-04   2.0483152899E+00   2.3789981543E+00   1.9552013233E-04   2.1307562833E+00   2.3455507983E+00   6.1867880192E-04   2.2393512286E+00   2.3828521024E+00   1.6781011203E-03   2.2564676457E+00   2.3924654974E+00   1.9034689720E-03   2.3654297319E+00   2.4247207498E+00   2.0942447239E-03   2.2180068061E+00   2.3838943417E+00   1.5686344212E-03   3.4281733004E-04
   1  -147   0    0  -1.6993602951E-02   7.9725021121E+00   2.3876377362E-04   2.0495173038E+00   2.3818215687E+00   1.9200503946E-04   2.1324312434E+00   2.3486208247E+00   6.1658774613E-04   2.2404868462E+00   2.3852268052E+00   1.6761229566E-03   2.2571042448E+00   2.3937687820E+00   1.9030097719E-03   2.3657861840E+00   2.4250786779E+00   2.0947075999E-03   2.2186568093E+00   2.3853243885E+00   1.5672316448E-03   3.4289413864E-04
   1  -148   0    0  -2.5197670866E-02   7.9773781756E+00   2.3745052571E-04   2.0507068475E+00   2.3846168041E+00   1.8854391301E-04   2.1340851106E+00   2.3516576924E+00   6.1452850924E-04   2.2416098755E+00   2.3875774699E+00   1.6741725222E-03   2.2577340762E+00   2.3950578322E+00   1.9025564337E-03   2.3661367904E+00   2.4254308101E+00   2.0951635149E-03   2.2192998791E+00   2.3867391147E+00   1.5658467751E-03   3.4297004634E-04
   1  -149   0    0  -3.3444762324E-02   7.9822009582E+00   2.3616238941E-04   2.0518837968E+00   2.3873835040E+00   1.8513649199E-04   2.1357178499E+00   2.3546611180E+00   6.1250094774E-04   2.2427202317E+00   2.3899038132E+00   1.6722497797E-03   2.2583570860E+00   2.3963325381E+00   1.9021089730E-03   2.3664816033E+00   2.4257771955E+00   2.0956124974E-03   2.2199359636E+00   2.3881383914E+00   1.5644798586E-03   3.4304504917E-04
   1  -150   0    0  -4.1734541263E-02   7.9869700345E+00   2.3489902871E-04   2.0530480329E+00   2.3901213265E+00   1.8178250250E-04   2.1373294326E+00   2.3576308327E+00   6.1050491024E-04   2.2438178347E+00   2.3922055638E+00   1.6703546828E-03   2.2589732221E+00   2.3975927957E+00   1.9016674028E-03   2.3668206748E+00   2.4261178835E+00   2.0960545775E-03   2.2205650130E+00   2.3895220961E+00   1.5631309342E-03   3.4311914344E-04
   1  -151   0    0  -5.0066646497E-02   7.9916850017E+00   2.3366010871E-04   2.0541994424E+00   2.3928299451E+00   1.7848165762E-04   2.1389198366E+00   2.3605665825E+00   6.0854023742E-04   2.2449026092E+00   2.3944824631E+00   1.6684871764E-03   2.2595824352E+00   2.3988385067E+00   1.9012317338E-03   2.3671540573E+00   2.4264529237E+00   2.0964897870E-03   2.2211869797E+00   2.3908901126E+00   1.5618000333E-03   3.4319232578E-04
   1  -152   0    0  -5.8440692217E-02   7.9963454802E+00   2.3244529560E-04   2.0553379178E+00   2.3955090493E+00   1.7523365731E-04   2.1404890469E+00   2.3634681289E+00   6.0660676200E-04   2.2459744848E+00   2.3967342652E+00   1.6666471960E-03   2.2601846784E+00   2.4000695792E+00   1.9008019740E-03   2.3674818037E+00   2.4267823662E+00   2.0969181597E-03   2.2218018188E+00   2.3922423314E+00   1.5604871797E-03   3.4326459316E-04
   1  -153   0    0  -6.6856268566E-02   8.0009511150E+00   2.3125425658E-04   2.0564633579E+00   2.3981583448E+00   1.7203818841E-04   2.1420370554E+00   2.3663352496E+00   6.0470430869E-04   2.2470333965E+00   2.3989607376E+00   1.6648346679E-03   2.2607799076E+00   2.4012859276E+00   1.9003781289E-03   2.3678039669E+00   2.4271062612E+00   2.0973397312E-03   2.2224094877E+00   2.3935786499E+00   1.5591923897E-03   3.4333594288E-04
   1  -154   0    0  -7.5312942279E-02   8.0055015760E+00   2.3008665985E-04   2.0575756675E+00   2.4007775543E+00   1.6889492460E-04   2.1435638613E+00   2.3691677389E+00   6.0283269418E-04   2.2480792846E+00   2.4011616617E+00   1.6630495094E-03   2.2613680815E+00   2.4024874732E+00   1.8999602013E-03   2.3681206003E+00   2.4274246594E+00   2.0977545390E-03   2.2230099466E+00   2.3948989730E+00   1.5579156713E-03   3.4340637260E-04
   1  -155   0    0  -8.3810257393E-02   8.0099965591E+00   2.2894217456E-04   2.0586747580E+00   2.4033664180E+00   1.6580352643E-04   2.1450694714E+00   2.3719654079E+00   6.0099172713E-04   2.2491120952E+00   2.4033368328E+00   1.6612916282E-03   2.2619491616E+00   2.4036741437E+00   1.8995481918E-03   2.3684317575E+00   2.4277376120E+00   2.0981626221E-03   2.2236031585E+00   2.3962032126E+00   1.5566570250E-03   3.4347588033E-04
   1  -156   0    0  -9.2347736026E-02   8.0144357871E+00   2.2782047083E-04   2.0597605475E+00   2.4059246934E+00   1.6276364135E-04   2.1465538999E+00   2.3747280854E+00   5.9918120825E-04   2.2501317800E+00   2.4054860611E+00   1.6595609228E-03   2.2625231128E+00   2.4048458743E+00   1.8991420979E-03   2.3687374928E+00   2.4280451706E+00   2.0985640218E-03   2.2241890895E+00   2.3974912887E+00   1.5554164433E-03   3.4354446447E-04
   1  -157   0    0  -1.0092487921E-01   8.0188190098E+00   2.2672121970E-04   2.0608329610E+00   2.4084521567E+00   1.5977490381E-04   2.1480171689E+00   2.3774556176E+00   5.9740093024E-04   2.2511382965E+00   2.4076091711E+00   1.6578572825E-03   2.2630899031E+00   2.4060026070E+00   1.8987419147E-03   2.3690378605E+00   2.4283473872E+00   2.0989587809E-03   2.2247677087E+00   2.3987631290E+00   1.5541939107E-03   3.4361212379E-04
   1  -158   0    0  -1.0954116778E-01   8.0231460052E+00   2.2564409314E-04   2.0618919306E+00   2.4109486020E+00   1.5683693533E-04   2.1494593083E+00   2.3801478692E+00   5.9565067794E-04   2.2521316086E+00   2.4097060029E+00   1.6561805870E-03   2.2636495036E+00   2.4071442915E+00   1.8983476346E-03   2.3693329157E+00   2.4286443142E+00   2.0993469442E-03   2.2253389884E+00   2.4000186692E+00   1.5529894038E-03   3.4367885745E-04
   1  -159   0    0  -1.1819606334E-01   8.0274165796E+00   2.2458876406E-04   2.0629373953E+00   2.4134138425E+00   1.5394934465E-04   2.1508803559E+00   2.3828047230E+00   5.9393022836E-04   2.2531116860E+00   2.4117764117E+00   1.6545307069E-03   2.2642018891E+00   2.4082708846E+00   1.8979592476E-03   2.3696227135E+00   2.4289360049E+00   2.0997285581E-03   2.2259029044E+00   2.4012578531E+00   1.5518028912E-03   3.4374466500E-04
   1  -160   0    0  -1.2688900924E-01   8.0316305683E+00   2.2355490635E-04   2.0639693017E+00   2.4158477103E+00   1.5111172795E-04   2.1522803575E+00   2.3854260805E+00   5.9223935080E-04   2.2540785050E+00   2.4138202682E+00   1.6529075037E-03   2.2647470376E+00   2.4093823509E+00   1.8975767409E-03   2.3699073099E+00   2.4292225125E+00   2.1001036710E-03   2.2264594357E+00   2.4024806332E+00   1.5506343335E-03   3.4380954641E-04
   1  -161   0    0  -1.3561943160E-01   8.0357878359E+00   2.2254219486E-04   2.0649876034E+00   2.4182500565E+00   1.4832366898E-04   2.1536593671E+00   2.3880118622E+00   5.9057780694E-04   2.2550320481E+00   2.4158374588E+00   1.6513108295E-03   2.2652849308E+00   2.4104786627E+00   1.8972000989E-03   2.3701867610E+00   2.4295038913E+00   2.1004723329E-03   2.2270085647E+00   2.4036869701E+00   1.5494836836E-03   3.4387350203E-04
   1  -162   0    0  -1.4438674046E-01   8.0398882764E+00   2.2155030545E-04   2.0659922619E+00   2.4206207518E+00   1.4558473934E-04   2.1550174467E+00   2.3905620071E+00   5.8894535102E-04   2.2559723043E+00   2.4178278860E+00   1.6497405276E-03   2.2658155538E+00   2.4115597998E+00   1.8968293038E-03   2.3704611236E+00   2.4297801958E+00   2.1008345955E-03   2.2275502776E+00   2.4048768329E+00   1.5483508862E-03   3.4393653264E-04
   1  -163   0    0  -1.5319033082E-01   8.0439318139E+00   2.2057891506E-04   2.0669832459E+00   2.4229596861E+00   1.4289449875E-04   2.1563546664E+00   2.3930764737E+00   5.8734172995E-04   2.2568992689E+00   2.4197914680E+00   1.6481964323E-03   2.2663388957E+00   2.4126257500E+00   1.8964643350E-03   2.3707304549E+00   2.4300514811E+00   2.1011905124E-03   2.2280845640E+00   2.4060501996E+00   1.5472358786E-03   3.4399863941E-04
   1  -164   0    0  -1.6202958382E-01   8.0479184020E+00   2.1962770172E-04   2.0679605318E+00   2.4252667688E+00   1.4025249531E-04   2.1576711044E+00   2.3955552394E+00   5.8576668352E-04   2.2578129438E+00   2.4217281391E+00   1.6466783692E-03   2.2668549488E+00   2.4136765087E+00   1.8961051694E-03   2.3709948124E+00   2.4303178028E+00   2.1015401386E-03   2.2286114172E+00   2.4072070566E+00   1.5461385903E-03   3.4405982394E-04
   1  -165   0    0  -1.6772964505E-01   8.0557069889E+00   2.1775972365E-04   2.0688551799E+00   2.4284551608E+00   1.3504196391E-04   2.1591319450E+00   2.3990050773E+00   5.8265987086E-04   2.2590744878E+00   2.4248359482E+00   1.6436796319E-03   2.2685136212E+00   2.4165612731E+00   1.8953946647E-03   2.3726347118E+00   2.4328677791E+00   2.1022299335E-03   2.2301476856E+00   2.4101452176E+00   1.5439678927E-03   3.4425973918E-04
   1  -166   0    0  -1.7059334825E-01   8.0647585627E+00   2.1561082320E-04   2.0695775380E+00   2.4317460893E+00   1.2901099757E-04   2.1604762664E+00   2.4025733105E+00   5.7906299627E-04   2.2603749255E+00   2.4282355743E+00   1.6402006654E-03   2.2706449045E+00   2.4201767703E+00   1.8945686802E-03   2.3748927635E+00   2.4364739220E+00   2.1030287850E-03   2.2320908935E+00   2.4137736808E+00   1.5414443301E-03   3.4451754911E-04
   1  -167   0    0  -1.7342908838E-01   8.0738188713E+00   2.1349259868E-04   2.0703054008E+00   2.4350443777E+00   1.2302698578E-04   2.1618190336E+00   2.4061448073E+00   5.7549319193E-04   2.2616766283E+00   2.4316410029E+00   1.6367401668E-03   2.2727755526E+00   2.4237951086E+00   1.8937452717E-03   2.3771482863E+00   2.4400829896E+00   2.1038218912E-03   2.2340328507E+00   2.4174046675E+00   1.5389285707E-03   3.4477561406E-04
   1  -168   0    0  -1.7623705863E-01   8.0828878112E+00   2.1140460137E-04   2.0710387949E+00   2.4383499004E+00   1.1708974806E-04   2.1631603324E+00   2.4097195068E+00   5.7195036324E-04   2.2629796323E+00   2.4350521296E+00   1.6332981569E-03   2.2749055504E+00   2.4274162227E+00   1.8929244724E-03   2.3794012860E+00   2.4436949175E+00   2.1046092691E-03   2.2359735685E+00   2.4210381185E+00   1.5364207108E-03   3.4503392883E-04
   1  -169   0    0  -1.7901745668E-01   8.0919652785E+00   2.0934638597E-04   2.0717777444E+00   2.4416625325E+00   1.1119909325E-04   2.1645002475E+00   2.4132973484E+00   5.6843440927E-04   2.2642839722E+00   2.4384688510E+00   1.6298746502E-03   2.2770348827E+00   2.4310400481E+00   1.8921063139E-03   2.3816517690E+00   2.4473096420E+00   2.1053909372E-03   2.2379130577E+00   2.4246739755E+00   1.5339208417E-03   3.4529248827E-04
   1  -170   0    0  -1.8177048439E-01   8.1010511693E+00   2.0731751066E-04   2.0725222714E+00   2.4449821502E+00   1.0535481999E-04   2.1658388619E+00   2.4168782720E+00   5.6494522299E-04   2.2655896818E+00   2.4418910647E+00   1.6264696550E-03   2.2791635344E+00   2.4346665213E+00   1.8912908263E-03   2.3838997416E+00   2.4509271000E+00   2.1061669152E-03   2.2398513288E+00   2.4283121805E+00   1.5314290503E-03   3.4555128727E-04
   1  -171   0    0  -1.8449634755E-01   8.1101453795E+00   2.0531753735E-04   2.0732723959E+00   2.4483086311E+00   9.9556717223E-05   2.1671762575E+00   2.4204622176E+00   5.6148269151E-04   2.2668967933E+00   2.4453186691E+00   1.6230831736E-03   2.2812914903E+00   2.4382955792E+00   1.8904780381E-03   2.3861452108E+00   2.4545472295E+00   2.1069372242E-03   2.2417883922E+00   2.4319526767E+00   1.5289454188E-03   3.4581032078E-04
   1  -172   0    0  -1.8719525561E-01   8.1192478053E+00   2.0334603179E-04   2.0740281358E+00   2.4516418536E+00   9.3804564595E-05   2.1685125149E+00   2.4240491259E+00   5.5804669643E-04   2.2682053377E+00   2.4487515638E+00   1.6197152026E-03   2.2834187355E+00   2.4419271600E+00   1.8896679763E-03   2.3883881836E+00   2.4581699689E+00   2.1077018864E-03   2.2437242578E+00   2.4355954076E+00   1.5264700249E-03   3.4606958381E-04
   1  -173   0    0  -1.8986742139E-01   8.1283583430E+00   2.0140256368E-04   2.0747895069E+00   2.4549816975E+00   8.8098132944E-05   2.1698477133E+00   2.4276389380E+00   5.5463711401E-04   2.2695153449E+00   2.4521896495E+00   1.6163657331E-03   2.2855452552E+00   2.4455612025E+00   1.8888606663E-03   2.3906286673E+00   2.4617952574E+00   2.1084609255E-03   2.2456589354E+00   2.4392403179E+00   1.5240029422E-03   3.4632907144E-04
   1  -174   0    0  -1.9251306086E-01   8.1374768891E+00   1.9948670684E-04   2.0755565232E+00   2.4583280439E+00   8.2437184734E-05   2.1711819306E+00   2.4312315953E+00   5.5125381548E-04   2.2708268436E+00   2.4556328277E+00   1.6130347505E-03   2.2876710346E+00   2.4491976464E+00   1.8880561323E-03   2.3928666695E+00   2.4654230352E+00   2.1092143661E-03   2.2475924344E+00   2.4428873528E+00   1.5215442397E-03   3.4658877879E-04
   1  -175   0    0  -1.9513239285E-01   8.1466033406E+00   1.9759803933E-04   2.0763291968E+00   2.4616807750E+00   7.6821474488E-05   2.1725152432E+00   2.4348270400E+00   5.4789666729E-04   2.2721398613E+00   2.4590810015E+00   1.6097222354E-03   2.2897960592E+00   2.4528364325E+00   1.8872543969E-03   2.3951021982E+00   2.4690532433E+00   2.1099622339E-03   2.2495247640E+00   2.4465364583E+00   1.5190939824E-03   3.4684870105E-04
   1  -176   0    0  -1.9772563882E-01   8.1557375946E+00   1.9573614350E-04   2.0771075377E+00   2.4650397746E+00   7.1250749217E-05   2.1738477262E+00   2.4384252148E+00   5.4456553133E-04   2.2734544243E+00   2.4625340748E+00   1.6064281631E-03   2.2919203146E+00   2.4564775023E+00   1.8864554812E-03   2.3973352614E+00   2.4726858235E+00   2.1107045557E-03   2.2514559333E+00   2.4501875814E+00   1.5166522311E-03   3.4710883348E-04
   1  -177   0    0  -2.0029302262E-01   8.1648795489E+00   1.9390060613E-04   2.0778915546E+00   2.4684049277E+00   6.5724748840E-05   2.1751794536E+00   2.4420260630E+00   5.4126026520E-04   2.2747705579E+00   2.4659919528E+00   1.6031525040E-03   2.2940437864E+00   2.4601207983E+00   1.8856594052E-03   2.3995658675E+00   2.4763207184E+00   2.1114413593E-03   2.2533859510E+00   2.4538406698E+00   1.5142190427E-03   3.4736917139E-04
   1  -178   0    0  -2.0283477028E-01   8.1740291020E+00   1.9209101854E-04   2.0786812539E+00   2.4717761208E+00   6.0243206587E-05   2.1765104977E+00   2.4456295285E+00   5.3798072244E-04   2.2760882862E+00   2.4694545420E+00   1.5998952242E-03   2.2961664607E+00   2.4637662639E+00   1.8848661874E-03   2.4017940252E+00   2.4799578715E+00   2.1121726735E-03   2.2553148257E+00   2.4574956722E+00   1.5117944702E-03   3.4762971019E-04
   1  -179   0    0  -2.0535110976E-01   8.1831861527E+00   1.9030697662E-04   2.0794766408E+00   2.4751532417E+00   5.4805849407E-05   2.1778409297E+00   2.4492355558E+00   5.3472675275E-04   2.2774076324E+00   2.4729217502E+00   1.5966562849E-03   2.2982883235E+00   2.4674138436E+00   1.8840758451E-03   2.4040197433E+00   2.4835972273E+00   2.1128985277E-03   2.2572425659E+00   2.4611525378E+00   1.5093785628E-03   3.4789044531E-04
   1  -180   0    0  -2.0784227074E-01   8.1923506007E+00   1.8854808093E-04   2.0802777185E+00   2.4785361797E+00   4.9412398350E-05   2.1791708192E+00   2.4528440903E+00   5.3149820224E-04   2.2787286183E+00   2.4763934863E+00   1.5934356432E-03   2.3004093612E+00   2.4710634828E+00   1.8832883942E-03   2.4062430309E+00   2.4872387311E+00   2.1136189524E-03   2.2591691796E+00   2.4648112172E+00   1.5069713659E-03   3.4815137229E-04
   1  -181   0    0  -2.1030848441E-01   8.2015223462E+00   1.8681393675E-04   2.0810844889E+00   2.4819248258E+00   4.4062568952E-05   2.1805002348E+00   2.4564550777E+00   5.2829491363E-04   2.2800512651E+00   2.4798696606E+00   1.5902332523E-03   2.3025295604E+00   2.4747151276E+00   1.8825038495E-03   2.4084638973E+00   2.4908823291E+00   2.1143339789E-03   2.2610946750E+00   2.4684716613E+00   1.5045729214E-03   3.4841248673E-04
   1  -182   0    0  -2.1274998328E-01   8.2107012905E+00   1.8510415416E-04   2.0818969522E+00   2.4853190721E+00   3.8756071601E-05   2.1818292435E+00   2.4600684648E+00   5.2511672650E-04   2.2813755927E+00   2.4833501845E+00   1.5870490610E-03   2.3046489079E+00   2.4783687254E+00   1.8817222246E-03   2.4106823522E+00   2.4945279686E+00   2.1150436389E-03   2.2630190598E+00   2.4721338223E+00   1.5021832676E-03   3.4867378427E-04
   1  -183   0    0  -2.1516700099E-01   8.2198873354E+00   1.8341834808E-04   2.0827151072E+00   2.4887188126E+00   3.3492611901E-05   2.1831579109E+00   2.4636841990E+00   5.2196347742E-04   2.2827016201E+00   2.4868349710E+00   1.5838830145E-03   2.3067673906E+00   2.4820242244E+00   1.8809435319E-03   2.4128984051E+00   2.4981755974E+00   2.1157479652E-03   2.2649423419E+00   2.4757976530E+00   1.4998024395E-03   3.4893526067E-04
   1  -184   0    0  -2.1755977208E-01   8.2290803838E+00   1.8175613829E-04   2.0835389512E+00   2.4921239427E+00   2.8271891015E-05   2.1844863015E+00   2.4673022282E+00   5.1883500028E-04   2.2840293655E+00   2.4903239343E+00   1.5807350546E-03   2.3088849958E+00   2.4856815737E+00   1.8801677827E-03   2.4151120661E+00   2.5018251647E+00   2.1164469911E-03   2.2668645288E+00   2.4794631073E+00   1.4974304687E-03   3.4919691172E-04
   1  -185   0    0  -2.1992853186E-01   8.2382803393E+00   1.8011714950E-04   2.0843684803E+00   2.4955343591E+00   2.3093606010E-05   2.1858144783E+00   2.4709225015E+00   5.1573112636E-04   2.2853588459E+00   2.4938169898E+00   1.5776051194E-03   2.3110017112E+00   2.4893407237E+00   1.8793949870E-03   2.4173233453E+00   2.5054766203E+00   2.1171407504E-03   2.2687856279E+00   2.4831301399E+00   1.4950673836E-03   3.4945873330E-04
   1  -186   0    0  -2.2227351624E-01   8.2474871066E+00   1.7850101134E-04   2.0852036890E+00   2.4989499604E+00   1.7957450180E-05   2.1871425032E+00   2.4745449683E+00   5.1265168460E-04   2.2866900776E+00   2.4973140544E+00   1.5744931437E-03   2.3131175243E+00   2.4930016253E+00   1.8786251542E-03   2.4195322532E+00   2.5091299151E+00   2.1178292775E-03   2.2707056466E+00   2.4867987062E+00   1.4927132096E-03   3.4972072135E-04
   1  -187   0    0  -2.2459496149E-01   8.2567005913E+00   1.7690735842E-04   2.0860445709E+00   2.5023706465E+00   1.2863113366E-05   2.1884704364E+00   2.4781695791E+00   5.0959650178E-04   2.2880230760E+00   2.5008150463E+00   1.5713990593E-03   2.3152324234E+00   2.4966642307E+00   1.8778582921E-03   2.4217388001E+00   2.5127850007E+00   2.1185126074E-03   2.2726245920E+00   2.4904687627E+00   1.4903679688E-03   3.4998287191E-04
   1  -188   0    0  -2.2689310419E-01   8.2659206999E+00   1.7533583032E-04   2.0868911179E+00   2.5057963191E+00   7.8102822634E-06   2.1897983372E+00   2.4817962850E+00   5.0656540266E-04   2.2893578555E+00   2.5043198849E+00   1.5683227948E-03   2.3173463966E+00   2.5003284929E+00   1.8770944080E-03   2.4239429969E+00   2.5164418299E+00   2.1191907756E-03   2.2745424713E+00   2.4941402667E+00   1.4880316807E-03   3.5024518106E-04
   1  -189   0    0  -2.2916818099E-01   8.2751473402E+00   1.7378607162E-04   2.0877433211E+00   2.5092268811E+00   2.7986407191E-06   2.1911262633E+00   2.4854250380E+00   5.0355821021E-04   2.2906944299E+00   2.5078284911E+00   1.5652642761E-03   2.3194594327E+00   2.5039943659E+00   1.8763335079E-03   2.4261448544E+00   2.5201003562E+00   2.1198638180E-03   2.2764592914E+00   2.4978131764E+00   1.4857043617E-03   3.5050764495E-04
   1  -190   0    0  -2.3029714341E-01   8.2797630802E+00   1.7301924625E-04   2.0881715406E+00   2.5109439656E+00   3.0807627677E-07   2.1917902535E+00   2.4872401670E+00   5.0206352348E-04   2.2913633940E+00   2.5095841824E+00   1.5637416479E-03   2.3205155956E+00   2.5058278920E+00   1.8759541786E-03   2.4272449091E+00   2.5219302412E+00   2.1201984282E-03   2.2774173062E+00   2.4996501452E+00   1.4845440703E-03   3.5063893373E-04
   1  -191   0    0  -2.3040269207E-01   8.2801958879E+00   1.7294762935E-04   2.0882117585E+00   2.5111050032E+00   7.4946135379E-08   2.1918525039E+00   2.4874103608E+00   5.0192369994E-04   2.2914261326E+00   2.5097488253E+00   1.5635991276E-03   2.3206145987E+00   2.5059998049E+00   1.8759186548E-03   2.4273480094E+00   2.5221018139E+00   2.1202297329E-03   2.2775071066E+00   2.4998223783E+00   1.4844354081E-03   3.5065124397E-04
   1  -192   0    0  -2.3048182081E-01   8.2805205028E+00   1.7289394731E-04   2.0882419300E+00   2.5112257883E+00  -3.7756106449E-07   2.1918991918E+00   2.4875380089E+00   5.0181886640E-04   2.2914731892E+00   2.5098723128E+00   1.5634922629E-03   2.3206888496E+00   2.5061287418E+00   1.8758920163E-03   2.4274253313E+00   2.5222304957E+00   2.1202532040E-03   2.2775744554E+00   2.4999515550E+00   1.4843539245E-03   3.5066047686E-04
   1   193  -9    8  -2.3048182081E-01   8.2805205028E+00   1.7289394731E-04   2.0882419300E+00   2.5112257883E+00  -3.7756106449E-07   2.1918991918E+00   2.4875380089E+00   5.0181886640E-04   2.2914731892E+00   2.5098723128E+00   1.5634922629E-03   2.3206888496E+00   2.5061287418E+00   1.8758920163E-03   2.4274253313E+00   2.5222304957E+00   2.1202532040E-03   2.2775744554E+00   2.4999515550E+00   1.4843539245E-03   3.5066047686E-04
