    
   1    -1   0    0   9.9999999776E-01   7.9451804367E+00   2.5923899137E-04   2.0626274869E+00   2.3730424474E+00   2.4458784946E-04   2.1444792050E+00   2.3371137674E+00   6.4837077819E-04   2.2424847713E+00   2.3751552274E+00   1.7070435993E-03   2.2405718115E+00   2.3809650659E+00   1.9100441304E-03   2.3516704777E+00   2.4113461989E+00   2.0866079960E-03   2.2014380951E+00   2.3724865511E+00   1.5880222268E-03   3.4197797169E-04
   1    -2   0    0   9.8000133219E-01   7.9452758637E+00   2.5913232297E-04   2.0625364188E+00   2.3730556930E+00   2.4432062891E-04   2.1443891419E+00   2.3371403021E+00   6.4820820900E-04   2.2424601348E+00   2.3751819138E+00   1.7068843303E-03   2.2406576656E+00   2.3810221804E+00   1.9100087062E-03   2.3517474794E+00   2.4114209701E+00   2.0866513681E-03   2.2015359692E+00   2.3725423414E+00   1.5879184589E-03   3.4198225700E-04
   1    -3   0    0   9.7000204598E-01   7.9453252305E+00   2.5907717509E-04   2.0624893251E+00   2.3730625597E+00   2.4418244748E-04   2.1443425629E+00   2.3371540395E+00   6.4812414367E-04   2.2424473869E+00   2.3751957294E+00   1.7068019678E-03   2.2407020786E+00   2.3810517254E+00   1.9099903841E-03   2.3517873082E+00   2.4114596453E+00   2.0866737968E-03   2.2015865481E+00   2.3725712015E+00   1.5878647907E-03   3.4198447382E-04
   1    -4   0    0   9.6000279272E-01   7.9453757329E+00   2.5902078293E-04   2.0624411609E+00   2.3730695943E+00   2.4404112885E-04   2.1442949215E+00   2.3371681001E+00   6.4803816990E-04   2.2424343439E+00   2.3752098700E+00   1.7067177329E-03   2.2407475121E+00   2.3810819488E+00   1.9099716434E-03   2.3518280489E+00   2.4114992059E+00   2.0866967352E-03   2.2016382527E+00   2.3726007243E+00   1.5878098974E-03   3.4198674156E-04
   1    -5   0    0   9.5000357391E-01   7.9454273966E+00   2.5896311947E-04   2.0623919025E+00   2.3730768013E+00   2.4389660398E-04   2.1442461942E+00   2.3371824916E+00   6.4795024571E-04   2.2424209989E+00   2.3752243432E+00   1.7066315843E-03   2.2407939892E+00   2.3811128658E+00   1.9099524745E-03   2.3518697219E+00   2.4115396718E+00   2.0867201947E-03   2.2016911069E+00   2.3726309247E+00   1.5877537519E-03   3.4198906138E-04
   1    -6   0    0   9.4000439111E-01   7.9454802478E+00   2.5890415715E-04   2.0623415258E+00   2.3730841850E+00   2.4374880241E-04   2.1441963568E+00   2.3371972218E+00   6.4786032825E-04   2.2424073452E+00   2.3752391568E+00   1.7065434799E-03   2.2408415333E+00   2.3811444921E+00   1.9099328680E-03   2.3519123480E+00   2.4115810631E+00   2.0867441867E-03   2.2017451349E+00   2.3726618179E+00   1.5876963263E-03   3.4199143445E-04
   1    -7   0    0   9.3000524595E-01   7.9455343134E+00   2.5884386786E-04   2.0622900061E+00   2.3730917499E+00   2.4359765225E-04   2.1441453847E+00   2.3372122988E+00   6.4776837379E-04   2.2423933756E+00   2.3752543190E+00   1.7064533765E-03   2.2408901687E+00   2.3811768436E+00   1.9099128141E-03   2.3519559485E+00   2.4116234008E+00   2.0867687228E-03   2.2018003616E+00   2.3726934196E+00   1.5876375921E-03   3.4199386198E-04
   1    -8   0    0   9.2000614016E-01   7.9455896208E+00   2.5878222297E-04   2.0622373183E+00   2.3730995005E+00   2.4344308017E-04   2.1440932526E+00   2.3372277306E+00   6.4767433773E-04   2.2423790830E+00   2.3752698379E+00   1.7063612302E-03   2.2409399197E+00   2.3812099366E+00   1.9098923028E-03   2.3520005451E+00   2.4116667057E+00   2.0867938151E-03   2.2018568122E+00   2.3727257456E+00   1.5875775205E-03   3.4199634518E-04
   1    -9   0    0   9.1000707550E-01   7.9456461980E+00   2.5871919327E-04   2.0621834367E+00   2.3731074417E+00   2.4328501137E-04   2.1440399349E+00   2.3372435258E+00   6.4757817457E-04   2.2423644600E+00   2.3752857219E+00   1.7062669964E-03   2.2409908114E+00   2.3812437877E+00   1.9098713241E-03   2.3520461602E+00   2.4117109995E+00   2.0868194757E-03   2.2019145123E+00   2.3727588122E+00   1.5875160817E-03   3.4199888530E-04
   1   -10   0    0   9.0000805385E-01   7.9457040737E+00   2.5865474899E-04   2.0621283352E+00   2.3731155782E+00   2.4312336953E-04   2.1439854054E+00   2.3372596929E+00   6.4747983789E-04   2.2423494990E+00   2.3753019797E+00   1.7061706292E-03   2.2410428696E+00   2.3812784140E+00   1.9098498675E-03   2.3520928163E+00   2.4117563042E+00   2.0868457171E-03   2.2019734881E+00   2.3727926360E+00   1.5874532457E-03   3.4200148363E-04
   1   -11   0    0   8.9000907714E-01   7.9457632770E+00   2.5858885978E-04   2.0620719870E+00   2.3731239152E+00   2.4295807682E-04   2.1439296373E+00   2.3372762407E+00   6.4737928038E-04   2.2423341925E+00   2.3753186202E+00   1.7060720820E-03   2.2410961204E+00   2.3813138327E+00   1.9098279225E-03   2.3521405366E+00   2.4118026422E+00   2.0868725519E-03   2.2020337663E+00   2.3728272339E+00   1.5873889814E-03   3.4200414146E-04
   1   -12   0    0   8.8001014741E-01   7.9458238378E+00   2.5852149473E-04   2.0620143649E+00   2.3731324576E+00   2.4278905387E-04   2.1438726034E+00   2.3372931781E+00   6.4727645374E-04   2.2423185326E+00   2.3753356522E+00   1.7059713074E-03   2.2411505904E+00   2.3813500615E+00   1.9098054783E-03   2.3521893447E+00   2.4118500366E+00   2.0868999930E-03   2.2020953741E+00   2.3728626233E+00   1.5873232575E-03   3.4200686013E-04
   1   -13   0    0   8.7001126678E-01   7.9458857867E+00   2.5845262234E-04   2.0619554410E+00   2.3731412109E+00   2.4261621976E-04   2.1438142758E+00   2.3373105145E+00   6.4717130877E-04   2.2423025113E+00   2.3753530852E+00   1.7058682567E-03   2.2412063071E+00   2.3813871187E+00   1.9097825238E-03   2.3522392646E+00   2.4118985107E+00   2.0869280538E-03   2.2021583391E+00   2.3728988218E+00   1.5872560418E-03   3.4200964101E-04
   1   -14   0    0   8.6001243747E-01   7.9459491547E+00   2.5838221049E-04   2.0618951870E+00   2.3731501803E+00   2.4243949194E-04   2.1437546260E+00   2.3373282591E+00   6.4706379526E-04   2.2422861203E+00   2.3753709285E+00   1.7057628806E-03   2.2412632981E+00   2.3814250225E+00   1.9097590479E-03   2.3522903211E+00   2.4119480883E+00   2.0869567476E-03   2.2022226894E+00   2.3729358474E+00   1.5871873017E-03   3.4201248547E-04
   1   -15   0    0   8.5001366178E-01   7.9460139737E+00   2.5831022650E-04   2.0618335741E+00   2.3731593715E+00   2.4225878630E-04   2.1436936250E+00   2.3373464218E+00   6.4695386206E-04   2.2422693514E+00   2.3753891919E+00   1.7056551286E-03   2.2413215921E+00   2.3814637919E+00   1.9097350390E-03   2.3523425393E+00   2.4119987940E+00   2.0869860881E-03   2.2022884537E+00   2.3729737186E+00   1.5871170036E-03   3.4201539493E-04
   1   -16   0    0   8.4001494212E-01   7.9460802761E+00   2.5823663705E-04   2.0617705726E+00   2.3731687901E+00   2.4207401708E-04   2.1436312432E+00   2.3373650123E+00   6.4684145699E-04   2.2422521959E+00   2.3754078852E+00   1.7055449493E-03   2.2413812180E+00   2.3815034461E+00   1.9097104854E-03   2.3523959446E+00   2.4120506525E+00   2.0870160893E-03   2.2023556611E+00   2.3730124542E+00   1.5870451135E-03   3.4201837085E-04
   1   -17   0    0   8.3001628102E-01   7.9461480951E+00   2.5816140823E-04   2.0617061524E+00   2.3731784420E+00   2.4188509685E-04   2.1435674506E+00   2.3373840407E+00   6.4672652691E-04   2.2422346453E+00   2.3754270185E+00   1.7054322902E-03   2.2414422054E+00   2.3815440048E+00   1.9096853752E-03   2.3524505634E+00   2.4121036893E+00   2.0870467656E-03   2.2024243413E+00   2.3730520733E+00   1.5869715966E-03   3.4202141469E-04
   1   -18   0    0   8.2001768109E-01   7.9462174647E+00   2.5808450548E-04   2.0616402831E+00   2.3731883332E+00   2.4169193652E-04   2.1435022161E+00   2.3374035175E+00   6.4660901764E-04   2.2422166906E+00   2.3754466024E+00   1.7053170981E-03   2.2415045847E+00   2.3815854879E+00   1.9096596963E-03   2.3525064222E+00   2.4121579302E+00   2.0870781314E-03   2.2024945244E+00   2.3730925955E+00   1.5868964175E-03   3.4202452798E-04
   1   -19   0    0   8.1001914508E-01   7.9462884193E+00   2.5800589365E-04   2.0615729331E+00   2.3731984699E+00   2.4149444533E-04   2.1434355085E+00   2.3374234531E+00   6.4648887395E-04   2.2421983227E+00   2.3754666473E+00   1.7051993183E-03   2.2415683867E+00   2.3816279160E+00   1.9096334362E-03   2.3525635483E+00   2.4122134017E+00   2.0871102014E-03   2.2025662412E+00   2.3731340408E+00   1.5868195400E-03   3.4202771223E-04
   1   -20   0    0   8.0002067585E-01   7.9463609943E+00   2.5792553694E-04   2.0615040708E+00   2.3732088584E+00   2.4129253076E-04   2.1433672957E+00   2.3374438584E+00   6.4636603960E-04   2.2421795323E+00   2.3754871642E+00   1.7050788954E-03   2.2416336430E+00   2.3816713099E+00   1.9096065822E-03   2.3526219695E+00   2.4122701307E+00   2.0871429910E-03   2.2026395230E+00   2.3731764296E+00   1.5867409272E-03   3.4203096904E-04
   1   -21   0    0   7.9002227638E-01   7.9464352257E+00   2.5784339890E-04   2.0614336635E+00   2.3732195053E+00   2.4108609860E-04   2.1432975450E+00   2.3374647445E+00   6.4624045729E-04   2.2421603100E+00   2.3755081642E+00   1.7049557730E-03   2.2417003857E+00   2.3817156909E+00   1.9095791215E-03   2.3526817139E+00   2.4123281448E+00   2.0871765153E-03   2.2027144014E+00   2.3732197828E+00   1.5866605416E-03   3.4203429999E-04
   1   -22   0    0   7.8002394979E-01   7.9465111502E+00   2.5775944245E-04   2.0613616782E+00   2.3732304172E+00   2.4087505284E-04   2.1432262231E+00   2.3374861227E+00   6.4611206864E-04   2.2421406461E+00   2.3755296586E+00   1.7048298932E-03   2.2417686477E+00   2.3817610807E+00   1.9095510408E-03   2.3527428106E+00   2.4123874719E+00   2.0872107901E-03   2.2027909089E+00   2.3732641214E+00   1.5865783448E-03   3.4203770673E-04
   1   -23   0    0   7.7002569931E-01   7.9465888055E+00   2.5767362986E-04   2.0612880811E+00   2.3732416010E+00   2.4065929574E-04   2.1431532961E+00   2.3375080046E+00   6.4598081420E-04   2.2421205308E+00   2.3755516591E+00   1.7047011975E-03   2.2418384625E+00   2.3818075015E+00   1.9095223267E-03   2.3528052889E+00   2.4124481406E+00   2.0872458313E-03   2.2028690783E+00   2.3733094673E+00   1.5864942978E-03   3.4204119092E-04
   1   -24   0    0   7.6002752834E-01   7.9466682299E+00   2.5758592275E-04   2.0612128378E+00   2.3732530637E+00   2.4043872775E-04   2.1430787293E+00   2.3375304021E+00   6.4584663343E-04   2.2420999540E+00   2.3755741775E+00   1.7045696262E-03   2.2419098642E+00   2.3818549759E+00   1.9094929656E-03   2.3528691789E+00   2.4125101801E+00   2.0872816552E-03   2.2029489429E+00   2.3733558424E+00   1.5864083607E-03   3.4204475426E-04
   1   -25   0    0   7.5002944041E-01   7.9467494623E+00   2.5749628207E-04   2.0611359133E+00   2.3732648127E+00   2.4021324750E-04   2.1430024875E+00   2.3375533273E+00   6.4570946470E-04   2.2420789054E+00   2.3755972262E+00   1.7044351182E-03   2.2419828877E+00   2.3819035270E+00   1.9094629435E-03   2.3529345112E+00   2.4125736202E+00   2.0873182783E-03   2.2030305368E+00   2.3734032693E+00   1.5863204931E-03   3.4204839848E-04
   1   -26   0    0   7.4003143919E-01   7.9468325429E+00   2.5740466813E-04   2.0610572719E+00   2.3732768553E+00   2.3998275181E-04   2.1429245347E+00   2.3375767927E+00   6.4556924525E-04   2.2420573746E+00   2.3756208175E+00   1.7042976117E-03   2.2420575686E+00   2.3819531782E+00   1.9094322462E-03   2.3530013170E+00   2.4126384910E+00   2.0873557176E-03   2.2031138944E+00   2.3734517710E+00   1.5862306535E-03   3.4205212537E-04
   1   -27   0    0   7.3003352853E-01   7.9469175121E+00   2.5731104054E-04   2.0609768772E+00   2.3732891991E+00   2.3974713566E-04   2.1428448341E+00   2.3376008110E+00   6.4542591123E-04   2.2420353508E+00   2.3756449642E+00   1.7041570435E-03   2.2421339431E+00   2.3820039536E+00   1.9094008592E-03   2.3530696280E+00   2.4127048235E+00   2.0873939901E-03   2.2031990508E+00   2.3735013709E+00   1.5861387999E-03   3.4205593672E-04
   1   -28   0    0   7.2003571241E-01   7.9470044117E+00   2.5721535828E-04   2.0608946922E+00   2.3733018521E+00   2.3950629217E-04   2.1427633486E+00   2.3376253951E+00   6.4527939764E-04   2.2420128233E+00   2.3756696793E+00   1.7040133495E-03   2.2422120483E+00   2.3820558776E+00   1.9093687677E-03   2.3531394766E+00   2.4127726492E+00   2.0874331133E-03   2.2032860417E+00   2.3735520929E+00   1.5860448894E-03   3.4205983437E-04
   1   -29   0    0   7.1003799503E-01   7.9470932838E+00   2.5711757963E-04   2.0608106792E+00   2.3733148223E+00   2.3926011259E-04   2.1426800400E+00   2.3376505583E+00   6.4512963834E-04   2.2419897808E+00   2.3756949762E+00   1.7038664642E-03   2.2422919218E+00   2.3821089750E+00   1.9093359568E-03   2.3532108960E+00   2.4128420000E+00   2.0874731050E-03   2.2033749033E+00   2.3736039613E+00   1.5859488782E-03   3.4206382021E-04
   1   -30   0    0   7.0004038071E-01   7.9471841718E+00   2.5701766222E-04   2.0607247998E+00   2.3733281179E+00   2.3900848627E-04   2.1425948696E+00   2.3376763144E+00   6.4497656606E-04   2.2419662121E+00   2.3757208685E+00   1.7037163211E-03   2.2423736021E+00   2.3821632714E+00   1.9093024111E-03   2.3532839197E+00   2.4129129087E+00   2.0875139832E-03   2.2034656722E+00   2.3736570009E+00   1.5858507220E-03   3.4206789613E-04
   1   -31   0    0   6.9004287398E-01   7.9472771198E+00   2.5691556298E-04   2.0606370149E+00   2.3733417475E+00   2.3875130069E-04   2.1425077978E+00   2.3377026770E+00   6.4482011238E-04   2.2419421055E+00   2.3757473702E+00   1.7035628525E-03   2.2424571285E+00   2.3822187926E+00   1.9092681150E-03   2.3533585819E+00   2.4129854086E+00   2.0875557665E-03   2.2035583858E+00   2.3737112371E+00   1.5857503755E-03   3.4207206410E-04
   1   -32   0    0   6.8004547958E-01   7.9473721725E+00   2.5681123819E-04   2.0605472848E+00   2.3733557199E+00   2.3848844142E-04   2.1424187846E+00   2.3377296606E+00   6.4466020771E-04   2.2419174494E+00   2.3757744954E+00   1.7034059896E-03   2.2425425408E+00   2.3822755650E+00   1.9092330526E-03   2.3534349177E+00   2.4130595335E+00   2.0875984734E-03   2.2036530821E+00   2.3737666957E+00   1.5856477924E-03   3.4207632610E-04
   1   -33   0    0   6.7004820240E-01   7.9474693759E+00   2.5670464345E-04   2.0604555689E+00   2.3733700438E+00   2.3821979209E-04   2.1423277889E+00   2.3377572796E+00   6.4449678130E-04   2.2418922317E+00   2.3758022589E+00   1.7032456624E-03   2.2426298798E+00   2.3823336154E+00   1.9091972078E-03   2.3535129624E+00   2.4131353179E+00   2.0876421230E-03   2.2037497995E+00   2.3738234028E+00   1.5855429261E-03   3.4208068415E-04
   1   -34   0    0   6.6005104758E-01   7.9475687767E+00   2.5659573365E-04   2.0603618261E+00   2.3733847287E+00   2.3794523444E-04   2.1422347691E+00   2.3377855490E+00   6.4432976123E-04   2.2418664402E+00   2.3758306755E+00   1.7030817997E-03   2.2427191870E+00   2.3823929712E+00   1.9091605641E-03   2.3535927524E+00   2.4132127970E+00   2.0876867348E-03   2.2038485770E+00   2.3738813853E+00   1.5854357286E-03   3.4208514031E-04
   1   -35   0    0   6.5005402043E-01   7.9476704225E+00   2.5648446306E-04   2.0602660144E+00   2.3733997839E+00   2.3766464827E-04   2.1421396828E+00   2.3378144838E+00   6.4415907441E-04   2.2418400624E+00   2.3758597605E+00   1.7029143291E-03   2.2428105047E+00   2.3824536604E+00   1.9091231049E-03   2.3536743244E+00   2.4132920066E+00   2.0877323282E-03   2.2039494543E+00   2.3739406703E+00   1.5853261514E-03   3.4208969669E-04
   1   -36   0    0   6.4005712651E-01   7.9477743619E+00   2.5637078524E-04   2.0601680913E+00   2.3734152191E+00   2.3737791142E-04   2.1420424868E+00   2.3378440997E+00   6.4398464659E-04   2.2418130857E+00   2.3758895294E+00   1.7027431770E-03   2.2429038759E+00   2.3825157113E+00   1.9090848130E-03   2.3537577160E+00   2.4133729830E+00   2.0877789234E-03   2.2040524714E+00   2.3740012857E+00   1.5852141451E-03   3.4209435544E-04
   1   -37   0    0   6.3006037161E-01   7.9478806442E+00   2.5625465310E-04   2.0600680134E+00   2.3734310443E+00   2.3708489983E-04   2.1419431372E+00   2.3378744126E+00   6.4380640231E-04   2.2417854970E+00   2.3759199982E+00   1.7025682687E-03   2.2429993446E+00   2.3825791529E+00   1.9090456711E-03   2.3538429653E+00   2.4134557634E+00   2.0878265406E-03   2.2041576693E+00   2.3740632597E+00   1.5850996594E-03   3.4209911871E-04
   1   -38   0    0   6.2006376173E-01   7.9479893198E+00   2.5613601887E-04   2.0599657365E+00   2.3734472698E+00   2.3678548749E-04   2.1418415893E+00   2.3379054386E+00   6.4362426495E-04   2.2417572833E+00   2.3759511832E+00   1.7023895283E-03   2.2430969554E+00   2.3826440146E+00   1.9090056617E-03   2.3539301112E+00   2.4135403853E+00   2.0878752006E-03   2.2042650891E+00   2.3741266211E+00   1.5849826433E-03   3.4210398875E-04
   1   -39   0    0   6.1006730315E-01   7.9481004402E+00   2.5601483413E-04   2.0598612159E+00   2.3734639060E+00   2.3647954643E-04   2.1417377976E+00   2.3379371945E+00   6.4343815673E-04   2.2417284311E+00   2.3759831011E+00   1.7022068787E-03   2.2431967537E+00   2.3827103263E+00   1.9089647667E-03   2.3540191930E+00   2.4136268873E+00   2.0879249241E-03   2.2043747728E+00   2.3741913992E+00   1.5848630447E-03   3.4210896779E-04
   1   -40   0    0   6.0007100236E-01   7.9482140577E+00   2.5589104979E-04   2.0597544060E+00   2.3734809637E+00   2.3616694678E-04   2.1416317160E+00   2.3379696972E+00   6.4324799868E-04   2.2416989268E+00   2.3760157687E+00   1.7020202414E-03   2.2432987860E+00   2.3827781186E+00   1.9089229680E-03   2.3541102511E+00   2.4137153083E+00   2.0879757327E-03   2.2044867629E+00   2.3742576237E+00   1.5847408110E-03   3.4211405816E-04
   1   -41   0    0   5.9007486616E-01   7.9483302254E+00   2.5576461614E-04   2.0596452606E+00   2.3734984541E+00   2.3584755672E-04   2.1415232973E+00   2.3380029640E+00   6.4305371064E-04   2.2416687564E+00   2.3760492036E+00   1.7018295370E-03   2.2434030994E+00   2.3828474225E+00   1.9088802470E-03   2.3542033263E+00   2.4138056879E+00   2.0880276477E-03   2.2046011023E+00   2.3743253250E+00   1.5846158883E-03   3.4211926217E-04
   1   -42   0    0   5.8007890159E-01   7.9484489977E+00   2.5563548279E-04   2.0595337325E+00   2.3735163885E+00   2.3552124252E-04   2.1414124939E+00   2.3380370127E+00   6.4285521131E-04   2.2416379059E+00   2.3760834234E+00   1.7016346847E-03   2.2435097418E+00   2.3829182696E+00   1.9088365849E-03   2.3542984600E+00   2.4138980665E+00   2.0880806912E-03   2.2047178346E+00   2.3743945340E+00   1.5844882223E-03   3.4212458222E-04
   1   -43   0    0   5.7008311598E-01   7.9485704298E+00   2.5550359875E-04   2.0594197741E+00   2.3735347785E+00   2.3518786851E-04   2.1412992571E+00   2.3380718613E+00   6.4265241822E-04   2.2416063608E+00   2.3761184464E+00   1.7014356028E-03   2.2436187620E+00   2.3829906920E+00   1.9087919627E-03   2.3543956946E+00   2.4139924852E+00   2.0881348854E-03   2.2048370041E+00   2.3744652820E+00   1.5843577576E-03   3.4213002073E-04
   1   -44   0    0   5.6008751697E-01   7.9486945779E+00   2.5536891239E-04   2.0593033368E+00   2.3735536362E+00   2.3484729716E-04   2.1411835377E+00   2.3381075283E+00   6.4244524774E-04   2.2415741065E+00   2.3761542910E+00   1.7012322080E-03   2.2437302098E+00   2.3830647223E+00   1.9087463608E-03   2.3544950729E+00   2.4140889854E+00   2.0881902529E-03   2.2049586552E+00   2.3745376009E+00   1.5842244378E-03   3.4213558015E-04
   1   -45   0    0   5.5009211246E-01   7.9488214993E+00   2.5523137148E-04   2.0591843713E+00   2.3735729739E+00   2.3449938903E-04   2.1410652855E+00   2.3381440327E+00   6.4223361511E-04   2.2415411282E+00   2.3761909761E+00   1.7010244162E-03   2.2438441356E+00   2.3831403938E+00   1.9086997596E-03   2.3545966385E+00   2.4141876097E+00   2.0882468165E-03   2.2050828334E+00   2.3746115233E+00   1.5840882060E-03   3.4214126300E-04
   1   -46   0    0   5.4009691071E-01   7.9489512521E+00   2.5509092316E-04   2.0590628276E+00   2.3735928041E+00   2.3414400283E-04   2.1409444496E+00   2.3381813937E+00   6.4201743442E-04   2.2415074107E+00   2.3762285212E+00   1.7008121420E-03   2.2439605907E+00   2.3832177401E+00   1.9086521389E-03   2.3547004356E+00   2.4142884009E+00   2.0883045995E-03   2.2052095843E+00   2.3746870820E+00   1.5839490043E-03   3.4214707181E-04
   1   -47   0    0   5.3010192027E-01   7.9490838956E+00   2.5494751403E-04   2.0589386550E+00   2.3736131399E+00   2.3378099541E-04   2.1408209783E+00   2.3382196310E+00   6.4179661866E-04   2.2414729387E+00   2.3762669459E+00   1.7005952989E-03   2.2440796275E+00   2.3832967957E+00   1.9086034786E-03   2.3548065093E+00   2.4143914027E+00   2.0883636253E-03   2.2053389542E+00   2.3747643105E+00   1.5838067737E-03   3.4215300918E-04
   1   -48   0    0   5.2010715002E-01   7.9492194901E+00   2.5480109008E-04   2.0588118020E+00   2.3736339945E+00   2.3341022180E-04   2.1406948192E+00   2.3382587648E+00   6.4157107970E-04   2.2414376964E+00   2.3763062703E+00   1.7003737990E-03   2.2442012990E+00   2.3833775953E+00   1.9085537580E-03   2.3549149051E+00   2.4144966595E+00   2.0884239178E-03   2.2054709899E+00   2.3748432430E+00   1.5836614549E-03   3.4215907774E-04
   1   -49   0    0   5.1011260922E-01   7.9493580969E+00   2.5465159678E-04   2.0586822164E+00   2.3736553815E+00   2.3303153527E-04   2.1405659190E+00   2.3382988155E+00   6.4134072833E-04   2.2414016681E+00   2.3763465151E+00   1.7001475537E-03   2.2443256591E+00   2.3834601742E+00   1.9085029561E-03   2.3550256695E+00   2.4146042161E+00   2.0884855011E-03   2.2056057389E+00   2.3749239140E+00   1.5835129872E-03   3.4216528015E-04
   1   -50   0    0   5.0011830744E-01   7.9494997783E+00   2.5449897902E-04   2.0585498451E+00   2.3736773150E+00   2.3264478729E-04   2.1404342236E+00   2.3383398041E+00   6.4110547426E-04   2.2413648376E+00   2.3763877012E+00   1.6999164730E-03   2.2444527625E+00   2.3835445686E+00   1.9084510517E-03   2.3551388493E+00   2.4147141184E+00   2.0885483996E-03   2.2057432488E+00   2.3750063586E+00   1.5833613094E-03   3.4217161912E-04
   1   -51   0    0   4.9012425465E-01   7.9496445977E+00   2.5434318123E-04   2.0584146346E+00   2.3736998094E+00   2.3224982763E-04   2.1402996784E+00   2.3383817521E+00   6.4086522618E-04   2.2413271886E+00   2.3764298500E+00   1.6996804658E-03   2.2445826650E+00   2.3836308147E+00   1.9083980233E-03   2.3552544922E+00   2.4148264124E+00   2.0886126380E-03   2.2058835681E+00   2.3750906125E+00   1.5832063594E-03   3.4217809742E-04
   1   -52   0    0   4.8013046117E-01   7.9497926193E+00   2.5418414729E-04   2.0582765303E+00   2.3737228792E+00   2.3184650437E-04   2.1401622277E+00   2.3384246811E+00   6.4061989172E-04   2.2412887044E+00   2.3764729834E+00   1.6994394402E-03   2.2447154231E+00   2.3837189497E+00   1.9083438492E-03   2.3553726467E+00   2.4149411453E+00   2.0886782413E-03   2.2060267455E+00   2.3751767118E+00   1.5830480743E-03   3.4218471783E-04
   1   -53   0    0   4.7013693773E-01   7.9499439088E+00   2.5402182065E-04   2.0581354772E+00   2.3737465397E+00   2.3143466394E-04   2.1400218152E+00   2.3384686136E+00   6.4036937755E-04   2.2412493681E+00   2.3765171237E+00   1.6991933030E-03   2.2448510940E+00   2.3838090111E+00   1.9082885072E-03   2.3554933616E+00   2.4150583645E+00   2.0887452347E-03   2.2061728303E+00   2.3752646933E+00   1.5828863904E-03   3.4219148319E-04
   1   -54   0    0   4.6014369544E-01   7.9500985324E+00   2.5385614430E-04   2.0579914194E+00   2.3737708063E+00   2.3101415119E-04   2.1398783840E+00   2.3385135721E+00   6.4011358935E-04   2.2412091627E+00   2.3765622935E+00   1.6989419601E-03   2.2449897360E+00   2.3839010370E+00   1.9082319749E-03   2.3556166867E+00   2.4151781183E+00   2.0888136439E-03   2.2063218723E+00   2.3753545942E+00   1.5827212431E-03   3.4219839639E-04
   1   -55   0    0   4.5015074584E-01   7.9502565577E+00   2.5368706080E-04   2.0578443003E+00   2.3737956949E+00   2.3058480941E-04   2.1397318761E+00   2.3385595799E+00   6.3985243188E-04   2.2411680708E+00   2.3766085162E+00   1.6986853163E-03   2.2451314082E+00   2.3839950661E+00   1.9081742298E-03   2.3557426722E+00   2.4153004556E+00   2.0888834946E-03   2.2064739216E+00   2.3754464522E+00   1.5825525673E-03   3.4220546033E-04
   1   -56   0    0   4.4015810089E-01   7.9504180532E+00   2.5351451233E-04   2.0576940628E+00   2.3738212218E+00   2.3014648041E-04   2.1395822332E+00   2.3386066605E+00   6.3958580898E-04   2.2411260747E+00   2.3766558152E+00   1.6984232756E-03   2.2452761704E+00   2.3840911374E+00   1.9081152490E-03   2.3558713692E+00   2.4154254258E+00   2.0889548129E-03   2.2066290287E+00   2.3755403056E+00   1.5823802969E-03   3.4221267797E-04
   1   -57   0    0   4.3016577296E-01   7.9505830884E+00   2.5333844072E-04   2.0575406488E+00   2.3738474037E+00   2.2969900460E-04   2.1394293959E+00   2.3386548381E+00   6.3931362365E-04   2.2410831568E+00   2.3767042147E+00   1.6981557410E-03   2.2454240833E+00   2.3841892907E+00   1.9080550091E-03   2.3560028291E+00   2.4155530790E+00   2.0890276251E-03   2.2067872447E+00   2.3756361933E+00   1.5822043651E-03   3.4222005232E-04
   1   -58   0    0   4.2017377490E-01   7.9507517339E+00   2.5315878745E-04   2.0573839999E+00   2.3738742575E+00   2.2924222100E-04   2.1392733044E+00   2.3387041370E+00   6.3903577805E-04   2.2410392988E+00   2.3767537392E+00   1.6978826145E-03   2.2455752085E+00   2.3842895661E+00   1.9079934869E-03   2.3561371042E+00   2.4156834658E+00   2.0891019578E-03   2.2069486209E+00   2.3757341544E+00   1.5820247044E-03   3.4222758640E-04
   1   -59   0    0   4.1018212000E-01   7.9509240612E+00   2.5297549372E-04   2.0572240567E+00   2.3739018010E+00   2.2877596735E-04   2.1391138980E+00   2.3387545824E+00   6.3875217356E-04   2.2409944826E+00   2.3768044137E+00   1.6976037976E-03   2.2457296083E+00   2.3843920044E+00   1.9079306585E-03   2.3562742473E+00   2.4158166376E+00   2.0891778378E-03   2.2071132091E+00   2.3758342287E+00   1.5818412468E-03   3.4223528330E-04
   1   -60   0    0   4.0019082203E-01   7.9511001430E+00   2.5278850048E-04   2.0570607595E+00   2.3739300520E+00   2.2830008021E-04   2.1389511155E+00   2.3388061996E+00   6.3846271083E-04   2.2409486895E+00   2.3768562638E+00   1.6973191905E-03   2.2458873459E+00   2.3844966468E+00   1.9078665001E-03   2.3564143117E+00   2.4159526462E+00   2.0892552920E-03   2.2072810613E+00   2.3759364566E+00   1.5816539233E-03   3.4224314614E-04
   1   -61   0    0   3.9019989524E-01   7.9512800528E+00   2.5259774846E-04   2.0568940477E+00   2.3739590288E+00   2.2781439497E-04   2.1387848950E+00   2.3388590147E+00   6.3816728985E-04   2.2409019008E+00   2.3769093152E+00   1.6970286931E-03   2.2460484851E+00   2.3846035348E+00   1.9078009875E-03   2.3565573514E+00   2.4160915439E+00   2.0893343476E-03   2.2074522299E+00   2.3760408787E+00   1.5814626644E-03   3.4225117805E-04
   1   -62   0    0   3.8020935436E-01   7.9514638651E+00   2.5240317821E-04   2.0567238602E+00   2.3739887504E+00   2.2731874601E-04   2.1386151739E+00   2.3389130539E+00   6.3786580995E-04   2.2408540975E+00   2.3769635944E+00   1.6967322044E-03   2.2462130908E+00   2.3847127108E+00   1.9077340963E-03   2.3567034208E+00   2.4162333837E+00   2.0894150321E-03   2.2076267676E+00   2.3761475362E+00   1.5812674001E-03   3.4225938223E-04
   1   -63   0    0   3.7021921465E-01   7.9516516555E+00   2.5220473017E-04   2.0565501353E+00   2.3740192360E+00   2.2681296677E-04   2.1384418892E+00   2.3389683441E+00   6.3755816990E-04   2.2408052605E+00   2.3770191283E+00   1.6964296226E-03   2.2463812282E+00   2.3848242172E+00   1.9076658018E-03   2.3568525751E+00   2.4163782191E+00   2.0894973729E-03   2.2078047274E+00   2.3762564708E+00   1.5810680596E-03   3.4226776190E-04
   1   -64   0    0   3.6022949187E-01   7.9518435005E+00   2.5200234467E-04   2.0563728109E+00   2.3740505054E+00   2.2629688983E-04   2.1382649771E+00   2.3390249128E+00   6.3724426797E-04   2.2407553703E+00   2.3770759442E+00   1.6961208457E-03   2.2465529637E+00   2.3849380971E+00   1.9075960793E-03   2.3570048697E+00   2.4165261039E+00   2.0895813978E-03   2.2079861624E+00   2.3763677247E+00   1.5808645718E-03   3.4227632032E-04
   1   -65   0    0   3.5024020230E-01   7.9520394774E+00   2.5179596204E-04   2.0561918240E+00   2.3740825786E+00   2.2577034705E-04   2.1380843734E+00   2.3390827875E+00   6.3692400198E-04   2.2407044074E+00   2.3771340699E+00   1.6958057707E-03   2.2467283641E+00   2.3850543941E+00   1.9075249037E-03   2.3571603608E+00   2.4166770926E+00   2.0896671347E-03   2.2081711261E+00   2.3764813402E+00   1.5806568648E-03   3.4228506079E-04
   1   -66   0    0   3.4025136278E-01   7.9522396646E+00   2.5158552260E-04   2.0560071114E+00   2.3741154764E+00   2.2523316965E-04   2.1379000134E+00   2.3391419968E+00   6.3659726937E-04   2.2406523520E+00   2.3771935337E+00   1.6954842945E-03   2.2469074970E+00   2.3851731521E+00   1.9074522498E-03   2.3573191048E+00   2.4168312400E+00   2.0897546115E-03   2.2083596721E+00   2.3765973604E+00   1.5804448664E-03   3.4229398662E-04
   1   -67   0    0   3.3026299068E-01   7.9524441414E+00   2.5137096674E-04   2.0558186094E+00   2.3741492199E+00   2.2468518835E-04   2.1377118319E+00   2.3392025692E+00   6.3626396727E-04   2.2405991839E+00   2.3772543643E+00   1.6951563135E-03   2.2470904306E+00   2.3852944153E+00   1.9073780922E-03   2.3574811586E+00   2.4169886016E+00   2.0898438563E-03   2.2085518539E+00   2.3767158285E+00   1.5802285040E-03   3.4230310117E-04
   1   -68   0    0   3.2027510395E-01   7.9526529877E+00   2.5115223501E-04   2.0556262536E+00   2.3741838308E+00   2.2412623351E-04   2.1375197631E+00   2.3392645341E+00   6.3592399261E-04   2.2405448832E+00   2.3773165909E+00   1.6948217236E-03   2.2472772338E+00   2.3854182285E+00   1.9073024054E-03   2.3576465796E+00   2.4171492328E+00   2.0899348973E-03   2.2087477256E+00   2.3768367883E+00   1.5800077043E-03   3.4231240782E-04
   1   -69   0    0   3.1028772110E-01   7.9528662846E+00   2.5092926813E-04   2.0554299794E+00   2.3742193310E+00   2.2355613523E-04   2.1373237411E+00   2.3393279210E+00   6.3557724215E-04   2.2404894294E+00   2.3773802432E+00   1.6944804206E-03   2.2474679761E+00   2.3855446367E+00   1.9072251638E-03   2.3578154256E+00   2.4173131899E+00   2.0900277626E-03   2.2089473410E+00   2.3769602837E+00   1.5797823941E-03   3.4232190999E-04
   1   -70   0    0   3.0030086121E-01   7.9530841138E+00   2.5070200705E-04   2.0552297217E+00   2.3742557433E+00   2.2297472351E-04   2.1371236994E+00   2.3393927602E+00   6.3522361260E-04   2.2404328020E+00   2.3774453513E+00   1.6941323002E-03   2.2476627276E+00   2.3856736852E+00   1.9071463414E-03   2.3579877546E+00   2.4174805292E+00   2.0901224806E-03   2.2091507540E+00   2.3770863592E+00   1.5795524995E-03   3.4233161111E-04
   1   -71   0    0   2.9031454395E-01   7.9533065579E+00   2.5047039308E-04   2.0550254152E+00   2.3742930906E+00   2.2238182839E-04   2.1369195714E+00   2.3394590822E+00   6.3486300069E-04   2.2403749803E+00   2.3775119458E+00   1.6937772579E-03   2.2478615588E+00   2.3858054199E+00   1.9070659126E-03   2.3581636250E+00   2.4176513074E+00   2.0902190795E-03   2.2093580186E+00   2.3772150594E+00   1.5793179466E-03   3.4234151464E-04
   1   -72   0    0   2.8032878959E-01   7.9535337001E+00   2.5023436788E-04   2.0548169939E+00   2.3743313965E+00   2.2177728012E-04   2.1367112899E+00   2.3395269181E+00   6.3449530330E-04   2.2403159435E+00   2.3775800577E+00   1.6934151892E-03   2.2480645409E+00   2.3859398867E+00   1.9069838511E-03   2.3583430954E+00   2.4178255815E+00   2.0903175876E-03   2.2095691887E+00   2.3773464293E+00   1.5790786612E-03   3.4235162408E-04
   1   -73   0    0   2.7034361902E-01   7.9537656243E+00   2.4999387357E-04   2.0546043919E+00   2.3743706851E+00   2.2116090930E-04   2.1364987879E+00   2.3395962994E+00   6.3412041751E-04   2.2402556707E+00   2.3776497185E+00   1.6930459898E-03   2.2482717454E+00   2.3860771318E+00   1.9069001310E-03   2.3585262249E+00   2.4180034086E+00   2.0904180331E-03   2.2097843180E+00   2.3774805141E+00   1.5788345689E-03   3.4236194293E-04
   1   -74   0    0   2.6035905369E-01   7.9540024154E+00   2.4974885280E-04   2.0543875428E+00   2.3744109809E+00   2.2053254707E-04   2.1362819979E+00   2.3396672580E+00   6.3373824073E-04   2.2401941407E+00   2.3777209601E+00   1.6926695555E-03   2.2484832443E+00   2.3862172017E+00   1.9068147262E-03   2.3587130724E+00   2.4181848462E+00   2.0905204443E-03   2.2100034603E+00   2.3776173593E+00   1.5785855953E-03   3.4237247471E-04
   1   -75   0    0   2.5037511573E-01   7.9542441586E+00   2.4949924884E-04   2.0541663802E+00   2.3744523090E+00   2.1989202528E-04   2.1360608524E+00   2.3397398264E+00   6.3334867080E-04   2.2401313324E+00   2.3777938148E+00   1.6922857823E-03   2.2486991100E+00   2.3863601432E+00   1.9067276105E-03   2.3589036972E+00   2.4183699519E+00   2.0906248492E-03   2.2102266690E+00   2.3777570104E+00   1.5783316661E-03   3.4238322296E-04
   1   -76   0    0   2.4039182783E-01   7.9544909396E+00   2.4924500561E-04   2.0539408374E+00   2.3744946950E+00   2.1923917665E-04   2.1358352840E+00   2.3398140372E+00   6.3295160613E-04   2.2400672244E+00   2.3778683153E+00   1.6918945669E-03   2.2489194151E+00   2.3865060030E+00   1.9066387577E-03   2.3590981587E+00   2.4185587831E+00   2.0907312758E-03   2.2104539973E+00   2.3778995134E+00   1.5780727067E-03   3.4239419124E-04
   1   -77   0    0   2.3040921334E-01   7.9547428450E+00   2.4898606780E-04   2.0537108474E+00   2.3745381649E+00   2.1857383501E-04   2.1356052251E+00   2.3398899238E+00   6.3254694577E-04   2.2400017953E+00   2.3779444949E+00   1.6914958063E-03   2.2491442326E+00   2.3866548281E+00   1.9065481419E-03   2.3592965163E+00   2.4187513977E+00   2.0908397519E-03   2.2106854982E+00   2.3780449141E+00   1.5778086430E-03   3.4240538312E-04
   1   -78   0    0   2.2042729624E-01   7.9549999617E+00   2.4872238098E-04   2.0534763436E+00   2.3745827452E+00   2.1789583548E-04   2.1353706084E+00   2.3399675197E+00   6.3213458956E-04   2.2399350236E+00   2.3780223870E+00   1.6910893982E-03   2.2493736356E+00   2.3868066656E+00   1.9064557367E-03   2.3594988293E+00   2.4189478534E+00   2.0909503051E-03   2.2109212243E+00   2.3781932586E+00   1.5775394009E-03   3.4241680216E-04
   1   -79   0    0   2.1044610110E-01   7.9552623768E+00   2.4845389160E-04   2.0532372590E+00   2.3746284630E+00   2.1720501464E-04   2.1351313665E+00   2.3400468589E+00   6.3171443825E-04   2.2398668877E+00   2.3781020256E+00   1.6906752410E-03   2.2496076975E+00   2.3869615627E+00   1.9063615163E-03   2.3597051573E+00   2.4191482077E+00   2.0910629630E-03   2.2111612278E+00   2.3783445930E+00   1.5772649066E-03   3.4242845195E-04
   1   -80   0    0   2.0046565317E-01   7.9555301780E+00   2.4818054718E-04   2.0529935267E+00   2.3746753458E+00   2.1650121081E-04   2.1348874325E+00   2.3401279758E+00   6.3128639364E-04   2.2397973661E+00   2.3781834451E+00   1.6902532342E-03   2.2498464918E+00   2.3871195665E+00   1.9062654547E-03   2.3599155594E+00   2.4193525182E+00   2.0911777526E-03   2.2114055605E+00   2.3784989633E+00   1.5769850866E-03   3.4244033607E-04
   1   -81   0    0   1.9048597827E-01   7.9558034534E+00   2.4790229633E-04   2.0527450800E+00   2.3747234218E+00   2.1578426422E-04   2.1346387396E+00   2.3402109051E+00   6.3085035870E-04   2.2397264371E+00   2.3782666799E+00   1.6898232779E-03   2.2500900918E+00   2.3872807242E+00   1.9061675262E-03   2.3601300947E+00   2.4195608423E+00   2.0912947009E-03   2.2116542734E+00   2.3786564158E+00   1.5766998679E-03   3.4245245810E-04
   1   -82   0    0   1.8050710290E-01   7.9560822910E+00   2.4761908886E-04   2.0524918522E+00   2.3747727192E+00   2.1505401726E-04   2.1343852216E+00   2.3402956819E+00   6.3040623771E-04   2.2396540790E+00   2.3783517652E+00   1.6893852738E-03   2.2503385710E+00   2.3874450829E+00   1.9060677049E-03   2.3603488221E+00   2.4197732373E+00   2.0914138345E-03   2.2119074174E+00   2.3788169964E+00   1.5764091779E-03   3.4246482162E-04
   1   -83   0    0   1.7052905414E-01   7.9563667792E+00   2.4733087591E-04   2.0522337770E+00   2.3748232673E+00   2.1431031474E-04   2.1341268127E+00   2.3403823416E+00   6.2995393642E-04   2.2395802700E+00   2.3784387363E+00   1.6889391245E-03   2.2505920028E+00   2.3876126894E+00   1.9059659656E-03   2.3605718002E+00   2.4199897600E+00   2.0915351796E-03   2.2121650422E+00   2.3789807511E+00   1.5761129448E-03   3.4247743020E-04
   1   -84   0    0   1.6055185971E-01   7.9566570063E+00   2.4703761000E-04   2.0519707881E+00   2.3748750954E+00   2.1355300407E-04   2.1338634475E+00   2.3404709198E+00   6.2949336218E-04   2.2395049886E+00   2.3785276286E+00   1.6884847344E-03   2.2508504602E+00   2.3877835907E+00   1.9058622829E-03   2.3607990873E+00   2.4202104669E+00   2.0916587619E-03   2.2124271972E+00   2.3791477256E+00   1.5758110973E-03   3.4249028740E-04
   1   -85   0    0   1.5057554790E-01   7.9569530609E+00   2.4673924517E-04   2.0517028198E+00   2.3749282334E+00   2.1278193559E-04   2.1335950614E+00   2.3405614526E+00   6.2902442412E-04   2.2394282130E+00   2.3786184782E+00   1.6880220093E-03   2.2511140163E+00   2.3879578332E+00   1.9057566318E-03   2.3610307411E+00   2.4204354142E+00   2.0917846069E-03   2.2126939309E+00   2.3793179655E+00   1.5755035651E-03   3.4250339677E-04
   1   -86   0    0   1.4060014764E-01   7.9572550312E+00   2.4643573705E-04   2.0514298066E+00   2.3749827117E+00   2.1199696277E-04   2.1333215908E+00   2.3406539761E+00   6.2854703327E-04   2.2393499215E+00   2.3787113210E+00   1.6875508565E-03   2.2513827436E+00   2.3881354634E+00   1.9056489876E-03   2.3612668191E+00   2.4206646576E+00   2.0919127396E-03   2.2129652907E+00   2.3794915161E+00   1.5751902785E-03   3.4251676183E-04
   1   -87   0    0   1.3062568842E-01   7.9575630053E+00   2.4612704301E-04   2.0511516836E+00   2.3750385611E+00   2.1119794248E-04   2.1330429726E+00   2.3407485269E+00   6.2806110272E-04   2.2392700927E+00   2.3788061936E+00   1.6870711856E-03   2.2516567141E+00   2.3883165272E+00   1.9055393258E-03   2.3615073778E+00   2.4208982522E+00   2.0920431842E-03   2.2132413235E+00   2.3796684225E+00   1.5748711690E-03   3.4253038609E-04
   1   -88   0    0   1.2065220029E-01   7.9578770712E+00   2.4581312219E-04   2.0508683863E+00   2.3750958129E+00   2.1038473528E-04   2.1327591448E+00   2.3408451417E+00   6.2756654785E-04   2.2391887050E+00   2.3789031324E+00   1.6865829081E-03   2.2519359996E+00   2.3885010703E+00   1.9054276224E-03   2.3617524736E+00   2.4211362524E+00   2.0921759645E-03   2.2135220747E+00   2.3798487293E+00   1.5745461692E-03   3.4254427302E-04
   1   -89   0    0   1.1067971387E-01   7.9581973163E+00   2.4549393570E-04   2.0505798510E+00   2.3751544986E+00   2.0955720571E-04   2.1324700466E+00   2.3409438571E+00   6.2706328639E-04   2.2391057369E+00   2.3790021741E+00   1.6860859375E-03   2.2522206711E+00   2.3886891379E+00   1.9053138537E-03   2.3620021617E+00   2.4213787122E+00   2.0923111039E-03   2.2138075889E+00   2.3800324806E+00   1.5742152128E-03   3.4255842608E-04
   1   -90   0    0   1.0070826032E-01   7.9585238278E+00   2.4516944665E-04   2.0502860143E+00   2.3752146504E+00   2.0871522249E-04   2.1321756182E+00   2.3410447104E+00   6.2655123870E-04   2.2390211671E+00   2.3791033556E+00   1.6855801900E-03   2.2525107989E+00   2.3888807747E+00   1.9051979965E-03   2.3622564968E+00   2.4216256844E+00   2.0924486249E-03   2.2140979094E+00   2.3802197203E+00   1.5738782349E-03   3.4257284866E-04
   1   -91   0    0   9.0737871294E-02   7.9588566922E+00   2.4483962031E-04   2.0499868139E+00   2.3752763005E+00   2.0785865892E-04   2.1318758014E+00   2.3411477385E+00   6.2603032785E-04   2.2389349744E+00   2.3792067138E+00   1.6850655841E-03   2.2528064527E+00   2.3890760248E+00   1.9050800279E-03   2.3625155325E+00   2.4218772214E+00   2.0925885492E-03   2.2143930784E+00   2.3804104916E+00   1.5735351719E-03   3.4258754414E-04
   1   -92   0    0   8.0768578947E-02   7.9591959952E+00   2.4450442420E-04   2.0496821884E+00   2.3753394818E+00   2.0698739308E-04   2.1315705391E+00   2.3412529787E+00   6.2550047985E-04   2.2388471378E+00   2.3793122859E+00   1.6845420411E-03   2.2531077009E+00   2.3892749319E+00   1.9049599257E-03   2.3627793217E+00   2.4221333742E+00   2.0927308980E-03   2.2146931367E+00   2.3806048370E+00   1.5731859619E-03   3.4260251584E-04
   1   -93   0    0   7.0800415896E-02   7.9595418220E+00   2.4416382820E-04   2.0493720768E+00   2.3754042274E+00   2.0610130814E-04   2.1312597760E+00   2.3413604683E+00   6.2496162383E-04   2.2387576363E+00   2.3794201089E+00   1.6840094853E-03   2.2534146113E+00   2.3894775387E+00   1.9048376680E-03   2.3630479160E+00   2.4223941930E+00   2.0928756917E-03   2.2149981234E+00   2.3808027985E+00   1.5728305446E-03   3.4261776704E-04
   1   -94   0    0   6.0833415190E-02   7.9598942566E+00   2.4381780465E-04   2.0490564197E+00   2.3754705706E+00   2.0520029270E-04   2.1309434585E+00   2.3414702444E+00   6.2441369218E-04   2.2386664493E+00   2.3795302198E+00   1.6834678439E-03   2.2537272505E+00   2.3896838874E+00   1.9047132338E-03   2.3633213660E+00   2.4226597271E+00   2.0930229496E-03   2.2153080764E+00   2.3810044174E+00   1.5724688613E-03   3.4263330096E-04
   1   -95   0    0   5.0867610280E-02   7.9602533823E+00   2.4346632850E-04   2.0487351583E+00   2.3755385452E+00   2.0428424103E-04   2.1306215347E+00   2.3415823443E+00   6.2385662077E-04   2.2385735561E+00   2.3796426558E+00   1.6829170474E-03   2.2540456838E+00   2.3898940194E+00   1.9045866024E-03   2.3635997209E+00   2.4229300241E+00   2.0931726903E-03   2.2156230319E+00   2.3812097340E+00   1.5721008555E-03   3.4264912074E-04
   1   -96   0    0   4.0903034985E-02   7.9606192811E+00   2.4310937738E-04   2.0484082352E+00   2.3756081852E+00   2.0335305342E-04   2.1302939547E+00   2.3416968053E+00   6.2329034912E-04   2.2384789364E+00   2.3797574537E+00   1.6823570299E-03   2.2543699751E+00   2.3901079749E+00   1.9044577541E-03   2.3638830287E+00   2.4232051308E+00   2.0933249315E-03   2.2159430243E+00   2.3814187879E+00   1.5717264725E-03   3.4266522950E-04
   1   -97   0    0   3.0939723449E-02   7.9609920335E+00   2.4274693174E-04   2.0480755941E+00   2.3756795246E+00   2.0240663643E-04   2.1299606707E+00   2.3418136642E+00   6.2271482056E-04   2.2383825702E+00   2.3798746505E+00   1.6817877288E-03   2.2547001871E+00   2.3903257934E+00   1.9043266696E-03   2.3641713361E+00   2.4234850924E+00   2.0934796897E-03   2.2162680864E+00   2.3816316176E+00   1.5713456597E-03   3.4268163024E-04
   1   -98   0    0   2.0977710107E-02   7.9613717191E+00   2.4237897491E-04   2.0477371802E+00   2.3757525979E+00   2.0144490326E-04   2.1296216373E+00   2.3419329581E+00   6.2212998246E-04   2.2382844377E+00   2.3799942828E+00   1.6812090855E-03   2.2550363807E+00   2.3905475133E+00   1.9041933305E-03   2.3644646879E+00   2.4237699524E+00   2.0936369807E-03   2.2165982488E+00   2.3818482609E+00   1.5709583671E-03   3.4269832591E-04
   1   -99   0    0   1.1017029633E-02   7.9617584156E+00   2.4200549330E-04   2.0473929399E+00   2.3758274395E+00   2.0046777398E-04   2.1292768113E+00   2.3420547236E+00   6.2153578637E-04   2.2381845191E+00   2.3801163870E+00   1.6806210454E-03   2.2553786151E+00   2.3907731720E+00   1.9040577192E-03   2.3647631277E+00   2.4240597532E+00   2.0937968188E-03   2.2169335405E+00   2.3820687541E+00   1.5705645467E-03   3.4271531937E-04
   1  -100   0    0   1.0577168997E-03   7.9621521990E+00   2.4162647638E-04   2.0470428211E+00   2.3759040843E+00   1.9947517587E-04   2.1289261520E+00   2.3421789970E+00   6.2093218822E-04   2.2380827954E+00   2.3802409995E+00   1.6800235579E-03   2.2557269480E+00   2.3910028056E+00   1.9039198189E-03   2.3650666970E+00   2.4243545352E+00   2.0939592174E-03   2.2172739882E+00   2.3822931327E+00   1.5701641533E-03   3.4273261339E-04
   1  -101   0    0  -8.9001930790E-03   7.9625531437E+00   2.4124191692E-04   2.0466867735E+00   2.3759825669E+00   1.9846704374E-04   2.1285696216E+00   2.3423058147E+00   6.2031914852E-04   2.2379792474E+00   2.3803681560E+00   1.6794165769E-03   2.2560814348E+00   2.3912364488E+00   1.9037796138E-03   2.3653754359E+00   2.4246543371E+00   2.0941241887E-03   2.2176196163E+00   2.3825214307E+00   1.5697571441E-03   3.4275021066E-04
   1  -102   0    0  -1.8856665197E-02   7.9629613221E+00   2.4085181096E-04   2.0463247482E+00   2.3760629221E+00   1.9744332016E-04   2.1282071850E+00   2.3424352122E+00   6.1969663249E-04   2.2378738566E+00   2.3804978921E+00   1.6788000607E-03   2.2564421289E+00   2.3914741352E+00   1.9036370889E-03   2.3656893823E+00   2.4249591958E+00   2.0942917437E-03   2.2179704473E+00   2.3827536811E+00   1.5693434792E-03   3.4276811374E-04
   1  -103   0    0  -2.8811664317E-02   7.9633768043E+00   2.4045615802E-04   2.0459566982E+00   2.3761451848E+00   1.9640395582E-04   2.1278388101E+00   2.3425672250E+00   6.1906461030E-04   2.2377666046E+00   2.3806302429E+00   1.6781739725E-03   2.2568090816E+00   2.3917158968E+00   1.9034922303E-03   2.3660085721E+00   2.4252691462E+00   2.0944618919E-03   2.2183265009E+00   2.3829899151E+00   1.5689231218E-03   3.4278632511E-04
   1  -104   0    0  -3.8765155326E-02   7.9637996585E+00   2.4005496113E-04   2.0455825783E+00   2.3762293898E+00   1.9534890977E-04   2.1274644679E+00   2.3427018880E+00   6.1842305719E-04   2.2376574735E+00   2.3807652430E+00   1.6775382801E-03   2.2571823420E+00   2.3919617644E+00   1.9033450249E-03   2.3663330391E+00   2.4255842212E+00   2.0946346417E-03   2.2186877948E+00   2.3832301629E+00   1.5684960378E-03   3.4280484714E-04
   1  -105   0    0  -4.8717103205E-02   7.9642299500E+00   2.3964822694E-04   2.0452023452E+00   2.3763155717E+00   1.9427814975E-04   2.1270841328E+00   2.3428392355E+00   6.1777195367E-04   2.2375464458E+00   2.3809029266E+00   1.6768929564E-03   2.2575619563E+00   2.3922117667E+00   1.9031954609E-03   2.3666628150E+00   2.4259044514E+00   2.0948100000E-03   2.2190543437E+00   2.3834744527E+00   1.5680621964E-03   3.4282368205E-04
   1  -106   0    0  -5.8667473093E-02   7.9646677420E+00   2.3923596580E-04   2.0448159577E+00   2.3764037653E+00   1.9319165240E-04   2.1266977825E+00   2.3429793012E+00   6.1711128570E-04   2.2374335043E+00   2.3810433270E+00   1.6762379798E-03   2.2579479685E+00   2.3924659313E+00   1.9030435275E-03   2.3669979291E+00   2.4262298653E+00   2.0949879723E-03   2.2194261600E+00   2.3837228115E+00   1.5676215701E-03   3.4284283198E-04
   1  -107   0    0  -6.8616230355E-02   7.9651130948E+00   2.3881819188E-04   2.0444233766E+00   2.3764940048E+00   1.9208940360E-04   2.1263053985E+00   2.3431221185E+00   6.1644104480E-04   2.2373186322E+00   2.3811864773E+00   1.6755733338E-03   2.2583404198E+00   2.3927242837E+00   1.9028892152E-03   2.3673384083E+00   2.4265604891E+00   2.0951685626E-03   2.2198032531E+00   2.3839752642E+00   1.5671741349E-03   3.4286229889E-04
   1  -108   0    0  -7.8563340660E-02   7.9655660658E+00   2.3839492319E-04   2.0440245649E+00   2.3765863244E+00   1.9097139867E-04   2.1259069657E+00   2.3432677196E+00   6.1576122827E-04   2.2372018132E+00   2.3813324094E+00   1.6748990075E-03   2.2587393484E+00   2.3929868477E+00   1.9027325154E-03   2.3676842769E+00   2.4268963464E+00   2.0953517734E-03   2.2201856297E+00   2.3842318343E+00   1.5667198699E-03   3.4288208466E-04
   1  -109   0    0  -8.8508770052E-02   7.9660267094E+00   2.3796618170E-04   2.0436194880E+00   2.3766807582E+00   1.8983764268E-04   2.1255024734E+00   2.3434161363E+00   6.1507183930E-04   2.2370830316E+00   2.3814811549E+00   1.6742149958E-03   2.2591447895E+00   2.3932536452E+00   1.9025734210E-03   2.3680355567E+00   2.4272374583E+00   2.0955376056E-03   2.2205732936E+00   2.3844925432E+00   1.5662587585E-03   3.4290219097E-04
   1  -110   0    0  -9.8452485030E-02   7.9664950768E+00   2.3753199340E-04   2.0432081135E+00   2.3767773396E+00   1.8868815064E-04   2.1250919145E+00   2.3435673993E+00   6.1437288715E-04   2.2369622719E+00   2.3816327441E+00   1.6735212994E-03   2.2595567754E+00   2.3935246960E+00   1.9024119261E-03   2.3683922667E+00   2.4275838433E+00   2.0957260587E-03   2.2209662454E+00   2.3847574104E+00   1.5657907872E-03   3.4292261940E-04
   1  -111   0    0  -1.0839445263E-01   7.9669712159E+00   2.3709238836E-04   2.0427904116E+00   2.3768761019E+00   1.8752294774E-04   2.1246752862E+00   2.3437215387E+00   6.1366438724E-04   2.2368395191E+00   2.3817872067E+00   1.6728179249E-03   2.2599753348E+00   2.3938000182E+00   1.9022480261E-03   2.3687544233E+00   2.4279355172E+00   2.0959171302E-03   2.2213644829E+00   2.3850264536E+00   1.5653159468E-03   3.4294337135E-04
   1  -112   0    0  -1.1833464052E-01   7.9674551711E+00   2.3664740077E-04   2.0423663548E+00   2.3769770777E+00   1.8634206961E-04   2.1242525903E+00   2.3438785833E+00   6.1294636134E-04   2.2367147591E+00   2.3819445713E+00   1.6721048853E-03   2.2604004933E+00   2.3940796273E+00   1.9020817178E-03   2.3691220397E+00   2.4282924930E+00   2.0961108163E-03   2.2217680004E+00   2.3852996881E+00   1.5648342320E-03   3.4296444805E-04
   1  -113   0    0  -1.2827301706E-01   7.9679469830E+00   2.3619706903E-04   2.0419359185E+00   2.3770802993E+00   1.8514556246E-04   2.1238238328E+00   2.3440385612E+00   6.1221883765E-04   2.2365879778E+00   2.3821048656E+00   1.6713821997E-03   2.2608322727E+00   2.3943635370E+00   1.9019129993E-03   2.3694951263E+00   2.4286547807E+00   2.0963071112E-03   2.2221767891E+00   2.3855771273E+00   1.5643456414E-03   3.4298585059E-04
   1  -114   0    0  -1.3820955141E-01   7.9684466887E+00   2.3574143575E-04   2.0414990805E+00   2.3771857984E+00   1.8393348333E-04   2.1233890242E+00   2.3442014991E+00   6.1148185095E-04   2.2364591619E+00   2.3822681161E+00   1.6706498935E-03   2.2612706915E+00   2.3946517585E+00   1.9017418702E-03   2.3698736904E+00   2.4290223874E+00   2.0965060075E-03   2.2225908368E+00   2.3858587822E+00   1.5638501780E-03   3.4300757988E-04
   1  -115   0    0  -1.4814421362E-01   7.9689543210E+00   2.3528054782E-04   2.0410558216E+00   2.3772936060E+00   1.8270590023E-04   2.1229481801E+00   2.3443674228E+00   6.1073544267E-04   2.2363282987E+00   2.3824343480E+00   1.6699079989E-03   2.2617157641E+00   2.3949443006E+00   1.9015683317E-03   2.3702577362E+00   2.4293953170E+00   2.0967074960E-03   2.2230101280E+00   2.3861446617E+00   1.5633478490E-03   3.4302963664E-04
   1  -116   0    0  -1.5807697472E-01   7.9694699087E+00   2.3481445643E-04   2.0406061253E+00   2.3774037525E+00   1.8146289232E-04   2.1225013207E+00   2.3445363566E+00   6.0997966101E-04   2.2361953761E+00   2.3826035855E+00   1.6691565544E-03   2.2621675012E+00   2.3952411698E+00   1.9013923863E-03   2.3706472644E+00   2.4297735705E+00   2.0969115656E-03   2.2234346434E+00   2.3864347721E+00   1.5628386660E-03   3.4305202143E-04
   1  -117   0    0  -1.6800780680E-01   7.9699934764E+00   2.3434321711E-04   2.0401499782E+00   2.3775162673E+00   1.8020455006E-04   2.1220484713E+00   2.3447083238E+00   6.0921456106E-04   2.2360603823E+00   2.3827758514E+00   1.6683956056E-03   2.2626259093E+00   2.3955423701E+00   1.9012140382E-03   2.3710422727E+00   2.4301571454E+00   2.0971182036E-03   2.2238643605E+00   2.3867291174E+00   1.5623226450E-03   3.4307473459E-04
   1  -118   0    0  -1.7793668313E-01   7.9705250442E+00   2.3386688970E-04   2.0396873696E+00   2.3776311792E+00   1.7893097532E-04   2.1215896621E+00   2.3448833461E+00   6.0844020481E-04   2.2359233064E+00   2.3829511669E+00   1.6676252045E-03   2.2630909910E+00   2.3958479030E+00   1.9010332930E-03   2.3714427552E+00   2.4305460360E+00   2.0973273952E-03   2.2242992529E+00   2.3870276991E+00   1.5617998065E-03   3.4309777629E-04
   1  -119   0    0  -1.8786357824E-01   7.9710646276E+00   2.3338553841E-04   2.0392182922E+00   2.3777485161E+00   1.7764228153E-04   2.1211249286E+00   2.3450614438E+00   6.0765666127E-04   2.2357841382E+00   2.3831295522E+00   1.6668454102E-03   2.2635627445E+00   2.3961577671E+00   1.9008501579E-03   2.3718487025E+00   2.4309402334E+00   2.0975391238E-03   2.2247392908E+00   2.3873305161E+00   1.5612701758E-03   3.4312114651E-04
   1  -120   0    0  -1.9778846801E-01   7.9716122376E+00   2.3289923179E-04   2.0387427416E+00   2.3778683049E+00   1.7633859373E-04   2.1206543117E+00   2.3452426357E+00   6.0686400651E-04   2.2356428677E+00   2.3833110255E+00   1.6660562889E-03   2.2640411636E+00   2.3964719588E+00   1.9006646420E-03   2.3722601018E+00   2.4313397249E+00   2.0977533709E-03   2.2251844403E+00   2.3876375647E+00   1.5607337828E-03   3.4314484500E-04
   1  -121   0    0  -2.0771132977E-01   7.9721678802E+00   2.3240804274E-04   2.0382607168E+00   2.3779905714E+00   1.7502004870E-04   2.1201778575E+00   2.3454269391E+00   6.0606232372E-04   2.2354994862E+00   2.3834956039E+00   1.6652579137E-03   2.2645262379E+00   2.3967904712E+00   1.9004767558E-03   2.3726769367E+00   2.4317444947E+00   2.0979701161E-03   2.2256346641E+00   2.3879488386E+00   1.5601906621E-03   3.4316887132E-04
   1  -122   0    0  -2.1763214241E-01   7.9727315564E+00   2.3191204848E-04   2.0377722199E+00   2.3781153404E+00   1.7368679495E-04   2.1196956174E+00   2.3456143696E+00   6.0525170323E-04   2.2353539851E+00   2.3836833025E+00   1.6644503646E-03   2.2650179522E+00   2.3971132950E+00   1.9002865115E-03   2.3730991870E+00   2.4321545231E+00   2.0981893372E-03   2.2260899208E+00   2.3882643285E+00   1.5596408532E-03   3.4319322483E-04
   1  -123   0    0  -2.2755088646E-01   7.9733032621E+00   2.3141133054E-04   2.0372772564E+00   2.3782426355E+00   1.7233899286E-04   2.1192076486E+00   2.3458049411E+00   6.0443224254E-04   2.2352063568E+00   2.3838741348E+00   1.6636337290E-03   2.2655162869E+00   2.3974404179E+00   1.9000939229E-03   2.3735268289E+00   2.4325697869E+00   2.0984110098E-03   2.2265501652E+00   2.3885840226E+00   1.5590844004E-03   3.4321790463E-04
   1  -124   0    0  -2.3746754419E-01   7.9738829882E+00   2.3090597473E-04   2.0367758353E+00   2.3783724792E+00   1.7097681462E-04   2.1187140138E+00   2.3459986657E+00   6.0360404634E-04   2.2350565946E+00   2.3840681125E+00   1.6628081012E-03   2.2660212175E+00   2.3977718248E+00   1.8998990058E-03   2.3739598347E+00   2.4329902594E+00   2.0986351078E-03   2.2270153484E+00   2.3889079062E+00   1.5585213530E-03   3.4324290966E-04
   1  -125   0    0  -2.4738209970E-01   7.9744707201E+00   2.3039607108E-04   2.0362679691E+00   2.3785048924E+00   1.6960044428E-04   2.1182147810E+00   2.3461955537E+00   6.0276722653E-04   2.2349046921E+00   2.3842652456E+00   1.6619735830E-03   2.2665327147E+00   2.3981074976E+00   1.8997017775E-03   2.3743981729E+00   2.4334159099E+00   2.0988616029E-03   2.2274854172E+00   2.3892359617E+00   1.5579517651E-03   3.4326823860E-04
   1  -126   0    0  -2.5729453901E-01   7.9750664378E+00   2.2988171383E-04   2.0357536735E+00   2.3786398950E+00   1.6821007770E-04   2.1177100241E+00   2.3463956136E+00   6.0192190216E-04   2.2347506440E+00   2.3844655421E+00   1.6611302829E-03   2.2670507446E+00   2.3984474151E+00   1.8995022570E-03   2.3748418084E+00   2.4338467043E+00   2.0990904651E-03   2.2279603149E+00   2.3895681685E+00   1.5573756959E-03   3.4329388990E-04
   1  -127   0    0  -2.6720485017E-01   7.9756701156E+00   2.2936300136E-04   2.0352329682E+00   2.3787775052E+00   1.6680592258E-04   2.1171998226E+00   2.3465988518E+00   6.0106819945E-04   2.2345944458E+00   2.3846690081E+00   1.6602783171E-03   2.2675752681E+00   2.3987915534E+00   1.8993004652E-03   2.3752907018E+00   2.4342826043E+00   2.0993216624E-03   2.2284399805E+00   2.3899045032E+00   1.5567932095E-03   3.4331986181E-04
   1  -128   0    0  -2.7711302332E-01   7.9762817226E+00   2.2884003610E-04   2.0347058764E+00   2.3789177398E+00   1.6538819834E-04   2.1166842615E+00   2.3468052727E+00   6.0020625178E-04   2.2344360938E+00   2.3848756475E+00   1.6594178085E-03   2.2681062413E+00   2.3991398851E+00   1.8990964248E-03   2.3757448101E+00   2.4347235683E+00   2.0995551608E-03   2.2289243493E+00   2.3902449393E+00   1.5562043753E-03   3.4334615232E-04
   1  -129   0    0  -2.8701905079E-01   7.9769012217E+00   2.2831292453E-04   2.0341724248E+00   2.3790606142E+00   1.6395713611E-04   2.1161634317E+00   2.3470148787E+00   5.9933619960E-04   2.2342755849E+00   2.3850854623E+00   1.6585488874E-03   2.2686436152E+00   2.3994923802E+00   1.8988901600E-03   2.3762040863E+00   2.4351695504E+00   2.0997909243E-03   2.2294133526E+00   2.3905894474E+00   1.5556092674E-03   3.4337275920E-04
   1  -130   0    0  -2.9692292717E-01   7.9775285704E+00   2.2778177702E-04   2.0336326442E+00   2.3792061420E+00   1.6251297861E-04   2.1156374293E+00   2.3472276701E+00   5.9845819039E-04   2.2341129174E+00   2.3852984525E+00   1.6576716910E-03   2.2691873357E+00   2.3998490052E+00   1.8986816969E-03   2.3766684793E+00   2.4356205011E+00   2.1000289151E-03   2.2299069175E+00   2.3909379950E+00   1.5550079652E-03   3.4339967999E-04
   1  -131   0    0  -3.0682464940E-01   7.9781637200E+00   2.2724670784E-04   2.0330865690E+00   2.3793543352E+00   1.6105598005E-04   2.1151063564E+00   2.3474436450E+00   5.9757237862E-04   2.2339480899E+00   2.3855146157E+00   1.6567863638E-03   2.2697373438E+00   2.4002097237E+00   1.8984710637E-03   2.3771379341E+00   2.4360763669E+00   2.1002690935E-03   2.2304049677E+00   2.3912905466E+00   1.5544005529E-03   3.4342691198E-04
   1  -132   0    0  -3.1672421685E-01   7.9788066162E+00   2.2670783500E-04   2.0325342374E+00   2.3795052040E+00   1.5958640604E-04   2.1145703204E+00   2.3476627993E+00   5.9667892567E-04   2.2337811025E+00   2.3857339475E+00   1.6558930572E-03   2.2702935752E+00   2.4005744962E+00   1.8982582897E-03   2.3776123918E+00   2.4365370907E+00   2.1005114177E-03   2.2309074225E+00   2.3916470634E+00   1.5537871199E-03   3.4345445223E-04
   1  -133   0    0  -3.2662163137E-01   7.9794571984E+00   2.2616528019E-04   2.0319756917E+00   2.3796587569E+00   1.5810453341E-04   2.1140294342E+00   2.3478851265E+00   5.9577799972E-04   2.2336119559E+00   2.3859564409E+00   1.6549919294E-03   2.2708559605E+00   2.4009432798E+00   1.8980434067E-03   2.3780917894E+00   2.4370026112E+00   2.1007558443E-03   2.2314141976E+00   2.3920075039E+00   1.5531677607E-03   3.4348229755E-04
   1  -134   0    0  -3.3651689736E-01   7.9801154004E+00   2.2561916866E-04   2.0314109780E+00   2.3798150006E+00   1.5661065009E-04   2.1134838160E+00   2.3481106180E+00   5.9486977570E-04   2.2334406520E+00   2.3861820870E+00   1.6540831455E-03   2.2714244252E+00   2.4013160286E+00   1.8978264477E-03   2.3785760598E+00   2.4374728634E+00   2.1010023279E-03   2.2319252048E+00   2.3923718232E+00   1.5525425746E-03   3.4351044452E-04
   1  -135   0    0  -3.4641002186E-01   7.9807811494E+00   2.2506962916E-04   2.0308401466E+00   2.3799739398E+00   1.5510505492E-04   2.1129335894E+00   2.3483392628E+00   5.9395443514E-04   2.2332671937E+00   2.3864108744E+00   1.6531668776E-03   2.2719988897E+00   2.4016926937E+00   1.8976074478E-03   2.3790651323E+00   2.4379477784E+00   2.1012508212E-03   2.2324403521E+00   2.3927399734E+00   1.5519116659E-03   3.4353888947E-04
   1  -136   0    0  -3.5630101457E-01   7.9814543670E+00   2.2451679376E-04   2.0302632515E+00   2.3801355773E+00   1.5358805749E-04   2.1123788833E+00   2.3485710474E+00   5.9303216611E-04   2.2330915851E+00   2.3866427892E+00   1.6522433043E-03   2.2725792692E+00   2.4020732227E+00   1.8973864436E-03   2.3795589319E+00   2.4384272836E+00   2.1015012752E-03   2.2329595437E+00   2.3931119036E+00   1.5512751440E-03   3.4356762851E-04
   1  -137   0    0  -3.6618988790E-01   7.9821349684E+00   2.2396079779E-04   2.0296803512E+00   2.3802999139E+00   1.5205997793E-04   2.1118198314E+00   2.3488059561E+00   5.9210316305E-04   2.2329138311E+00   2.3868778153E+00   1.6513126107E-03   2.2731654740E+00   2.4024575602E+00   1.8971634737E-03   2.3800573798E+00   2.4389113022E+00   2.1017536391E-03   2.2334826803E+00   2.3934875596E+00   1.5506331230E-03   3.4359665747E-04
   1  -138   0    0  -3.7607665705E-01   7.9828228629E+00   2.2340177972E-04   2.0290915080E+00   2.3804669485E+00   1.5052114667E-04   2.1112565724E+00   2.3490439705E+00   5.9116762668E-04   2.2327339382E+00   2.3871159340E+00   1.6503749886E-03   2.2737574091E+00   2.4028456477E+00   1.8969385783E-03   2.3805603933E+00   2.4393997540E+00   2.1020078604E-03   2.2340096589E+00   2.3938668845E+00   1.5499857221E-03   3.4362597198E-04
   1  -139   0    0  -3.8596134002E-01   7.9835179535E+00   2.2283988098E-04   2.0284967887E+00   2.3806366776E+00   1.4897190428E-04   2.1106892501E+00   2.3492850700E+00   5.9022576383E-04   2.2325519138E+00   2.3873571242E+00   1.6494306361E-03   2.2743549744E+00   2.4032374236E+00   1.8967117992E-03   2.3810678857E+00   2.4398925548E+00   2.1022638848E-03   2.2345403729E+00   2.3942498178E+00   1.5493330650E-03   3.4365556741E-04
   1  -140   0    0  -3.9584395765E-01   7.9842201372E+00   2.2227524589E-04   2.0278962639E+00   2.3808090960E+00   1.4741260115E-04   2.1101180125E+00   2.3495292312E+00   5.8927778734E-04   2.2323677666E+00   2.3876013624E+00   1.6484797573E-03   2.2749580652E+00   2.4036328230E+00   1.8964831801E-03   2.3815797665E+00   2.4403896168E+00   2.1025216564E-03   2.2350747122E+00   2.3946362965E+00   1.5486752803E-03   3.4368543890E-04
   1  -141   0    0  -4.0572453364E-01   7.9849293050E+00   2.2170802152E-04   2.0272900088E+00   2.3809841961E+00   1.4584359732E-04   2.1095430124E+00   2.3497764285E+00   5.8832391584E-04   2.2321815068E+00   2.3878486225E+00   1.6475225627E-03   2.2755665715E+00   2.4040317781E+00   1.8962527663E-03   2.3820959415E+00   2.4408908484E+00   2.1027811175E-03   2.2356125635E+00   2.3950262542E+00   1.5480125014E-03   3.4371558134E-04
   1  -142   0    0  -4.1560309457E-01   7.9856453417E+00   2.2113835751E-04   2.0266781028E+00   2.3811619682E+00   1.4426526214E-04   2.1089644066E+00   2.3500266336E+00   5.8736437366E-04   2.2319931457E+00   2.3880988759E+00   1.6465592686E-03   2.2761803786E+00   2.4044342179E+00   1.8960206047E-03   2.3826163127E+00   2.4413961543E+00   2.1030422090E-03   2.2361538099E+00   2.3954196217E+00   1.5473448661E-03   3.4374598941E-04
   1  -143   0    0  -4.2547966994E-01   7.9863681262E+00   2.2056640599E-04   2.0260606295E+00   2.3813424003E+00   1.4267797407E-04   2.1083823562E+00   2.3502798158E+00   5.8639939062E-04   2.2318026961E+00   2.3883520914E+00   1.6455900971E-03   2.2767993670E+00   2.4048400685E+00   1.8957867439E-03   2.3831407782E+00   2.4419054357E+00   2.1033048701E-03   2.2366983316E+00   2.3958163267E+00   1.5466725169E-03   3.4377665754E-04
   1  -144   0    0  -4.3535429214E-01   7.9870975313E+00   2.1999232140E-04   2.0254376770E+00   2.3815254784E+00   1.4108212031E-04   2.1077970262E+00   2.3505359415E+00   5.8542920187E-04   2.2316101723E+00   2.3886082353E+00   1.6446152762E-03   2.2774234122E+00   2.4052492529E+00   1.8955512340E-03   2.3836692327E+00   2.4424185903E+00   2.1035690386E-03   2.2372460055E+00   2.3962162941E+00   1.5459956006E-03   3.4380757993E-04
   1  -145   0    0  -4.4522699647E-01   7.9878334242E+00   2.1941626036E-04   2.0248093377E+00   2.3817111860E+00   1.3947809657E-04   2.1072085850E+00   2.3507949750E+00   5.8445404770E-04   2.2314155899E+00   2.3888672716E+00   1.6436350390E-03   2.2780523856E+00   2.4056616912E+00   1.8953141268E-03   2.3842015672E+00   2.4429355122E+00   2.1038346507E-03   2.2377967056E+00   2.3966194459E+00   1.5453142684E-03   3.4383875056E-04
   1  -146   0    0  -4.5509782110E-01   7.9885756659E+00   2.1883838151E-04   2.0241757085E+00   2.3818995045E+00   1.3786630676E-04   2.1066172049E+00   2.3510568778E+00   5.8347417338E-04   2.2312189662E+00   2.3891291614E+00   1.6426496242E-03   2.2786861535E+00   2.4060773005E+00   1.8950754757E-03   2.3847376691E+00   2.4434560921E+00   2.1041016412E-03   2.2383503030E+00   2.3970257011E+00   1.5446286761E-03   3.4387016319E-04
   1  -147   0    0  -4.6496680713E-01   7.9893241118E+00   2.1825884540E-04   2.0235368905E+00   2.3820904128E+00   1.3624716261E-04   2.1060230610E+00   2.3513216089E+00   5.8248982893E-04   2.2310203200E+00   2.3893938635E+00   1.6416592756E-03   2.2793245781E+00   2.4064959951E+00   1.8948353353E-03   2.3852774226E+00   2.4439802174E+00   2.1043699437E-03   2.2389066659E+00   2.3974349760E+00   1.5439389831E-03   3.4390181135E-04
   1  -148   0    0  -4.7483399847E-01   7.9900786117E+00   2.1767781427E-04   2.0228929895E+00   2.3822838879E+00   1.3462108340E-04   2.1054263316E+00   2.3515891246E+00   5.8150126893E-04   2.2308196717E+00   2.3896613340E+00   1.6406642419E-03   2.2799675171E+00   2.4069176866E+00   1.8945937621E-03   2.3858207081E+00   2.4445077722E+00   2.1046394901E-03   2.2394656599E+00   2.3978471843E+00   1.5432453535E-03   3.4393368836E-04
   1  -149   0    0  -4.8469944188E-01   7.9908390096E+00   2.1709545196E-04   2.0222441155E+00   2.3824799040E+00   1.3298849560E-04   2.1048271977E+00   2.3518593791E+00   5.8050875236E-04   2.2306170435E+00   2.3899315266E+00   1.6396647767E-03   2.2806148241E+00   2.4073422836E+00   1.8943508138E-03   2.3863674032E+00   2.4450386373E+00   2.1049102115E-03   2.2400271482E+00   2.3982622367E+00   1.5425479548E-03   3.4396578734E-04
   1  -150   0    0  -4.9456318691E-01   7.9916051443E+00   2.1651192375E-04   2.0215903832E+00   2.3826784333E+00   1.3134983252E-04   2.1042258428E+00   2.3521323235E+00   5.7951254231E-04   2.2304124591E+00   2.3902043925E+00   1.6386611381E-03   2.2812663485E+00   2.4077696922E+00   1.8941065495E-03   2.3869173818E+00   2.4455726905E+00   2.1051820373E-03   2.2405909914E+00   2.3986800415E+00   1.5418469589E-03   3.4399810117E-04
   1  -151   0    0  -5.0442528586E-01   7.9923768490E+00   2.1592739614E-04   2.0209319117E+00   2.3828794456E+00   1.2970553397E-04   2.1036224526E+00   2.3524079069E+00   5.7851290582E-04   2.2302059442E+00   2.3904798803E+00   1.6376535886E-03   2.2819219358E+00   2.4081998158E+00   1.8938610297E-03   2.3874705151E+00   2.4461098065E+00   2.1054548961E-03   2.2411570479E+00   2.3991005044E+00   1.5411425411E-03   3.4403062257E-04
   1  -152   0    0  -5.1428579372E-01   7.9931539516E+00   2.1534203678E-04   2.0202688245E+00   2.3830829085E+00   1.2805604585E-04   2.1030172147E+00   2.3526860756E+00   5.7751011365E-04   2.2299975261E+00   2.3907579363E+00   1.6366423948E-03   2.2825814274E+00   2.4086325552E+00   1.8936143164E-03   2.3880266710E+00   2.4466498572E+00   2.1057287153E-03   2.2417251740E+00   2.3995235286E+00   1.5404348805E-03   3.4406334403E-04
   1  -153   0    0  -5.2414476810E-01   7.9939362751E+00   2.1475601424E-04   2.0196012495E+00   2.3832887872E+00   1.2640181980E-04   2.1024103187E+00   2.3529667736E+00   5.7650444002E-04   2.2297872341E+00   2.3910385042E+00   1.6356278274E-03   2.2832446615E+00   2.4090678088E+00   1.8933664727E-03   2.3885857146E+00   2.4471927115E+00   2.1060034211E-03   2.2422952238E+00   2.3999490146E+00   1.5397241595E-03   3.4409625785E-04
   1  -154   0    0  -5.3400226921E-01   7.9947236373E+00   2.1416949789E-04   2.0189293192E+00   2.3834970445E+00   1.2474331283E-04   2.1018019553E+00   2.3532499424E+00   5.7549616241E-04   2.2295750991E+00   2.3913215254E+00   1.6346101608E-03   2.2839114721E+00   2.4095054725E+00   1.8931175630E-03   2.3891475081E+00   2.4477382355E+00   2.1062789388E-03   2.2428670497E+00   2.4003768610E+00   1.5390105640E-03   3.4412935616E-04
   1  -155   0    0  -5.4385835973E-01   7.9955158512E+00   2.1358265773E-04   2.0182531703E+00   2.3837076412E+00   1.2308098687E-04   2.1011923165E+00   2.3535355212E+00   5.7448556131E-04   2.2293611542E+00   2.3916069389E+00   1.6335896728E-03   2.2845816905E+00   2.4099454399E+00   1.8928676528E-03   2.3897119110E+00   2.4482862928E+00   2.1065551930E-03   2.2434405024E+00   2.4008069637E+00   1.5382942830E-03   3.4416263091E-04
   1  -156   0    0  -5.5371310477E-01   7.9963127252E+00   2.1299566420E-04   2.0175729442E+00   2.3839205355E+00   1.2141530841E-04   2.1005815955E+00   2.3538234468E+00   5.7347291994E-04   2.2291454342E+00   2.3918946814E+00   1.6325666447E-03   2.2852551440E+00   2.4103876022E+00   1.8926168089E-03   2.3902787803E+00   2.4488367446E+00   2.1068321070E-03   2.2440154308E+00   2.4012392166E+00   1.5375755088E-03   3.4419607386E-04
   1  -157   0    0  -5.6356657177E-01   7.9971140629E+00   2.1240868805E-04   2.0168887864E+00   2.3841356837E+00   1.1974674806E-04   2.0999699856E+00   2.3541136536E+00   5.7245852405E-04   2.2289279760E+00   2.3921846872E+00   1.6315413607E-03   2.2859316575E+00   2.4108318488E+00   1.8923650990E-03   2.3908479703E+00   2.4493894494E+00   2.1071096037E-03   2.2445916826E+00   2.4016735115E+00   1.5368544364E-03   3.4422967660E-04
   1  -158   0    0  -5.7341883040E-01   7.9979196637E+00   2.1182190017E-04   2.0162008466E+00   2.3843530395E+00   1.1807578011E-04   2.0993576810E+00   2.3544060739E+00   5.7144266161E-04   2.2287088183E+00   2.3924768885E+00   1.6305141076E-03   2.2866110525E+00   2.4112780666E+00   1.8921125921E-03   2.3914193331E+00   2.4499442635E+00   2.1073876050E-03   2.2451691039E+00   2.4021097381E+00   1.5361312636E-03   3.4426343058E-04
   1  -159   0    0  -5.8326995246E-01   7.9987293228E+00   2.1123547138E-04   2.0155092791E+00   2.3845725549E+00   1.1640288212E-04   2.0987448757E+00   2.3547006377E+00   5.7042562260E-04   2.2284880020E+00   2.3927712152E+00   1.6294851751E-03   2.2872931479E+00   2.4117261408E+00   1.8918593579E-03   2.3919927186E+00   2.4505010411E+00   2.1076660324E-03   2.2457475401E+00   2.4025477842E+00   1.5354061908E-03   3.4429732708E-04
   1  -160   0    0  -5.9312001179E-01   7.9995428312E+00   2.1064957233E-04   2.0148142421E+00   2.3847941792E+00   1.1472853446E-04   2.0981317638E+00   2.3549972728E+00   5.6940769869E-04   2.2282655699E+00   2.3930675950E+00   1.6284548549E-03   2.2879777600E+00   2.4121759545E+00   1.8916054672E-03   2.3925679744E+00   2.4510596343E+00   2.1079448066E-03   2.2463268351E+00   2.4029875357E+00   1.5346794207E-03   3.4433135724E-04
   1  -161   0    0  -6.0296908412E-01   8.0003599763E+00   2.1006437327E-04   2.0141158979E+00   2.3850178601E+00   1.1305321985E-04   2.0975185388E+00   2.3552959049E+00   5.6838918296E-04   2.2280415667E+00   2.3933659537E+00   1.6274234407E-03   2.2886647027E+00   2.4126273892E+00   1.8913509916E-03   2.3931449463E+00   2.4516198934E+00   2.1082238479E-03   2.2469068322E+00   2.4034288768E+00   1.5339511584E-03   3.4436551206E-04
   1  -162   0    0  -6.1281724701E-01   8.0011805416E+00   2.0948004391E-04   2.0134144129E+00   2.3852435428E+00   1.1137742287E-04   2.0969053937E+00   2.3555964577E+00   5.6737036967E-04   2.2278160391E+00   2.3936662150E+00   1.6263912282E-03   2.2893537877E+00   2.4130803246E+00   1.8910960034E-03   2.3937234782E+00   2.4521816666E+00   2.1085030761E-03   2.2474873742E+00   2.4038716901E+00   1.5332216109E-03   3.4439978240E-04
   1  -163   0    0  -6.2266457965E-01   8.0020043072E+00   2.0889675327E-04   2.0127099573E+00   2.3854711707E+00   1.0970162955E-04   2.0962925205E+00   2.3558988529E+00   5.6635155393E-04   2.2275890361E+00   2.3939683005E+00   1.6253585142E-03   2.2900448246E+00   2.4135346389E+00   1.8908405756E-03   2.3943034123E+00   2.4527448008E+00   2.1087824108E-03   2.2480683030E+00   2.4043158565E+00   1.5324909872E-03   3.4443415902E-04
   1  -164   0    0  -6.3251116280E-01   8.0028310501E+00   2.0831466946E-04   2.0120027054E+00   2.3857006852E+00   1.0802632680E-04   2.0956801101E+00   2.3562030103E+00   5.6533303140E-04   2.2273606081E+00   2.3942721301E+00   1.6243255968E-03   2.2907376213E+00   2.4139902088E+00   1.8905847821E-03   2.3948845892E+00   2.4533091413E+00   2.1090617710E-03   2.2486494603E+00   2.4047612557E+00   1.5317594977E-03   3.4446863254E-04
   1  -165   0    0  -6.4235707861E-01   8.0036605440E+00   2.0773395955E-04   2.0112928348E+00   2.3859320255E+00   1.0635200199E-04   2.0950683522E+00   2.3565088478E+00   5.6431509803E-04   2.2271308081E+00   2.3945776217E+00   1.6232927749E-03   2.2914319838E+00   2.4144469097E+00   1.8903286971E-03   2.3954668483E+00   2.4538745319E+00   2.1093410759E-03   2.2492306876E+00   2.4052077660E+00   1.5310273545E-03   3.4450319349E-04
   1  -166   0    0  -6.5220241050E-01   8.0044925599E+00   2.0715478936E-04   2.0105805268E+00   2.3861651293E+00   1.0467914242E-04   2.0944574347E+00   2.3568162816E+00   5.6329804972E-04   2.2268996905E+00   2.3948846916E+00   1.6222603480E-03   2.2921277167E+00   2.4149046157E+00   1.8900723955E-03   2.3960500275E+00   2.4544408154E+00   2.1096202443E-03   2.2498118263E+00   2.4056552644E+00   1.5302947707E-03   3.4453783230E-04
   1  -167   0    0  -6.6204724298E-01   8.0053268664E+00   2.0657732335E-04   2.0098659661E+00   2.3863999322E+00   1.0300823479E-04   2.0938475437E+00   2.3571252263E+00   5.6228218202E-04   2.2266673118E+00   2.3951932544E+00   1.6212286158E-03   2.2928246236E+00   2.4153631998E+00   1.8898159525E-03   2.3966339637E+00   2.4550078334E+00   2.1098991952E-03   2.2503927179E+00   2.4061036270E+00   1.5295619606E-03   3.4457253931E-04
   1  -168   0    0  -6.7189166157E-01   8.0061632294E+00   2.0600172439E-04   2.0091493408E+00   2.3866363682E+00   1.0133976473E-04   2.0932388635E+00   2.3574355946E+00   5.6126778985E-04   2.2264337305E+00   2.3955032231E+00   1.6201978780E-03   2.2935225067E+00   2.4158225340E+00   1.8895594436E-03   2.3972184931E+00   2.4555754267E+00   2.1101778473E-03   2.2509732039E+00   2.4065527287E+00   1.5288291391E-03   3.4460730480E-04
   1  -169   0    0  -6.8173575258E-01   8.0070014128E+00   2.0542815363E-04   2.0084308418E+00   2.3868743693E+00   9.9674216246E-05   2.0926315758E+00   2.3577472979E+00   5.6025516714E-04   2.2261990067E+00   2.3958145092E+00   1.6191684337E-03   2.2942211674E+00   2.4162824896E+00   1.8893029447E-03   2.3978034508E+00   2.4561434353E+00   2.1104561199E-03   2.2515531267E+00   2.4070024438E+00   1.5280965217E-03   3.4464211894E-04
   1  -170   0    0  -6.9157960299E-01   8.0078411786E+00   2.0485677030E-04   2.0077106631E+00   2.3871138663E+00   9.8012071211E-05   2.0920258602E+00   2.3580602463E+00   5.5924460652E-04   2.2259632023E+00   2.3961270228E+00   1.6181405816E-03   2.2949204066E+00   2.4167429371E+00   1.8890465319E-03   2.3983886716E+00   2.4567116988E+00   2.1107339321E-03   2.2521323287E+00   2.4074526457E+00   1.5273643245E-03   3.4467697190E-04
   1  -171   0    0  -7.0142330026E-01   8.0086822873E+00   2.0428773158E-04   2.0069890014E+00   2.3873547880E+00   9.6353808835E-05   2.0914218936E+00   2.3583743482E+00   5.5823639904E-04   2.2257263809E+00   2.3964406726E+00   1.6171146190E-03   2.2956200245E+00   2.4172037461E+00   1.8887902812E-03   2.3989739896E+00   2.4572800560E+00   2.1110112037E-03   2.2527106535E+00   2.4079032075E+00   1.5266327631E-03   3.4471185376E-04
   1  -172   0    0  -7.1126693221E-01   8.0095244977E+00   2.0372119241E-04   2.0062660558E+00   2.3875970621E+00   9.4699905132E-05   2.0908198499E+00   2.3586895112E+00   5.5723083380E-04   2.2254886078E+00   2.3967553663E+00   1.6160908421E-03   2.2963198213E+00   2.4176647863E+00   1.8885342687E-03   2.3995592390E+00   2.4578483460E+00   2.1112878546E-03   2.2532879451E+00   2.4083540015E+00   1.5259020535E-03   3.4474675457E-04
   1  -173   0    0  -7.2111058683E-01   8.0103675677E+00   2.0315730534E-04   2.0055420278E+00   2.3878406146E+00   9.3050832395E-05   2.0902199002E+00   2.3590056413E+00   5.5622819766E-04   2.2252499498E+00   2.3970710103E+00   1.6150695453E-03   2.2970195971E+00   2.4181259266E+00   1.8882785706E-03   2.4001442535E+00   2.4584164074E+00   2.1115638053E-03   2.2538640488E+00   2.4088048999E+00   1.5251724109E-03   3.4478166436E-04
   1  -174   0    0  -7.3095435211E-01   8.0112112542E+00   2.0259622036E-04   2.0048171210E+00   2.3880853702E+00   9.1407058657E-05   2.0896222126E+00   2.3593226438E+00   5.5522877489E-04   2.2250104752E+00   2.3973875101E+00   1.6140510209E-03   2.2977191519E+00   2.4185870360E+00   1.8880232626E-03   2.4007288674E+00   2.4589840790E+00   2.1118389769E-03   2.2544388111E+00   2.4092557746E+00   1.5244440501E-03   3.4481657315E-04
   1  -175   0    0  -7.4079831589E-01   8.0120553135E+00   2.0203808475E-04   2.0040915409E+00   2.3883312526E+00   8.9769047167E-05   2.0890269517E+00   2.3596404229E+00   5.5423284690E-04   2.2247702537E+00   2.3977047701E+00   1.6130355590E-03   2.2984182864E+00   2.4190479833E+00   1.8877684205E-03   2.4013129149E+00   2.4595512001E+00   2.1121132913E-03   2.2550120795E+00   2.4097064977E+00   1.5237171849E-03   3.4485147093E-04
   1  -176   0    0  -7.5064256569E-01   8.0128995014E+00   2.0148304293E-04   2.0033654944E+00   2.3885781840E+00   8.8137255863E-05   2.0884342786E+00   2.3599588822E+00   5.5324069185E-04   2.2245293562E+00   2.3980226940E+00   1.6120234469E-03   2.2991168017E+00   2.4195086375E+00   1.8875141195E-03   2.4018962309E+00   2.4601176102E+00   2.1123866710E-03   2.2555837033E+00   2.4101569410E+00   1.5229920277E-03   3.4488634773E-04
   1  -177   0    0  -7.6048718854E-01   8.0137435737E+00   2.0093123631E-04   2.0026391900E+00   2.3888260858E+00   8.6512136849E-05   2.0878443512E+00   2.3602779243E+00   5.5225258439E-04   2.2242878550E+00   2.3983411850E+00   1.6110149688E-03   2.2998144998E+00   2.4199688677E+00   1.8872604344E-03   2.4024786507E+00   2.4606831495E+00   2.1126590393E-03   2.2561535333E+00   2.4106069769E+00   1.5222687899E-03   3.4492119357E-04
   1  -178   0    0  -7.7033227081E-01   8.0145872865E+00   2.0038280314E-04   2.0019128373E+00   2.3890748782E+00   8.4894135880E-05   2.0872573234E+00   2.3605974513E+00   5.5126879531E-04   2.2240458234E+00   2.3986601454E+00   1.6100104055E-03   2.3005111836E+00   2.4204285435E+00   1.8870074395E-03   2.4030600106E+00   2.4612476592E+00   2.1129303206E-03   2.2567214218E+00   2.4110564779E+00   1.5215476808E-03   3.4495599851E-04
   1  -179   0    0  -7.8017789807E-01   8.0154303960E+00   1.9983787837E-04   2.0011866466E+00   2.3893244808E+00   8.3283691856E-05   2.0866733453E+00   2.3609173649E+00   5.5028959127E-04   2.2238033357E+00   2.3989794772E+00   1.6090100344E-03   2.3012066572E+00   2.4208875350E+00   1.8867552085E-03   2.4036401480E+00   2.4618109810E+00   2.1132004402E-03   2.2572872234E+00   2.4115053172E+00   1.5208289082E-03   3.4499075263E-04
   1  -180   0    0  -7.9002415490E-01   8.0162726595E+00   1.9929659354E-04   2.0004608289E+00   2.3895748121E+00   8.1681236320E-05   2.0860925633E+00   2.3612375663E+00   5.4931523447E-04   2.2235604672E+00   2.3992990820E+00   1.6080141287E-03   2.3019007261E+00   2.4213457129E+00   1.8865038145E-03   2.4042189012E+00   2.4623729583E+00   2.1134693248E-03   2.2578507945E+00   2.4119533685E+00   1.5201126773E-03   3.4502544609E-04
   1  -181   0    0  -7.9987112475E-01   8.0171138347E+00   1.9875907660E-04   1.9997355956E+00   2.3898257901E+00   8.0087192975E-05   2.0855151196E+00   2.3615579567E+00   5.4834598234E-04   2.2233172938E+00   2.3996188613E+00   1.6070229571E-03   2.3025931976E+00   2.4218029489E+00   1.8862533294E-03   2.4047961102E+00   2.4629334355E+00   2.1137369019E-03   2.2584119936E+00   2.4124005063E+00   1.5193991912E-03   3.4506006909E-04
   1  -182   0    0  -8.0971888976E-01   8.0179536811E+00   1.9822545185E-04   1.9990111579E+00   2.3900773322E+00   7.8501977205E-05   2.0849411525E+00   2.3618784367E+00   5.4738208730E-04   2.2230738924E+00   2.3999387162E+00   1.6060367840E-03   2.3032838804E+00   2.4222591153E+00   1.8860038248E-03   2.4053716162E+00   2.4634922586E+00   2.1140031005E-03   2.2589706815E+00   2.4128466062E+00   1.5186886500E-03   3.4509461190E-04
   1  -183   0    0  -8.1956753064E-01   8.0187919593E+00   1.9769583978E-04   1.9982877271E+00   2.3903293553E+00   7.6925995621E-05   2.0843707959E+00   2.3621989074E+00   5.4642379645E-04   2.2228303400E+00   2.4002585481E+00   1.6050558686E-03   2.3039725857E+00   2.4227140859E+00   1.8857553707E-03   2.4059452623E+00   2.4640492752E+00   2.1142678510E-03   2.2595267217E+00   2.4132915447E+00   1.5179812512E-03   3.4512906487E-04
   1  -184   0    0  -8.2941712652E-01   8.0196284319E+00   1.9717035697E-04   1.9975655138E+00   2.3905817760E+00   7.5359645607E-05   2.0838041796E+00   2.3625192697E+00   5.4547135128E-04   2.2225867145E+00   2.4005782582E+00   1.6040804651E-03   2.3046591264E+00   2.4231677354E+00   1.8855080366E-03   2.4065168936E+00   2.4646043347E+00   2.1145310851E-03   2.2600799799E+00   2.4137351995E+00   1.5172771890E-03   3.4516341847E-04
   1  -185   0    0  -8.3926775476E-01   8.0204628632E+00   1.9664911600E-04   1.9968447277E+00   2.3908345104E+00   7.3803314903E-05   2.0832414290E+00   2.3628394247E+00   5.4452498746E-04   2.2223430938E+00   2.4008977483E+00   1.6031108220E-03   2.3053433181E+00   2.4236199400E+00   1.8852618904E-03   2.4070863570E+00   2.4651572887E+00   2.1147927362E-03   2.2606303246E+00   2.4141774496E+00   1.5165766541E-03   3.4519766323E-04
   1  -186   0    0  -8.4911949088E-01   8.0212950202E+00   1.9613222536E-04   1.9961255777E+00   2.3910874747E+00   7.2257381189E-05   2.0826826653E+00   2.3631592739E+00   5.4358493455E-04   2.2220995562E+00   2.4012169202E+00   1.6021471820E-03   2.3060249789E+00   2.4240705774E+00   1.8850169991E-03   2.4076535017E+00   2.4657079908E+00   2.1150527391E-03   2.2611776272E+00   2.4146181755E+00   1.5158798338E-03   3.4523178984E-04
   1  -187   0    0  -8.5897240838E-01   8.0221246720E+00   1.9561978934E-04   1.9954082711E+00   2.3913405850E+00   7.0722211701E-05   2.0821280053E+00   2.3634787195E+00   5.4265141579E-04   2.2218561799E+00   2.4015356765E+00   1.6011897820E-03   2.3067039297E+00   2.4245195270E+00   1.8847734281E-03   2.4082181794E+00   2.4662562969E+00   2.1153110304E-03   2.2617217617E+00   2.4150572594E+00   1.5151869114E-03   3.4526578907E-04
   1  -188   0    0  -8.6882657864E-01   8.0229515908E+00   1.9511190796E-04   1.9946930138E+00   2.3915937572E+00   6.9198162859E-05   2.0815775610E+00   2.3637976639E+00   5.4172464785E-04   2.2216130431E+00   2.4018539201E+00   1.6002388523E-03   2.3073799941E+00   2.4249666698E+00   1.8845312417E-03   2.4087802443E+00   2.4668020654E+00   2.1155675483E-03   2.2622626053E+00   2.4154945850E+00   1.5144980662E-03   3.4529965186E-04
   1  -189   0    0  -8.7868207077E-01   8.0237755516E+00   1.9460867694E-04   1.9939800095E+00   2.3918469077E+00   6.7685579929E-05   2.0810314404E+00   2.3641160104E+00   5.4080484064E-04   2.2213702239E+00   2.4021715548E+00   1.5992946169E-03   2.3080529990E+00   2.4254118889E+00   1.8842905026E-03   2.4093395532E+00   2.4673451573E+00   2.1158222330E-03   2.2628000384E+00   2.4159300380E+00   1.5138134733E-03   3.4533336928E-04
   1  -190   0    0  -8.8853895156E-01   8.0245963328E+00   1.9411018756E-04   1.9932694601E+00   2.3920999529E+00   6.6184796698E-05   2.0804897468E+00   2.3644336631E+00   5.3989219713E-04   2.2211278001E+00   2.4024884851E+00   1.5983572928E-03   2.3087227745E+00   2.4258550691E+00   1.8840512719E-03   2.4098959657E+00   2.4678854364E+00   2.1160750263E-03   2.2633339444E+00   2.4163635060E+00   1.5131333033E-03   3.4536693255E-04
   1  -191   0    0  -8.9839728531E-01   8.0254137162E+00   1.9361652670E-04   1.9925615647E+00   2.3923528097E+00   6.4696135181E-05   2.0799525789E+00   2.3647505270E+00   5.3898691313E-04   2.2208858489E+00   2.4028046166E+00   1.5974270905E-03   2.3093891542E+00   2.4262960976E+00   1.8838136092E-03   2.4104493447E+00   2.4684227694E+00   2.1163258721E-03   2.2638642101E+00   2.4167948786E+00   1.5124577221E-03   3.4540033305E-04
   1  -192   0    0  -9.0825713378E-01   8.0262274872E+00   1.9312777672E-04   1.9918565200E+00   2.3926053954E+00   6.3219905345E-05   2.0794200310E+00   2.3650665081E+00   5.3808917716E-04   2.2206444472E+00   2.4031198557E+00   1.5965042127E-03   2.3100519751E+00   2.4267348638E+00   1.8835775724E-03   2.4109995557E+00   2.4689570259E+00   2.1165747161E-03   2.2643907255E+00   2.4172240478E+00   1.5117868911E-03   3.4543356234E-04
   1  -193   0    0  -9.1811855607E-01   8.0270374355E+00   1.9264401548E-04   1.9911545196E+00   2.3928576281E+00   6.1756404871E-05   2.0788921930E+00   2.3653815136E+00   5.3719917027E-04   2.2204036711E+00   2.4034341102E+00   1.5955888553E-03   2.3107110781E+00   2.4271712594E+00   1.8833432178E-03   2.4115464679E+00   2.4694880789E+00   2.1168215061E-03   2.2649133842E+00   2.4176509077E+00   1.5111209665E-03   3.4546661216E-04
   1  -194   0    0  -9.2798160857E-01   8.0278433546E+00   1.9216531628E-04   1.9904557538E+00   2.3931094262E+00   6.0305918933E-05   2.0783691501E+00   2.3656954521E+00   5.3631706595E-04   2.2201635959E+00   2.4037472890E+00   1.5946812065E-03   2.3113663078E+00   2.4276051785E+00   1.8831105997E-03   2.4120899536E+00   2.4700158043E+00   2.1170661919E-03   2.2654320834E+00   2.4180753548E+00   1.5104600993E-03   3.4549947444E-04
   1  -195   0    0  -9.3784634488E-01   8.0286450425E+00   1.9169174785E-04   1.9897604097E+00   2.3933607092E+00   5.8868720011E-05   2.0778509831E+00   2.3660082332E+00   5.3544302996E-04   2.2199242961E+00   2.4040593024E+00   1.5937814469E-03   2.3120175128E+00   2.4280365179E+00   1.8828797707E-03   2.4126298887E+00   2.4705400817E+00   2.1173087254E-03   2.2659467237E+00   2.4184972881E+00   1.5098044356E-03   3.4553214128E-04
   1  -196   0    0  -9.4771281574E-01   8.0294423016E+00   1.9122337438E-04   1.9890686707E+00   2.3936113973E+00   5.7445067724E-05   2.0773377683E+00   2.3663197683E+00   5.3457722028E-04   2.2196858453E+00   2.4043700622E+00   1.5928897492E-03   2.3126645459E+00   2.4284651770E+00   1.8826507817E-03   2.4131661527E+00   2.4710607940E+00   2.1175490605E-03   2.2664572095E+00   2.4189166093E+00   1.5091541158E-03   3.4556460502E-04
   1  -197   0    0  -9.5758106901E-01   8.0302349391E+00   1.9076025546E-04   1.9883807161E+00   2.3938614118E+00   5.6035208697E-05   2.0768295775E+00   2.3666299702E+00   5.3371978700E-04   2.2194483158E+00   2.4046794819E+00   1.5920062786E-03   2.3133072641E+00   2.4288910578E+00   1.8824236814E-03   2.4136986286E+00   2.4715778278E+00   2.1177871536E-03   2.2669634487E+00   2.4193332225E+00   1.5085092751E-03   3.4559685819E-04
   1  -198   0    0  -9.6745114958E-01   8.0310227672E+00   1.9030244614E-04   1.9876967213E+00   2.3941106751E+00   5.4639376458E-05   2.0763264782E+00   2.3669387535E+00   5.3287087226E-04   2.2192117787E+00   2.4049874763E+00   1.5911311918E-03   2.3139455286E+00   2.4293140654E+00   1.8821985166E-03   2.4142272034E+00   2.4720910732E+00   2.1180229627E-03   2.2674653533E+00   2.4197470349E+00   1.5078700429E-03   3.4562889353E-04
   1  -199   0    0  -9.7732309936E-01   8.0318056029E+00   1.8984999693E-04   1.9870168574E+00   2.3943591105E+00   5.3257791354E-05   2.0758285335E+00   2.3672460342E+00   5.3203061021E-04   2.2189763041E+00   2.4052939622E+00   1.5902646380E-03   2.3145792052E+00   2.4297341075E+00   1.8819753322E-03   2.4147517679E+00   2.4726004243E+00   2.1182564484E-03   2.2679628388E+00   2.4201579563E+00   1.5072365429E-03   3.4566070402E-04
   1  -200   0    0  -9.8719695728E-01   8.0325832687E+00   1.8940295383E-04   1.9863412911E+00   2.3946066428E+00   5.1890660502E-05   2.0753358022E+00   2.3675517305E+00   5.3119912697E-04   2.2187419603E+00   2.4055988582E+00   1.5894067580E-03   2.3152081642E+00   2.4301510951E+00   1.8817541712E-03   2.4152722167E+00   2.4731057788E+00   2.1184875735E-03   2.2684558246E+00   2.4205658994E+00   1.5066088935E-03   3.4569228286E-04
   1  -201   0    0  -9.9707275924E-01   8.0333555922E+00   1.8896135836E-04   1.9856701843E+00   2.3948531981E+00   5.0538177764E-05   2.0748483385E+00   2.3678557624E+00   5.3037654060E-04   2.2185088145E+00   2.4059020848E+00   1.5885576846E-03   2.3158322803E+00   2.4305649418E+00   1.8815350743E-03   2.4157884486E+00   2.4736070384E+00   2.1187163026E-03   2.2689442339E+00   2.4209707798E+00   1.5059872067E-03   3.4572362347E-04
   1  -202  -4    8  -9.9999979203E-01   8.0335834164E+00   1.8883154528E-04   1.9854721843E+00   2.3949260655E+00   5.0140215465E-05   2.0747048999E+00   2.3679455298E+00   5.3013449574E-04   2.2184399625E+00   2.4059916126E+00   1.5883077752E-03   2.3160162865E+00   2.4306869680E+00   1.8814705480E-03   2.4159406074E+00   2.4737547841E+00   2.1187836205E-03   2.2690880822E+00   2.4210901643E+00   1.5058041334E-03   3.4573286444E-04
