       
   1    -1   0    0   9.9999997278E-01   7.9976775877E+00   2.1993753196E-04   2.0769236481E+00   2.3839052018E+00   4.9247363355E-04   2.1641638501E+00   2.3513776335E+00   8.0294773175E-04   2.2547824835E+00   2.3893681183E+00   1.8617418917E-03   2.2325065037E+00   2.4031497129E+00   1.9330869198E-03   2.3694698406E+00   2.4287658499E+00   2.0492510207E-03   2.2250379828E+00   2.3952475813E+00   1.6693502877E-03   3.3306917890E-04
   1    -2   0    0   9.8001096053E-01   7.9978850945E+00   2.1958440811E-04   2.0766333407E+00   2.3839140657E+00   4.9129152439E-04   2.1639443752E+00   2.3514306566E+00   8.0223799287E-04   2.2546253958E+00   2.3894237351E+00   1.8611038294E-03   2.2327949157E+00   2.4033340365E+00   1.9329603563E-03   2.3697232568E+00   2.4290119675E+00   2.0494281456E-03   2.2250810834E+00   2.3954278724E+00   1.6689702166E-03   3.3308238886E-04
   1    -3   0    0   9.7001680073E-01   7.9979921578E+00   2.1940263663E-04   2.0764836768E+00   2.3839187282E+00   4.9068253164E-04   2.1638311075E+00   2.3514580545E+00   8.0187234618E-04   2.2545444603E+00   2.3894524666E+00   1.8607750362E-03   2.2329436260E+00   2.4034290319E+00   1.9328951117E-03   2.3698538375E+00   2.4291387872E+00   2.0495194036E-03   2.2251035613E+00   2.3955207876E+00   1.6687742963E-03   3.3308919727E-04
   1    -4   0    0   9.6002288379E-01   7.9981014837E+00   2.1921732074E-04   2.0763309351E+00   2.3839235519E+00   4.9006131438E-04   2.1637154255E+00   2.3514860599E+00   8.0149935474E-04   2.2544618949E+00   2.3894818303E+00   1.8604395872E-03   2.2330954114E+00   2.4035259600E+00   1.9328285276E-03   2.3699870584E+00   2.4292681712E+00   2.0496124990E-03   2.2251266831E+00   2.3956155918E+00   1.6685743609E-03   3.3309614443E-04
   1    -5   0    0   9.5002921908E-01   7.9982131147E+00   2.1902840670E-04   2.0761750612E+00   2.3839285423E+00   4.8942767155E-04   2.1635972828E+00   2.3515146852E+00   8.0111889751E-04   2.2543776725E+00   2.3895118394E+00   1.8600973705E-03   2.2332503268E+00   2.4036248537E+00   1.9327605807E-03   2.3701229641E+00   2.4294001625E+00   2.0497074622E-03   2.2251504690E+00   2.3957123171E+00   1.6683703408E-03   3.3310323273E-04
   1    -6   0    0   9.4003581629E-01   7.9983270942E+00   2.1883584061E-04   2.0760160006E+00   2.3839337055E+00   4.8878140074E-04   2.1634766324E+00   2.3515439434E+00   8.0073085265E-04   2.2542917659E+00   2.3895425070E+00   1.8597482733E-03   2.2334084277E+00   2.4037257465E+00   1.9326912475E-03   2.3702615993E+00   2.4295348045E+00   2.0498043239E-03   2.2251749394E+00   2.3958109963E+00   1.6681621655E-03   3.3311046458E-04
   1    -7   0    0   9.3004268540E-01   7.9984434660E+00   2.1863956850E-04   2.0758536981E+00   2.3839390476E+00   4.8812229831E-04   2.1633534265E+00   2.3515738477E+00   8.0033509755E-04   2.2542041478E+00   2.3895738464E+00   1.8593921817E-03   2.2335697703E+00   2.4038286720E+00   1.9326205041E-03   2.3704030091E+00   2.4296721412E+00   2.0499031150E-03   2.2252001158E+00   2.3959116619E+00   1.6679497641E-03   3.3311784241E-04
   1    -8   0    0   9.2004983675E-01   7.9985622745E+00   2.1843953631E-04   2.0756880980E+00   2.3839445750E+00   4.8745015948E-04   2.1632276167E+00   2.3516044112E+00   7.9993150890E-04   2.2541147908E+00   2.3896058714E+00   1.8590289815E-03   2.2337344113E+00   2.4039336640E+00   1.9325483267E-03   2.3705472389E+00   2.4298122166E+00   2.0500038665E-03   2.2252260201E+00   2.3960143471E+00   1.6677330650E-03   3.3312536865E-04
   1    -9   0    0   9.1005728101E-01   7.9986835647E+00   2.1823568997E-04   2.0755191441E+00   2.3839502942E+00   4.8676477839E-04   2.1630991540E+00   2.3516356475E+00   7.9951996276E-04   2.2540236672E+00   2.3896385957E+00   1.8586585575E-03   2.2339024079E+00   2.4040407568E+00   1.9324746909E-03   2.3706943344E+00   2.4299550750E+00   2.0501066096E-03   2.2252526751E+00   2.3961190853E+00   1.6675119961E-03   3.3313304577E-04
   1   -10   0    0   9.0006502918E-01   7.9988073822E+00   2.1802797541E-04   2.0753467796E+00   2.3839562119E+00   4.8606594829E-04   2.1629679886E+00   2.3516675704E+00   7.9910033460E-04   2.2539307492E+00   2.3896720335E+00   1.8582807938E-03   2.2340738180E+00   2.4041499846E+00   1.9323995723E-03   2.3708443416E+00   2.4301007612E+00   2.0502113758E-03   2.2252801041E+00   2.3962259099E+00   1.6672864846E-03   3.3314087626E-04
   1   -11   0    0   8.9007309262E-01   7.9989337731E+00   2.1781633860E-04   2.0751709474E+00   2.3839623352E+00   4.8535346156E-04   2.1628340701E+00   2.3517001940E+00   7.9867249937E-04   2.2538360089E+00   2.3897061990E+00   1.8578955740E-03   2.2342486999E+00   2.4042613822E+00   1.9323229465E-03   2.3709973068E+00   2.4302493201E+00   2.0503181967E-03   2.2253083315E+00   2.3963348546E+00   1.6670564574E-03   3.3314886261E-04
   1   -12   0    0   8.8008148305E-01   7.9990627840E+00   2.1760072562E-04   2.0749915900E+00   2.3839686714E+00   4.8462710987E-04   2.1626973474E+00   2.3517335323E+00   7.9823633159E-04   2.2537394184E+00   2.3897411069E+00   1.8575027811E-03   2.2344271126E+00   2.4043749844E+00   1.9322447887E-03   2.3711532764E+00   2.4304007968E+00   2.0504271038E-03   2.2253373822E+00   2.3964459536E+00   1.6668218406E-03   3.3315700734E-04
   1   -13   0    0   8.7009021256E-01   7.9991944623E+00   2.1738108269E-04   2.0748086492E+00   2.3839752279E+00   4.8388668431E-04   2.1625577690E+00   2.3517675999E+00   7.9779170539E-04   2.2536409497E+00   2.3897767718E+00   1.8571022975E-03   2.2346091155E+00   2.4044908261E+00   1.9321650740E-03   2.3713122973E+00   2.4305552367E+00   2.0505381290E-03   2.2253672819E+00   2.3965592409E+00   1.6665825602E-03   3.3316531298E-04
   1   -14   0    0   8.6009929358E-01   7.9993288556E+00   2.1715735619E-04   2.0746220668E+00   2.3839820124E+00   4.8313197551E-04   2.1624152824E+00   2.3518024114E+00   7.9733849463E-04   2.2535405746E+00   2.3898132087E+00   1.8566940053E-03   2.2347947684E+00   2.4046089427E+00   1.9320837773E-03   2.3714744163E+00   2.4307126854E+00   2.0506513040E-03   2.2253980575E+00   2.3966747509E+00   1.6663385415E-03   3.3317378208E-04
   1   -15   0    0   8.5010873897E-01   7.9994660124E+00   2.1692949278E-04   2.0744317837E+00   2.3839890330E+00   4.8236277374E-04   2.1622698346E+00   2.3518379819E+00   7.9687657292E-04   2.2534382648E+00   2.3898504329E+00   1.8562777862E-03   2.2349841317E+00   2.4047293695E+00   1.9320008735E-03   2.3716396804E+00   2.4308731886E+00   2.0507666609E-03   2.2254297362E+00   2.3967925180E+00   1.6660897095E-03   3.3318241720E-04
   1   -16   0    0   8.4011856192E-01   7.9996059815E+00   2.1669743934E-04   2.0742377410E+00   2.3839962978E+00   4.8157886913E-04   2.1621213721E+00   2.3518743264E+00   7.9640581377E-04   2.2533339924E+00   2.3898884598E+00   1.8558535216E-03   2.2351772661E+00   2.4048521421E+00   1.9319163373E-03   2.3718081369E+00   2.4310367920E+00   2.0508842316E-03   2.2254623466E+00   2.3969125770E+00   1.6658359890E-03   3.3319122090E-04
   1   -17   0    0   8.3012877606E-01   7.9997488122E+00   2.1646114313E-04   2.0740398791E+00   2.3840038154E+00   4.8078005172E-04   2.1619698406E+00   2.3519114603E+00   7.9592609064E-04   2.2532277289E+00   2.3899273050E+00   1.8554210926E-03   2.2353742331E+00   2.4049772961E+00   1.9318301433E-03   2.3719798332E+00   2.4312035418E+00   2.0510040481E-03   2.2254959178E+00   2.3970349626E+00   1.6655773044E-03   3.3320019576E-04
   1   -18   0    0   8.2013939539E-01   7.9998945546E+00   2.1622055179E-04   2.0738381382E+00   2.3840115946E+00   4.7996611171E-04   2.1618151852E+00   2.3519493992E+00   7.9543727703E-04   2.2531194463E+00   2.3899669844E+00   1.8549803803E-03   2.2355750941E+00   2.4051048674E+00   1.9317422659E-03   2.3721548166E+00   2.4313734838E+00   2.0511261424E-03   2.2255304800E+00   2.3971597096E+00   1.6653135795E-03   3.3320934438E-04
   1   -19   0    0   8.1015043432E-01   8.0000432590E+00   2.1597561338E-04   2.0736324583E+00   2.3840196443E+00   4.7913683953E-04   2.1616573505E+00   2.3519881590E+00   7.9493924660E-04   2.2530091164E+00   2.3900075143E+00   1.8545312656E-03   2.2357799112E+00   2.4052348918E+00   1.9316526795E-03   2.3723331346E+00   2.4315466643E+00   2.0512505465E-03   2.2255660644E+00   2.3972868530E+00   1.6650447385E-03   3.3321866934E-04
   1   -20   0    0   8.0016190767E-01   8.0001949763E+00   2.1572627648E-04   2.0734227790E+00   2.3840279740E+00   4.7829202609E-04   2.1614962804E+00   2.3520277558E+00   7.9443187324E-04   2.2528967110E+00   2.3900489108E+00   1.8540736295E-03   2.2359887467E+00   2.4053674053E+00   1.9315613586E-03   2.3725148348E+00   2.4317231294E+00   2.0513772923E-03   2.2256027032E+00   2.3974164279E+00   1.6647707050E-03   3.3322817325E-04
   1   -21   0    0   7.9017383066E-01   8.0003497579E+00   2.1547249021E-04   2.0732090398E+00   2.3840365932E+00   4.7743146290E-04   2.1613319182E+00   2.3520682059E+00   7.9391503120E-04   2.2527822023E+00   2.3900911907E+00   1.8536073531E-03   2.2362016635E+00   2.4055024438E+00   1.9314682773E-03   2.3726999645E+00   2.4319029251E+00   2.0515064116E-03   2.2256404295E+00   2.3975484694E+00   1.6644914024E-03   3.3323785873E-04
   1   -22   0    0   7.8018621896E-01   8.0005076557E+00   2.1521420434E-04   2.0729911801E+00   2.3840455119E+00   4.7655494226E-04   2.1611642068E+00   2.3521095259E+00   7.9338859519E-04   2.2526655622E+00   2.3901343705E+00   1.8531323177E-03   2.2364187244E+00   2.4056400435E+00   1.9313734100E-03   2.3728885713E+00   2.4320860975E+00   2.0516379364E-03   2.2256792774E+00   2.3976830124E+00   1.6642067544E-03   3.3324772836E-04
   1   -23   0    0   7.7019908864E-01   8.0006687220E+00   2.1495136930E-04   2.0727691389E+00   2.3840547403E+00   4.7566225746E-04   2.1609930882E+00   2.3521517325E+00   7.9285244049E-04   2.2525467631E+00   2.3901784675E+00   1.8526484049E-03   2.2366399928E+00   2.4057802403E+00   1.9312767309E-03   2.3730807026E+00   2.4322726927E+00   2.0517718981E-03   2.2257192822E+00   2.3978200921E+00   1.6639166845E-03   3.3325778478E-04
   1   -24   0    0   7.6021245620E-01   8.0008330096E+00   2.1468393625E-04   2.0725428554E+00   2.3840642890E+00   4.7475320297E-04   2.1608185043E+00   2.3521948428E+00   7.9230644305E-04   2.2524257772E+00   2.3902234988E+00   1.8521554966E-03   2.2368655322E+00   2.4059230703E+00   1.9311782142E-03   2.3732764055E+00   2.4324627565E+00   2.0519083283E-03   2.2257604802E+00   2.3979597437E+00   1.6636211160E-03   3.3326803058E-04
   1   -25   0    0   7.5022633858E-01   8.0010005718E+00   2.1441185719E-04   2.0723122685E+00   2.3840741688E+00   4.7382757463E-04   2.1606403960E+00   2.3522388739E+00   7.9175047965E-04   2.2523025772E+00   2.3902694818E+00   1.8516534754E-03   2.2370954063E+00   2.4060685695E+00   1.9310778343E-03   2.3734757272E+00   2.4326563347E+00   2.0520472584E-03   2.2258029089E+00   2.3981020020E+00   1.6633199726E-03   3.3327846837E-04
   1   -26   0    0   7.4024075315E-01   8.0011714620E+00   2.1413508499E-04   2.0720773172E+00   2.3840843910E+00   4.7288516989E-04   2.1604587040E+00   2.3522838434E+00   7.9118442798E-04   2.2521771359E+00   2.3903164343E+00   1.8511422244E-03   2.2373296790E+00   2.4062167736E+00   1.9309755653E-03   2.3736787146E+00   2.4328534728E+00   2.0521887193E-03   2.2258466068E+00   2.3982469020E+00   1.6630131781E-03   3.3328910076E-04
   1   -27   0    0   7.3025571771E-01   8.0013457344E+00   2.1385357346E-04   2.0718379405E+00   2.3840949669E+00   4.7192578797E-04   2.1602733685E+00   2.3523297690E+00   7.9060816680E-04   2.2520494263E+00   2.3903643741E+00   1.8506216275E-03   2.2375684143E+00   2.4063677185E+00   1.9308713816E-03   2.3738854144E+00   2.4330542162E+00   2.0523327419E-03   2.2258916138E+00   2.3983944786E+00   1.6627006565E-03   3.3329993034E-04
   1   -28   0    0   7.2027125051E-01   8.0015234433E+00   2.1356727744E-04   2.0715940775E+00   2.3841059085E+00   4.7094923013E-04   2.1600843289E+00   2.3523766685E+00   7.9002157606E-04   2.2519194217E+00   2.3904133192E+00   1.8500915693E-03   2.2378116763E+00   2.4065214400E+00   1.9307652578E-03   2.3740958730E+00   2.4332586099E+00   2.0524793569E-03   2.2259379708E+00   2.3985447665E+00   1.6623823319E-03   3.3331095970E-04
   1   -29   0    0   7.1028737024E-01   8.0017046435E+00   2.1327615285E-04   2.0713456671E+00   2.3841172280E+00   4.6995529990E-04   2.1598915245E+00   2.3524245601E+00   7.8942453705E-04   2.2517870958E+00   2.3904632880E+00   1.8495519354E-03   2.2380595293E+00   2.4066779733E+00   1.9306571684E-03   2.3743101365E+00   2.4334666987E+00   2.0526285944E-03   2.2259857199E+00   2.3986978001E+00   1.6620581289E-03   3.3332219142E-04
   1   -30   0    0   7.0030409603E-01   8.0018893902E+00   2.1298015680E-04   2.0710926487E+00   2.3841289379E+00   4.6894380326E-04   2.1596948940E+00   2.3524734622E+00   7.8881693251E-04   2.2516524225E+00   2.3905142989E+00   1.8490026126E-03   2.2383120376E+00   2.4068373540E+00   1.9305470880E-03   2.3745282507E+00   2.4336785270E+00   2.0527804844E-03   2.2260349047E+00   2.3988536139E+00   1.6617279726E-03   3.3333362805E-04
   1   -31   0    0   6.9032144745E-01   8.0020777386E+00   2.1267924760E-04   2.0708349619E+00   2.3841410511E+00   4.6791454895E-04   2.1594943756E+00   2.3525233932E+00   7.8819864681E-04   2.2515153761E+00   2.3905663707E+00   1.8484434889E-03   2.2385692652E+00   2.4069996170E+00   1.9304349915E-03   2.3747502608E+00   2.4338941388E+00   2.0529350563E-03   2.2260855699E+00   2.3990122420E+00   1.6613917885E-03   3.3334527216E-04
   1   -32   0    0   6.8033944451E-01   8.0022697446E+00   2.1237338492E-04   2.0705725462E+00   2.3841535808E+00   4.6686734868E-04   2.1592899072E+00   2.3525743720E+00   7.8756956608E-04   2.2513759314E+00   2.3906195222E+00   1.8478744534E-03   2.2388312764E+00   2.4071647973E+00   1.9303208539E-03   2.3749762119E+00   2.4341135778E+00   2.0530923394E-03   2.2261377615E+00   2.3991737182E+00   1.6610495025E-03   3.3335712627E-04
   1   -33   0    0   6.7035810767E-01   8.0024654641E+00   2.1206252981E-04   2.0703053417E+00   2.3841665408E+00   4.6580201736E-04   2.1590814265E+00   2.3526264175E+00   7.8692957835E-04   2.2512340636E+00   2.3906737726E+00   1.8472953970E-03   2.2390981352E+00   2.4073329293E+00   1.9302046504E-03   2.3752061481E+00   2.4343368870E+00   2.0532523623E-03   2.2261915270E+00   2.3993380761E+00   1.6607010415E-03   3.3336919290E-04
   1   -34   0    0   6.6037745781E-01   8.0026649534E+00   2.1174664478E-04   2.0700332888E+00   2.3841799449E+00   4.6471837344E-04   2.1588688704E+00   2.3526795489E+00   7.8627857374E-04   2.2510897484E+00   2.3907291409E+00   1.8467062120E-03   2.2393699056E+00   2.4075040472E+00   1.9300863564E-03   2.3754401135E+00   2.4345641089E+00   2.0534151531E-03   2.2262469150E+00   2.3995053491E+00   1.6603463328E-03   3.3338147453E-04
   1   -35   0    0   6.5039751626E-01   8.0028682690E+00   2.1142569392E-04   2.0697563282E+00   2.3841938075E+00   4.6361623909E-04   2.1586521759E+00   2.3527337856E+00   7.8561644460E-04   2.2509429619E+00   2.3907856467E+00   1.8461067925E-03   2.2396466512E+00   2.4076781850E+00   1.9299659478E-03   2.3756781512E+00   2.4347952857E+00   2.0535807393E-03   2.2263039757E+00   2.3996755700E+00   1.6599853047E-03   3.3339397364E-04
   1   -36   0    0   6.4041830479E-01   8.0030754676E+00   2.1109964294E-04   2.0694744011E+00   2.3842081435E+00   4.6249544053E-04   2.1584312796E+00   2.3527891471E+00   7.8494308566E-04   2.2507936808E+00   2.3908433096E+00   1.8454970346E-03   2.2399284355E+00   2.4078553761E+00   1.9298434004E-03   2.3759203039E+00   2.4350304585E+00   2.0537491482E-03   2.2263627607E+00   2.3998487713E+00   1.6596178862E-03   3.3340669265E-04
   1   -37   0    0   6.3043984557E-01   8.0032866060E+00   2.1076845928E-04   2.0691874493E+00   2.3842229679E+00   4.6135580827E-04   2.1582061176E+00   2.3528456531E+00   7.8425839423E-04   2.2506418825E+00   2.3909021493E+00   1.8448768363E-03   2.2402153217E+00   2.4080356536E+00   1.9297186905E-03   2.3761666133E+00   2.4352696681E+00   2.0539204060E-03   2.2264233230E+00   2.4000249851E+00   1.6592440075E-03   3.3341963399E-04
   1   -38   0    0   6.2046216122E-01   8.0035017412E+00   2.1043211217E-04   2.0688954149E+00   2.3842382963E+00   4.6019717744E-04   2.1579766261E+00   2.3529033236E+00   7.8356227033E-04   2.2504875449E+00   2.3909621858E+00   1.8442460978E-03   2.2405073727E+00   2.4082190500E+00   1.9295917949E-03   2.3764171207E+00   2.4355129545E+00   2.0540945386E-03   2.2264857171E+00   2.4002042432E+00   1.6588635997E-03   3.3343280002E-04
   1   -39   0    0   6.1048527475E-01   8.0037209304E+00   2.1009057274E-04   2.0685982411E+00   2.3842541446E+00   4.5901938800E-04   2.1577427410E+00   2.3529621787E+00   7.8285461690E-04   2.2503306467E+00   2.3910234391E+00   1.8436047217E-03   2.2408046508E+00   2.4084055975E+00   1.9294626905E-03   2.3766718663E+00   2.4357603567E+00   2.0542715710E-03   2.2265499988E+00   2.4003865766E+00   1.6584765951E-03   3.3344619308E-04
   1   -40   0    0   6.0050920959E-01   8.0039442307E+00   2.0974381408E-04   2.0682958713E+00   2.3842705291E+00   4.5782228513E-04   2.1575043978E+00   2.3530222386E+00   7.8213533994E-04   2.2501711671E+00   2.3910859295E+00   1.8429526133E-03   2.2411072182E+00   2.4085953275E+00   1.9293313548E-03   2.3769308897E+00   2.4360119132E+00   2.0544515275E-03   2.2266162257E+00   2.4005720159E+00   1.6580829273E-03   3.3345981549E-04
   1   -41   0    0   5.9053398959E-01   8.0041716995E+00   2.0939181133E-04   2.0679882500E+00   2.3842874665E+00   4.5660571944E-04   2.1572615323E+00   2.3530835237E+00   7.8140434874E-04   2.2500090863E+00   2.3911496772E+00   1.8422896802E-03   2.2414151363E+00   2.4087882711E+00   1.9291977656E-03   2.3771942293E+00   2.4362676612E+00   2.0546344317E-03   2.2266844567E+00   2.4007605913E+00   1.6576825312E-03   3.3347366950E-04
   1   -42   0    0   5.8055963895E-01   8.0044033941E+00   2.0903454178E-04   2.0676753223E+00   2.3843049740E+00   4.5536954734E-04   2.1570140798E+00   2.3531460546E+00   7.8066155599E-04   2.2498443851E+00   2.3912147029E+00   1.8416158332E-03   2.2417284661E+00   2.4089844586E+00   1.9290619013E-03   2.3774619228E+00   2.4365276373E+00   2.0548203062E-03   2.2267547525E+00   2.4009523321E+00   1.6572753430E-03   3.3348775733E-04
   1   -43   0    0   5.7058618227E-01   8.0046393717E+00   2.0867198493E-04   2.0673570343E+00   2.3843230690E+00   4.5411363128E-04   2.1567619757E+00   2.3532098519E+00   7.7990687802E-04   2.2496770452E+00   2.3912810270E+00   1.8409309857E-03   2.2420472679E+00   2.4091839197E+00   1.9289237406E-03   2.3777340066E+00   2.4367918769E+00   2.0550091728E-03   2.2268271750E+00   2.4011472672E+00   1.6568613008E-03   3.3350208116E-04
   1   -44   0    0   5.6061364452E-01   8.0048796896E+00   2.0830412261E-04   2.0670333330E+00   2.3843417696E+00   4.5283784010E-04   2.1565051556E+00   2.3532749365E+00   7.7914023496E-04   2.2495070491E+00   2.3913486704E+00   1.8402350547E-03   2.2423716014E+00   2.4093866832E+00   1.9287832631E-03   2.3780105161E+00   2.4370604145E+00   2.0552010523E-03   2.2269017881E+00   2.4013454246E+00   1.6564403440E-03   3.3351664310E-04
   1   -45   0    0   5.5064205103E-01   8.0051244049E+00   2.0793093901E-04   2.0667041665E+00   2.3843610940E+00   4.5154204936E-04   2.1562435547E+00   2.3533413294E+00   7.7836155094E-04   2.2493343805E+00   2.3914176537E+00   1.8395279602E-03   2.2427015256E+00   2.4095927776E+00   1.9286404486E-03   2.3782914857E+00   2.4373332833E+00   2.0553959648E-03   2.2269786570E+00   2.4015468316E+00   1.6560124139E-03   3.3353144522E-04
   1   -46   0    0   5.4067142744E-01   8.0053735747E+00   2.0755242082E-04   2.0663694839E+00   2.3843810611E+00   4.5022614157E-04   2.1559771086E+00   2.3534090516E+00   7.7757075426E-04   2.2491590236E+00   2.3914879979E+00   1.8388096259E-03   2.2430370986E+00   2.4098022302E+00   1.9284952777E-03   2.3785769485E+00   2.4376105154E+00   2.0555939291E-03   2.2270578485E+00   2.4017515150E+00   1.6555774536E-03   3.3354648955E-04
   1   -47   0    0   5.3070179975E-01   8.0056272560E+00   2.0716855727E-04   2.0660292356E+00   2.3844016899E+00   4.4889000660E-04   2.1557057530E+00   2.3534781242E+00   7.7676777759E-04   2.2489809640E+00   2.3915597240E+00   1.8380799791E-03   2.2433783777E+00   2.4100150677E+00   1.9283477315E-03   2.3788669361E+00   2.4378921418E+00   2.0557949629E-03   2.2271394313E+00   2.4019595004E+00   1.6551354082E-03   3.3356177804E-04
   1   -48   0    0   5.2073319425E-01   8.0058855054E+00   2.0677934025E-04   2.0656833729E+00   2.3844230001E+00   4.4753354194E-04   2.1554294236E+00   2.3535485686E+00   7.7595255817E-04   2.2488001882E+00   2.3916328530E+00   1.8373389509E-03   2.2437254193E+00   2.4102313157E+00   1.9281977921E-03   2.3791614792E+00   2.4381781919E+00   2.0559990829E-03   2.2272234755E+00   2.4021708128E+00   1.6546862249E-03   3.3357731258E-04
   1   -49   0    0   5.1076563753E-01   8.0061483795E+00   2.0638476436E-04   2.0653318488E+00   2.3844450117E+00   4.4615665301E-04   2.1551480565E+00   2.3536204061E+00   7.7512503796E-04   2.2486166836E+00   2.3917074060E+00   1.8365864766E-03   2.2440782789E+00   2.4104509993E+00   1.9280454419E-03   2.3794606067E+00   2.4384686940E+00   2.0562063048E-03   2.2273100528E+00   2.4023854762E+00   1.6542298529E-03   3.3359309500E-04
   1   -50   0    0   5.0079915644E-01   8.0064159344E+00   2.0598482700E-04   2.0649746173E+00   2.3844677449E+00   4.4475925352E-04   2.1548615878E+00   2.3536936580E+00   7.7428516390E-04   2.2484304391E+00   2.3917834040E+00   1.8358224955E-03   2.2444370108E+00   2.4106741421E+00   1.9278906642E-03   2.3797643464E+00   2.4387636750E+00   2.0564166427E-03   2.2273992366E+00   2.4026035138E+00   1.6537662438E-03   3.3360912707E-04
   1   -51   0    0   4.9083377809E-01   8.0066882260E+00   2.0557952844E-04   2.0646116343E+00   2.3844912208E+00   4.4334126575E-04   2.1545699542E+00   2.3537683458E+00   7.7343288802E-04   2.2482414445E+00   2.3918608684E+00   1.8350469515E-03   2.2448016683E+00   2.4109007673E+00   1.9277334433E-03   2.3800727242E+00   2.4390631602E+00   2.0566301097E-03   2.2274911022E+00   2.4028249476E+00   1.6532953517E-03   3.3362541047E-04
   1   -52   0    0   4.8086952982E-01   8.0069653099E+00   2.0516887192E-04   2.0642428566E+00   2.3845154603E+00   4.4190262087E-04   2.1542730926E+00   2.3538444911E+00   7.7256816769E-04   2.2480496908E+00   2.3919398203E+00   1.8342597929E-03   2.2451723036E+00   2.4111308965E+00   1.9275737641E-03   2.3803857649E+00   2.4393671734E+00   2.0568467176E-03   2.2275857260E+00   2.4030497988E+00   1.6528171330E-03   3.3364194682E-04
   1   -53   0    0   4.7090643917E-01   8.0072472413E+00   2.0475286372E-04   2.0638682432E+00   2.3845404853E+00   4.4044325927E-04   2.1539709404E+00   2.3539221154E+00   7.7169096577E-04   2.2478551705E+00   2.3920202807E+00   1.8334609728E-03   2.2455489676E+00   2.4113645507E+00   1.9274116124E-03   2.3807034913E+00   2.4396757370E+00   2.0570664768E-03   2.2276831865E+00   2.4032780875E+00   1.6523315468E-03   3.3365873767E-04
   1   -54   0    0   4.6094453388E-01   8.0075340748E+00   2.0433151319E-04   2.0634877544E+00   2.3845663175E+00   4.3896313084E-04   2.1536634355E+00   2.3540012401E+00   7.7080125085E-04   2.2476578771E+00   2.3921022710E+00   1.8326504492E-03   2.2459317098E+00   2.4116017493E+00   1.9272469749E-03   2.3810259247E+00   2.4399888715E+00   2.0572893961E-03   2.2277835636E+00   2.4035098325E+00   1.6518385551E-03   3.3367578446E-04
   1   -55   0    0   4.5098384182E-01   8.0078258646E+00   2.0390483288E-04   2.0631013523E+00   2.3845929795E+00   4.3746219531E-04   2.1533505162E+00   2.3540818870E+00   7.6989899735E-04   2.2474578055E+00   2.3921858123E+00   1.8318281852E-03   2.2463205784E+00   2.4118425110E+00   1.9270798393E-03   2.3813530845E+00   2.4403065958E+00   2.0575154833E-03   2.2278869387E+00   2.4037450518E+00   1.6513381224E-03   3.3369308859E-04
   1   -56   0    0   4.4102439101E-01   8.0081226645E+00   2.0347283856E-04   2.0627090009E+00   2.3846204940E+00   4.3594042253E-04   2.1530321216E+00   2.3541640774E+00   7.6898418579E-04   2.2472549522E+00   2.3922709256E+00   1.8309941491E-03   2.2467156204E+00   2.4120868531E+00   1.9269101943E-03   2.3816849885E+00   2.4406289272E+00   2.0577447441E-03   2.2279933952E+00   2.4039837618E+00   1.6508302164E-03   3.3371065133E-04
   1   -57   0    0   4.3106620958E-01   8.0084245276E+00   2.0303554933E-04   2.0623106661E+00   2.3846488842E+00   4.3439779278E-04   2.1527081913E+00   2.3542478330E+00   7.6805680290E-04   2.2470493148E+00   2.3923576320E+00   1.8301483147E-03   2.2471168809E+00   2.4123347914E+00   1.9267380294E-03   2.3820216525E+00   2.4409558811E+00   2.0579771832E-03   2.2281030175E+00   2.4042259782E+00   1.6503148079E-03   3.3372847390E-04
   1   -58   0    0   4.2110932570E-01   8.0087315062E+00   2.0259298762E-04   2.0619063155E+00   2.3846781735E+00   4.3283429704E-04   2.1523786657E+00   2.3543331752E+00   7.6711684187E-04   2.2468408926E+00   2.3924459524E+00   1.8292906615E-03   2.2475244037E+00   2.4125863409E+00   1.9265633355E-03   2.3823630905E+00   2.4412874708E+00   2.0582128035E-03   2.2282158920E+00   2.4044717149E+00   1.6497918707E-03   3.3374655739E-04
   1   -59   0    0   4.1115376762E-01   8.0090436522E+00   2.0214517931E-04   2.0614959190E+00   2.3847083859E+00   4.3124993733E-04   2.1520434859E+00   2.3544201253E+00   7.6616430244E-04   2.2466296863E+00   2.3925359078E+00   1.8284211745E-03   2.2479382309E+00   2.4128415149E+00   1.9263861043E-03   2.3827093144E+00   2.4416237082E+00   2.0584516062E-03   2.2283321064E+00   2.4047209849E+00   1.6492613820E-03   3.3376490283E-04
   1   -60   0    0   4.0119956358E-01   8.0093610167E+00   2.0169215375E-04   2.0610794485E+00   2.3847395457E+00   4.2964472692E-04   2.1517025941E+00   2.3545087048E+00   7.6519919113E-04   2.2464156979E+00   2.3926275189E+00   1.8275398449E-03   2.2483584030E+00   2.4131003255E+00   1.9262063287E-03   2.3830603342E+00   2.4419646028E+00   2.0586935909E-03   2.2284517500E+00   2.4049737997E+00   1.6487233224E-03   3.3378351112E-04
   1   -61   0    0   3.9124674181E-01   8.0096836498E+00   2.0123394383E-04   2.0606568782E+00   2.3847716773E+00   4.2801869066E-04   2.1513559332E+00   2.3545989348E+00   7.6422152138E-04   2.2461989313E+00   2.3927208064E+00   1.8266466699E-03   2.2487849585E+00   2.4133627833E+00   1.9260240029E-03   2.3834161576E+00   2.4423101622E+00   2.0589387554E-03   2.2285749133E+00   2.4052301695E+00   1.6481776759E-03   3.3380238309E-04
   1   -62   0    0   3.8129533046E-01   8.0100116011E+00   2.0077058599E-04   2.0602281844E+00   2.3848048057E+00   4.2637186521E-04   2.1510034472E+00   2.3546908366E+00   7.6323131374E-04   2.2459793917E+00   2.3928157907E+00   1.8257416530E-03   2.2492179344E+00   2.4136288975E+00   1.9258391221E-03   2.3837767906E+00   2.4426603920E+00   2.0591870959E-03   2.2287016884E+00   2.4054901030E+00   1.6476244304E-03   3.3382151943E-04
   1   -63   0    0   3.7134535762E-01   8.0103449190E+00   2.0030212030E-04   2.0597933458E+00   2.3848389561E+00   4.2470429930E-04   2.1506450811E+00   2.3547844310E+00   7.6222859596E-04   2.2457570861E+00   2.3929124923E+00   1.8248248039E-03   2.2496573654E+00   2.4138986759E+00   1.9256516830E-03   2.3841422366E+00   2.4430152958E+00   2.0594386067E-03   2.2288321688E+00   2.4057536075E+00   1.6470635772E-03   3.3384092077E-04
   1   -64   0    0   3.6139685123E-01   8.0106836512E+00   1.9982859050E-04   2.0593523433E+00   2.3848741541E+00   4.2301605400E-04   2.1502807812E+00   2.3548797389E+00   7.6121340321E-04   2.2455320231E+00   2.3930109312E+00   1.8238961392E-03   2.2501032845E+00   2.4141721246E+00   1.9254616833E-03   2.3845124970E+00   2.4433748747E+00   2.0596932802E-03   2.2289664490E+00   2.4060206888E+00   1.6464951116E-03   3.3386058758E-04
   1   -65   0    0   3.5144983907E-01   8.0110278442E+00   1.9935004401E-04   2.0589051605E+00   2.3849104256E+00   4.2130720291E-04   2.1499104949E+00   2.3549767810E+00   7.6018577816E-04   2.2453042130E+00   2.3931111275E+00   1.8229556820E-03   2.2505557227E+00   2.4144492484E+00   1.9252691221E-03   2.3848875709E+00   2.4437391280E+00   2.0599511072E-03   2.2291046249E+00   2.4062913513E+00   1.6459190328E-03   3.3388052027E-04
   1   -66   0    0   3.4150434871E-01   8.0113775437E+00   1.9886653195E-04   2.0584517835E+00   2.3849477965E+00   4.1957783240E-04   2.1495341708E+00   2.3550755778E+00   7.5914577117E-04   2.2450736675E+00   2.3932131008E+00   1.8220034623E-03   2.2510147088E+00   2.4147300503E+00   1.9250739999E-03   2.3852674551E+00   2.4441080524E+00   2.0602120761E-03   2.2292467938E+00   2.4065655977E+00   1.6453353440E-03   3.3390071908E-04
   1   -67   0    0   3.3156040748E-01   8.0117327940E+00   1.9837810922E-04   2.0579922008E+00   2.3849862933E+00   4.1782804184E-04   2.1491517593E+00   2.3551761495E+00   7.5809344038E-04   2.2448404004E+00   2.3933168707E+00   1.8210395170E-03   2.2514802693E+00   2.4150145317E+00   1.9248763186E-03   2.3856521441E+00   2.4444816427E+00   2.0604761739E-03   2.2293930536E+00   2.4068434293E+00   1.6447440527E-03   3.3392118419E-04
   1   -68   0    0   3.2161804244E-01   8.0120936385E+00   1.9788483444E-04   2.0575264038E+00   2.3850259427E+00   4.1605794375E-04   2.1487632118E+00   2.3552785162E+00   7.5702885183E-04   2.2446044270E+00   2.3934224565E+00   1.8200638902E-03   2.2519524288E+00   2.4153026926E+00   1.9246760815E-03   2.3860416297E+00   2.4448598909E+00   2.0607433852E-03   2.2295435035E+00   2.4071248456E+00   1.6441451704E-03   3.3394191561E-04
   1   -69   0    0   3.1167728028E-01   8.0124601191E+00   1.9738677003E-04   2.0570543862E+00   2.3850667713E+00   4.1426766403E-04   2.1483684815E+00   2.3553826977E+00   7.5595207959E-04   2.2443657645E+00   2.3935298771E+00   1.8190766331E-03   2.2524312094E+00   2.4155945310E+00   1.9244732932E-03   2.3864359018E+00   2.4452427872E+00   2.0610136928E-03   2.2296982436E+00   2.4074098447E+00   1.6435387129E-03   3.3396291327E-04
   1   -70   0    0   3.0173814738E-01   8.0128322767E+00   1.9688398219E-04   2.0565761450E+00   2.3851088064E+00   4.1245734209E-04   2.1479675232E+00   2.3554887136E+00   7.5486320585E-04   2.2441244317E+00   2.3936391512E+00   1.8180778044E-03   2.2529166308E+00   2.4158900434E+00   1.9242679598E-03   2.3868349475E+00   2.4456303189E+00   2.0612870776E-03   2.2298573749E+00   2.4076984229E+00   1.6429247007E-03   3.3398417696E-04
   1   -71   0    0   2.9180066964E-01   8.0132101507E+00   1.9637654088E-04   2.0560916797E+00   2.3851520751E+00   4.1062713100E-04   2.1475602934E+00   2.3555965830E+00   7.5376232101E-04   2.2438804492E+00   2.3937502972E+00   1.8170674702E-03   2.2534087104E+00   2.4161892245E+00   1.9240600892E-03   2.3872387513E+00   2.4460224713E+00   2.0615635181E-03   2.2300209990E+00   2.4079905748E+00   1.6423031586E-03   3.3400570634E-04
   1   -72   0    0   2.8186487257E-01   8.0135937792E+00   1.9586451985E-04   2.0556009926E+00   2.3851966049E+00   4.0877719766E-04   2.1471467504E+00   2.3557063248E+00   7.5264952376E-04   2.2436338394E+00   2.3938633330E+00   1.8160457041E-03   2.2539074631E+00   2.4164920673E+00   1.9238496904E-03   2.3876472956E+00   2.4464192270E+00   2.0618429910E-03   2.2301892182E+00   2.4082862933E+00   1.6416741158E-03   3.3402750095E-04
   1   -73   0    0   2.7193078112E-01   8.0139831987E+00   1.9534799663E-04   2.0551040892E+00   2.3852424232E+00   4.0690772286E-04   2.1467268544E+00   2.3558179577E+00   7.5152492117E-04   2.2433846266E+00   2.3939782762E+00   1.8150125871E-03   2.2544129013E+00   2.4167985630E+00   1.9236367743E-03   2.3880605599E+00   2.4468205663E+00   2.0621254708E-03   2.2303621353E+00   2.4085855698E+00   1.6410376063E-03   3.3404956021E-04
   1   -74   0    0   2.6199841973E-01   8.0143784443E+00   1.9482705249E-04   2.0546009778E+00   2.3852895578E+00   4.0501890143E-04   2.1463005678E+00   2.3559314998E+00   7.5038862873E-04   2.2431328368E+00   2.3940951442E+00   1.8139682084E-03   2.2549250348E+00   2.4171087011E+00   1.9234213531E-03   2.3884785213E+00   2.4472264667E+00   2.0624109299E-03   2.2305398535E+00   2.4088883937E+00   1.6403936690E-03   3.3407188338E-04
   1   -75   0    0   2.5206781223E-01   8.0147795495E+00   1.9430177242E-04   2.0540916697E+00   2.3853380363E+00   4.0311094228E-04   2.1458678547E+00   2.3560469690E+00   7.4924077041E-04   2.2428784976E+00   2.3942139539E+00   1.8129126646E-03   2.2554438706E+00   2.4174224691E+00   1.9232034408E-03   2.3889011543E+00   2.4476369036E+00   2.0626993386E-03   2.2307224764E+00   2.4091947527E+00   1.6397423472E-03   3.3409446963E-04
   1   -76   0    0   2.4213898182E-01   8.0151865461E+00   1.9377224511E-04   2.0535761794E+00   2.3853878867E+00   4.0118406849E-04   2.1454286816E+00   2.3561643828E+00   7.4808147868E-04   2.2426216387E+00   2.3943347215E+00   1.8118460603E-03   2.2559694132E+00   2.4177398529E+00   1.9229830529E-03   2.3893284307E+00   2.4480518497E+00   2.0629906649E-03   2.2309101076E+00   2.4095046329E+00   1.6390836894E-03   3.3411731796E-04
   1   -77   0    0   2.3221195100E-01   8.0155994644E+00   1.9323856292E-04   2.0530545243E+00   2.3854391368E+00   3.9923851734E-04   2.1449830174E+00   2.3562837580E+00   7.4691089459E-04   2.2423622914E+00   2.3944574630E+00   1.8107685077E-03   2.2565016642E+00   2.4180608364E+00   1.9227602066E-03   2.3897603198E+00   2.4484712750E+00   2.0632848750E-03   2.2311028509E+00   2.4098180184E+00   1.6384177486E-03   3.3414042727E-04
   1   -78   0    0   2.2228674155E-01   8.0160183326E+00   1.9270082184E-04   2.0525267252E+00   2.3854918145E+00   3.9727454029E-04   2.1445308332E+00   2.3564051113E+00   7.4572916770E-04   2.2421004887E+00   2.3945821940E+00   1.8096801274E-03   2.2570406225E+00   2.4183854016E+00   1.9225349208E-03   2.3901967882E+00   2.4488951472E+00   2.0635819325E-03   2.2313008099E+00   2.4101348917E+00   1.6377445830E-03   3.3416379631E-04
   1   -79   0    0   2.1236337445E-01   8.0164431774E+00   1.9215912142E-04   2.0519928057E+00   2.3855459476E+00   3.9529240305E-04   2.1440721026E+00   2.3565284587E+00   7.4453645616E-04   2.2418362655E+00   2.3947089295E+00   1.8085810475E-03   2.2575862841E+00   2.4187135289E+00   1.9223072159E-03   2.3906378000E+00   2.4493234314E+00   2.0638817993E-03   2.2315040878E+00   2.4104552333E+00   1.6370642559E-03   3.3418742367E-04
   1   -80   0    0   2.0244186986E-01   8.0168740234E+00   1.9161356471E-04   2.0514527931E+00   2.3856015639E+00   3.9329238550E-04   2.1436068017E+00   2.3566538157E+00   7.4333292665E-04   2.2415696582E+00   2.3948376838E+00   1.8074714043E-03   2.2581386420E+00   2.4190451967E+00   1.9220771143E-03   2.3910833164E+00   2.4497560900E+00   2.0641844347E-03   2.2317127876E+00   2.4107790221E+00   1.6363768353E-03   3.3421130785E-04
   1   -81   0    0   1.9252224708E-01   8.0173108935E+00   1.9106425825E-04   2.0509067174E+00   2.3856586913E+00   3.9127478165E-04   2.1431349094E+00   2.3567811974E+00   7.4211875438E-04   2.2413007053E+00   2.3949684708E+00   1.8063513421E-03   2.2586976865E+00   2.4193803814E+00   1.9218446397E-03   2.3915332964E+00   2.4501930830E+00   2.0644897962E-03   2.2319270116E+00   2.4111062349E+00   1.6356823943E-03   3.3423544719E-04
   1   -82   0    0   1.8260452445E-01   8.0177538083E+00   1.9051131195E-04   2.0503546121E+00   2.3857173573E+00   3.8923989960E-04   2.1426564073E+00   2.3569106183E+00   7.4089412303E-04   2.2410294465E+00   2.3951013040E+00   1.8052210131E-03   2.2592634045E+00   2.4197190577E+00   1.9216098178E-03   2.3919876960E+00   2.4506343678E+00   2.0647978390E-03   2.2321468615E+00   2.4114368471E+00   1.6349810114E-03   3.3425983988E-04
   1   -83   0    0   1.7268871936E-01   8.0182027864E+00   1.8995483901E-04   2.0497965140E+00   2.3857775895E+00   3.8718806141E-04   2.1421712799E+00   2.3570420921E+00   7.3965922471E-04   2.2407559235E+00   2.3952361960E+00   1.8040805772E-03   2.2598357801E+00   2.4200611983E+00   1.9213726760E-03   2.3924464687E+00   2.4510798992E+00   2.0651085162E-03   2.2323724380E+00   2.4117708320E+00   1.6342727697E-03   3.3428448400E-04
   1   -84   0    0   1.6277484817E-01   8.0186578445E+00   1.8939495590E-04   2.0492324630E+00   2.3858394151E+00   3.8511960302E-04   2.1416795147E+00   2.3571756323E+00   7.3841425989E-04   2.2404801795E+00   2.3953731589E+00   1.8029302028E-03   2.2604147944E+00   2.4204067742E+00   1.9211332432E-03   2.3929095653E+00   2.4515296296E+00   2.0654217787E-03   2.2326038406E+00   2.4121081611E+00   1.6335577578E-03   3.3430937747E-04
   1   -85   0    0   1.5286292618E-01   8.0191189969E+00   1.8883178220E-04   2.0486625023E+00   2.3859028613E+00   3.8303487406E-04   2.1411811022E+00   2.3573112515E+00   7.3715943732E-04   2.2402022592E+00   2.3955122043E+00   1.8017700655E-03   2.2610004252E+00   2.4207557545E+00   1.9208915502E-03   2.3933769344E+00   2.4519835088E+00   2.0657375754E-03   2.2328411678E+00   2.4124488041E+00   1.6328360692E-03   3.3433451810E-04
   1   -86   0    0   1.4295296756E-01   8.0195862557E+00   1.8826544055E-04   2.0480866785E+00   2.3859679550E+00   3.8093423774E-04   2.1406760360E+00   2.3574489617E+00   7.3589497393E-04   2.2399222089E+00   2.3956533428E+00   1.8006003491E-03   2.2615926472E+00   2.4211081062E+00   1.9206476294E-03   2.3938485214E+00   2.4524414841E+00   2.0660558531E-03   2.2330845164E+00   2.4127927292E+00   1.6321078024E-03   3.3435990354E-04
   1   -87   0    0   1.3304498533E-01   8.0200596306E+00   1.8769605653E-04   2.0475050413E+00   2.3860347227E+00   3.7881807064E-04   2.1401643131E+00   2.3575887742E+00   7.3462109473E-04   2.2396400764E+00   2.3957965847E+00   1.7994212452E-03   2.2621914319E+00   2.4214637947E+00   1.9204015151E-03   2.3943242698E+00   2.4529035003E+00   2.0663765565E-03   2.2333339818E+00   2.4131399023E+00   1.6313730611E-03   3.3438553131E-04
   1   -88   0    0   1.2313899130E-01   8.0205391291E+00   1.8712375857E-04   2.0469176437E+00   2.3861031906E+00   3.7668676247E-04   2.1396459339E+00   2.3577306996E+00   7.3333803267E-04   2.2393559110E+00   2.3959419394E+00   1.7982329528E-03   2.2627967474E+00   2.4218227836E+00   1.9201532431E-03   2.3948041200E+00   2.4533694999E+00   2.0666996283E-03   2.2335896575E+00   2.4134902880E+00   1.6306319541E-03   3.3441139881E-04
   1   -89   0    0   1.1323499602E-01   8.0210247560E+00   1.8654867780E-04   2.0463245419E+00   2.3861733848E+00   3.7454071588E-04   2.1391209021E+00   2.3578747478E+00   7.3204602850E-04   2.2390697632E+00   2.3960894154E+00   1.7970356785E-03   2.2634085589E+00   2.4221850344E+00   1.9199028510E-03   2.3952880104E+00   2.4538394229E+00   2.0670250092E-03   2.2338516348E+00   2.4138438489E+00   1.6298845951E-03   3.3443750327E-04
   1   -90   0    0   1.0333300875E-01   8.0215165140E+00   1.8597094798E-04   2.0457257955E+00   2.3862453307E+00   3.7238034614E-04   2.1385892252E+00   2.3580209280E+00   7.3074533063E-04   2.2387816851E+00   2.3962390206E+00   1.7958296364E-03   2.2640268280E+00   2.4225505071E+00   1.9196503781E-03   2.3957758767E+00   2.4543132067E+00   2.0673526381E-03   2.2341200032E+00   2.4142005459E+00   1.6291311028E-03   3.3446384184E-04
   1   -91   0    0   9.3433037400E-02   8.0220144029E+00   1.8539070534E-04   2.0451214671E+00   2.3863190534E+00   3.7020608090E-04   2.1380509142E+00   2.3581692485E+00   7.2943619495E-04   2.2384917297E+00   2.3963907623E+00   1.7946150481E-03   2.2646515131E+00   2.4229191598E+00   1.9193958652E-03   2.3962676521E+00   2.4547907868E+00   2.0676824517E-03   2.2343948494E+00   2.4145603382E+00   1.6283716008E-03   3.3449041149E-04
   1   -92   0    0   8.3535088496E-02   8.0225184201E+00   1.8480808847E-04   2.0445116224E+00   2.3863945775E+00   3.6801835987E-04   2.1375059838E+00   2.3583197169E+00   7.2811888464E-04   2.2381999517E+00   2.3965446467E+00   1.7933921420E-03   2.2652825693E+00   2.4232909487E+00   1.9191393550E-03   2.3967632676E+00   2.4552720960E+00   2.0680143850E-03   2.2346762577E+00   2.4149231833E+00   1.6276062175E-03   3.3451720909E-04
   1   -93   0    0   7.3639167143E-02   8.0230285602E+00   1.8422323816E-04   2.0438963305E+00   2.3864719272E+00   3.6581763447E-04   2.1369544528E+00   2.3584723398E+00   7.2679366997E-04   2.2379064065E+00   2.3967006792E+00   1.7921611538E-03   2.2659199482E+00   2.4236658286E+00   1.9188808916E-03   2.3972626519E+00   2.4557570650E+00   2.0683483711E-03   2.2349643096E+00   2.4152890369E+00   1.6268350863E-03   3.3454423137E-04
   1   -94   0    0   6.3745276975E-02   8.0235448152E+00   1.8363629727E-04   2.0432756634E+00   2.3865511258E+00   3.6360436744E-04   2.1363963437E+00   2.3586271233E+00   7.2546082811E-04   2.2376111508E+00   2.3968588646E+00   1.7909223259E-03   2.2665635981E+00   2.4240437521E+00   1.9186205209E-03   2.3977657311E+00   2.4562456223E+00   2.0686843415E-03   2.2352590834E+00   2.4156578533E+00   1.6260583451E-03   3.3457147493E-04
   1   -95   0    0   5.3853420122E-02   8.0240671743E+00   1.8304741062E-04   2.0426496961E+00   2.3866321965E+00   3.6137903255E-04   2.1358316831E+00   2.3587840722E+00   7.2412064286E-04   2.2373142423E+00   2.3970192064E+00   1.7896759075E-03   2.2672134640E+00   2.4244246707E+00   1.9183582901E-03   2.3982724296E+00   2.4567376943E+00   2.0690222257E-03   2.2355606545E+00   2.4160295851E+00   1.6252761366E-03   3.3459893627E-04
   1   -96   0    0   4.3963597169E-02   8.0245956238E+00   1.8245672476E-04   2.0420185067E+00   2.3867151615E+00   3.5914211406E-04   2.1352605019E+00   2.3589431908E+00   7.2277340445E-04   2.2370157395E+00   2.3971817077E+00   1.7884221542E-03   2.2678694874E+00   2.4248085337E+00   1.9180942483E-03   2.3987826691E+00   2.4572332050E+00   2.0693619519E-03   2.2358690947E+00   2.4164041832E+00   1.6244886079E-03   3.3462661173E-04
   1   -97   0    0   3.4075807122E-02   8.0251301472E+00   1.8186438790E-04   2.0413821762E+00   2.3868000424E+00   3.5689410641E-04   2.1346828349E+00   2.3591044821E+00   7.2141940924E-04   2.2367157019E+00   2.3973463703E+00   1.7871613278E-03   2.2685316065E+00   2.4251952891E+00   1.9178284458E-03   2.3992963695E+00   2.4577320768E+00   2.0697034463E-03   2.2361844722E+00   2.4167815969E+00   1.6236959106E-03   3.3465449755E-04
   1   -98   0    0   2.4190047374E-02   8.0256707253E+00   1.8127054969E-04   2.0407407883E+00   2.3868868602E+00   3.5463551370E-04   2.1340987214E+00   2.3592679484E+00   7.2005895951E-04   2.2364141897E+00   2.3975131953E+00   1.7858936963E-03   2.2691997558E+00   2.4255848833E+00   1.9175609346E-03   2.3998134485E+00   2.4582342296E+00   2.0700466339E-03   2.2365068515E+00   2.4171617743E+00   1.6228982006E-03   3.3468258987E-04
   1   -99   0    0   1.4306313672E-02   8.0262173355E+00   1.8067536109E-04   2.0400944298E+00   2.3869756350E+00   3.5236684921E-04   2.1335082050E+00   2.3594335910E+00   7.1869236309E-04   2.2361112637E+00   2.3976821826E+00   1.7846195334E-03   2.2698738669E+00   2.4259772611E+00   1.9172917679E-03   2.4003338221E+00   2.4587395819E+00   2.0703914381E-03   2.2368362931E+00   2.4175446616E+00   1.6220956381E-03   3.3471088468E-04
   1  -100   0    0   4.4246000857E-03   8.0267699527E+00   1.8007897419E-04   2.0394431900E+00   2.3870663862E+00   3.5008863495E-04   2.1329113337E+00   2.3596014103E+00   7.1731993316E-04   2.2358069854E+00   2.3978533314E+00   1.7833391183E-03   2.2705538675E+00   2.4263723658E+00   1.9170210005E-03   2.4008574039E+00   2.4592480499E+00   2.0707377809E-03   2.2371728533E+00   2.4179302040E+00   1.6212883873E-03   3.3473937789E-04
   1  -101   0    0  -5.4551010177E-03   8.0273285482E+00   1.7948154204E-04   2.0387871610E+00   2.3871591323E+00   3.4780140111E-04   2.1323081600E+00   2.3597714054E+00   7.1594198786E-04   2.2355014169E+00   2.3980266397E+00   1.7820527357E-03   2.2712396821E+00   2.4267701392E+00   1.9167486884E-03   2.4013841062E+00   2.4597595483E+00   2.0710855830E-03   2.2375165840E+00   2.4183183448E+00   1.6204766162E-03   3.3476806528E-04
   1  -102   0    0  -1.5332799002E-02   8.0278930909E+00   1.7888321850E-04   2.0381264372E+00   2.3872538910E+00   3.4550568552E-04   2.1316987409E+00   2.3599435747E+00   7.1455885003E-04   2.2351946205E+00   2.3982021046E+00   1.7807606752E-03   2.2719312319E+00   2.4271705218E+00   1.9164748890E-03   2.4019138390E+00   2.4602739899E+00   2.0714347639E-03   2.2378675326E+00   2.4187090265E+00   1.6196604968E-03   3.3479694254E-04
   1  -103   0    0  -2.5208504985E-02   8.0284635460E+00   1.7828415802E-04   2.0374611157E+00   2.3873506790E+00   3.4320203311E-04   2.1310831382E+00   2.3601179155E+00   7.1317084684E-04   2.2348866590E+00   2.3983797222E+00   1.7794632311E-03   2.2726284346E+00   2.4275734525E+00   1.9161996609E-03   2.4024465111E+00   2.4607912861E+00   2.0717852419E-03   2.2382257418E+00   2.4191021898E+00   1.6188402046E-03   3.3482600524E-04
   1  -104   0    0  -3.5082231859E-02   8.0290398759E+00   1.7768451553E-04   2.0367912960E+00   2.3874495120E+00   3.4089099536E-04   2.1304614181E+00   2.3602944238E+00   7.1177830946E-04   2.2345775954E+00   2.3985594875E+00   1.7781607023E-03   2.2733312046E+00   2.4279788693E+00   1.9159230639E-03   2.4029820294E+00   2.4613113464E+00   2.0721369342E-03   2.2385912496E+00   2.4194977744E+00   1.6180159186E-03   3.3485524888E-04
   1  -105   0    0  -4.4953994307E-02   8.0296220398E+00   1.7708444621E-04   2.0361170798E+00   2.3875504048E+00   3.3857312967E-04   2.1298336517E+00   2.3604730948E+00   7.1038157273E-04   2.2342674928E+00   2.3987413944E+00   1.7768533916E-03   2.2740394530E+00   2.4283867084E+00   1.9156451589E-03   2.4035202994E+00   2.4618340792E+00   2.0724897572E-03   2.2389640886E+00   2.4198957186E+00   1.6171878211E-03   3.3488466884E-04
   1  -106   0    0  -5.4823808824E-02   8.0302099936E+00   1.7648410531E-04   2.0354385708E+00   2.3876533713E+00   3.3624899880E-04   2.1291999148E+00   2.3606539225E+00   7.0898097478E-04   2.2339564144E+00   2.3989254358E+00   1.7755416060E-03   2.2747530875E+00   2.4287969053E+00   1.9153660079E-03   2.4040612250E+00   2.4623593911E+00   2.0728436262E-03   2.2393442866E+00   2.4202959599E+00   1.6163560974E-03   3.3491426041E-04
   1  -107   0    0  -6.4691693724E-02   8.0308036901E+00   1.7588364802E-04   2.0347558752E+00   2.3877584240E+00   3.3391917022E-04   2.1285602877E+00   2.3608368999E+00   7.0757685665E-04   2.2336444233E+00   2.3991116034E+00   1.7742256556E-03   2.2754720126E+00   2.4292093939E+00   1.9150856739E-03   2.4046047090E+00   2.4628871878E+00   2.0731984557E-03   2.2397318658E+00   2.4206984342E+00   1.6155209360E-03   3.3494401881E-04
   1  -108   0    0  -7.4557669150E-02   8.0314030789E+00   1.7528322925E-04   2.0340691008E+00   2.3878655745E+00   3.3158421552E-04   2.1279148558E+00   2.3610220186E+00   7.0616956194E-04   2.2333315826E+00   2.3992998881E+00   1.7729058539E-03   2.2761961295E+00   2.4296241072E+00   1.9148042209E-03   2.4051506526E+00   2.4634173735E+00   2.0735541597E-03   2.2401268431E+00   2.4211030767E+00   1.6146825279E-03   3.3497393915E-04
   1  -109   0    0  -8.4421757084E-02   8.0320081063E+00   1.7468300346E-04   2.0333783574E+00   2.3879748332E+00   3.2924470976E-04   2.1272637093E+00   2.3612092695E+00   7.0475943644E-04   2.2330179551E+00   2.3994902794E+00   1.7715825173E-03   2.2769253364E+00   2.4300409772E+00   1.9145217136E-03   2.4056989563E+00   2.4639498513E+00   2.0739106514E-03   2.2405292299E+00   2.4215098214E+00   1.6138410666E-03   3.3500401650E-04
   1  -110   0    0  -9.4283981349E-02   8.0326187153E+00   1.7408312450E-04   2.0326837565E+00   2.3880862095E+00   3.2690123083E-04   2.1266069429E+00   2.3613986420E+00   7.0334682770E-04   2.2327036033E+00   2.3996827658E+00   1.7702559645E-03   2.2776595280E+00   2.4304599348E+00   1.9142382178E-03   2.4062495190E+00   2.4644845233E+00   2.0742678436E-03   2.2409390316E+00   2.4219186015E+00   1.6129967482E-03   3.3503424582E-04
   1  -111   0    0  -1.0414436761E-01   8.0332348460E+00   1.7348374541E-04   2.0319854113E+00   2.3881997114E+00   3.2455435880E-04   2.1259446563E+00   2.3615901245E+00   7.0193208469E-04   2.2323885892E+00   2.3998773347E+00   1.7689265165E-03   2.2783985962E+00   2.4308809099E+00   1.9139537997E-03   2.4068022390E+00   2.4650212906E+00   2.0746256484E-03   2.2413562482E+00   2.4223293490E+00   1.6121497706E-03   3.3506462202E-04
   1  -112   0    0  -1.1400294335E-01   8.0338564348E+00   1.7288501828E-04   2.0312834364E+00   2.3883153456E+00   3.2220467527E-04   2.1252769541E+00   2.3617837042E+00   7.0051555736E-04   2.2320729746E+00   2.4000739723E+00   1.7675944959E-03   2.2791424297E+00   2.4313038317E+00   1.9136685265E-03   2.4073570135E+00   2.4655600536E+00   2.0749839780E-03   2.2417808736E+00   2.4227419955E+00   1.6113003339E-03   3.3509513992E-04
   1  -113   0    0  -1.2385973792E-01   8.0344834152E+00   1.7228709403E-04   2.0305779478E+00   2.3884331179E+00   3.1985276272E-04   2.1246039454E+00   2.3619793672E+00   6.9909759629E-04   2.2317568203E+00   2.4002726637E+00   1.7662602271E-03   2.2798909144E+00   2.4317286284E+00   1.9133824659E-03   2.4079137390E+00   2.4661007116E+00   2.0753427441E-03   2.2422128957E+00   2.4231564714E+00   1.6104486396E-03   3.3512579430E-04
   1  -114   0    0  -1.3371478246E-01   8.0351157174E+00   1.7169012229E-04   2.0298690629E+00   2.3885530324E+00   3.1749920382E-04   2.1239257442E+00   2.3621770985E+00   6.9767855229E-04   2.2314401869E+00   2.4004733930E+00   1.7649240351E-03   2.2806439329E+00   2.4321552275E+00   1.9130956859E-03   2.4084723112E+00   2.4666431636E+00   2.0757018583E-03   2.2426522966E+00   2.4235727067E+00   1.6095948910E-03   3.3515657988E-04
   1  -115   0    0  -1.4356810992E-01   8.0357532684E+00   1.7109425122E-04   2.0291569001E+00   2.3886750922E+00   3.1514458085E-04   2.1232424691E+00   2.3623768818E+00   6.9625877596E-04   2.2311231338E+00   2.4006761429E+00   1.7635862459E-03   2.2814013653E+00   2.4325835559E+00   1.9128082552E-03   2.4090326254E+00   2.4671873076E+00   2.0760612322E-03   2.2430990520E+00   2.4239906304E+00   1.6087392923E-03   3.3518749132E-04
   1  -116   0    0  -1.5341975504E-01   8.0363959919E+00   1.7049962734E-04   2.0284415787E+00   2.3887992988E+00   3.1278947496E-04   2.1225542433E+00   2.3625786996E+00   6.9483861735E-04   2.2308057199E+00   2.4008808953E+00   1.7622471857E-03   2.2821630887E+00   2.4330135396E+00   1.9125202428E-03   2.4095945761E+00   2.4677330415E+00   2.0764207775E-03   2.2435531318E+00   2.4244101713E+00   1.6078820490E-03   3.3521852323E-04
   1  -117   0    0  -1.6326975435E-01   8.0370438085E+00   1.6990639537E-04   2.0277232193E+00   2.3889256527E+00   3.1043446559E-04   2.1218611948E+00   2.3627825333E+00   6.9341842556E-04   2.2304880032E+00   2.4010876306E+00   1.7609071808E-03   2.2829289776E+00   2.4334451044E+00   1.9122317180E-03   2.4101580575E+00   2.4682802625E+00   2.0767804061E-03   2.2440144995E+00   2.4248312572E+00   1.6070233672E-03   3.3524967019E-04
   1  -118   0    0  -1.7311814608E-01   8.0376966359E+00   1.6931469812E-04   2.0270019428E+00   2.3890541526E+00   3.0808012982E-04   2.1211634558E+00   2.3629883633E+00   6.9199854834E-04   2.2301700406E+00   2.4012963283E+00   1.7595665571E-03   2.2836989037E+00   2.4338781752E+00   1.9119427503E-03   2.4107229636E+00   2.4688288676E+00   2.0771400301E-03   2.2444831126E+00   2.4252538157E+00   1.6061634537E-03   3.3528092671E-04
   1  -119   0    0  -1.8296497022E-01   8.0383543883E+00   1.6872467630E-04   2.0262778710E+00   2.3891847961E+00   3.0572704170E-04   2.1204611631E+00   2.3631961685E+00   6.9057933172E-04   2.2298518879E+00   2.4015069667E+00   1.7582256396E-03   2.2844727363E+00   2.4343126766E+00   1.9116534093E-03   2.4112891880E+00   2.4693787535E+00   2.0774995619E-03   2.2449589224E+00   2.4256777738E+00   1.6053025155E-03   3.3531228730E-04
   1  -120   0    0  -1.9281026841E-01   8.0390169771E+00   1.6813646838E-04   2.0255511263E+00   2.3893175794E+00   3.0337577169E-04   2.1197544579E+00   2.3634059268E+00   6.8916111964E-04   2.2295336001E+00   2.4017195231E+00   1.7568847525E-03   2.2852503422E+00   2.4347485329E+00   1.9113637648E-03   2.4118566243E+00   2.4699298169E+00   2.0778589145E-03   2.2454418739E+00   2.4261030583E+00   1.6044407598E-03   3.3534374642E-04
   1  -121   0    0  -2.0265408396E-01   8.0396843107E+00   1.6755021050E-04   2.0248218314E+00   2.3894524972E+00   3.0102688603E-04   2.1190434854E+00   2.3636176151E+00   6.8774425360E-04   2.2292152308E+00   2.4019339734E+00   1.7555442183E-03   2.2860315857E+00   2.4351856678E+00   1.9110738864E-03   2.4124251658E+00   2.4704819543E+00   2.0782180015E-03   2.2459319062E+00   2.4265295956E+00   1.6035783937E-03   3.3537529850E-04
   1  -122   0    0  -2.1249646177E-01   8.0403562943E+00   1.6696603630E-04   2.0240901093E+00   2.3895895426E+00   2.9868094614E-04   2.1183283952E+00   2.3638312089E+00   6.8632907226E-04   2.2288968324E+00   2.4021502927E+00   1.7542043578E-03   2.2868163289E+00   2.4356240051E+00   1.9107838438E-03   2.4129947060E+00   2.4710350624E+00   2.0785767368E-03   2.2464289520E+00   2.4269573116E+00   1.6027156240E-03   3.3540693797E-04
   1  -123   0    0  -2.2233744834E-01   8.0410328305E+00   1.6638407682E-04   2.0233560832E+00   2.3897287077E+00   2.9633850808E-04   2.1176093407E+00   2.3640466827E+00   6.8491591114E-04   2.2285784562E+00   2.4023684548E+00   1.7528654898E-03   2.2876044318E+00   2.4360634679E+00   1.9104937064E-03   2.4135651387E+00   2.4715890378E+00   2.0789350354E-03   2.2469329383E+00   2.4273861324E+00   1.6018526568E-03   3.3543865921E-04
   1  -124   0    0  -2.3217709166E-01   8.0417138187E+00   1.6580446040E-04   2.0226198766E+00   2.3898699828E+00   2.9400012199E-04   2.1168864793E+00   2.3642640099E+00   6.8350510229E-04   2.2282601521E+00   2.4025884324E+00   1.7515279305E-03   2.2883957521E+00   2.4365039794E+00   1.9102035434E-03   2.4141363575E+00   2.4721437775E+00   2.0792928129E-03   2.2474437858E+00   2.4278159835E+00   1.6009896975E-03   3.3547045661E-04
   1  -125   0    0  -2.4201544122E-01   8.0423991558E+00   1.6522731253E-04   2.0218816127E+00   2.3900133569E+00   2.9166633155E-04   2.1161599720E+00   2.3644831626E+00   6.8209697394E-04   2.2279419688E+00   2.4028101974E+00   1.7501919936E-03   2.2891901457E+00   2.4369454628E+00   1.9099134238E-03   2.4147082566E+00   2.4726991786E+00   2.0796499860E-03   2.2479614095E+00   2.4282467906E+00   1.6001269505E-03   3.3550232454E-04
   1  -126   0    0  -2.5185254792E-01   8.0430887357E+00   1.6465275582E-04   2.0211414147E+00   2.3901588176E+00   2.8933767346E-04   2.1154299836E+00   2.3647041119E+00   6.8069185020E-04   2.2276239534E+00   2.4030337202E+00   1.7488579895E-03   2.2899874664E+00   2.4373878409E+00   1.9096234161E-03   2.4152807305E+00   2.4732551386E+00   2.0800064720E-03   2.2484857183E+00   2.4286784793E+00   1.5992646191E-03   3.3553425738E-04
   1  -127   0    0  -2.6168846405E-01   8.0437824497E+00   1.6408090985E-04   2.0203994058E+00   2.3903063508E+00   2.8701467702E-04   2.1146966821E+00   2.3649268280E+00   6.7929005079E-04   2.2273061519E+00   2.4032589704E+00   1.7475262254E-03   2.2907875664E+00   2.4378310368E+00   1.9093335885E-03   2.4158536740E+00   2.4738115556E+00   2.0803621897E-03   2.2490166156E+00   2.4291109750E+00   1.5984029052E-03   3.3556624947E-04
   1  -128   0    0  -2.7152324319E-01   8.0444801866E+00   1.6351189113E-04   2.0196557088E+00   2.3904559413E+00   2.8469786360E-04   2.1139602389E+00   2.3651512797E+00   6.7789189073E-04   2.2269886086E+00   2.4034859167E+00   1.7461970049E-03   2.2915902963E+00   2.4382749734E+00   1.9090440084E-03   2.4164269825E+00   2.4743683279E+00   2.0807170587E-03   2.2495539990E+00   2.4295442032E+00   1.5975420090E-03   3.3559829521E-04
   1  -129   0    0  -2.8135694021E-01   8.0451818325E+00   1.6294581300E-04   2.0189104460E+00   2.3906075723E+00   2.8238774626E-04   2.1132208286E+00   2.3653774349E+00   6.7649768011E-04   2.2266713667E+00   2.4037145265E+00   1.7448706277E-03   2.2923955048E+00   2.4387195738E+00   1.9087547430E-03   2.4170005521E+00   2.4749253546E+00   2.0810709999E-03   2.2500977608E+00   2.4299780896E+00   1.5966821291E-03   3.3563038894E-04
   1  -130   0    0  -2.9118961115E-01   8.0458872711E+00   1.6238278560E-04   2.0181637395E+00   2.3907612257E+00   2.8008482931E-04   2.1124786285E+00   2.3656052605E+00   6.7510772385E-04   2.2263544677E+00   2.4039447663E+00   1.7435473894E-03   2.2932030395E+00   2.4391647613E+00   1.9084658587E-03   2.4175742792E+00   2.4754825353E+00   2.0814239354E-03   2.2506477877E+00   2.4304125600E+00   1.5958234621E-03   3.3566252507E-04
   1  -131   0    0  -3.0102131319E-01   8.0465963837E+00   1.6182291579E-04   2.0174157108E+00   2.3909168817E+00   2.7778960797E-04   2.1117338189E+00   2.3658347224E+00   6.7372232142E-04   2.2260379520E+00   2.4041766016E+00   1.7422275812E-03   2.2940127465E+00   2.4396104591E+00   1.9081774212E-03   2.4181480613E+00   2.4760397702E+00   2.0817757887E-03   2.2512039611E+00   2.4308475402E+00   1.5949662024E-03   3.3569469797E-04
   1  -132   0    0  -3.1085210458E-01   8.0473090492E+00   1.6126630711E-04   2.0166664810E+00   2.3910745194E+00   2.7550256803E-04   2.1109865823E+00   2.3660657852E+00   6.7234176669E-04   2.2257218583E+00   2.4044099971E+00   1.7409114898E-03   2.2948244706E+00   2.4400565908E+00   1.9078894955E-03   2.4187217963E+00   2.4765969603E+00   2.0821264845E-03   2.2517661576E+00   2.4312829563E+00   1.5941105424E-03   3.3572690206E-04
   1  -133   0    0  -3.2068204457E-01   8.0480251444E+00   1.6071305974E-04   2.0159161705E+00   2.3912341165E+00   2.7322418549E-04   2.1102371038E+00   2.3662984130E+00   6.7096634773E-04   2.2254062240E+00   2.4046449163E+00   1.7395993970E-03   2.2956380557E+00   2.4405030803E+00   1.9076021458E-03   2.4192953832E+00   2.4771540076E+00   2.0824759492E-03   2.2523342484E+00   2.4317187345E+00   1.5932566719E-03   3.3575913176E-04
   1  -134   0    0  -3.3051119335E-01   8.0487445440E+00   1.6016327049E-04   2.0151648991E+00   2.3913956490E+00   2.7095492635E-04   2.1094855707E+00   2.3665325685E+00   6.6959634660E-04   2.2250910853E+00   2.4048813219E+00   1.7382915799E-03   2.2964533446E+00   2.4409498516E+00   1.9073154354E-03   2.4198687215E+00   2.4777108145E+00   2.0828241104E-03   2.2529081004E+00   2.4321548016E+00   1.5924047781E-03   3.3579138153E-04
   1  -135   0    0  -3.4033961195E-01   8.0494671204E+00   1.5961703275E-04   2.0144127859E+00   2.3915590920E+00   2.6869524627E-04   2.1087321721E+00   2.3667682137E+00   6.6823203923E-04   2.2247764768E+00   2.4051191757E+00   1.7369883102E-03   2.2972701792E+00   2.4413968292E+00   1.9070294268E-03   2.4204417121E+00   2.4782672846E+00   2.0831708973E-03   2.2534875754E+00   2.4325910844E+00   1.5915550457E-03   3.3582364582E-04
   1  -136   0    0  -3.5016736223E-01   8.0501927443E+00   1.5907443651E-04   2.0136599493E+00   2.3917244190E+00   2.6644559044E-04   2.1079770987E+00   2.3670053096E+00   6.6687369528E-04   2.2244624320E+00   2.4053584387E+00   1.7356898545E-03   2.2980884007E+00   2.4418439377E+00   1.9067441817E-03   2.4210142562E+00   2.4788233222E+00   2.0835162405E-03   2.2540725311E+00   2.4330275100E+00   1.5907076566E-03   3.3585591913E-04
   1  -137   0    0  -3.5999450674E-01   8.0509212842E+00   1.5853556833E-04   2.0129065072E+00   2.3918916021E+00   2.6420639331E-04   2.1072205430E+00   2.3672438163E+00   6.6552157801E-04   2.2241489829E+00   2.4055990708E+00   1.7343964738E-03   2.2989078495E+00   2.4422911025E+00   1.9064597605E-03   2.4215862566E+00   2.4793788328E+00   2.0838600725E-03   2.2546628207E+00   2.4334640060E+00   1.5898627895E-03   3.3588819600E-04
   1  -138   0    0  -3.6982110869E-01   8.0516526070E+00   1.5800051135E-04   2.0121525764E+00   2.3920606124E+00   2.6197807851E-04   2.1064626987E+00   2.3674836931E+00   6.6417594420E-04   2.2238361605E+00   2.4058410313E+00   1.7331084238E-03   2.2997283656E+00   2.4427382488E+00   1.9061762229E-03   2.4221576166E+00   2.4799337226E+00   2.0842023270E-03   2.2552582935E+00   2.4339005004E+00   1.5890206204E-03   3.3592047095E-04
   1  -139   0    0  -3.7964723186E-01   8.0523865779E+00   1.5746934532E-04   2.0113982732E+00   2.3922314195E+00   2.5976105863E-04   2.1057037604E+00   2.3677248984E+00   6.6283704404E-04   2.2235239945E+00   2.4060842785E+00   1.7318259545E-03   2.3005497886E+00   2.4431853027E+00   1.9058936275E-03   2.4227282409E+00   2.4804878989E+00   2.0845429396E-03   2.2558587948E+00   2.4343369214E+00   1.5881813222E-03   3.3595273859E-04
   1  -140   0    0  -3.8947294054E-01   8.0531230604E+00   1.5694214659E-04   2.0106437132E+00   2.3924039919E+00   2.5755573519E-04   2.1049439238E+00   2.3679673898E+00   6.6150512109E-04   2.2232125136E+00   2.4063287701E+00   1.7305493099E-03   2.3013719577E+00   2.4436321906E+00   1.9056120318E-03   2.4232980349E+00   2.4810412701E+00   2.0848818474E-03   2.2564641662E+00   2.4347731977E+00   1.5873450645E-03   3.3598499353E-04
   1  -141   0    0  -3.9929829944E-01   8.0538619164E+00   1.5641898816E-04   2.0098890112E+00   2.3925782967E+00   2.5536249853E-04   2.1041833851E+00   2.3682111241E+00   6.6018041224E-04   2.2229017452E+00   2.4065744630E+00   1.7292787287E-03   2.3021947119E+00   2.4440788393E+00   1.9053314922E-03   2.4238669055E+00   2.4815937455E+00   2.0852189892E-03   2.2570742457E+00   2.4352092585E+00   1.5865120137E-03   3.3601723041E-04
   1  -142   0    0  -4.0912337363E-01   8.0546030065E+00   1.5589993968E-04   2.0091342812E+00   2.3927543000E+00   2.5318172778E-04   2.1034223409E+00   2.3684560572E+00   6.5886314765E-04   2.2225917158E+00   2.4068213131E+00   1.7280144433E-03   2.3030178901E+00   2.4445251761E+00   1.9050520642E-03   2.4244347602E+00   2.4821452354E+00   2.0855543054E-03   2.2576888683E+00   2.4356450335E+00   1.5856823328E-03   3.3604944392E-04
   1  -143   0    0  -4.1894822845E-01   8.0553461897E+00   1.5538506752E-04   2.0083796367E+00   2.3929319667E+00   2.5101379083E-04   2.1026609880E+00   2.3687021444E+00   6.5755355074E-04   2.2222824511E+00   2.4070692759E+00   1.7267566804E-03   2.3038413313E+00   2.4449711287E+00   1.9047738018E-03   2.4250015080E+00   2.4826956515E+00   2.0858877382E-03   2.2583078656E+00   2.4360804525E+00   1.5848561817E-03   3.3608162879E-04
   1  -144   0    0  -4.2877292945E-01   8.0560913241E+00   1.5487443481E-04   2.0076251902E+00   2.3931112605E+00   2.4885904432E-04   2.1018995233E+00   2.3689493402E+00   6.5625183823E-04   2.2219739756E+00   2.4073183061E+00   1.7255056609E-03   2.3046648745E+00   2.4454166255E+00   1.9044967583E-03   2.4255670587E+00   2.4832449063E+00   2.0862192313E-03   2.2589310663E+00   2.4365154463E+00   1.5840337166E-03   3.3611377977E-04
   1  -145   0    0  -4.3859754234E-01   8.0568382662E+00   1.5436810146E-04   2.0068710539E+00   2.3932921441E+00   2.4671783370E-04   2.1011381432E+00   2.3691975985E+00   6.5495822009E-04   2.2216663135E+00   2.4075683576E+00   1.7242615996E-03   2.3054883589E+00   2.4458615954E+00   1.9042209856E-03   2.4261313236E+00   2.4837929133E+00   2.0865487303E-03   2.2595582966E+00   2.4369499457E+00   1.5832150905E-03   3.3614589167E-04
   1  -146   0    0  -4.4842213284E-01   8.0575868717E+00   1.5386612423E-04   2.0061173391E+00   2.3934745789E+00   2.4459049324E-04   2.1003770440E+00   2.3694468724E+00   6.5367289961E-04   2.2213594877E+00   2.4078193838E+00   1.7230247054E-03   2.3063116241E+00   2.4463059675E+00   1.9039465345E-03   2.4266942146E+00   2.4843395873E+00   2.0868761822E-03   2.2601893801E+00   2.4373838823E+00   1.5824004529E-03   3.3617795931E-04
   1  -147   0    0  -4.5824676670E-01   8.0583369952E+00   1.5336855679E-04   2.0053641567E+00   2.3936585256E+00   2.4247734611E-04   2.0996164208E+00   2.3696971145E+00   6.5239607342E-04   2.2210535207E+00   2.4080713375E+00   1.7217951812E-03   2.3071345100E+00   2.4467496717E+00   1.9036734546E-03   2.4272556453E+00   2.4848848442E+00   2.0872015357E-03   2.2608241381E+00   2.4378171879E+00   1.5815899497E-03   3.3620997758E-04
   1  -148   0    0  -4.6807150958E-01   8.0590884902E+00   1.5287544978E-04   2.0046116168E+00   2.3938439437E+00   2.4037870449E-04   2.0988564684E+00   2.3699482766E+00   6.5112793155E-04   2.2207484347E+00   2.4083241707E+00   1.7205732242E-03   2.3079568572E+00   2.4471926385E+00   1.9034017944E-03   2.4278155298E+00   2.4854286007E+00   2.0875247414E-03   2.2614623897E+00   2.4382497951E+00   1.5807837234E-03   3.3624194139E-04
   1  -149   0    0  -4.7789642698E-01   8.0598412097E+00   1.5238685086E-04   2.0038598293E+00   2.3940307915E+00   2.3829486962E-04   2.0980973802E+00   2.3702003099E+00   6.4986865747E-04   2.2204442508E+00   2.4085778351E+00   1.7193590256E-03   2.3087785068E+00   2.4476347986E+00   1.9031316012E-03   2.4283737838E+00   2.4859707749E+00   2.0878457512E-03   2.2621039523E+00   2.4386816368E+00   1.5799819131E-03   3.3627384570E-04
   1  -150   0    0  -4.8772158417E-01   8.0605950056E+00   1.5190280477E-04   2.0031089033E+00   2.3942190269E+00   2.3622613195E-04   2.0973393481E+00   2.3704531652E+00   6.4861842817E-04   2.2201409902E+00   2.4088322817E+00   1.7181527707E-03   2.3095993004E+00   2.4480760836E+00   1.9028629213E-03   2.4289303240E+00   2.4865112858E+00   2.0881645189E-03   2.2627486415E+00   2.4391126465E+00   1.5791846543E-03   3.3630568551E-04
   1  -151   0    0  -4.9754704614E-01   8.0613497295E+00   1.5142335344E-04   2.0023589477E+00   2.3944086064E+00   2.3417277126E-04   2.0965825630E+00   2.3707067927E+00   6.4737741423E-04   2.2198386735E+00   2.4090874609E+00   1.7169546391E-03   2.3104190806E+00   2.4485164255E+00   1.9025957995E-03   2.4294850679E+00   2.4870500535E+00   2.0884809997E-03   2.2633962715E+00   2.4395427581E+00   1.5783920790E-03   3.3633745586E-04
   1  -152   0    0  -5.0737287752E-01   8.0621052320E+00   1.5094853600E-04   2.0016100708E+00   2.3945994859E+00   2.3213505681E-04   2.0958272138E+00   2.3709611420E+00   6.4614577991E-04   2.2195373211E+00   2.4093433227E+00   1.7157648046E-03   2.3112376908E+00   2.4489557566E+00   1.9023302797E-03   2.4300379346E+00   2.4875869992E+00   2.0887951505E-03   2.2640466551E+00   2.4399719062E+00   1.5776043159E-03   3.3636915182E-04
   1  -153   0    0  -5.1719914250E-01   8.0628613635E+00   1.5047838889E-04   2.0008623807E+00   2.3947916203E+00   2.3011324743E-04   2.0950734876E+00   2.3712161623E+00   6.4492368321E-04   2.2192369530E+00   2.4095998166E+00   1.7145834355E-03   2.3120549753E+00   2.4493940102E+00   1.9020664045E-03   2.4305888438E+00   2.4881220450E+00   2.0891069298E-03   2.2646996039E+00   2.4404000255E+00   1.5768214901E-03   3.3640076853E-04
   1  -154   0    0  -5.2702590481E-01   8.0636179739E+00   1.5001294592E-04   2.0001159850E+00   2.3949849638E+00   2.2810759174E-04   2.0943215695E+00   2.3714718021E+00   6.4371127598E-04   2.2189375894E+00   2.4098568918E+00   1.7134106941E-03   2.3128707796E+00   2.4498311198E+00   1.9018042155E-03   2.4311377167E+00   2.4886551143E+00   2.0894162973E-03   2.2653549289E+00   2.4408270517E+00   1.5760437232E-03   3.3643230113E-04
   1  -155   0    0  -5.3685322758E-01   8.0643749127E+00   1.4955223834E-04   1.9993709912E+00   2.3951794697E+00   2.2611832830E-04   2.0935716423E+00   2.3717280097E+00   6.4250870402E-04   2.2186392503E+00   2.4101144967E+00   1.7122467375E-03   2.3136849500E+00   2.4502670195E+00   1.9015437530E-03   2.4316844751E+00   2.4891861314E+00   2.0897232148E-03   2.2660124401E+00   2.4412529208E+00   1.5752711336E-03   3.3646374484E-04
   1  -156   0    0  -5.4668117334E-01   8.0651320292E+00   1.4909629489E-04   1.9986275065E+00   2.3953750908E+00   2.2414568570E-04   2.0928238865E+00   2.3719847331E+00   6.4131610716E-04   2.2183419555E+00   2.4103725797E+00   1.7110917172E-03   2.3144973343E+00   2.4507016440E+00   1.9012850563E-03   2.4322290424E+00   2.4897150217E+00   2.0900276451E-03   2.2666719470E+00   2.4416775691E+00   1.5745038362E-03   3.3649509490E-04
   1  -157   0    0  -5.5650980395E-01   8.0658891727E+00   1.4864514192E-04   1.9978856376E+00   2.3955717788E+00   2.2218988283E-04   2.0920784800E+00   2.3722419195E+00   6.4013361934E-04   2.2180457252E+00   2.4106310887E+00   1.7099457792E-03   2.3153077813E+00   2.4511349287E+00   1.9010281634E-03   2.4327713426E+00   2.4902417113E+00   2.0903295528E-03   2.2673332588E+00   2.4421009337E+00   1.5737419425E-03   3.3652634660E-04
   1  -158   0    0  -5.6633918050E-01   8.0666461921E+00   1.4819880339E-04   1.9971454913E+00   2.3957694852E+00   2.2025112894E-04   2.0913355981E+00   2.3724995160E+00   6.3896136875E-04   2.2177505795E+00   2.4108899710E+00   1.7088090642E-03   2.3161161413E+00   2.4515668092E+00   1.9007731113E-03   2.4333113010E+00   2.4907661279E+00   2.0906289037E-03   2.2679961845E+00   2.4425229521E+00   1.5729855606E-03   3.3655749528E-04
   1  -159   0    0  -5.7616936329E-01   8.0674029364E+00   1.4775730100E-04   1.9964071743E+00   2.3959681605E+00   2.1832962390E-04   2.0905954131E+00   2.3727574694E+00   6.3779947790E-04   2.2174565389E+00   2.4111491741E+00   1.7076817076E-03   2.3169222659E+00   2.4519972219E+00   1.9005199358E-03   2.4338488438E+00   2.4912881996E+00   2.0909256652E-03   2.2686605330E+00   2.4429435624E+00   1.5722347955E-03   3.3658853629E-04
   1  -160   0    0  -5.8600041175E-01   8.0681592548E+00   1.4732065423E-04   1.9956707927E+00   2.3961677547E+00   2.1642555827E-04   2.0898580946E+00   2.3730157261E+00   6.3664806371E-04   2.2171636238E+00   2.4114086446E+00   1.7065638397E-03   2.3177260083E+00   2.4524261038E+00   1.9002686718E-03   2.4343838984E+00   2.4918078560E+00   2.0912198060E-03   2.2693261135E+00   2.4433627031E+00   1.5714897487E-03   3.3661946507E-04
   1  -161   0    0  -5.9583238440E-01   8.0689149965E+00   1.4688888039E-04   1.9949364528E+00   2.3963682174E+00   2.1453911351E-04   2.0891238087E+00   2.3732742322E+00   6.3550723760E-04   2.2168718553E+00   2.4116683293E+00   1.7054555856E-03   2.3185272231E+00   2.4528533923E+00   1.9000193528E-03   2.4349163930E+00   2.4923250274E+00   2.0915112964E-03   2.2699927354E+00   2.4437803133E+00   1.5707505186E-03   3.3665027706E-04
   1  -162   0    0  -6.0566533876E-01   8.0696700111E+00   1.4646199470E-04   1.9942042608E+00   2.3965694974E+00   2.1267046214E-04   2.0883927186E+00   2.3735329336E+00   6.3437710562E-04   2.2165812544E+00   2.4119281746E+00   1.7043570651E-03   2.3193257665E+00   2.4532790254E+00   1.8997720114E-03   2.4354462571E+00   2.4928396451E+00   2.0918001079E-03   2.2706602087E+00   2.4441963325E+00   1.5700172002E-03   3.3668096777E-04
   1  -163   0    0  -6.1549933134E-01   8.0704241484E+00   1.4604001036E-04   1.9934743225E+00   2.3967715433E+00   2.1081976783E-04   2.0876649840E+00   2.3737917760E+00   6.3325776846E-04   2.2162918429E+00   2.4121881266E+00   1.7032683933E-03   2.3201214967E+00   2.4537029419E+00   1.8995266791E-03   2.4359734211E+00   2.4933516417E+00   2.0920862132E-03   2.2713283438E+00   2.4446107010E+00   1.5692898855E-03   3.3671153275E-04
   1  -164   0    0  -6.2533441755E-01   8.0711772586E+00   1.4562293857E-04   1.9927467438E+00   2.3969743030E+00   2.0898718560E-04   2.0869407612E+00   2.3740507049E+00   6.3214932162E-04   2.2160036427E+00   2.4124481314E+00   1.7021896801E-03   2.3209142731E+00   2.4541250808E+00   1.8992833863E-03   2.4364978163E+00   2.4938609504E+00   2.0923695866E-03   2.2719969522E+00   2.4450233595E+00   1.5685686630E-03   3.3674196758E-04
   1  -165   0    0  -6.3517065166E-01   8.0719291925E+00   1.4521078862E-04   1.9920216302E+00   2.3971777241E+00   2.0717286194E-04   2.0862202030E+00   2.3743096656E+00   6.3105185542E-04   2.2157166762E+00   2.4127081349E+00   1.7011210308E-03   2.3217039574E+00   2.4545453821E+00   1.8990421623E-03   2.4370193752E+00   2.4943675057E+00   2.0926502036E-03   2.2726658462E+00   2.4454342492E+00   1.5678536182E-03   3.3677226792E-04
   1  -166   0    0  -6.4500808675E-01   8.0726798014E+00   1.4480356794E-04   1.9912990872E+00   2.3973817538E+00   2.0537693489E-04   2.0855034584E+00   2.3745686034E+00   6.2996545511E-04   2.2154309663E+00   2.4129680828E+00   1.7000625455E-03   2.3224904128E+00   2.4549637861E+00   1.8988030353E-03   2.4375380314E+00   2.4948712430E+00   2.0929280411E-03   2.2733348390E+00   2.4458433120E+00   1.5671448336E-03   3.3680242943E-04
   1  -167   0    0  -6.5484677466E-01   8.0734289371E+00   1.4440128213E-04   1.9905792201E+00   2.3975863391E+00   2.0359953423E-04   2.0847906728E+00   2.3748274633E+00   6.2889020093E-04   2.2151465363E+00   2.4132279207E+00   1.6990143197E-03   2.3232735047E+00   2.4553802340E+00   1.8985660326E-03   2.4380537193E+00   2.4953720987E+00   2.0932030769E-03   2.2740037455E+00   2.4462504903E+00   1.5664423882E-03   3.3683244786E-04
   1  -168   0    0  -6.6468676596E-01   8.0741764525E+00   1.4400393501E-04   1.9898621339E+00   2.3977914264E+00   2.0184078154E-04   2.0840819878E+00   2.3750861904E+00   6.2782616819E-04   2.2148634100E+00   2.4134875943E+00   1.6979764441E-03   2.3240531003E+00   2.4557946674E+00   1.8983311802E-03   2.4385663747E+00   2.4958700102E+00   2.0934752905E-03   2.2746723815E+00   2.4466557272E+00   1.5657463582E-03   3.3686231898E-04
   1  -169   0    0  -6.7452810985E-01   8.0749222011E+00   1.4361152867E-04   1.9891479335E+00   2.3979969622E+00   2.0010079031E-04   2.0833775409E+00   2.3753447297E+00   6.2677342728E-04   2.2145816118E+00   2.4137470491E+00   1.6969490047E-03   2.3248290690E+00   2.4562070288E+00   1.8980985033E-03   2.4390759340E+00   2.4963649160E+00   2.0937446625E-03   2.2753405646E+00   2.4470589664E+00   1.5650568164E-03   3.3689203863E-04
   1  -170   0    0  -6.8437085417E-01   8.0756660373E+00   1.4322406353E-04   1.9884367232E+00   2.3982028924E+00   1.9837966606E-04   2.0826774660E+00   2.3756030263E+00   6.2573204380E-04   2.2143011664E+00   2.4140062308E+00   1.6959320827E-03   2.3256012821E+00   2.4566172612E+00   1.8978680258E-03   2.4395823353E+00   2.4968567557E+00   2.0940111747E-03   2.2760081138E+00   2.4474601521E+00   1.5643738327E-03   3.3692160268E-04
   1  -171   0    0  -6.9421504534E-01   8.0764078165E+00   1.4284153835E-04   1.9877286073E+00   2.3984091631E+00   1.9667750640E-04   2.0819818928E+00   2.3758610253E+00   6.2470207854E-04   2.2140220990E+00   2.4142650851E+00   1.6949257549E-03   2.3263696133E+00   2.4570253083E+00   1.8976397708E-03   2.4400855172E+00   2.4973454699E+00   2.0942748100E-03   2.2766748502E+00   2.4478592294E+00   1.5636974738E-03   3.3695100709E-04
   1  -172   0    0  -7.0406072831E-01   8.0771473953E+00   1.4246395029E-04   1.9870236894E+00   2.3986157199E+00   1.9499440110E-04   2.0812909468E+00   2.3761186717E+00   6.2368358759E-04   2.2137444354E+00   2.4145235577E+00   1.6939300932E-03   2.3271339384E+00   2.4574311148E+00   1.8974137601E-03   2.4405854197E+00   2.4978310003E+00   2.0945355527E-03   2.2773405965E+00   2.4482561439E+00   1.5630278033E-03   3.3698024784E-04
   1  -173   0    0  -7.1390794651E-01   8.0778846314E+00   1.4209129491E-04   1.9863220729E+00   2.3988225085E+00   1.9333043223E-04   2.0806047498E+00   2.3763759110E+00   6.2267662232E-04   2.2134682018E+00   2.4147815944E+00   1.6929451651E-03   2.3278941354E+00   2.4578346258E+00   1.8971900147E-03   2.4410819842E+00   2.4983132897E+00   2.0947933883E-03   2.2780051776E+00   2.4486508421E+00   1.5623648817E-03   3.3700932097E-04
   1  -174   0    0  -7.2375674186E-01   8.0786193838E+00   1.4172356624E-04   1.9856238603E+00   2.3990294747E+00   1.9168567413E-04   2.0799234192E+00   2.3766326886E+00   6.2168122946E-04   2.2131934248E+00   2.4150391413E+00   1.6919710334E-03   2.3286500848E+00   2.4582357874E+00   1.8969685542E-03   2.4415751527E+00   2.4987922821E+00   2.0950483034E-03   2.2786684203E+00   2.4490432710E+00   1.5617087663E-03   3.3703822261E-04
   1  -175   0    0  -7.3360715465E-01   8.0793515128E+00   1.4136075681E-04   1.9849291539E+00   2.3992365639E+00   1.9006019354E-04   2.0792470682E+00   2.3768889501E+00   6.2069745113E-04   2.2129201314E+00   2.4152961446E+00   1.6910077565E-03   2.3294016693E+00   2.4586345464E+00   1.8967493977E-03   2.4420648688E+00   2.4992679225E+00   2.0953002857E-03   2.2793301538E+00   2.4494333786E+00   1.5610595115E-03   3.3706694890E-04
   1  -176   0    0  -7.4345922362E-01   8.0800808803E+00   1.4100285764E-04   1.9842380551E+00   2.3994437217E+00   1.8845404962E-04   2.0785758059E+00   2.3771446413E+00   6.1972532486E-04   2.2126483490E+00   2.4155525507E+00   1.6900553880E-03   2.3301487743E+00   2.4590308505E+00   1.8965325626E-03   2.4425510773E+00   2.4997401572E+00   2.0955493244E-03   2.2799902097E+00   2.4498211135E+00   1.5604171685E-03   3.3709549610E-04
   1  -177   0    0  -7.5331298581E-01   8.0808073494E+00   1.4064985830E-04   1.9835506646E+00   2.3996508940E+00   1.8686729402E-04   2.0779097373E+00   2.3773997084E+00   6.1876488361E-04   2.2123781054E+00   2.4158083065E+00   1.6891139772E-03   2.3308912875E+00   2.4594246483E+00   1.8963180657E-03   2.4430337240E+00   2.5002089338E+00   2.0957954096E-03   2.2806484220E+00   2.4502064253E+00   1.5597817852E-03   3.3712386048E-04
   1  -178   0    0  -7.6316847661E-01   8.0815307852E+00   1.4030174693E-04   1.9828670822E+00   2.3998580264E+00   1.8529997091E-04   2.0772489631E+00   2.3776540980E+00   6.1781615583E-04   2.2121094287E+00   2.4160633589E+00   1.6881835687E-03   2.3316290991E+00   2.4598158892E+00   1.8961059225E-03   2.4435127562E+00   2.5006742008E+00   2.0960385326E-03   2.2813046272E+00   2.4505892644E+00   1.5591534066E-03   3.3715203842E-04
   1  -179   0    0  -7.7302572972E-01   8.0822510543E+00   1.3995851026E-04   1.9821874067E+00   2.4000650650E+00   1.8375211703E-04   2.0765935796E+00   2.3779077567E+00   6.1687916545E-04   2.2118423471E+00   2.4163176554E+00   1.6872642027E-03   2.3323621021E+00   2.4602045237E+00   1.8958961476E-03   2.4439881224E+00   2.5011359085E+00   2.0962786859E-03   2.2819586644E+00   2.4509695820E+00   1.5585320745E-03   3.3718002635E-04
   1  -180   0    0  -7.8288477710E-01   8.0829680252E+00   1.3962013362E-04   1.9815117362E+00   2.4002719559E+00   1.8222376173E-04   2.0759436791E+00   2.3781606319E+00   6.1595393191E-04   2.2115768892E+00   2.4165711438E+00   1.6863559149E-03   2.3330901919E+00   2.4605905030E+00   1.8956887545E-03   2.4444597725E+00   2.5015940079E+00   2.0965158632E-03   2.2826103758E+00   2.4513473303E+00   1.5579178276E-03   3.3720782077E-04
   1  -181   0    0  -7.9274564895E-01   8.0836815681E+00   1.3928660098E-04   1.9808401672E+00   2.4004786454E+00   1.8071492699E-04   2.0752993497E+00   2.3784126711E+00   6.1504047019E-04   2.2113130839E+00   2.4168237722E+00   1.6854587365E-03   2.3338132668E+00   2.4609737795E+00   1.8954837556E-03   2.4449276576E+00   2.5020484517E+00   2.0967500593E-03   2.2832596059E+00   2.4517224624E+00   1.5573107014E-03   3.3723541826E-04
   1  -182   0    0  -8.0260837372E-01   8.0843915555E+00   1.3895789498E-04   1.9801727954E+00   2.4006850803E+00   1.7922562751E-04   2.0746606751E+00   2.3786638226E+00   6.1413879083E-04   2.2110509599E+00   2.4170754894E+00   1.6845726940E-03   2.3345312277E+00   2.4613543066E+00   1.8952811621E-03   2.4453917305E+00   2.5024991939E+00   2.0969812702E-03   2.2839062027E+00   2.4520949325E+00   1.5567107281E-03   3.3726281547E-04
   1  -183   0    0  -8.1247297809E-01   8.0850978616E+00   1.3863399692E-04   1.9795097149E+00   2.4008912076E+00   1.7775587066E-04   2.0740277350E+00   2.3789140348E+00   6.1324889996E-04   2.2107905462E+00   2.4173262447E+00   1.6836978098E-03   2.3352439785E+00   2.4617320388E+00   1.8950809843E-03   2.4458519452E+00   2.5029461899E+00   2.0972094929E-03   2.2845500167E+00   2.4524646957E+00   1.5561179371E-03   3.3729000914E-04
   1  -184   0    0  -8.2233948690E-01   8.0858003631E+00   1.3831488678E-04   1.9788510186E+00   2.4010969747E+00   1.7630565662E-04   2.0734006048E+00   2.3791632571E+00   6.1237079929E-04   2.2105318718E+00   2.4175759878E+00   1.6828341014E-03   2.3359514256E+00   2.4621069315E+00   1.8948832315E-03   2.4463082571E+00   2.5033893964E+00   2.0974347258E-03   2.2851909019E+00   2.4528317082E+00   1.5555323544E-03   3.3731699608E-04
   1  -185   0    0  -8.3220792323E-01   8.0864989387E+00   1.3800054328E-04   1.9781967977E+00   2.4013023293E+00   1.7487497833E-04   2.0727793558E+00   2.3794114393E+00   6.1150448617E-04   2.2102749657E+00   2.4178246691E+00   1.6819815822E-03   2.3366534785E+00   2.4624789415E+00   1.8946879117E-03   2.4467606234E+00   2.5038287717E+00   2.0976569682E-03   2.2858287152E+00   2.4531959273E+00   1.5549540027E-03   3.3734377319E-04
   1  -186   0    0  -8.4207830831E-01   8.0871934695E+00   1.3769094387E-04   1.9775471418E+00   2.4015072196E+00   1.7346382158E-04   2.0721640550E+00   2.3796585317E+00   6.1064995358E-04   2.2100198567E+00   2.4180722396E+00   1.6811402609E-03   2.3373500496E+00   2.4628480266E+00   1.8944950319E-03   2.4472090025E+00   2.5042642754E+00   2.0978762206E-03   2.2864633169E+00   2.4535573115E+00   1.5543829019E-03   3.3737033746E-04
   1  -187   0    0  -8.5195066155E-01   8.0878838391E+00   1.3738606474E-04   1.9769021390E+00   2.4017115945E+00   1.7207216506E-04   2.0715547655E+00   2.3799044856E+00   6.0980719018E-04   2.2097665737E+00   2.4183186510E+00   1.6803101419E-03   2.3380410542E+00   2.4632141459E+00   1.8943045981E-03   2.4476533546E+00   2.5046958688E+00   2.0980924848E-03   2.2870945706E+00   2.4539158203E+00   1.5538190683E-03   3.3739668596E-04
   1  -188   0    0  -8.6182500055E-01   8.0885699333E+00   1.3708588087E-04   1.9762618753E+00   2.4019154033E+00   1.7069998039E-04   2.0709515464E+00   2.3801492527E+00   6.0897618036E-04   2.2095151450E+00   2.4185638557E+00   1.6794912251E-03   2.3387264105E+00   2.4635772596E+00   1.8941166151E-03   2.4480936413E+00   2.5051235147E+00   2.0983057633E-03   2.2877223432E+00   2.4542714144E+00   1.5532625155E-03   3.3742281585E-04
   1  -189   0    0  -8.7170134108E-01   8.0892516408E+00   1.3679036602E-04   1.9756264348E+00   2.4021185957E+00   1.6934723216E-04   2.0703544525E+00   2.3803927858E+00   6.0815690421E-04   2.2092655990E+00   2.4188078070E+00   1.6786835059E-03   2.3394060399E+00   2.4639373293E+00   1.8939310868E-03   2.4485298260E+00   2.5055471775E+00   2.0985160602E-03   2.2883465050E+00   2.4546240558E+00   1.5527132534E-03   3.3744872439E-04
   1  -190   0    0  -8.8157969709E-01   8.0899288527E+00   1.3649949276E-04   1.9749958999E+00   2.4023211224E+00   1.6801387804E-04   2.0697635348E+00   2.3806350382E+00   6.0734933760E-04   2.2090179637E+00   2.4190504587E+00   1.6778869757E-03   2.3400798668E+00   2.4642943178E+00   1.8937480159E-03   2.4489618736E+00   2.5059668230E+00   2.0987233803E-03   2.2889669299E+00   2.4549737078E+00   1.5521712893E-03   3.3747440894E-04
   1  -191   0    0  -8.9146008073E-01   8.0906014630E+00   1.3621323253E-04   1.9743703506E+00   2.4025229344E+00   1.6669986879E-04   2.0691788404E+00   2.3808759642E+00   6.0655345221E-04   2.2087722666E+00   2.4192917657E+00   1.6771016211E-03   2.3407478185E+00   2.4646481894E+00   1.8935674040E-03   2.4493897508E+00   2.5063824189E+00   2.0989277298E-03   2.2895834954E+00   2.4553203348E+00   1.5516366269E-03   3.3749986694E-04
   1  -192   0    0  -9.0134250231E-01   8.0912693682E+00   1.3593155560E-04   1.9737498646E+00   2.4027239837E+00   1.6540514835E-04   2.0686004123E+00   2.3811155189E+00   6.0576921557E-04   2.2085285350E+00   2.4195316838E+00   1.6763274246E-03   2.3414098255E+00   2.4649989095E+00   1.8933892517E-03   2.4498134259E+00   2.5067939344E+00   2.0991291158E-03   2.2901960825E+00   2.4556639028E+00   1.5511092670E-03   3.3752509594E-04
   1  -193   0    0  -9.1122697040E-01   8.0919324680E+00   1.3565443112E-04   1.9731345177E+00   2.4029242228E+00   1.6412965395E-04   2.0680282899E+00   2.3813536584E+00   6.0499659110E-04   2.2082867955E+00   2.4197701693E+00   1.6755643645E-03   2.3420658217E+00   2.4653464450E+00   1.8932135585E-03   2.4502328691E+00   2.5072013405E+00   2.0993275466E-03   2.2908045757E+00   2.4560043788E+00   1.5505892072E-03   3.3755009359E-04
   1  -194   0    0  -9.2111349177E-01   8.0925906647E+00   1.3538182716E-04   1.9725243830E+00   2.4031236053E+00   1.6287331613E-04   2.0674625086E+00   2.3815903396E+00   6.0423553817E-04   2.2080470744E+00   2.4200071800E+00   1.6748124146E-03   2.3427157436E+00   2.4656907643E+00   1.8930403230E-03   2.4506480520E+00   2.5076046096E+00   2.0995230313E-03   2.2914088635E+00   2.4563417313E+00   1.5500764420E-03   3.3757485766E-04
   1  -195   0    0  -9.3100207143E-01   8.0932438638E+00   1.3511371073E-04   1.9719195313E+00   2.4033220852E+00   1.6163605889E-04   2.0669031002E+00   2.3818255207E+00   6.0348601214E-04   2.2078093971E+00   2.4202426742E+00   1.6740715448E-03   2.3433595314E+00   2.4660318372E+00   1.8928695425E-03   2.4510589484E+00   2.5080037162E+00   2.0997155805E-03   2.2920088378E+00   2.4566759304E+00   1.5495709629E-03   3.3759938599E-04
   1  -196   0    0  -9.4089271267E-01   8.0938919737E+00   1.3485004776E-04   1.9713200309E+00   2.4035196178E+00   1.6041779974E-04   2.0663500929E+00   2.3820591605E+00   6.0274796443E-04   2.2075737886E+00   2.4204766116E+00   1.6733417205E-03   2.3439971282E+00   2.4663696348E+00   1.8927012134E-03   2.4514655336E+00   2.5083986364E+00   2.0999052053E-03   2.2926043945E+00   2.4570069472E+00   1.5490727584E-03   3.3762367655E-04
   1  -197   0    0  -9.5078541708E-01   8.0945349060E+00   1.3459080321E-04   1.9707259472E+00   2.4037161589E+00   1.5921844985E-04   2.0658035111E+00   2.3822912191E+00   6.0202134260E-04   2.2073402732E+00   2.4207089526E+00   1.6726229035E-03   2.3446284802E+00   2.4667041299E+00   1.8925353312E-03   2.4518677848E+00   2.5087893479E+00   2.1000919183E-03   2.2931954331E+00   2.4573347546E+00   1.5485818138E-03   3.3764772742E-04
   1  -198   0    0  -9.6068018455E-01   8.0951725753E+00   1.3433594102E-04   1.9701373433E+00   2.4039116655E+00   1.5803791413E-04   2.0652633757E+00   2.3825216576E+00   6.0130609036E-04   2.2071088744E+00   2.4209396589E+00   1.6719150511E-03   2.3452535370E+00   2.4670352966E+00   1.8923718901E-03   2.4522656810E+00   2.5091758303E+00   2.1002757327E-03   2.2937818570E+00   2.4576593268E+00   1.5480981115E-03   3.3767153678E-04
   1  -199   0    0  -9.7057701334E-01   8.0958048995E+00   1.3408542419E-04   1.9695542794E+00   2.4041060954E+00   1.5687609136E-04   2.0647297042E+00   2.3827504383E+00   6.0060214772E-04   2.2068796148E+00   2.4211686932E+00   1.6712181168E-03   2.3458722514E+00   2.4673631107E+00   1.8922108835E-03   2.4526592031E+00   2.5095580651E+00   2.1004566630E-03   2.2943635733E+00   2.4579806394E+00   1.5476216310E-03   3.3769510291E-04
   1  -200   0    0  -9.8047590008E-01   8.0964317997E+00   1.3383921478E-04   1.9689768129E+00   2.4042994075E+00   1.5573287435E-04   2.0642025107E+00   2.3829775245E+00   5.9990945101E-04   2.2066525164E+00   2.4213960193E+00   1.6705320504E-03   2.3464845792E+00   2.4676875493E+00   1.8920523038E-03   2.4530483337E+00   2.5099360353E+00   2.1006347246E-03   2.2949404930E+00   2.4582986695E+00   1.5471523490E-03   3.3771842423E-04
   1  -201   0    0  -9.9037683984E-01   8.0970532001E+00   1.3359727398E-04   1.9684049983E+00   2.4044915617E+00   1.5460815000E-04   2.0636818058E+00   2.3832028807E+00   5.9922793299E-04   2.2064276003E+00   2.4216216022E+00   1.6698567977E-03   2.3470904797E+00   2.4680085913E+00   1.8918961424E-03   2.4534330573E+00   2.5103097260E+00   2.1008099336E-03   2.2955125310E+00   2.4586133959E+00   1.5466902392E-03   3.3774149925E-04
   1  -202  -4    7  -9.9999997190E-01   8.0976517043E+00   1.3336622135E-04   1.9678548051E+00   2.4046771397E+00   1.5353281025E-04   2.0631820376E+00   2.3834201792E+00   5.9857631466E-04   2.2062111492E+00   2.4218391088E+00   1.6692109300E-03   2.3476730660E+00   2.4683172890E+00   1.8917467013E-03   2.4538026750E+00   2.5106687448E+00   2.1009774753E-03   2.2960636511E+00   2.4589160453E+00   1.5462480306E-03   3.3776368498E-04
