         
   1    -1   0    0   9.9999997521E-01   7.9218428589E+00   2.0055146565E-04   2.0210848608E+00   2.3228567692E+00   2.0858653922E-04   2.1241141823E+00   2.3106733642E+00   6.3190698004E-04   2.2219812866E+00   2.3444648389E+00   1.7019537552E-03   2.2263540755E+00   2.4009536895E+00   1.8992301487E-03   2.3807797579E+00   2.4396296652E+00   2.0924315479E-03   2.2182997190E+00   2.3933980438E+00   1.5684108502E-03   3.3268555318E-04
   1    -2   0    0   9.8001100319E-01   7.9219749456E+00   2.0032721766E-04   2.0208074149E+00   2.3228085635E+00   2.0858653922E-04   2.1238720912E+00   2.3106441605E+00   6.3190698004E-04   2.2217937306E+00   2.3444711859E+00   1.7019537552E-03   2.2266916088E+00   2.4011148349E+00   1.8992301487E-03   2.3810082770E+00   2.4398514084E+00   2.0924315479E-03   2.2183518696E+00   2.3935498647E+00   1.5684108502E-03   3.3269631446E-04
   1    -3   0    0   9.7001684862E-01   7.9220430227E+00   2.0021193771E-04   2.0206645692E+00   2.3227837837E+00   2.0858653922E-04   2.1237473197E+00   2.3106291291E+00   6.3190698004E-04   2.2216972621E+00   2.3444744790E+00   1.7019537552E-03   2.2268653752E+00   2.4011977696E+00   1.8992301487E-03   2.3811258595E+00   2.4399655042E+00   2.0924315479E-03   2.2183790736E+00   2.3936280184E+00   1.5684108502E-03   3.3270185194E-04
   1    -4   0    0   9.6002292561E-01   7.9221124875E+00   2.0009451578E-04   2.0205189165E+00   2.3227585447E+00   2.0858653922E-04   2.1236200060E+00   2.3106138053E+00   6.3190698004E-04   2.2215989657E+00   2.3444778544E+00   1.7019537552E-03   2.2270425452E+00   2.4012823114E+00   1.8992301487E-03   2.3812457017E+00   2.4400817926E+00   2.0924315479E-03   2.2184070606E+00   2.3937076990E+00   1.5684108502E-03   3.3270749611E-04
   1    -5   0    0   9.5002924241E-01   7.9221833642E+00   1.9997492347E-04   2.0203704125E+00   2.3227328404E+00   2.0858653922E-04   2.1234901058E+00   2.3105981847E+00   6.3190698004E-04   2.2214988157E+00   2.3444813143E+00   1.7019537552E-03   2.2272231721E+00   2.4013684845E+00   1.8992301487E-03   2.3813678370E+00   2.4402003059E+00   2.0924315479E-03   2.2184358545E+00   2.3937889303E+00   1.5684108502E-03   3.3271324854E-04
   1    -6   0    0   9.4003580751E-01   7.9222556775E+00   1.9985313245E-04   2.0202190127E+00   2.3227066647E+00   2.0858653922E-04   2.1233575745E+00   2.3105822627E+00   6.3190698004E-04   2.2213967864E+00   2.3444848609E+00   1.7019537552E-03   2.2274073094E+00   2.4014563134E+00   1.8992301487E-03   2.3814922987E+00   2.4403210765E+00   2.0924315479E-03   2.2184654799E+00   2.3938717362E+00   1.5684108502E-03   3.3271911082E-04
   1    -7   0    0   9.3004262963E-01   7.9223294521E+00   1.9972911452E-04   2.0200646724E+00   2.3226800118E+00   2.0858653922E-04   2.1232223670E+00   2.3105660349E+00   6.3190698004E-04   2.2212928522E+00   2.3444884963E+00   1.7019537552E-03   2.2275950110E+00   2.4015458226E+00   1.8992301487E-03   2.3816191205E+00   2.4404441371E+00   2.0924315479E-03   2.2184959620E+00   2.3939561405E+00   1.5684108502E-03   3.3272508456E-04
   1    -8   0    0   9.2004971776E-01   7.9224047130E+00   1.9960284164E-04   2.0199073466E+00   2.3226528757E+00   2.0858653922E-04   2.1230844375E+00   2.3105494967E+00   6.3190698004E-04   2.2211869876E+00   2.3444922229E+00   1.7019537552E-03   2.2277863308E+00   2.4016370368E+00   1.8992301487E-03   2.3817483358E+00   2.4405695200E+00   2.0924315479E-03   2.2185273271E+00   2.3940421673E+00   1.5684108502E-03   3.3273117135E-04
   1    -9   0    0   9.1005708110E-01   7.9224814856E+00   1.9947428591E-04   2.0197469901E+00   2.3226252506E+00   2.0858653922E-04   2.1229437402E+00   2.3105326435E+00   6.3190698004E-04   2.2210791669E+00   2.3444960428E+00   1.7019537552E-03   2.2279813233E+00   2.4017299806E+00   1.8992301487E-03   2.3818799783E+00   2.4406972580E+00   2.0924315479E-03   2.2185596019E+00   2.3941298409E+00   1.5684108502E-03   3.3273737278E-04
   1   -10   0    0   9.0006472914E-01   7.9225597954E+00   1.9934341965E-04   2.0195835576E+00   2.3225971306E+00   2.0858653922E-04   2.1228002285E+00   2.3105154709E+00   6.3190698004E-04   2.2209693648E+00   2.3444999586E+00   1.7019537552E-03   2.2281800427E+00   2.4018246787E+00   1.8992301487E-03   2.3820140815E+00   2.4408273836E+00   2.0924315479E-03   2.2185928141E+00   2.3942191853E+00   1.5684108502E-03   3.3274369047E-04
   1   -11   0    0   8.9007267159E-01   7.9226396682E+00   1.9921021539E-04   2.0194170037E+00   2.3225685100E+00   2.0858653922E-04   2.1226538556E+00   2.3104979743E+00   6.3190698004E-04   2.2208575560E+00   2.3445039726E+00   1.7019537552E-03   2.2283825437E+00   2.4019211557E+00   1.8992301487E-03   2.3821506790E+00   2.4409599293E+00   2.0924315479E-03   2.2186269922E+00   2.3943102250E+00   1.5684108502E-03   3.3275012601E-04
   1   -12   0    0   8.8008091844E-01   7.9227211299E+00   1.9907464591E-04   2.0192472827E+00   2.3225393830E+00   2.0858653922E-04   2.1225045741E+00   2.3104801490E+00   6.3190698004E-04   2.2207437153E+00   2.3445080873E+00   1.7019537552E-03   2.2285888810E+00   2.4020194365E+00   1.8992301487E-03   2.3822898042E+00   2.4410949276E+00   2.0924315479E-03   2.2186621657E+00   2.3944029842E+00   1.5684108502E-03   3.3275668099E-04
   1   -13   0    0   8.7008947992E-01   7.9228042070E+00   1.9893668429E-04   2.0190743491E+00   2.3225097440E+00   2.0858653922E-04   2.1223523365E+00   2.3104619906E+00   6.3190698004E-04   2.2206278178E+00   2.3445123053E+00   1.7019537552E-03   2.2287991095E+00   2.4021195456E+00   1.8992301487E-03   2.3824314907E+00   2.4412324109E+00   2.0924315479E-03   2.2186983646E+00   2.3944974873E+00   1.5684108502E-03   3.3276335703E-04
   1   -14   0    0   8.6009836655E-01   7.9228889258E+00   1.9879630388E-04   2.0188981569E+00   2.3224795875E+00   2.0858653922E-04   2.1221970946E+00   2.3104434944E+00   6.3190698004E-04   2.2205098386E+00   2.3445166291E+00   1.7019537552E-03   2.2290132842E+00   2.4022215079E+00   1.8992301487E-03   2.3825757717E+00   2.4413724117E+00   2.0924315479E-03   2.2187356202E+00   2.3945937588E+00   1.5684108502E-03   3.3277015570E-04
   1   -15   0    0   8.5010758907E-01   7.9229753130E+00   1.9865347838E-04   2.0187186604E+00   2.3224489080E+00   2.0858653922E-04   2.1220388000E+00   2.3104246559E+00   6.3190698004E-04   2.2203897532E+00   2.3445210615E+00   1.7019537552E-03   2.2292314598E+00   2.4023253479E+00   1.8992301487E-03   2.3827226804E+00   2.4415149620E+00   2.0924315479E-03   2.2187739645E+00   2.3946918230E+00   1.5684108502E-03   3.3277707859E-04
   1   -16   0    0   8.4011715853E-01   7.9230633957E+00   1.9850818188E-04   2.0185358137E+00   2.3224177000E+00   2.0858653922E-04   2.1218774039E+00   2.3104054705E+00   6.3190698004E-04   2.2202675372E+00   2.3445256051E+00   1.7019537552E-03   2.2294536915E+00   2.4024310904E+00   1.8992301487E-03   2.3828722500E+00   2.4416600941E+00   2.0924315479E-03   2.2188134303E+00   2.3947917043E+00   1.5684108502E-03   3.3278412730E-04
   1   -17   0    0   8.3012708621E-01   7.9231532008E+00   1.9836038883E-04   2.0183495710E+00   2.3223859583E+00   2.0858653922E-04   2.1217128573E+00   2.3103859338E+00   6.3190698004E-04   2.2201431666E+00   2.3445302629E+00   1.7019537552E-03   2.2296800342E+00   2.4025387597E+00   1.8992301487E-03   2.3830245133E+00   2.4418078397E+00   2.0924315479E-03   2.2188540517E+00   2.3948934271E+00   1.5684108502E-03   3.3279130338E-04
   1   -18   0    0   8.2013738368E-01   7.9232447558E+00   1.9821007413E-04   2.0181598864E+00   2.3223536777E+00   2.0858653922E-04   2.1215451107E+00   2.3103660410E+00   6.3190698004E-04   2.2200166174E+00   2.3445350375E+00   1.7019537552E-03   2.2299105427E+00   2.4026483803E+00   1.8992301487E-03   2.3831795029E+00   2.4419582306E+00   2.0924315479E-03   2.2188958635E+00   2.3949970158E+00   1.5684108502E-03   3.3279860842E-04
   1   -19   0    0   8.1014806277E-01   7.9233380882E+00   1.9805721314E-04   2.0179667143E+00   2.3223208531E+00   2.0858653922E-04   2.1213741144E+00   2.3103457878E+00   6.3190698004E-04   2.2198878662E+00   2.3445399321E+00   1.7019537552E-03   2.2301452719E+00   2.4027599767E+00   1.8992301487E-03   2.3833372514E+00   2.4421112983E+00   2.0924315479E-03   2.2189389015E+00   2.3951024947E+00   1.5684108502E-03   3.3280604396E-04
   1   -20   0    0   8.0015913556E-01   7.9234332256E+00   1.9790178171E-04   2.0177700089E+00   2.3222874796E+00   2.0858653922E-04   2.1211998182E+00   2.3103251696E+00   6.3190698004E-04   2.2197568899E+00   2.3445449495E+00   1.7019537552E-03   2.2303842765E+00   2.4028735729E+00   1.8992301487E-03   2.3834977910E+00   2.4422670740E+00   2.0924315479E-03   2.2189832027E+00   2.3952098880E+00   1.5684108502E-03   3.3281361155E-04
   1   -21   0    0   7.9017061443E-01   7.9235301959E+00   1.9774375622E-04   2.0175697247E+00   2.3222535522E+00   2.0858653922E-04   2.1210221719E+00   2.3103041820E+00   6.3190698004E-04   2.2196236657E+00   2.3445500928E+00   1.7019537552E-03   2.2306276109E+00   2.4029891930E+00   1.8992301487E-03   2.3836611536E+00   2.4424255888E+00   2.0924315479E-03   2.2190288051E+00   2.3953192198E+00   1.5684108502E-03   3.3282131272E-04
   1   -22   0    0   7.8018251200E-01   7.9236290273E+00   1.9758311362E-04   2.0173658164E+00   2.3222190663E+00   2.0858653922E-04   2.1208411249E+00   2.3102828205E+00   6.3190698004E-04   2.2194881712E+00   2.3445553652E+00   1.7019537552E-03   2.2308753295E+00   2.4031068609E+00   1.8992301487E-03   2.3838273708E+00   2.4425868731E+00   2.0924315479E-03   2.2190757475E+00   2.3954305141E+00   1.5684108502E-03   3.3282914899E-04
   1   -23   0    0   7.7019484117E-01   7.9237297479E+00   1.9741983143E-04   2.0171582386E+00   2.3221840174E+00   2.0858653922E-04   2.1206566264E+00   2.3102610806E+00   6.3190698004E-04   2.2193503844E+00   2.3445607698E+00   1.7019537552E-03   2.2311274863E+00   2.4032266004E+00   1.8992301487E-03   2.3839964738E+00   2.4427509574E+00   2.0924315479E-03   2.2191240700E+00   2.3955437950E+00   1.5684108502E-03   3.3283712187E-04
   1   -24   0    0   7.6020761511E-01   7.9238323860E+00   1.9725388784E-04   2.0169469465E+00   2.3221484009E+00   2.0858653922E-04   2.1204686254E+00   2.3102389581E+00   6.3190698004E-04   2.2192102839E+00   2.3445663100E+00   1.7019537552E-03   2.2313841351E+00   2.4033484349E+00   1.8992301487E-03   2.3841684936E+00   2.4429178717E+00   2.0924315479E-03   2.2191738139E+00   2.3956590862E+00   1.5684108502E-03   3.3284523284E-04
   1   -25   0    0   7.5022084722E-01   7.9239369701E+00   1.9708526167E-04   2.0167318953E+00   2.3221122127E+00   2.0858653922E-04   2.1202770706E+00   2.3102164484E+00   6.3190698004E-04   2.2190678487E+00   2.3445719890E+00   1.7019537552E-03   2.2316453294E+00   2.4034723876E+00   1.8992301487E-03   2.3843434605E+00   2.4430876453E+00   2.0924315479E-03   2.2192250214E+00   2.3957764112E+00   1.5684108502E-03   3.3285348337E-04
   1   -26   0    0   7.4023455121E-01   7.9240435290E+00   1.9691393247E-04   2.0165130406E+00   2.3220754487E+00   2.0858653922E-04   2.1200819106E+00   2.3101935474E+00   6.3190698004E-04   2.2189230583E+00   2.3445778104E+00   1.7019537552E-03   2.2319111222E+00   2.4035984817E+00   1.8992301487E-03   2.3845214047E+00   2.4432603076E+00   2.0924315479E-03   2.2192777358E+00   2.3958957936E+00   1.5684108502E-03   3.3286187491E-04
   1   -27   0    0   7.3024874101E-01   7.9241520913E+00   1.9673988052E-04   2.0162903382E+00   2.3220381049E+00   2.0858653922E-04   2.1198830939E+00   2.3101702508E+00   6.3190698004E-04   2.2187758928E+00   2.3445837775E+00   1.7019537552E-03   2.2321815663E+00   2.4037267398E+00   1.8992301487E-03   2.3847023556E+00   2.4434358870E+00   2.0924315479E-03   2.2193320018E+00   2.3960172566E+00   1.5684108502E-03   3.3287040889E-04
   1   -28   0    0   7.2026343081E-01   7.9242626858E+00   1.9656308687E-04   2.0160637444E+00   2.3220001776E+00   2.0858653922E-04   2.1196805688E+00   2.3101465543E+00   6.3190698004E-04   2.2186263327E+00   2.3445898940E+00   1.7019537552E-03   2.2324567138E+00   2.4038571844E+00   1.8992301487E-03   2.3848863422E+00   2.4436144119E+00   2.0924315479E-03   2.2193878651E+00   2.3961408233E+00   1.5684108502E-03   3.3287908672E-04
   1   -29   0    0   7.1027863508E-01   7.9243753416E+00   1.9638353340E-04   2.0158332159E+00   2.3219616633E+00   2.0858653922E-04   2.1194742835E+00   2.3101224539E+00   6.3190698004E-04   2.2184743595E+00   2.3445961636E+00   1.7019537552E-03   2.2327366165E+00   2.4039898376E+00   1.8992301487E-03   2.3850733932E+00   2.4437959097E+00   2.0924315479E-03   2.2194453726E+00   2.3962665163E+00   1.5684108502E-03   3.3288790976E-04
   1   -30   0    0   7.0029436851E-01   7.9244900877E+00   1.9620120281E-04   2.0155987098E+00   2.3219225587E+00   2.0858653922E-04   2.1192641861E+00   2.3100979453E+00   6.3190698004E-04   2.2183199550E+00   2.3446025898E+00   1.7019537552E-03   2.2330213256E+00   2.4041247212E+00   1.8992301487E-03   2.3852635363E+00   2.4439804077E+00   2.0924315479E-03   2.2195045724E+00   2.3963943584E+00   1.5684108502E-03   3.3289687938E-04
   1   -31   0    0   6.9031064603E-01   7.9246069531E+00   1.9601607873E-04   2.0153601835E+00   2.3218828605E+00   2.0858653922E-04   2.1190502246E+00   2.3100730245E+00   6.3190698004E-04   2.2181631018E+00   2.3446091766E+00   1.7019537552E-03   2.2333108917E+00   2.4042618566E+00   1.8992301487E-03   2.3854567989E+00   2.4441679321E+00   2.0924315479E-03   2.2195655140E+00   2.3965243717E+00   1.5684108502E-03   3.3290599691E-04
   1   -32   0    0   6.8032748282E-01   7.9247259670E+00   1.9582814567E-04   2.0151175953E+00   2.3218425659E+00   2.0858653922E-04   2.1188323472E+00   2.3100476877E+00   6.3190698004E-04   2.2180037832E+00   2.3446159278E+00   1.7019537552E-03   2.2336053647E+00   2.4044012649E+00   1.8992301487E-03   2.3856532077E+00   2.4443585090E+00   2.0924315479E-03   2.2196282479E+00   2.3966565782E+00   1.5684108502E-03   3.3291526364E-04
   1   -33   0    0   6.7034489429E-01   7.9248471586E+00   1.9563738913E-04   2.0148709037E+00   2.3218016723E+00   2.0858653922E-04   2.1186105017E+00   2.3100219308E+00   6.3190698004E-04   2.2178419833E+00   2.3446228473E+00   1.7019537552E-03   2.2339047939E+00   2.4045429666E+00   1.8992301487E-03   2.3858527885E+00   2.4445521635E+00   2.0924315479E-03   2.2196928259E+00   2.3967909995E+00   1.5684108502E-03   3.3292468084E-04
   1   -34   0    0   6.6036289607E-01   7.9249705572E+00   1.9544379561E-04   2.0146200679E+00   2.3217601770E+00   2.0858653922E-04   2.1183846362E+00   2.3099957501E+00   6.3190698004E-04   2.2176776870E+00   2.3446299392E+00   1.7019537552E-03   2.2342092280E+00   2.4046869821E+00   1.8992301487E-03   2.3860555667E+00   2.4447489200E+00   2.0924315479E-03   2.2197593012E+00   2.3969276570E+00   1.5684108502E-03   3.3293424974E-04
   1   -35   0    0   6.5038150401E-01   7.9250961920E+00   1.9524735262E-04   2.0143650479E+00   2.3217180781E+00   2.0858653922E-04   2.1181546989E+00   2.3099691417E+00   6.3190698004E-04   2.2175108798E+00   2.3446372076E+00   1.7019537552E-03   2.2345187145E+00   2.4048333310E+00   1.8992301487E-03   2.3862615667E+00   2.4449488023E+00   2.0924315479E-03   2.2198277282E+00   2.3970665717E+00   1.5684108502E-03   3.3294397155E-04
   1   -36   0    0   6.4040073418E-01   7.9252240924E+00   1.9504804878E-04   2.0141058042E+00   2.3216753734E+00   2.0858653922E-04   2.1179206379E+00   2.3099421021E+00   6.3190698004E-04   2.2173415482E+00   2.3446446566E+00   1.7019537552E-03   2.2348333006E+00   2.4049820325E+00   1.8992301487E-03   2.3864708123E+00   2.4451518334E+00   2.0924315479E-03   2.2198981624E+00   2.3972077639E+00   1.5684108502E-03   3.3295384742E-04
   1   -37   0    0   6.3042060283E-01   7.9253542874E+00   1.9484587379E-04   2.0138422981E+00   2.3216320613E+00   2.0858653922E-04   2.1176824014E+00   2.3099146277E+00   6.3190698004E-04   2.2171696798E+00   2.3446522906E+00   1.7019537552E-03   2.2351530323E+00   2.4051331055E+00   1.8992301487E-03   2.3866833262E+00   2.4453580354E+00   2.0924315479E-03   2.2199706610E+00   2.3973512541E+00   1.5684108502E-03   3.3296387849E-04
   1   -38   0    0   6.2044112643E-01   7.9254868064E+00   1.9464081852E-04   2.0135744916E+00   2.3215881404E+00   2.0858653922E-04   2.1174399378E+00   2.3098867149E+00   6.3190698004E-04   2.2169952626E+00   2.3446601138E+00   1.7019537552E-03   2.2354779548E+00   2.4052865680E+00   1.8992301487E-03   2.3868991306E+00   2.4455674298E+00   2.0924315479E-03   2.2200452821E+00   2.3974970617E+00   1.5684108502E-03   3.3297406584E-04
   1   -39   0    0   6.1046232162E-01   7.9256216786E+00   1.9443287499E-04   2.0133023475E+00   2.3215436096E+00   2.0858653922E-04   2.1171931957E+00   2.3098583604E+00   6.3190698004E-04   2.2168182860E+00   2.3446681308E+00   1.7019537552E-03   2.2358081121E+00   2.4054424378E+00   1.8992301487E-03   2.3871182466E+00   2.4457800370E+00   2.0924315479E-03   2.2201220853E+00   2.3976452062E+00   1.5684108502E-03   3.3298441052E-04
   1   -40   0    0   6.0048420520E-01   7.9257589331E+00   1.9422203647E-04   2.0130258296E+00   2.3214984679E+00   2.0858653922E-04   2.1169421239E+00   2.3098295609E+00   6.3190698004E-04   2.2166387401E+00   2.3446763459E+00   1.7019537552E-03   2.2361435475E+00   2.4056007320E+00   1.8992301487E-03   2.3873406942E+00   2.4459958765E+00   2.0924315479E-03   2.2202011315E+00   2.3977957062E+00   1.5684108502E-03   3.3299491354E-04
   1   -41   0    0   5.9050679418E-01   7.9258985989E+00   1.9400829748E-04   2.0127449024E+00   2.3214527148E+00   2.0858653922E-04   2.1166866713E+00   2.3098003132E+00   6.3190698004E-04   2.2164566161E+00   2.3446847639E+00   1.7019537552E-03   2.2364843031E+00   2.4057614669E+00   1.8992301487E-03   2.3875664929E+00   2.4462149670E+00   2.0924315479E-03   2.2202824830E+00   2.3979485802E+00   1.5684108502E-03   3.3300557585E-04
   1   -42   0    0   5.8053010567E-01   7.9260407050E+00   1.9379165380E-04   2.0124595314E+00   2.3214063500E+00   2.0858653922E-04   2.1164267872E+00   2.3097706142E+00   6.3190698004E-04   2.2162719064E+00   2.3446933892E+00   1.7019537552E-03   2.2368304197E+00   2.4059246585E+00   1.8992301487E-03   2.3877956606E+00   2.4464373261E+00   2.0924315479E-03   2.2203662033E+00   2.3981038459E+00   1.5684108502E-03   3.3301639837E-04
   1   -43   0    0   5.7055415695E-01   7.9261852803E+00   1.9357210256E-04   2.0121696831E+00   2.3213593737E+00   2.0858653922E-04   2.1161624211E+00   2.3097404611E+00   6.3190698004E-04   2.2160846041E+00   2.3447022268E+00   1.7019537552E-03   2.2371819373E+00   2.4060903220E+00   1.8992301487E-03   2.3880282147E+00   2.4466629705E+00   2.0924315479E-03   2.2204523571E+00   2.3982615205E+00   1.5684108502E-03   3.3302738197E-04
   1   -44   0    0   5.6057896544E-01   7.9263323535E+00   1.9334964223E-04   2.0118753250E+00   2.3213117861E+00   2.0858653922E-04   2.1158935229E+00   2.3097098509E+00   6.3190698004E-04   2.2158947038E+00   2.3447112813E+00   1.7019537552E-03   2.2375388943E+00   2.4062584717E+00   1.8992301487E-03   2.3882641713E+00   2.4468919158E+00   2.0924315479E-03   2.2205410107E+00   2.3984216206E+00   1.5684108502E-03   3.3303852746E-04
   1   -45   0    0   5.5060454865E-01   7.9264819531E+00   1.9312427266E-04   2.0115764257E+00   2.3212635879E+00   2.0858653922E-04   2.1156200429E+00   2.3096787809E+00   6.3190698004E-04   2.2157022009E+00   2.3447205577E+00   1.7019537552E-03   2.2379013281E+00   2.4064291216E+00   1.8992301487E-03   2.3885035453E+00   2.4471241765E+00   2.0924315479E-03   2.2206322315E+00   2.3985841625E+00   1.5684108502E-03   3.3304983562E-04
   1   -46   0    0   5.4063092421E-01   7.9266341076E+00   1.9289599514E-04   2.0112729549E+00   2.3212147803E+00   2.0858653922E-04   2.1153419315E+00   2.3096472486E+00   6.3190698004E-04   2.2155070921E+00   2.3447300610E+00   1.7019537552E-03   2.2382692746E+00   2.4066022847E+00   1.8992301487E-03   2.3887463505E+00   2.4473597661E+00   2.0924315479E-03   2.2207260883E+00   2.3987491616E+00   1.5684108502E-03   3.3306130715E-04
   1   -47   0    0   5.3065810982E-01   7.9267888453E+00   1.9266481237E-04   2.0109648833E+00   2.3211653644E+00   2.0858653922E-04   2.1150591401E+00   2.3096152516E+00   6.3190698004E-04   2.2153093753E+00   2.3447397961E+00   1.7019537552E-03   2.2386427685E+00   2.4067779733E+00   1.8992301487E-03   2.3889925998E+00   2.4475986968E+00   2.0924315479E-03   2.2208226511E+00   2.3989166327E+00   1.5684108502E-03   3.3307294273E-04
   1   -48   0    0   5.2068612329E-01   7.9269461942E+00   1.9243072856E-04   2.0106521829E+00   2.3211153422E+00   2.0858653922E-04   2.1147716199E+00   2.3095827874E+00   6.3190698004E-04   2.2151090497E+00   2.3447497683E+00   1.7019537552E-03   2.2390218429E+00   2.4069561990E+00   1.8992301487E-03   2.3892423045E+00   2.4478409798E+00   2.0924315479E-03   2.2209219912E+00   2.3990865900E+00   1.5684108502E-03   3.3308474295E-04
   1   -49   0    0   5.1071498246E-01   7.9271061820E+00   1.9219374940E-04   2.0103348271E+00   2.3210647155E+00   2.0858653922E-04   2.1144793231E+00   2.3095498540E+00   6.3190698004E-04   2.2149061154E+00   2.3447599826E+00   1.7019537552E-03   2.2394065295E+00   2.4071369726E+00   1.8992301487E-03   2.3894954749E+00   2.4480866250E+00   2.0924315479E-03   2.2210241811E+00   2.3992590471E+00   1.5684108502E-03   3.3309670837E-04
   1   -50   0    0   5.0074470522E-01   7.9272688364E+00   1.9195388211E-04   2.0100127902E+00   2.3210134869E+00   2.0858653922E-04   2.1141822023E+00   2.3095164493E+00   6.3190698004E-04   2.2147005741E+00   2.3447704444E+00   1.7019537552E-03   2.2397968587E+00   2.4073203041E+00   1.8992301487E-03   2.3897521200E+00   2.4483356411E+00   2.0924315479E-03   2.2211292948E+00   2.3994340168E+00   1.5684108502E-03   3.3310883947E-04
   1   -51   0    0   4.9077530950E-01   7.9274341848E+00   1.9171113549E-04   2.0096860480E+00   2.3209616591E+00   2.0858653922E-04   2.1138802105E+00   2.3094825714E+00   6.3190698004E-04   2.2144924286E+00   2.3447811591E+00   1.7019537552E-03   2.2401928590E+00   2.4075062024E+00   1.8992301487E-03   2.3900122476E+00   2.4485880355E+00   2.0924315479E-03   2.2212374072E+00   2.3996115111E+00   1.5684108502E-03   3.3312113671E-04
   1   -52   0    0   4.8080681322E-01   7.9276022540E+00   1.9146551987E-04   2.0093545778E+00   2.3209092352E+00   2.0858653922E-04   2.1135733017E+00   2.3094482187E+00   6.3190698004E-04   2.2142816832E+00   2.3447921319E+00   1.7019537552E-03   2.2405945575E+00   2.4076946760E+00   1.8992301487E-03   2.3902758638E+00   2.4488438144E+00   2.0924315479E-03   2.2213485944E+00   2.3997915416E+00   1.5684108502E-03   3.3313360043E-04
   1   -53   0    0   4.7083923432E-01   7.9277730709E+00   1.9121704723E-04   2.0090183581E+00   2.3208562189E+00   2.0858653922E-04   2.1132614301E+00   2.3094133895E+00   6.3190698004E-04   2.2140683433E+00   2.3448033683E+00   1.7019537552E-03   2.2410019796E+00   2.4078857322E+00   1.8992301487E-03   2.3905429739E+00   2.4491029826E+00   2.0924315479E-03   2.2214629340E+00   2.3999741188E+00   1.5684108502E-03   3.3314623096E-04
   1   -54   0    0   4.6087259069E-01   7.9279466618E+00   1.9096573112E-04   2.0086773687E+00   2.3208026140E+00   2.0858653922E-04   2.1129445510E+00   2.3093780825E+00   6.3190698004E-04   2.2138524156E+00   2.3448148739E+00   1.7019537552E-03   2.2414151490E+00   2.4080793774E+00   1.8992301487E-03   2.3908135814E+00   2.4493655437E+00   2.0924315479E-03   2.2215805044E+00   2.4001592526E+00   1.5684108502E-03   3.3315902854E-04
   1   -55   0    0   4.5090690022E-01   7.9281230529E+00   1.9071158677E-04   2.0083315912E+00   2.3207484248E+00   2.0858653922E-04   2.1126226202E+00   2.3093422964E+00   6.3190698004E-04   2.2136339085E+00   2.3448266544E+00   1.7019537552E-03   2.2418340879E+00   2.4082756173E+00   1.8992301487E-03   2.3910876886E+00   2.4496314999E+00   2.0924315479E-03   2.2217013851E+00   2.4003469519E+00   1.5684108502E-03   3.3317199335E-04
   1   -56   0    0   4.4094218069E-01   7.9283022696E+00   1.9045463105E-04   2.0079810084E+00   2.3206936560E+00   2.0858653922E-04   2.1122955943E+00   2.3093060302E+00   6.3190698004E-04   2.2134128315E+00   2.3448387152E+00   1.7019537552E-03   2.2422588162E+00   2.4084744566E+00   1.8992301487E-03   2.3913652962E+00   2.4499008518E+00   2.0924315479E-03   2.2218256568E+00   2.4005372252E+00   1.5684108502E-03   3.3318512551E-04
   1   -57   0    0   4.3097844984E-01   7.9284843374E+00   1.9019488248E-04   2.0076256048E+00   2.3206383126E+00   2.0858653922E-04   2.1119634309E+00   2.3092692830E+00   6.3190698004E-04   2.2131891956E+00   2.3448510622E+00   1.7019537552E-03   2.2426893525E+00   2.4086758987E+00   1.8992301487E-03   2.3916464038E+00   2.4501735990E+00   2.0924315479E-03   2.2219534012E+00   2.4007300797E+00   1.5684108502E-03   3.3319842507E-04
   1   -58   0    0   4.2101572529E-01   7.9286692811E+00   1.8993236129E-04   2.0072653664E+00   2.3205824002E+00   2.0858653922E-04   2.1116260882E+00   2.3092320541E+00   6.3190698004E-04   2.2129630130E+00   2.3448637010E+00   1.7019537552E-03   2.2431257133E+00   2.4088799466E+00   1.8992301487E-03   2.3919310091E+00   2.4504497392E+00   2.0924315479E-03   2.2220847009E+00   2.4009255221E+00   1.5684108502E-03   3.3321189202E-04
   1   -59   0    0   4.1105402457E-01   7.9288571251E+00   1.8966708940E-04   2.0069002808E+00   2.3205259245E+00   2.0858653922E-04   2.1112835254E+00   2.3091943429E+00   6.3190698004E-04   2.2127342977E+00   2.3448766376E+00   1.7019537552E-03   2.2435679133E+00   2.4090866020E+00   1.8992301487E-03   2.3922191087E+00   2.4507292692E+00   2.0924315479E-03   2.2222196394E+00   2.4011235579E+00   1.5684108502E-03   3.3322552625E-04
   1   -60   0    0   4.0109336504E-01   7.9290478932E+00   1.8939909042E-04   2.0065303374E+00   2.3204688919E+00   2.0858653922E-04   2.1109357027E+00   2.3091561492E+00   6.3190698004E-04   2.2125030647E+00   2.3448898778E+00   1.7019537552E-03   2.2440159651E+00   2.4092958655E+00   1.8992301487E-03   2.3925106974E+00   2.4510121838E+00   2.0924315479E-03   2.2223583010E+00   2.4013241922E+00   1.5684108502E-03   3.3323932763E-04
   1   -61   0    0   3.9113376393E-01   7.9292416090E+00   1.8912838969E-04   2.0061555269E+00   2.3204113089E+00   2.0858653922E-04   2.1105825814E+00   2.3091174726E+00   6.3190698004E-04   2.2122693307E+00   2.3449034274E+00   1.7019537552E-03   2.2444698796E+00   2.4095077369E+00   1.8992301487E-03   2.3928057686E+00   2.4512984767E+00   2.0924315479E-03   2.2225007711E+00   2.4015274286E+00   1.5684108502E-03   3.3325329592E-04
   1   -62   0    0   3.8117523829E-01   7.9294382953E+00   1.8885501425E-04   2.0057758420E+00   2.3203531827E+00   2.0858653922E-04   2.1102241235E+00   2.3090783133E+00   6.3190698004E-04   2.2120331138E+00   2.3449172924E+00   1.7019537552E-03   2.2449296655E+00   2.4097222149E+00   1.8992301487E-03   2.3931043143E+00   2.4515881400E+00   2.0924315479E-03   2.2226471354E+00   2.4017332703E+00   1.5684108502E-03   3.3326743083E-04
   1   -63   0    0   3.7121780496E-01   7.9296379745E+00   1.8857899286E-04   2.0053912770E+00   2.3202945207E+00   2.0858653922E-04   2.1098602923E+00   2.3090386715E+00   6.3190698004E-04   2.2117944334E+00   2.3449314788E+00   1.7019537552E-03   2.2453953294E+00   2.4099392972E+00   1.8992301487E-03   2.3934063247E+00   2.4518811642E+00   2.0924315479E-03   2.2227974807E+00   2.4019417193E+00   1.5684108502E-03   3.3328173198E-04
   1   -64   0    0   3.6126148057E-01   7.9298406683E+00   1.8830035603E-04   2.0050018280E+00   2.3202353306E+00   2.0858653922E-04   2.1094910523E+00   2.3089985476E+00   6.3190698004E-04   2.2115533105E+00   2.3449459926E+00   1.7019537552E-03   2.2458668761E+00   2.4101589803E+00   1.8992301487E-03   2.3937117885E+00   2.4521775384E+00   2.0924315479E-03   2.2229518940E+00   2.4021527767E+00   1.5684108502E-03   3.3329619893E-04
   1   -65   0    0   3.5130628151E-01   7.9300463980E+00   1.8801913595E-04   2.0046074929E+00   2.3201756209E+00   2.0858653922E-04   2.1091163689E+00   2.3089579422E+00   6.3190698004E-04   2.2113097674E+00   2.3449608399E+00   1.7019537552E-03   2.2463443081E+00   2.4103812599E+00   1.8992301487E-03   2.3940206931E+00   2.4524772503E+00   2.0924315479E-03   2.2231104630E+00   2.4023664427E+00   1.5684108502E-03   3.3331083118E-04
   1   -66   0    0   3.4135222390E-01   7.9302551840E+00   1.8773536656E-04   2.0042082712E+00   2.3201154000E+00   2.0858653922E-04   2.1087362090E+00   2.3089168562E+00   6.3190698004E-04   2.2110638279E+00   2.3449760266E+00   1.7019537552E-03   2.2468276258E+00   2.4106061304E+00   1.8992301487E-03   2.3943330239E+00   2.4527802856E+00   2.0924315479E-03   2.2232732761E+00   2.4025827164E+00   1.5684108502E-03   3.3332562812E-04
   1   -67   0    0   3.3139932361E-01   7.9304670462E+00   1.8744908348E-04   2.0038041644E+00   2.3200546770E+00   2.0858653922E-04   2.1083505405E+00   2.3088752905E+00   6.3190698004E-04   2.2108155172E+00   2.3449915589E+00   1.7019537552E-03   2.2473168276E+00   2.4108335851E+00   1.8992301487E-03   2.3946487650E+00   2.4530866291E+00   2.0924315479E-03   2.2234404215E+00   2.4028015961E+00   1.5684108502E-03   3.3334058911E-04
   1   -68   0    0   3.2144759616E-01   7.9306820037E+00   1.8716032407E-04   2.0033951758E+00   2.3199934614E+00   2.0858653922E-04   2.1079593329E+00   2.3088332464E+00   6.3190698004E-04   2.2105648619E+00   2.3450074429E+00   1.7019537552E-03   2.2478119095E+00   2.4110636164E+00   1.8992301487E-03   2.3949678988E+00   2.4533962636E+00   2.0924315479E-03   2.2236119883E+00   2.4030230790E+00   1.5684108502E-03   3.3335571341E-04
   1   -69   0    0   3.1149705678E-01   7.9309000751E+00   1.8686912734E-04   2.0029813106E+00   2.3199317629E+00   2.0858653922E-04   2.1075625566E+00   2.3087907252E+00   6.3190698004E-04   2.2103118899E+00   2.3450236846E+00   1.7019537552E-03   2.2483128654E+00   2.4112962156E+00   1.8992301487E-03   2.3952904063E+00   2.4537091705E+00   2.0924315479E-03   2.2237880652E+00   2.4032471612E+00   1.5684108502E-03   3.3337100019E-04
   1   -70   0    0   3.0154772034E-01   7.9311212779E+00   1.8657553402E-04   2.0025625757E+00   2.3198695917E+00   2.0858653922E-04   2.1071601840E+00   2.3087477287E+00   6.3190698004E-04   2.2100566308E+00   2.3450402901E+00   1.7019537552E-03   2.2488196870E+00   2.4115313727E+00   1.8992301487E-03   2.3956162666E+00   2.4540253296E+00   2.0924315479E-03   2.2239687413E+00   2.4034738380E+00   1.5684108502E-03   3.3338644859E-04
   1   -71   0    0   2.9159960134E-01   7.9313456292E+00   1.8627958649E-04   2.0021389801E+00   2.3198069584E+00   2.0858653922E-04   2.1067521884E+00   2.3087042587E+00   6.3190698004E-04   2.2097991152E+00   2.3450572656E+00   1.7019537552E-03   2.2493323637E+00   2.4117690767E+00   1.8992301487E-03   2.3959454573E+00   2.4543447192E+00   2.0924315479E-03   2.2241541057E+00   2.4037031035E+00   1.5684108502E-03   3.3340205765E-04
   1   -72   0    0   2.8165271389E-01   7.9315731449E+00   1.8598132877E-04   2.0017105346E+00   2.3197438739E+00   2.0858653922E-04   2.1063385449E+00   2.3086603172E+00   6.3190698004E-04   2.2095393753E+00   2.3450746170E+00   1.7019537552E-03   2.2498508828E+00   2.4120093156E+00   1.8992301487E-03   2.3962779547E+00   2.4546673162E+00   2.0924315479E-03   2.2243442473E+00   2.4039349509E+00   1.5684108502E-03   3.3341782632E-04
   1   -73   0    0   2.7170707169E-01   7.9318038403E+00   1.8568080653E-04   2.0012772519E+00   2.3196803494E+00   2.0858653922E-04   2.1059192301E+00   2.3086159065E+00   6.3190698004E-04   2.2092774444E+00   2.3450923505E+00   1.7019537552E-03   2.2503752290E+00   2.4122520761E+00   1.8992301487E-03   2.3966137330E+00   2.4549930957E+00   2.0924315479E-03   2.2245392547E+00   2.4041693723E+00   1.5684108502E-03   3.3343375351E-04
   1   -74   0    0   2.6176268799E-01   7.9320377298E+00   1.8537806705E-04   2.0008391466E+00   2.3196163967E+00   2.0858653922E-04   2.1054942222E+00   2.3085710291E+00   6.3190698004E-04   2.2090133573E+00   2.3451104721E+00   1.7019537552E-03   2.2509053851E+00   2.4124973440E+00   1.8992301487E-03   2.3969527654E+00   2.4553220314E+00   2.0924315479E-03   2.2247392162E+00   2.4044063586E+00   1.5684108502E-03   3.3344983803E-04
   1   -75   0    0   2.5181957561E-01   7.9322748267E+00   1.8507315916E-04   2.0003962353E+00   2.3195520276E+00   2.0858653922E-04   2.1050635010E+00   2.3085256877E+00   6.3190698004E-04   2.2087471501E+00   2.3451289877E+00   1.7019537552E-03   2.2514413311E+00   2.4127451038E+00   1.8992301487E-03   2.3972950230E+00   2.4556540956E+00   2.0924315479E-03   2.2249442198E+00   2.4046459000E+00   1.5684108502E-03   3.3346607862E-04
   1   -76   0    0   2.4187774686E-01   7.9325151436E+00   1.8476613330E-04   1.9999485364E+00   2.3194872547E+00   2.0858653922E-04   2.1046270480E+00   2.3084798852E+00   6.3190698004E-04   2.2084788599E+00   2.3451479033E+00   1.7019537552E-03   2.2519830451E+00   2.4129953389E+00   1.8992301487E-03   2.3976404756E+00   2.4559892587E+00   2.0924315479E-03   2.2251543526E+00   2.4048879853E+00   1.5684108502E-03   3.3348247397E-04
   1   -77   0    0   2.3193721356E-01   7.9327586919E+00   1.8445704140E-04   1.9994960705E+00   2.3194220903E+00   2.0858653922E-04   2.1041848465E+00   2.3084336247E+00   6.3190698004E-04   2.2082085252E+00   2.3451672249E+00   1.7019537552E-03   2.2525305028E+00   2.4132480318E+00   1.8992301487E-03   2.3979890916E+00   2.4563274900E+00   2.0924315479E-03   2.2253697013E+00   2.4051326024E+00   1.5684108502E-03   3.3349902266E-04
   1   -78   0    0   2.2199798703E-01   7.9330054821E+00   1.8414593693E-04   1.9990388599E+00   2.3193565477E+00   2.0858653922E-04   2.1037368815E+00   2.3083869096E+00   6.3190698004E-04   2.2079361858E+00   2.3451869581E+00   1.7019537552E-03   2.2530836772E+00   2.4135031638E+00   1.8992301487E-03   2.3983408374E+00   2.4566687572E+00   2.0924315479E-03   2.2255903515E+00   2.4053797381E+00   1.5684108502E-03   3.3351572323E-04
   1   -79   0    0   2.1206007800E-01   7.9332555237E+00   1.8383287479E-04   1.9985769290E+00   2.3192906400E+00   2.0858653922E-04   2.1032831402E+00   2.3083397434E+00   6.3190698004E-04   2.2076618823E+00   2.3452071089E+00   1.7019537552E-03   2.2536425394E+00   2.4137607148E+00   1.8992301487E-03   2.3986956784E+00   2.4570130264E+00   2.0924315479E-03   2.2258163881E+00   2.4056293782E+00   1.5684108502E-03   3.3353257413E-04
   1   -80   0    0   2.0212349665E-01   7.9335088250E+00   1.8351791134E-04   1.9981103039E+00   2.3192243809E+00   2.0858653922E-04   2.1028236112E+00   2.3082921299E+00   6.3190698004E-04   2.2073856568E+00   2.3452276829E+00   1.7019537552E-03   2.2542070579E+00   2.4140206641E+00   1.8992301487E-03   2.3990535782E+00   2.4573602623E+00   2.0924315479E-03   2.2260478947E+00   2.4058815073E+00   1.5684108502E-03   3.3354957374E-04
   1   -81   0    0   1.9218825259E-01   7.9337653933E+00   1.8320110434E-04   1.9976390128E+00   2.3191577841E+00   2.0858653922E-04   2.1023582855E+00   2.3082440731E+00   6.3190698004E-04   2.2071075521E+00   2.3452486858E+00   1.7019537552E-03   2.2547771988E+00   2.4142829896E+00   1.8992301487E-03   2.3994144988E+00   2.4577104282E+00   2.0924315479E-03   2.2262849537E+00   2.4061361091E+00   1.5684108502E-03   3.3356672037E-04
   1   -82   0    0   1.8225435479E-01   7.9340252345E+00   1.8288251289E-04   1.9971630860E+00   2.3190908639E+00   2.0858653922E-04   2.1018871559E+00   2.3081955771E+00   6.3190698004E-04   2.2068276124E+00   2.3452701230E+00   1.7019537552E-03   2.2553529259E+00   2.4145476681E+00   1.8992301487E-03   2.3997784011E+00   2.4580634859E+00   2.0924315479E-03   2.2265276462E+00   2.4063931660E+00   1.5684108502E-03   3.3358401227E-04
   1   -83   0    0   1.7232181161E-01   7.9342883535E+00   1.8256219743E-04   1.9966825554E+00   2.3190236346E+00   2.0858653922E-04   2.1014102173E+00   2.3081466465E+00   6.3190698004E-04   2.2065458825E+00   2.3452919999E+00   1.7019537552E-03   2.2559342005E+00   2.4148146754E+00   1.8992301487E-03   2.4001452443E+00   2.4584193960E+00   2.0924315479E-03   2.2267760518E+00   2.4066526596E+00   1.5684108502E-03   3.3360144761E-04
   1   -84   0    0   1.6239063072E-01   7.9345547540E+00   1.8224021967E-04   1.9961974549E+00   2.3189561109E+00   2.0858653922E-04   2.1009274667E+00   2.3080972858E+00   6.3190698004E-04   2.2062624085E+00   2.3453143220E+00   1.7019537552E-03   2.2565209819E+00   2.4150839864E+00   1.8992301487E-03   2.4005149862E+00   2.4587781174E+00   2.0924315479E-03   2.2270302482E+00   2.4069145701E+00   1.5684108502E-03   3.3361902450E-04
   1   -85   0    0   1.5246081914E-01   7.9348244384E+00   1.8191664256E-04   1.9957078205E+00   2.3188883077E+00   2.0858653922E-04   2.1004389036E+00   2.3080474999E+00   6.3190698004E-04   2.2059772371E+00   2.3453370942E+00   1.7019537552E-03   2.2571132264E+00   2.4153555746E+00   1.8992301487E-03   2.4008875831E+00   2.4591396079E+00   2.0924315479E-03   2.2272903117E+00   2.4071788771E+00   1.5684108502E-03   3.3363674097E-04
   1   -86   0    0   1.4253238318E-01   7.9350974078E+00   1.8159153021E-04   1.9952136898E+00   2.3188202400E+00   2.0858653922E-04   2.0999445292E+00   2.3079972938E+00   6.3190698004E-04   2.2056904160E+00   2.3453603218E+00   1.7019537552E-03   2.2577108885E+00   2.4156294128E+00   1.8992301487E-03   2.4012629903E+00   2.4595038238E+00   2.0924315479E-03   2.2275563164E+00   2.4074455585E+00   1.5684108502E-03   3.3365459500E-04
   1   -87   0    0   1.3260532845E-01   7.9353736618E+00   1.8126494791E-04   1.9947151024E+00   2.3187519232E+00   2.0858653922E-04   2.0994443475E+00   2.3079466728E+00   6.3190698004E-04   2.2054019937E+00   2.3453840095E+00   1.7019537552E-03   2.2583139200E+00   2.4159054725E+00   1.8992301487E-03   2.4016411613E+00   2.4598707202E+00   2.0924315479E-03   2.2278283342E+00   2.4077145918E+00   1.5684108502E-03   3.3367258450E-04
   1   -88   0    0   1.2267965978E-01   7.9356531989E+00   1.8093696201E-04   1.9942120997E+00   2.3186833727E+00   2.0858653922E-04   2.0989383646E+00   2.3078956424E+00   6.3190698004E-04   2.2051120193E+00   2.3454081622E+00   1.7019537552E-03   2.2589222704E+00   2.4161837242E+00   1.8992301487E-03   2.4020220486E+00   2.4602402509E+00   2.0924315479E-03   2.2281064350E+00   2.4079859530E+00   1.5684108502E-03   3.3369070731E-04
   1   -89   0    0   1.1275538128E-01   7.9359360160E+00   1.8060763991E-04   1.9937047251E+00   2.3186146042E+00   2.0858653922E-04   2.0984265890E+00   2.3078442082E+00   6.3190698004E-04   2.2048205427E+00   2.3454327844E+00   1.7019537552E-03   2.2595358869E+00   2.4164641376E+00   1.8992301487E-03   2.4024056033E+00   2.4606123685E+00   2.0924315479E-03   2.2283906863E+00   2.4082596172E+00   1.5684108502E-03   3.3370896122E-04
   1   -90   0    0   1.0283249624E-01   7.9362221087E+00   1.8027705000E-04   1.9931930236E+00   2.3185456333E+00   2.0858653922E-04   2.0979090318E+00   2.3077923762E+00   6.3190698004E-04   2.2045276143E+00   2.3454578805E+00   1.7019537552E-03   2.2601547142E+00   2.4167466812E+00   1.8992301487E-03   2.4027917751E+00   2.4609870242E+00   2.0924315479E-03   2.2286811529E+00   2.4085355584E+00   1.5684108502E-03   3.3372734393E-04
   1   -91   0    0   9.2911007164E-02   7.9365114711E+00   1.7994526159E-04   1.9926770421E+00   2.3184764762E+00   2.0858653922E-04   2.0973857066E+00   2.3077401524E+00   6.3190698004E-04   2.2042332852E+00   2.3454834547E+00   1.7019537552E-03   2.2607786947E+00   2.4170313227E+00   1.8992301487E-03   2.4031805128E+00   2.4613641682E+00   2.0924315479E-03   2.2289778970E+00   2.4088137496E+00   1.5684108502E-03   3.3374585313E-04
   1   -92   0    0   8.2990915733E-02   7.9368040956E+00   1.7961234488E-04   1.9921568290E+00   2.3184071488E+00   2.0858653922E-04   2.0968566294E+00   2.3076875431E+00   6.3190698004E-04   2.2039376069E+00   2.3455095111E+00   1.7019537552E-03   2.2614077686E+00   2.4173180286E+00   1.8992301487E-03   2.4035717637E+00   2.4617437494E+00   2.0924315479E-03   2.2292809779E+00   2.4090941628E+00   1.5684108502E-03   3.3376448641E-04
   1   -93   0    0   7.3072222779E-02   7.9370999734E+00   1.7927837088E-04   1.9916324349E+00   2.3183376671E+00   2.0858653922E-04   2.0963218191E+00   2.3076345548E+00   6.3190698004E-04   2.2036406314E+00   2.3455360534E+00   1.7019537552E-03   2.2620418735E+00   2.4176067645E+00   1.8992301487E-03   2.4039654741E+00   2.4621257157E+00   2.0924315479E-03   2.2295904522E+00   2.4093767690E+00   1.5684108502E-03   3.3378324131E-04
   1   -94   0    0   6.3154928271E-02   7.9373990938E+00   1.7894341137E-04   1.9911039117E+00   2.3182680475E+00   2.0858653922E-04   2.0957812971E+00   2.3075811942E+00   6.3190698004E-04   2.2033424111E+00   2.3455630853E+00   1.7019537552E-03   2.2626809450E+00   2.4178974954E+00   1.8992301487E-03   2.4043615892E+00   2.4625100140E+00   2.0924315479E-03   2.2299063731E+00   2.4096615380E+00   1.5684108502E-03   3.3380211533E-04
   1   -95   0    0   5.3239031297E-02   7.9377014447E+00   1.7860753882E-04   1.9905713131E+00   2.3181983062E+00   2.0858653922E-04   2.0952350875E+00   2.3075274681E+00   6.3190698004E-04   2.2030429987E+00   2.3455906100E+00   1.7019537552E-03   2.2633249160E+00   2.4181901849E+00   1.8992301487E-03   2.4047600530E+00   2.4628965898E+00   2.0924315479E-03   2.2302287906E+00   2.4099484388E+00   1.5684108502E-03   3.3382110590E-04
   1   -96   0    0   4.3324530042E-02   7.9380070123E+00   1.7827082635E-04   1.9900346944E+00   2.3181284594E+00   2.0858653922E-04   2.0946832175E+00   2.3074733836E+00   6.3190698004E-04   2.2027424471E+00   2.3456186307E+00   1.7019537552E-03   2.2639737175E+00   2.4184847960E+00   1.8992301487E-03   2.4051608084E+00   2.4632853878E+00   2.0924315479E-03   2.2305577513E+00   2.4102374394E+00   1.5684108502E-03   3.3384021041E-04
   1   -97   0    0   3.3411421772E-02   7.9383157813E+00   1.7793334767E-04   1.9894941125E+00   2.3180585235E+00   2.0858653922E-04   2.0941257168E+00   2.3074189479E+00   6.3190698004E-04   2.2024408095E+00   2.3456471501E+00   1.7019537552E-03   2.2646272779E+00   2.4187812909E+00   1.8992301487E-03   2.4055637976E+00   2.4636763519E+00   2.0924315479E-03   2.2308932984E+00   2.4105285066E+00   1.5684108502E-03   3.3385942620E-04
   1   -98   0    0   2.3499702814E-02   7.9386277343E+00   1.7759517700E-04   1.9889496259E+00   2.3179885147E+00   2.0858653922E-04   2.0935626181E+00   2.3073641685E+00   6.3190698004E-04   2.2021381391E+00   2.3456761710E+00   1.7019537552E-03   2.2652855236E+00   2.4190796306E+00   1.8992301487E-03   2.4059689615E+00   2.4640694247E+00   2.0924315479E-03   2.2312354714E+00   2.4108216065E+00   1.5684108502E-03   3.3387875054E-04
   1   -99   0    0   1.3589368543E-02   7.9389428527E+00   1.7725638900E-04   1.9884012946E+00   2.3179184493E+00   2.0858653922E-04   2.0929939571E+00   2.3073090529E+00   6.3190698004E-04   2.2018344894E+00   2.3457056955E+00   1.7019537552E-03   2.2659483785E+00   2.4193797755E+00   1.8992301487E-03   2.4063762402E+00   2.4644645482E+00   2.0924315479E-03   2.2315843058E+00   2.4111167041E+00   1.5684108502E-03   3.3389818068E-04
   1  -100   0    0   3.6804133614E-03   7.9392611157E+00   1.7691705874E-04   1.9878491800E+00   2.3178483436E+00   2.0858653922E-04   2.0924197725E+00   2.3072536090E+00   6.3190698004E-04   2.2015299136E+00   2.3457357257E+00   1.7019537552E-03   2.2666157646E+00   2.4196816853E+00   1.8992301487E-03   2.4067855730E+00   2.4648616633E+00   2.0924315479E-03   2.2319398335E+00   2.4114137634E+00   1.5684108502E-03   3.3391771381E-04
   1  -101   0    0  -6.2271693151E-03   7.9395825012E+00   1.7657726161E-04   1.9872933450E+00   2.3177782136E+00   2.0858653922E-04   2.0918401060E+00   2.3071978446E+00   6.3190698004E-04   2.2012244651E+00   2.3457662632E+00   1.7019537552E-03   2.2672876013E+00   2.4199853187E+00   1.8992301487E-03   2.4071968982E+00   2.4652607102E+00   2.0924315479E-03   2.2323020821E+00   2.4117127477E+00   1.5684108502E-03   3.3393734708E-04
   1  -102   0    0  -1.6133387072E-02   7.9399069848E+00   1.7623707327E-04   1.9867338539E+00   2.3177080754E+00   2.0858653922E-04   2.0912550022E+00   2.3071417680E+00   6.3190698004E-04   2.2009181970E+00   2.3457973094E+00   1.7019537552E-03   2.2679638062E+00   2.4202906338E+00   1.8992301487E-03   2.4076101533E+00   2.4656616283E+00   2.0924315479E-03   2.2326710753E+00   2.4120136191E+00   1.5684108502E-03   3.3395707759E-04
   1  -103   0    0  -2.6038248511E-02   7.9402345408E+00   1.7589656956E-04   1.9861707724E+00   2.3176379449E+00   2.0858653922E-04   2.0906645092E+00   2.3070853872E+00   6.3190698004E-04   2.2006111623E+00   2.3458288655E+00   1.7019537552E-03   2.2686442945E+00   2.4205975876E+00   1.8992301487E-03   2.4080252751E+00   2.4660643563E+00   2.0924315479E-03   2.2330468324E+00   2.4123163391E+00   1.5684108502E-03   3.3397690241E-04
   1  -104   0    0  -3.5941763261E-02   7.9405651412E+00   1.7555582646E-04   1.9856041672E+00   2.3175678379E+00   2.0858653922E-04   2.0900686780E+00   2.3070287109E+00   6.3190698004E-04   2.2003034138E+00   2.3458609319E+00   1.7019537552E-03   2.2693289795E+00   2.4209061369E+00   1.8992301487E-03   2.4084421997E+00   2.4664688321E+00   2.0924315479E-03   2.2334293684E+00   2.4126208681E+00   1.5684108502E-03   3.3399681858E-04
   1  -105   0    0  -4.5843941996E-02   7.9408987566E+00   1.7521492001E-04   1.9850341066E+00   2.3174977702E+00   2.0858653922E-04   2.0894675627E+00   2.3069717475E+00   6.3190698004E-04   2.1999950039E+00   2.3458935093E+00   1.7019537552E-03   2.2700177721E+00   2.4212162375E+00   1.8992301487E-03   2.4088608624E+00   2.4668749931E+00   2.0924315479E-03   2.2338186937E+00   2.4129271657E+00   1.5684108502E-03   3.3401682307E-04
   1  -106   0    0  -5.5744796438E-02   7.9412353555E+00   1.7487392624E-04   1.9844606600E+00   2.3174277570E+00   2.0858653922E-04   2.0888612208E+00   2.3069145058E+00   6.3190698004E-04   2.1996859847E+00   2.3459265975E+00   1.7019537552E-03   2.2707105813E+00   2.4215278445E+00   1.8992301487E-03   2.4092811981E+00   2.4672827758E+00   2.0924315479E-03   2.2342148143E+00   2.4132351908E+00   1.5684108502E-03   3.3403691285E-04
   1  -107   0    0  -6.5644339374E-02   7.9415749046E+00   1.7453292113E-04   1.9838838977E+00   2.3173578138E+00   2.0858653922E-04   2.0882497130E+00   2.3068569946E+00   6.3190698004E-04   2.1993764079E+00   2.3459601962E+00   1.7019537552E-03   2.2714073143E+00   2.4218409125E+00   1.8992301487E-03   2.4097031408E+00   2.4676921165E+00   2.0924315479E-03   2.2346177317E+00   2.4135449013E+00   1.5684108502E-03   3.3405708484E-04
   1  -108   0    0  -7.5542584661E-02   7.9419173686E+00   1.7419198049E-04   1.9833038915E+00   2.3172879555E+00   2.0858653922E-04   2.0876331032E+00   2.3067992230E+00   6.3190698004E-04   2.1990663244E+00   2.3459943046E+00   1.7019537552E-03   2.2721078759E+00   2.4221553954E+00   1.8992301487E-03   2.4101266241E+00   2.4681029506E+00   2.0924315479E-03   2.2350274425E+00   2.4138562543E+00   1.5684108502E-03   3.3407733594E-04
   1  -109   0    0  -8.5439547235E-02   7.9422627106E+00   1.7385117997E-04   1.9827207139E+00   2.3172181969E+00   2.0858653922E-04   2.0870114588E+00   2.3067412000E+00   6.3190698004E-04   2.1987557851E+00   2.3460289216E+00   1.7019537552E-03   2.2728121691E+00   2.4224712465E+00   1.8992301487E-03   2.4105515812E+00   2.4685152133E+00   2.0924315479E-03   2.2354439385E+00   2.4141692063E+00   1.5684108502E-03   3.3409766300E-04
   1  -110   0    0  -9.5335243115E-02   7.9426108915E+00   1.7351059491E-04   1.9821344386E+00   2.3171485526E+00   2.0858653922E-04   2.0863848502E+00   2.3066829350E+00   6.3190698004E-04   2.1984448399E+00   2.3460640458E+00   1.7019537552E-03   2.2735200950E+00   2.4227884187E+00   1.8992301487E-03   2.4109779446E+00   2.4689288393E+00   2.0924315479E-03   2.2358672069E+00   2.4144837129E+00   1.5684108502E-03   3.3411806288E-04
   1  -111   0    0  -1.0522968941E-01   7.9429618706E+00   1.7317030034E-04   1.9815451400E+00   2.3170790369E+00   2.0858653922E-04   2.0857533514E+00   2.3066244372E+00   6.3190698004E-04   2.1981335381E+00   2.3460996751E+00   1.7019537552E-03   2.2742315529E+00   2.4231068641E+00   1.8992301487E-03   2.4114056467E+00   2.4693437626E+00   2.0924315479E-03   2.2362972298E+00   2.4147997290E+00   1.5684108502E-03   3.3413853237E-04
   1  -112   0    0  -1.1512290433E-01   7.9433156052E+00   1.7283037089E-04   1.9809528937E+00   2.3170096636E+00   2.0858653922E-04   2.0851170396E+00   2.3065657162E+00   6.3190698004E-04   2.1978219284E+00   2.3461358072E+00   1.7019537552E-03   2.2749464400E+00   2.4234265345E+00   1.8992301487E-03   2.4118346192E+00   2.4697599173E+00   2.0924315479E-03   2.2367339845E+00   2.4151172089E+00   1.5684108502E-03   3.3415906827E-04
   1  -113   0    0  -1.2501490716E-01   7.9436720506E+00   1.7249088071E-04   1.9803577758E+00   2.3169404465E+00   2.0858653922E-04   2.0844759953E+00   2.3065067815E+00   6.3190698004E-04   2.1975100587E+00   2.3461724394E+00   1.7019537552E-03   2.2756646520E+00   2.4237473811E+00   1.8992301487E-03   2.4122647937E+00   2.4701772369E+00   2.0924315479E-03   2.2371774433E+00   2.4154361060E+00   1.5684108502E-03   3.3417966736E-04
   1  -114   0    0  -1.3490571830E-01   7.9440311604E+00   1.7215190345E-04   1.9797598633E+00   2.3168713987E+00   2.0858653922E-04   2.0838303025E+00   2.3064476429E+00   6.3190698004E-04   2.1971979761E+00   2.3462095685E+00   1.7019537552E-03   2.2763860827E+00   2.4240693547E+00   1.8992301487E-03   2.4126961014E+00   2.4705956546E+00   2.0924315479E-03   2.2376275736E+00   2.4157563733E+00   1.5684108502E-03   3.3420032637E-04
   1  -115   0    0  -1.4479535923E-01   7.9443928863E+00   1.7181351214E-04   1.9791592340E+00   2.3168025334E+00   2.0858653922E-04   2.0831800483E+00   2.3063883100E+00   6.3190698004E-04   2.1968857268E+00   2.3462471909E+00   1.7019537552E-03   2.2771106240E+00   2.4243924058E+00   1.8992301487E-03   2.4131284733E+00   2.4710151035E+00   2.0924315479E-03   2.2380843376E+00   2.4160779629E+00   1.5684108502E-03   3.3422104204E-04
   1  -116   0    0  -1.5468385252E-01   7.9447571782E+00   1.7147577918E-04   1.9785559663E+00   2.3167338630E+00   2.0858653922E-04   2.0825253233E+00   2.3063287928E+00   6.3190698004E-04   2.1965733562E+00   2.3462853025E+00   1.7019537552E-03   2.2778381665E+00   2.4247164842E+00   1.8992301487E-03   2.4135618403E+00   2.4714355165E+00   2.0924315479E-03   2.2385476927E+00   2.4164008266E+00   1.5684108502E-03   3.3424181110E-04
   1  -117   0    0  -1.6457122182E-01   7.9451239840E+00   1.7113877625E-04   1.9779501391E+00   2.3166653997E+00   2.0858653922E-04   2.0818662215E+00   2.3062691013E+00   6.3190698004E-04   2.1962609087E+00   2.3463238989E+00   1.7019537552E-03   2.2785685990E+00   2.4250415397E+00   1.8992301487E-03   2.4139961329E+00   2.4718568264E+00   2.0924315479E-03   2.2390175912E+00   2.4167249154E+00   1.5684108502E-03   3.3426263023E-04
   1  -118   0    0  -1.7445749188E-01   7.9454932499E+00   1.7080257426E-04   1.9773418319E+00   2.3165971554E+00   2.0858653922E-04   2.0812028398E+00   2.3062092453E+00   6.3190698004E-04   2.1959484278E+00   2.3463629751E+00   1.7019537552E-03   2.2793018087E+00   2.4253675215E+00   1.8992301487E-03   2.4144312817E+00   2.4722789656E+00   2.0924315479E-03   2.2394939803E+00   2.4170501798E+00   1.5684108502E-03   3.3428349615E-04
   1  -119   0    0  -1.8434268847E-01   7.9458649204E+00   1.7046724328E-04   1.9767311248E+00   2.3165291413E+00   2.0858653922E-04   2.0805352787E+00   2.3061492351E+00   6.3190698004E-04   2.1956359559E+00   2.3464025258E+00   1.7019537552E-03   2.2800376814E+00   2.4256943786E+00   1.8992301487E-03   2.4148672173E+00   2.4727018668E+00   2.0924315479E-03   2.2399768024E+00   2.4173765698E+00   1.5684108502E-03   3.3430440552E-04
   1  -120   0    0  -1.9422683848E-01   7.9462389381E+00   1.7013285252E-04   1.9761180983E+00   2.3164613685E+00   2.0858653922E-04   2.0798636418E+00   2.3060890807E+00   6.3190698004E-04   2.1953235345E+00   2.3464425451E+00   1.7019537552E-03   2.2807761014E+00   2.4260220597E+00   1.8992301487E-03   2.4153038700E+00   2.4731254625E+00   2.0924315479E-03   2.2404659948E+00   2.4177040349E+00   1.5684108502E-03   3.3432535502E-04
   1  -121   0    0  -2.0410996978E-01   7.9466152439E+00   1.6979947023E-04   1.9755028331E+00   2.3163938474E+00   2.0858653922E-04   2.0791880358E+00   2.3060287923E+00   6.3190698004E-04   2.1950112040E+00   2.3464830269E+00   1.7019537552E-03   2.2815169517E+00   2.4263505133E+00   1.8992301487E-03   2.4157411703E+00   2.4735496852E+00   2.0924315479E-03   2.2409614899E+00   2.4180325242E+00   1.5684108502E-03   3.3434634134E-04
   1  -122   0    0  -2.1399211130E-01   7.9469937769E+00   1.6946716367E-04   1.9748854104E+00   2.3163265881E+00   2.0858653922E-04   2.0785085708E+00   2.3059683801E+00   6.3190698004E-04   2.1946990035E+00   2.3465239644E+00   1.7019537552E-03   2.2822601138E+00   2.4266796877E+00   1.8992301487E-03   2.4161790487E+00   2.4739744675E+00   2.0924315479E-03   2.2414632153E+00   2.4183619864E+00   1.5684108502E-03   3.3436736113E-04
   1  -123   0    0  -2.2387329299E-01   7.9473744749E+00   1.6913599907E-04   1.9742659118E+00   2.3162596002E+00   2.0858653922E-04   2.0778253598E+00   2.3059078545E+00   6.3190698004E-04   2.1943869714E+00   2.3465653504E+00   1.7019537552E-03   2.2830054681E+00   2.4270095309E+00   1.8992301487E-03   2.4166174358E+00   2.4743997421E+00   2.0924315479E-03   2.2419710937E+00   2.4186923696E+00   1.5684108502E-03   3.3438841106E-04
   1  -124   0    0  -2.3375354577E-01   7.9477572735E+00   1.6880604155E-04   1.9736444190E+00   2.3161928928E+00   2.0858653922E-04   2.0771385187E+00   2.3058472257E+00   6.3190698004E-04   2.1940751446E+00   2.3466071773E+00   1.7019537552E-03   2.2837528937E+00   2.4273399908E+00   1.8992301487E-03   2.4170562625E+00   2.4748254419E+00   2.0924315479E-03   2.2424850431E+00   2.4190236217E+00   1.5684108502E-03   3.3440948779E-04
   1  -125   0    0  -2.4363290153E-01   7.9481421072E+00   1.6847735511E-04   1.9730210139E+00   2.3161264745E+00   2.0858653922E-04   2.0764481667E+00   2.3057865041E+00   6.3190698004E-04   2.1937635591E+00   2.3466494372E+00   1.7019537552E-03   2.2845022687E+00   2.4276710153E+00   1.8992301487E-03   2.4174954596E+00   2.4752514997E+00   2.0924315479E-03   2.2430049766E+00   2.4193556901E+00   1.5684108502E-03   3.3443058799E-04
   1  -126   0    0  -2.5351139314E-01   7.9485289088E+00   1.6815000255E-04   1.9723957786E+00   2.3160603535E+00   2.0858653922E-04   2.0757544256E+00   2.3057257000E+00   6.3190698004E-04   2.1934522498E+00   2.3466921216E+00   1.7019537552E-03   2.2852534699E+00   2.4280025521E+00   1.8992301487E-03   2.4179349582E+00   2.4756778488E+00   2.0924315479E-03   2.2435308029E+00   2.4196885222E+00   1.5684108502E-03   3.3445170834E-04
   1  -127   0    0  -2.6338905435E-01   7.9489176094E+00   1.6782404546E-04   1.9717687954E+00   2.3159945374E+00   2.0858653922E-04   2.0750574202E+00   2.3056648237E+00   6.3190698004E-04   2.1931412501E+00   2.3467352216E+00   1.7019537552E-03   2.2860063734E+00   2.4283345487E+00   1.8992301487E-03   2.4183746897E+00   2.4761044226E+00   2.0924315479E-03   2.2440624261E+00   2.4200220648E+00   1.5684108502E-03   3.3447284550E-04
   1  -128   0    0  -2.7326591984E-01   7.9493081389E+00   1.6749954417E-04   1.9711401464E+00   2.3159290336E+00   2.0858653922E-04   2.0743572780E+00   2.3056038856E+00   6.3190698004E-04   2.1928305925E+00   2.3467787278E+00   1.7019537552E-03   2.2867608541E+00   2.4286669527E+00   1.8992301487E-03   2.4188145858E+00   2.4765311547E+00   2.0924315479E-03   2.2445997457E+00   2.4203562646E+00   1.5684108502E-03   3.3449399616E-04
   1  -129   0    0  -2.8314202514E-01   7.9497004256E+00   1.6717655767E-04   1.9705099141E+00   2.3158638486E+00   2.0858653922E-04   2.0736541292E+00   2.3055428960E+00   6.3190698004E-04   2.1925203085E+00   2.3468226306E+00   1.7019537552E-03   2.2875167861E+00   2.4289997118E+00   1.8992301487E-03   2.4192545784E+00   2.4769579792E+00   2.0924315479E-03   2.2451426572E+00   2.4206910680E+00   1.5684108502E-03   3.3451515702E-04
   1  -130   0    0  -2.9301740662E-01   7.9500943967E+00   1.6685514367E-04   1.9698781808E+00   2.3157989887E+00   2.0858653922E-04   2.0729481066E+00   2.3054818654E+00   6.3190698004E-04   2.1922104282E+00   2.3468669197E+00   1.7019537552E-03   2.2882740429E+00   2.4293327735E+00   1.8992301487E-03   2.4196945997E+00   2.4773848304E+00   2.0924315479E-03   2.2456910514E+00   2.4210264213E+00   1.5684108502E-03   3.3453632477E-04
   1  -131   0    0  -3.0289210146E-01   7.9504899779E+00   1.6653535848E-04   1.9692450289E+00   2.3157344596E+00   2.0858653922E-04   2.0722393453E+00   2.3054208039E+00   6.3190698004E-04   2.1919009806E+00   2.3469115848E+00   1.7019537552E-03   2.2890324970E+00   2.4296660853E+00   1.8992301487E-03   2.4201345826E+00   2.4778116429E+00   2.0924315479E-03   2.2462448154E+00   2.4213622706E+00   1.5684108502E-03   3.3455749612E-04
   1  -132   0    0  -3.1276614759E-01   7.9508870936E+00   1.6621725701E-04   1.9686105405E+00   2.3156702665E+00   2.0858653922E-04   2.0715279830E+00   2.3053597220E+00   6.3190698004E-04   2.1915919936E+00   2.3469566147E+00   1.7019537552E-03   2.2897920205E+00   2.4299995951E+00   1.8992301487E-03   2.4205744599E+00   2.4782383518E+00   2.0924315479E-03   2.2468038320E+00   2.4216985619E+00   1.5684108502E-03   3.3457866781E-04
   1  -133   0    0  -3.2263958370E-01   7.9512856673E+00   1.6590089277E-04   1.9679747980E+00   2.3156064143E+00   2.0858653922E-04   2.0708141595E+00   2.3052986298E+00   6.3190698004E-04   2.1912834940E+00   2.3470019983E+00   1.7019537552E-03   2.2905524848E+00   2.4303332505E+00   1.8992301487E-03   2.4210141653E+00   2.4786648926E+00   2.0924315479E-03   2.2473679802E+00   2.4220352410E+00   1.5684108502E-03   3.3459983657E-04
   1  -134   0    0  -3.3251244916E-01   7.9516856211E+00   1.6558631779E-04   1.9673378836E+00   2.3155429071E+00   2.0858653922E-04   2.0700980169E+00   2.3052375377E+00   6.3190698004E-04   2.1909755076E+00   2.3470477238E+00   1.7019537552E-03   2.2913137608E+00   2.4306669995E+00   1.8992301487E-03   2.4214536326E+00   2.4790912013E+00   2.0924315479E-03   2.2479371353E+00   2.4223722537E+00   1.5684108502E-03   3.3462099917E-04
   1  -135   0    0  -3.4238478401E-01   7.9520868762E+00   1.6527358266E-04   1.9666998791E+00   2.3154797489E+00   2.0858653922E-04   2.0693796992E+00   2.3051764558E+00   6.3190698004E-04   2.1906680590E+00   2.3470937793E+00   1.7019537552E-03   2.2920757191E+00   2.4310007901E+00   1.8992301487E-03   2.4218927963E+00   2.4795172141E+00   2.0924315479E-03   2.2485111689E+00   2.4227095458E+00   1.5684108502E-03   3.3464215236E-04
   1  -136   0    0  -3.5225662891E-01   7.9524893528E+00   1.6496273648E-04   1.9660608666E+00   2.3154169429E+00   2.0858653922E-04   2.0686593524E+00   2.3051153942E+00   6.3190698004E-04   2.1903611718E+00   2.3471401524E+00   1.7019537552E-03   2.2928382297E+00   2.4313345705E+00   1.8992301487E-03   2.4223315914E+00   2.4799428680E+00   2.0924315479E-03   2.2490899491E+00   2.4230470630E+00   1.5684108502E-03   3.3466329295E-04
   1  -137   0    0  -3.6212802507E-01   7.9528929701E+00   1.6465382684E-04   1.9654209278E+00   2.3153544921E+00   2.0858653922E-04   2.0679371243E+00   2.3050543631E+00   6.3190698004E-04   2.1900548685E+00   2.3471868303E+00   1.7019537552E-03   2.2936011627E+00   2.4316682889E+00   1.8992301487E-03   2.4227699531E+00   2.4803681003E+00   2.0924315479E-03   2.2496733407E+00   2.4233847510E+00   1.5684108502E-03   3.3468441775E-04
   1  -138   0    0  -3.7199901426E-01   7.9532976465E+00   1.6434689982E-04   1.9647801444E+00   2.3152923990E+00   2.0858653922E-04   2.0672131644E+00   2.3049933725E+00   6.3190698004E-04   2.1897491709E+00   2.3472338002E+00   1.7019537552E-03   2.2943643877E+00   2.4320018941E+00   1.8992301487E-03   2.4232078176E+00   2.4807928489E+00   2.0924315479E-03   2.2502612054E+00   2.4237225556E+00   1.5684108502E-03   3.3470552359E-04
   1  -139   0    0  -3.8186963874E-01   7.9537032996E+00   1.6404199998E-04   1.9641385978E+00   2.3152306656E+00   2.0858653922E-04   2.0664876237E+00   2.3049324324E+00   6.3190698004E-04   2.1894440997E+00   2.3472810487E+00   1.7019537552E-03   2.2951277744E+00   2.4323353348E+00   1.8992301487E-03   2.4236451214E+00   2.4812170523E+00   2.0924315479E-03   2.2508534016E+00   2.4240604226E+00   1.5684108502E-03   3.3472660733E-04
   1  -140   0    0  -3.9173994120E-01   7.9541098464E+00   1.6373917035E-04   1.9634963695E+00   2.3151692935E+00   2.0858653922E-04   2.0657606546E+00   2.3048715526E+00   6.3190698004E-04   2.1891396745E+00   2.3473285623E+00   1.7019537552E-03   2.2958911921E+00   2.4326685599E+00   1.8992301487E-03   2.4240818015E+00   2.4816406495E+00   2.0924315479E-03   2.2514497850E+00   2.4243982980E+00   1.5684108502E-03   3.3474766584E-04
   1  -141   0    0  -4.0160996474E-01   7.9545172031E+00   1.6343845242E-04   1.9628535405E+00   2.3151082840E+00   2.0858653922E-04   2.0650324108E+00   2.3048107431E+00   6.3190698004E-04   2.1888359145E+00   2.3473763272E+00   1.7019537552E-03   2.2966545107E+00   2.4330015189E+00   1.8992301487E-03   2.4245177958E+00   2.4820635801E+00   2.0924315479E-03   2.2520502085E+00   2.4247361278E+00   1.5684108502E-03   3.3476869602E-04
   1  -142   0    0  -4.1147975281E-01   7.9549252853E+00   1.6313988616E-04   1.9622101921E+00   2.3150476380E+00   2.0858653922E-04   2.0643030470E+00   2.3047500136E+00   6.3190698004E-04   2.1885328376E+00   2.3474243293E+00   1.7019537552E-03   2.2974175996E+00   2.4333341614E+00   1.8992301487E-03   2.4249530425E+00   2.4824857842E+00   2.0924315479E-03   2.2526545225E+00   2.4250738581E+00   1.5684108502E-03   3.3478969480E-04
   1  -143   0    0  -4.2134934917E-01   7.9553340083E+00   1.6284350997E-04   1.9615664051E+00   2.3149873560E+00   2.0858653922E-04   2.0635727191E+00   2.3046893737E+00   6.3190698004E-04   2.1882304613E+00   2.3474725543E+00   1.7019537552E-03   2.2981803288E+00   2.4336664370E+00   1.8992301487E-03   2.4253874805E+00   2.4829072025E+00   2.0924315479E-03   2.2532625748E+00   2.4254114352E+00   1.5684108502E-03   3.3481065914E-04
   1  -144   0    0  -4.3121879783E-01   7.9557432867E+00   1.6254936075E-04   1.9609222602E+00   2.3149274381E+00   2.0858653922E-04   2.0628415836E+00   2.3046288331E+00   6.3190698004E-04   2.1879288023E+00   2.3475209878E+00   1.7019537552E-03   2.2989425685E+00   2.4339982961E+00   1.8992301487E-03   2.4258210495E+00   2.4833277765E+00   2.0924315479E-03   2.2538742112E+00   2.4257488057E+00   1.5684108502E-03   3.3483158601E-04
   1  -145   0    0  -4.4108814303E-01   7.9561530350E+00   1.6225747387E-04   1.9602778383E+00   2.3148678842E+00   2.0858653922E-04   2.0621097980E+00   2.3045684012E+00   6.3190698004E-04   2.1876278765E+00   2.3475696151E+00   1.7019537552E-03   2.2997041889E+00   2.4343296892E+00   1.8992301487E-03   2.4262536895E+00   2.4837474482E+00   2.0924315479E-03   2.2544892751E+00   2.4260859162E+00   1.5684108502E-03   3.3485247241E-04
   1  -146   0    0  -4.5095742914E-01   7.9565631672E+00   1.6196788317E-04   1.9596332199E+00   2.3148086939E+00   2.0858653922E-04   2.0613775201E+00   2.3045080876E+00   6.3190698004E-04   2.1873276993E+00   2.3476184214E+00   1.7019537552E-03   2.3004650611E+00   2.4346605671E+00   1.8992301487E-03   2.4266853416E+00   2.4841661601E+00   2.0924315479E-03   2.2551076081E+00   2.4264227137E+00   1.5684108502E-03   3.3487331538E-04
   1  -147   0    0  -4.6082670068E-01   7.9569735972E+00   1.6168062099E-04   1.9589884854E+00   2.3147498663E+00   2.0858653922E-04   2.0606449082E+00   2.3044479014E+00   6.3190698004E-04   2.1870282857E+00   2.3476673918E+00   1.7019537552E-03   2.3012250562E+00   2.4349908809E+00   1.8992301487E-03   2.4271159471E+00   2.4845838556E+00   2.0924315479E-03   2.2557290501E+00   2.4267591452E+00   1.5684108502E-03   3.3489411198E-04
   1  -148   0    0  -4.7069600222E-01   7.9573842388E+00   1.6139571816E-04   1.9583437153E+00   2.3146914005E+00   2.0858653922E-04   2.0599121208E+00   2.3043878520E+00   6.3190698004E-04   2.1867296500E+00   2.3477165111E+00   1.7019537552E-03   2.3019840461E+00   2.4353205823E+00   1.8992301487E-03   2.4275454482E+00   2.4850004785E+00   2.0924315479E-03   2.2563534392E+00   2.4270951583E+00   1.5684108502E-03   3.3491485930E-04
   1  -149   0    0  -4.8056537834E-01   7.9577950057E+00   1.6111320405E-04   1.9576989900E+00   2.3146332952E+00   2.0858653922E-04   2.0591793166E+00   2.3043279485E+00   6.3190698004E-04   2.1864318060E+00   2.3477657643E+00   1.7019537552E-03   2.3027419032E+00   2.4356496233E+00   1.8992301487E-03   2.4279737878E+00   2.4854159733E+00   2.0924315479E-03   2.2569806122E+00   2.4274307006E+00   1.5684108502E-03   3.3493555446E-04
   1  -150   0    0  -4.9043487359E-01   7.9582058114E+00   1.6083310655E-04   1.9570543898E+00   2.3145755490E+00   2.0858653922E-04   2.0584466543E+00   2.3042681998E+00   6.3190698004E-04   2.1861347674E+00   2.3478151360E+00   1.7019537552E-03   2.3034985007E+00   2.4359779560E+00   1.8992301487E-03   2.4284009093E+00   2.4858302853E+00   2.0924315479E-03   2.2576104045E+00   2.4277657201E+00   1.5684108502E-03   3.3495619461E-04
   1  -151   0    0  -5.0030453246E-01   7.9586165698E+00   1.6055545209E-04   1.9564099950E+00   2.3145181603E+00   2.0858653922E-04   2.0577142922E+00   2.3042086150E+00   6.3190698004E-04   2.1858385473E+00   2.3478646110E+00   1.7019537552E-03   2.3042537124E+00   2.4363055334E+00   1.8992301487E-03   2.4288267569E+00   2.4862433603E+00   2.0924315479E-03   2.2582426503E+00   2.4281001650E+00   1.5684108502E-03   3.3497677692E-04
   1  -152   0    0  -5.1017439929E-01   7.9590271946E+00   1.6028026569E-04   1.9557658860E+00   2.3144611271E+00   2.0858653922E-04   2.0569823885E+00   2.3041492028E+00   6.3190698004E-04   2.1855431588E+00   2.3479141738E+00   1.7019537552E-03   2.3050074130E+00   2.4366323084E+00   1.8992301487E-03   2.4292512753E+00   2.4866551447E+00   2.0924315479E-03   2.2588771832E+00   2.4284339840E+00   1.5684108502E-03   3.3499729861E-04
   1  -153   0    0  -5.2004451826E-01   7.9594376000E+00   1.6000757096E-04   1.9551221431E+00   2.3144044475E+00   2.0858653922E-04   2.0562511009E+00   2.3040899720E+00   6.3190698004E-04   2.1852486145E+00   2.3479638092E+00   1.7019537552E-03   2.3057594778E+00   2.4369582348E+00   1.8992301487E-03   2.4296744103E+00   2.4870655857E+00   2.0924315479E-03   2.2595138354E+00   2.4287671260E+00   1.5684108502E-03   3.3501775692E-04
   1  -154   0    0  -5.2991493331E-01   7.9598477003E+00   1.5973739009E-04   1.9544788467E+00   2.3143481194E+00   2.0858653922E-04   2.0555205864E+00   2.3040309311E+00   6.3190698004E-04   2.1849549272E+00   2.3480135019E+00   1.7019537552E-03   2.3065097835E+00   2.4372832664E+00   1.8992301487E-03   2.4300961078E+00   2.4874746311E+00   2.0924315479E-03   2.2601524388E+00   2.4290995404E+00   1.5684108502E-03   3.3503814911E-04
   1  -155   0    0  -5.3978568813E-01   7.9602574102E+00   1.5946974395E-04   1.9538360773E+00   2.3142921406E+00   2.0858653922E-04   2.0547910014E+00   2.3039720886E+00   6.3190698004E-04   2.1846621092E+00   2.3480632363E+00   1.7019537552E-03   2.3072582072E+00   2.4376073576E+00   1.8992301487E-03   2.4305163147E+00   2.4878822294E+00   2.0924315479E-03   2.2607928246E+00   2.4294311769E+00   1.5684108502E-03   3.3505847250E-04
   1  -156   0    0  -5.4965682610E-01   7.9606666447E+00   1.5920465203E-04   1.9531939155E+00   2.3142365088E+00   2.0858653922E-04   2.0540625012E+00   2.3039134529E+00   6.3190698004E-04   2.1843701732E+00   2.3481129973E+00   1.7019537552E-03   2.3080046276E+00   2.4379304635E+00   1.8992301487E-03   2.4309349787E+00   2.4882883297E+00   2.0924315479E-03   2.2614348239E+00   2.4297619855E+00   1.5684108502E-03   3.3507872442E-04
   1  -157   0    0  -5.5952839021E-01   7.9610753195E+00   1.5894213252E-04   1.9525524419E+00   2.3141812217E+00   2.0858653922E-04   2.0533352403E+00   2.3038550323E+00   6.3190698004E-04   2.1840791315E+00   2.3481627697E+00   1.7019537552E-03   2.3087489242E+00   2.4382525392E+00   1.8992301487E-03   2.4313520478E+00   2.4886928816E+00   2.0924315479E-03   2.2620782672E+00   2.4300919167E+00   1.5684108502E-03   3.3509890224E-04
   1  -158   0    0  -5.6940042308E-01   7.9614833505E+00   1.5868220230E-04   1.9519117375E+00   2.3141262767E+00   2.0858653922E-04   2.0526093719E+00   2.3037968349E+00   6.3190698004E-04   2.1837889968E+00   2.3482125383E+00   1.7019537552E-03   2.3094909776E+00   2.4385735406E+00   1.8992301487E-03   2.4317674710E+00   2.4890958358E+00   2.0924315479E-03   2.2627229853E+00   2.4304209214E+00   1.5684108502E-03   3.3511900336E-04
   1  -159   0    0  -5.7927296686E-01   7.9618906544E+00   1.5842487700E-04   1.9512718831E+00   2.3140716716E+00   2.0858653922E-04   2.0518850481E+00   2.3037388687E+00   6.3190698004E-04   2.1834997818E+00   2.3482622881E+00   1.7019537552E-03   2.3102306698E+00   2.4388934238E+00   1.8992301487E-03   2.4321811977E+00   2.4894971431E+00   2.0924315479E-03   2.2633688086E+00   2.4307489509E+00   1.5684108502E-03   3.3513902520E-04
   1  -160   0    0  -5.8914606322E-01   7.9622971486E+00   1.5817017101E-04   1.9506329598E+00   2.3140174039E+00   2.0858653922E-04   2.0511624195E+00   2.3036811416E+00   6.3190698004E-04   2.1832114993E+00   2.3483120042E+00   1.7019537552E-03   2.3109678839E+00   2.4392121457E+00   1.8992301487E-03   2.4325931783E+00   2.4898967553E+00   2.0924315479E-03   2.2640155682E+00   2.4310759570E+00   1.5684108502E-03   3.3515896525E-04
   1  -161   0    0  -5.9901975329E-01   7.9627027510E+00   1.5791809747E-04   1.9499950490E+00   2.3139634713E+00   2.0858653922E-04   2.0504416351E+00   2.3036236615E+00   6.3190698004E-04   2.1829241624E+00   2.3483616718E+00   1.7019537552E-03   2.3117025045E+00   2.4395296635E+00   1.8992301487E-03   2.4330033636E+00   2.4902946249E+00   2.0924315479E-03   2.2646630951E+00   2.4314018919E+00   1.5684108502E-03   3.3517882099E-04
   1  -162   0    0  -6.0889407765E-01   7.9631073805E+00   1.5766866837E-04   1.9493582321E+00   2.3139098712E+00   2.0858653922E-04   2.0497228424E+00   2.3035664359E+00   6.3190698004E-04   2.1826377845E+00   2.3484112762E+00   1.7019537552E-03   2.3124344174E+00   2.4398459347E+00   1.8992301487E-03   2.4334117052E+00   2.4906907048E+00   2.0924315479E-03   2.2653112211E+00   2.4317267083E+00   1.5684108502E-03   3.3519858996E-04
   1  -163   0    0  -6.1876907623E-01   7.9635109566E+00   1.5742189452E-04   1.9487225907E+00   2.3138566016E+00   2.0858653922E-04   2.0490061871E+00   2.3035094725E+00   6.3190698004E-04   2.1823523791E+00   2.3484608031E+00   1.7019537552E-03   2.3131635099E+00   2.4401609177E+00   1.8992301487E-03   2.4338181553E+00   2.4910849488E+00   2.0924315479E-03   2.2659597784E+00   2.4320503593E+00   1.5684108502E-03   3.3521826972E-04
   1  -164   0    0  -6.2864478835E-01   7.9639133997E+00   1.5717778558E-04   1.9480882068E+00   2.3138036601E+00   2.0858653922E-04   2.0482918131E+00   2.3034527786E+00   6.3190698004E-04   2.1820679603E+00   2.3485102382E+00   1.7019537552E-03   2.3138896706E+00   2.4404745710E+00   1.8992301487E-03   2.4342226669E+00   2.4914773111E+00   2.0924315479E-03   2.2666085999E+00   2.4323727986E+00   1.5684108502E-03   3.3523785787E-04
   1  -165   0    0  -6.3852125260E-01   7.9643146313E+00   1.5693635010E-04   1.9474551624E+00   2.3137510446E+00   2.0858653922E-04   2.0475798623E+00   2.3033963616E+00   6.3190698004E-04   2.1817845425E+00   2.3485595674E+00   1.7019537552E-03   2.3146127899E+00   2.4407868540E+00   1.8992301487E-03   2.4346251935E+00   2.4918677467E+00   2.0924315479E-03   2.2672575196E+00   2.4326939803E+00   1.5684108502E-03   3.3525735206E-04
   1  -166   0    0  -6.4839850687E-01   7.9647145736E+00   1.5669759557E-04   1.9468235397E+00   2.3136987531E+00   2.0858653922E-04   2.0468704744E+00   2.3033402287E+00   6.3190698004E-04   2.1815021403E+00   2.3486087769E+00   1.7019537552E-03   2.3153327595E+00   2.4410977262E+00   1.8992301487E-03   2.4350256893E+00   2.4922562113E+00   2.0924315479E-03   2.2679063723E+00   2.4330138592E+00   1.5684108502E-03   3.3527674994E-04
   1  -167   0    0  -6.5827658829E-01   7.9651131501E+00   1.5646152839E-04   1.9461934211E+00   2.3136467837E+00   2.0858653922E-04   2.0461637873E+00   2.3032843868E+00   6.3190698004E-04   2.1812207690E+00   2.3486578531E+00   1.7019537552E-03   2.3160494728E+00   2.4414071481E+00   1.8992301487E-03   2.4354241094E+00   2.4926426613E+00   2.0924315479E-03   2.2685549937E+00   2.4333323904E+00   1.5684108502E-03   3.3529604922E-04
   1  -168   0    0  -6.6815553319E-01   7.9655102851E+00   1.5622815392E-04   1.9455648894E+00   2.3135951346E+00   2.0858653922E-04   2.0454599362E+00   2.3032288430E+00   6.3190698004E-04   2.1809404443E+00   2.3487067827E+00   1.7019537552E-03   2.3167628249E+00   2.4417150802E+00   1.8992301487E-03   2.4358204093E+00   2.4930270535E+00   2.0924315479E-03   2.2692032210E+00   2.4336495297E+00   1.5684108502E-03   3.3531524764E-04
   1  -169   0    0  -6.7803537706E-01   7.9659059041E+00   1.5599747653E-04   1.9449380272E+00   2.3135438042E+00   2.0858653922E-04   2.0447590544E+00   2.3031736041E+00   6.3190698004E-04   2.1806611823E+00   2.3487555525E+00   1.7019537552E-03   2.3174727125E+00   2.4420214841E+00   1.8992301487E-03   2.4362145454E+00   2.4934093456E+00   2.0924315479E-03   2.2698508927E+00   2.4339652333E+00   1.5684108502E-03   3.3533434297E-04
   1  -170   0    0  -6.8791615455E-01   7.9662999339E+00   1.5576949960E-04   1.9443129175E+00   2.3134927910E+00   2.0858653922E-04   2.0440612726E+00   2.3031186767E+00   6.3190698004E-04   2.1803829995E+00   2.3488041497E+00   1.7019537552E-03   2.3181790340E+00   2.4423263215E+00   1.8992301487E-03   2.4366064746E+00   2.4937894959E+00   2.0924315479E-03   2.2704978485E+00   2.4342794583E+00   1.5684108502E-03   3.3535333302E-04
   1  -171   0    0  -6.9779789942E-01   7.9666923023E+00   1.5554422551E-04   1.9436896434E+00   2.3134420937E+00   2.0858653922E-04   2.0433667188E+00   2.3030640673E+00   6.3190698004E-04   2.1801059133E+00   2.3488525617E+00   1.7019537552E-03   2.3188816895E+00   2.4426295549E+00   1.8992301487E-03   2.4369961547E+00   2.4941674634E+00   2.0924315479E-03   2.2711439297E+00   2.4345921619E+00   1.5684108502E-03   3.3537221564E-04
   1  -172   0    0  -7.0768064449E-01   7.9670829382E+00   1.5532165574E-04   1.9430682881E+00   2.3133917112E+00   2.0858653922E-04   2.0426755188E+00   2.3030097825E+00   6.3190698004E-04   2.1798299412E+00   2.3489007764E+00   1.7019537552E-03   2.3195805812E+00   2.4429311473E+00   1.8992301487E-03   2.4373835440E+00   2.4945432078E+00   2.0924315479E-03   2.2717889795E+00   2.4349033024E+00   1.5684108502E-03   3.3539098870E-04
   1  -173   0    0  -7.1756442166E-01   7.9674717722E+00   1.5510179082E-04   1.9424489349E+00   2.3133416424E+00   2.0858653922E-04   2.0419877956E+00   2.3029558284E+00   6.3190698004E-04   2.1795551014E+00   2.3489487816E+00   1.7019537552E-03   2.3202756129E+00   2.4432310624E+00   1.8992301487E-03   2.4377686017E+00   2.4949166893E+00   2.0924315479E-03   2.2724328423E+00   2.4352128383E+00   1.5684108502E-03   3.3540965013E-04
   1  -174   0    0  -7.2744926184E-01   7.9678587358E+00   1.5488463040E-04   1.9418316670E+00   2.3132918867E+00   2.0858653922E-04   2.0413036694E+00   2.3029022113E+00   6.3190698004E-04   2.1792814127E+00   2.3489965658E+00   1.7019537552E-03   2.3209666902E+00   2.4435292642E+00   1.8992301487E-03   2.4381512876E+00   2.4952878691E+00   2.0924315479E-03   2.2730753649E+00   2.4355207290E+00   1.5684108502E-03   3.3542819789E-04
   1  -175   0    0  -7.3733519496E-01   7.9682437620E+00   1.5467017322E-04   1.9412165678E+00   2.3132424434E+00   2.0858653922E-04   2.0406232579E+00   2.3028489372E+00   6.3190698004E-04   2.1790088944E+00   2.3490441176E+00   1.7019537552E-03   2.3216537209E+00   2.4438257176E+00   1.8992301487E-03   2.4385315621E+00   2.4956567089E+00   2.0924315479E-03   2.2737163955E+00   2.4358269345E+00   1.5684108502E-03   3.3544662997E-04
   1  -176   0    0  -7.4722224991E-01   7.9686267852E+00   1.5445841720E-04   1.9406037207E+00   2.3131933120E+00   2.0858653922E-04   2.0399466757E+00   2.3027960121E+00   6.3190698004E-04   2.1787375663E+00   2.3490914260E+00   1.7019537552E-03   2.3223366145E+00   2.4441203881E+00   1.8992301487E-03   2.4389093867E+00   2.4960231712E+00   2.0924315479E-03   2.2743557847E+00   2.4361314152E+00   1.5684108502E-03   3.3546494440E-04
   1  -177   0    0  -7.5711045455E-01   7.9690077410E+00   1.5424935939E-04   1.9399932089E+00   2.3131444925E+00   2.0858653922E-04   2.0392740348E+00   2.3027434415E+00   6.3190698004E-04   2.1784674486E+00   2.3491384801E+00   1.7019537552E-03   2.3230152825E+00   2.4444132416E+00   1.8992301487E-03   2.4392847233E+00   2.4963872190E+00   2.0924315479E-03   2.2749933849E+00   2.4364341326E+00   1.5684108502E-03   3.3548313925E-04
   1  -178   0    0  -7.6699983568E-01   7.9693865666E+00   1.5404299604E-04   1.9393851155E+00   2.3130959848E+00   2.0858653922E-04   2.0386054440E+00   2.3026912313E+00   6.3190698004E-04   2.1781985623E+00   2.3491852698E+00   1.7019537552E-03   2.3236896386E+00   2.4447042449E+00   1.8992301487E-03   2.4396575347E+00   2.4967488165E+00   2.0924315479E-03   2.2756290509E+00   2.4367350485E+00   1.5684108502E-03   3.3550121264E-04
   1  -179   0    0  -7.7689041901E-01   7.9697632006E+00   1.5383932256E-04   1.9387795235E+00   2.3130477890E+00   2.0858653922E-04   2.0379410095E+00   2.3026393868E+00   6.3190698004E-04   2.1779309287E+00   2.3492317848E+00   1.7019537552E-03   2.3243595983E+00   2.4449933652E+00   1.8992301487E-03   2.4400277845E+00   2.4971079281E+00   2.0924315479E-03   2.2762626395E+00   2.4370341257E+00   1.5684108502E-03   3.3551916273E-04
   1  -180   0    0  -7.8678222916E-01   7.9701375832E+00   1.5363833362E-04   1.9381765158E+00   2.3129999055E+00   2.0858653922E-04   2.0372808343E+00   2.3025879135E+00   6.3190698004E-04   2.1776645696E+00   2.3492780155E+00   1.7019537552E-03   2.3250250794E+00   2.4452805706E+00   1.8992301487E-03   2.4403954369E+00   2.4974645195E+00   2.0924315479E-03   2.2768940101E+00   2.4373313275E+00   1.5684108502E-03   3.3553698770E-04
   1  -181   0    0  -7.9667528962E-01   7.9705096559E+00   1.5344002308E-04   1.9375761748E+00   2.3129523349E+00   2.0858653922E-04   2.0366250183E+00   2.3025368165E+00   6.3190698004E-04   2.1773995073E+00   2.3493239525E+00   1.7019537552E-03   2.3256860017E+00   2.4455658298E+00   1.8992301487E-03   2.4407604573E+00   2.4978185567E+00   2.0924315479E-03   2.2775230244E+00   2.4376266180E+00   1.5684108502E-03   3.3555468579E-04
   1  -182   0    0  -8.0656962277E-01   7.9708793618E+00   1.5324438407E-04   1.9369785826E+00   2.3129050779E+00   2.0858653922E-04   2.0359736585E+00   2.3024861009E+00   6.3190698004E-04   2.1771357645E+00   2.3493695867E+00   1.7019537552E-03   2.3263422870E+00   2.4458491121E+00   1.8992301487E-03   2.4411228114E+00   2.4981700067E+00   2.0924315479E-03   2.2781495463E+00   2.4379199622E+00   1.5684108502E-03   3.3557225529E-04
   1  -183   0    0  -8.1646524983E-01   7.9712466456E+00   1.5305140897E-04   1.9363838212E+00   2.3128581355E+00   2.0858653922E-04   2.0353268489E+00   2.3024357717E+00   6.3190698004E-04   2.1768733643E+00   2.3494149095E+00   1.7019537552E-03   2.3269938596E+00   2.4461303876E+00   1.8992301487E-03   2.4414824660E+00   2.4985188374E+00   2.0924315479E-03   2.2787734428E+00   2.4382113257E+00   1.5684108502E-03   3.3558969450E-04
   1  -184   0    0  -8.2636219088E-01   7.9716114535E+00   1.5286108944E-04   1.9357919719E+00   2.3128115086E+00   2.0858653922E-04   2.0346846801E+00   2.3023858335E+00   6.3190698004E-04   2.1766123303E+00   2.3494599125E+00   1.7019537552E-03   2.3276406457E+00   2.4464096271E+00   1.8992301487E-03   2.4418393889E+00   2.4988650173E+00   2.0924315479E-03   2.2793945829E+00   2.4385006749E+00   1.5684108502E-03   3.3560700180E-04
   1  -185   0    0  -8.3626046484E-01   7.9719737332E+00   1.5267341644E-04   1.9352031154E+00   2.3127651987E+00   2.0858653922E-04   2.0340472399E+00   2.3023362912E+00   6.3190698004E-04   2.1763526862E+00   2.3495045877E+00   1.7019537552E-03   2.3282825738E+00   2.4466868022E+00   1.8992301487E-03   2.4421935483E+00   2.4992085159E+00   2.0924315479E-03   2.2800128387E+00   2.4387879771E+00   1.5684108502E-03   3.3562417560E-04
   1  -186   0    0  -8.4616008945E-01   7.9723334343E+00   1.5248838022E-04   1.9346173321E+00   2.3127192070E+00   2.0858653922E-04   2.0334146127E+00   2.3022871491E+00   6.3190698004E-04   2.1760944564E+00   2.3495489273E+00   1.7019537552E-03   2.3289195746E+00   2.4469618851E+00   1.8992301487E-03   2.4425449137E+00   2.4995493035E+00   2.0924315479E-03   2.2806280848E+00   2.4390732003E+00   1.5684108502E-03   3.3564121435E-04
   1  -187   0    0  -8.5606108128E-01   7.9726905076E+00   1.5230597035E-04   1.9340347015E+00   2.3126735352E+00   2.0858653922E-04   2.0327868801E+00   2.3022384116E+00   6.3190698004E-04   2.1758376652E+00   2.3495929242E+00   1.7019537552E-03   2.3295515812E+00   2.4472348488E+00   1.8992301487E-03   2.4428934553E+00   2.4998873511E+00   2.0924315479E-03   2.2812401986E+00   2.4393563134E+00   1.5684108502E-03   3.3565811656E-04
   1  -188   0    0  -8.6596345571E-01   7.9730449059E+00   1.5212617575E-04   1.9334553024E+00   2.3126281851E+00   2.0858653922E-04   2.0321641201E+00   2.3021900829E+00   6.3190698004E-04   2.1755823373E+00   2.3496365712E+00   1.7019537552E-03   2.3301785288E+00   2.4475056673E+00   1.8992301487E-03   2.4432391442E+00   2.5002226308E+00   2.0924315479E-03   2.2818490606E+00   2.4396372862E+00   1.5684108502E-03   3.3567488077E-04
   1  -189   0    0  -8.7586722694E-01   7.9733965834E+00   1.5194898467E-04   1.9328792131E+00   2.3125831584E+00   2.0858653922E-04   2.0315464079E+00   2.3021421669E+00   6.3190698004E-04   2.1753284977E+00   2.3496798616E+00   1.7019537552E-03   2.3308003551E+00   2.4477743151E+00   1.8992301487E-03   2.4435819524E+00   2.5005551156E+00   2.0924315479E-03   2.2824545537E+00   2.4399160891E+00   1.5684108502E-03   3.3569150558E-04
   1  -190   0    0  -8.8577240798E-01   7.9737454960E+00   1.5177438474E-04   1.9323065106E+00   2.3125384571E+00   2.0858653922E-04   2.0309338155E+00   2.3020946677E+00   6.3190698004E-04   2.1750761715E+00   2.3497227893E+00   1.7019537552E-03   2.3314169999E+00   2.4480407676E+00   1.8992301487E-03   2.4439218530E+00   2.5008847792E+00   2.0924315479E-03   2.2830565642E+00   2.4401926939E+00   1.5684108502E-03   3.3570798963E-04
   1  -191   0    0  -8.9567901068E-01   7.9740916014E+00   1.5160236294E-04   1.9317372712E+00   2.3124940835E+00   2.0858653922E-04   2.0303264115E+00   2.3020475889E+00   6.3190698004E-04   2.1748253838E+00   2.3497653482E+00   1.7019537552E-03   2.3320284054E+00   2.4483050010E+00   1.8992301487E-03   2.4442588199E+00   2.5012115964E+00   2.0924315479E-03   2.2836549810E+00   2.4404670727E+00   1.5684108502E-03   3.3572433162E-04
   1  -192   0    0  -9.0558704568E-01   7.9744348587E+00   1.5143290565E-04   1.9311715701E+00   2.3124500396E+00   2.0858653922E-04   2.0297242616E+00   2.3020009340E+00   6.3190698004E-04   2.1745761599E+00   2.3498075325E+00   1.7019537552E-03   2.3326345164E+00   2.4485669925E+00   1.8992301487E-03   2.4445928279E+00   2.5015355428E+00   2.0924315479E-03   2.2842496963E+00   2.4407391990E+00   1.5684108502E-03   3.3574053029E-04
   1  -193   0    0  -9.1549652245E-01   7.9747752288E+00   1.5126599865E-04   1.9306094815E+00   2.3124063278E+00   2.0858653922E-04   2.0291274282E+00   2.3019547066E+00   6.3190698004E-04   2.1743285252E+00   2.3498493370E+00   1.7019537552E-03   2.3332352797E+00   2.4488267199E+00   1.8992301487E-03   2.4449238530E+00   2.5018565952E+00   2.0924315479E-03   2.2848406052E+00   2.4410090468E+00   1.5684108502E-03   3.3575658444E-04
   1  -194   0    0  -9.2540744928E-01   7.9751126744E+00   1.5110162712E-04   1.9300510783E+00   2.3123629505E+00   2.0858653922E-04   2.0285359707E+00   2.3019089097E+00   6.3190698004E-04   2.1740825048E+00   2.3498907566E+00   1.7019537552E-03   2.3338306448E+00   2.4490841620E+00   1.8992301487E-03   2.4452518720E+00   2.5021747310E+00   2.0924315479E-03   2.2854276058E+00   2.4412765915E+00   1.5684108502E-03   3.3577249291E-04
   1  -195   0    0  -9.3531983330E-01   7.9754471597E+00   1.5093977569E-04   1.9294964323E+00   2.3123199102E+00   2.0858653922E-04   2.0279499454E+00   2.3018635465E+00   6.3190698004E-04   2.1738381242E+00   2.3499317866E+00   1.7019537552E-03   2.3344205633E+00   2.4493392984E+00   1.8992301487E-03   2.4455768629E+00   2.5024899290E+00   2.0924315479E-03   2.2860105996E+00   2.4415418090E+00   1.5684108502E-03   3.3578825459E-04
   1  -196   0    0  -9.4523368048E-01   7.9757786507E+00   1.5078042841E-04   1.9289456138E+00   2.3122772094E+00   2.0858653922E-04   2.0273694051E+00   2.3018186200E+00   6.3190698004E-04   2.1735954084E+00   2.3499724226E+00   1.7019537552E-03   2.3350049895E+00   2.4495921096E+00   1.8992301487E-03   2.4458988046E+00   2.5028021686E+00   2.0924315479E-03   2.2865894909E+00   2.4418046765E+00   1.5684108502E-03   3.3580386844E-04
   1  -197   0    0  -9.5514899566E-01   7.9761071150E+00   1.5062356878E-04   1.9283986919E+00   2.3122348507E+00   2.0858653922E-04   2.0267944001E+00   2.3017741328E+00   6.3190698004E-04   2.1733543825E+00   2.3500126605E+00   1.7019537552E-03   2.3355838799E+00   2.4498425771E+00   1.8992301487E-03   2.4462176770E+00   2.5031114305E+00   2.0924315479E-03   2.2871641876E+00   2.4420651720E+00   1.5684108502E-03   3.3581933345E-04
   1  -198   0    0  -9.6506578250E-01   7.9764325218E+00   1.5046917978E-04   1.9278557341E+00   2.3121928367E+00   2.0858653922E-04   2.0262249773E+00   2.3017300876E+00   6.3190698004E-04   2.1731150712E+00   2.3500524965E+00   1.7019537552E-03   2.3361571935E+00   2.4500906831E+00   1.8992301487E-03   2.4465334612E+00   2.5034176964E+00   2.0924315479E-03   2.2877346002E+00   2.4423232745E+00   1.5684108502E-03   3.3583464869E-04
   1  -199   0    0  -9.7498404359E-01   7.9767548422E+00   1.5031724386E-04   1.9273168065E+00   2.3121511702E+00   2.0858653922E-04   2.0256611804E+00   2.3016864868E+00   6.3190698004E-04   2.1728774991E+00   2.3500919270E+00   1.7019537552E-03   2.3367248918E+00   2.4503364107E+00   1.8992301487E-03   2.4468461393E+00   2.5037209488E+00   2.0924315479E-03   2.2883006430E+00   2.4425789640E+00   1.5684108502E-03   3.3584981327E-04
   1  -200   0    0  -9.8490378039E-01   7.9770740488E+00   1.5016774298E-04   1.9267819735E+00   2.3121098537E+00   2.0858653922E-04   2.0251030504E+00   2.3016433326E+00   6.3190698004E-04   2.1726416906E+00   2.3501309489E+00   1.7019537552E-03   2.3372869385E+00   2.4505797443E+00   1.8992301487E-03   2.4471556945E+00   2.5040211716E+00   2.0924315479E-03   2.2888622332E+00   2.4428322217E+00   1.5684108502E-03   3.3586482634E-04
   1  -201   0    0  -9.9482499325E-01   7.9773901159E+00   1.5002065857E-04   1.9262512978E+00   2.3120688900E+00   2.0858653922E-04   2.0245506252E+00   2.3016006271E+00   6.3190698004E-04   2.1724076696E+00   2.3501695592E+00   1.7019537552E-03   2.3378433001E+00   2.4508206687E+00   1.8992301487E-03   2.4474621110E+00   2.5043183494E+00   2.0924315479E-03   2.2894192913E+00   2.4430830294E+00   1.5684108502E-03   3.3587968713E-04
   1  -202  -4    5  -9.9999981575E-01   7.9775537015E+00   1.4994490170E-04   1.9259762030E+00   2.3120476669E+00   2.0858653922E-04   2.0242647926E+00   2.3015785335E+00   6.3190698004E-04   2.1722863371E+00   2.3501895316E+00   1.7019537552E-03   2.3381311945E+00   2.4509453581E+00   1.8992301487E-03   2.4476206670E+00   2.5044721244E+00   2.0924315479E-03   2.2897079916E+00   2.4432128561E+00   1.5684108502E-03   3.3588737685E-04
