 
   1    -1   0    0   9.9999997072E-01   7.9492328774E+00   2.0088918004E-04   2.0382986378E+00   2.3540739053E+00   2.1348594527E-04   2.1304667067E+00   2.3252645545E+00   6.5009773090E-04   2.2391900729E+00   2.3645857914E+00   1.7509478874E-03   2.2292183184E+00   2.4045012584E+00   1.9029083261E-03   2.3739113859E+00   2.4330861732E+00   2.0648442657E-03   2.2132726396E+00   2.3954127501E+00   1.5714483568E-03   3.3299474177E-04
   1    -2   0    0   9.8001190143E-01   7.9496616591E+00   2.0058054726E-04   2.0381278927E+00   2.3542252360E+00   2.1345557335E-04   2.1303859906E+00   2.3254485801E+00   6.4998496472E-04   2.2390254972E+00   2.3647643554E+00   1.7506441680E-03   2.2295236344E+00   2.4047083646E+00   1.9029048325E-03   2.3741830067E+00   2.4333499386E+00   2.0649890787E-03   2.2133311995E+00   2.3956196814E+00   1.5714454716E-03   3.3301035669E-04
   1    -3   0    0   9.7001823935E-01   7.9498828340E+00   2.0042177548E-04   2.0380399183E+00   2.3543033323E+00   2.1343996662E-04   2.1303442638E+00   2.3255434970E+00   6.4992701939E-04   2.2389409064E+00   2.3648564643E+00   1.7504881007E-03   2.2296811113E+00   2.4048150540E+00   1.9029029606E-03   2.3743229105E+00   2.4334857962E+00   2.0650635955E-03   2.2133617665E+00   2.3957262812E+00   1.5714439258E-03   3.3301840176E-04
   1    -4   0    0   9.6002483831E-01   7.9501086424E+00   2.0025997677E-04   2.0379501702E+00   2.3543830897E+00   2.1342407467E-04   2.1303015974E+00   2.3256403966E+00   6.4986801509E-04   2.2388547541E+00   2.3649505037E+00   1.7503291812E-03   2.2298418796E+00   2.4049238803E+00   1.9029010009E-03   2.3744656024E+00   2.4336243612E+00   2.0651395468E-03   2.2133932281E+00   2.3958350164E+00   1.5714423074E-03   3.3302660877E-04
   1    -5   0    0   9.5003170818E-01   7.9503391685E+00   2.0009510872E-04   2.0378586184E+00   2.3544645394E+00   2.1340789401E-04   2.1302579704E+00   2.3257393145E+00   6.4980793883E-04   2.2387670207E+00   2.3650465082E+00   1.7501673745E-03   2.2300059992E+00   2.4050348782E+00   1.9028989499E-03   2.3746111273E+00   2.4337656770E+00   2.0652169536E-03   2.2134256127E+00   2.3959459219E+00   1.5714406136E-03   3.3303498038E-04
   1    -6   0    0   9.4003885915E-01   7.9505744974E+00   1.9992712896E-04   2.0377652331E+00   2.3545477127E+00   2.1339142117E-04   2.1302133615E+00   2.3258402865E+00   6.4974677776E-04   2.2386776868E+00   2.3651445132E+00   1.7500026461E-03   2.2301735308E+00   2.4051480830E+00   1.9028968041E-03   2.3747595301E+00   2.4339097874E+00   2.0652958366E-03   2.2134589498E+00   2.3960590327E+00   1.5714388415E-03   3.3304351927E-04
   1    -7   0    0   9.3004630173E-01   7.9508147153E+00   1.9975599530E-04   2.0376699840E+00   2.3546326412E+00   2.1337465271E-04   2.1301677487E+00   2.3259433489E+00   6.4968451914E-04   2.2385867335E+00   2.3652445542E+00   1.7498349615E-03   2.2303445357E+00   2.4052635296E+00   1.9028945596E-03   2.3749108560E+00   2.4340567362E+00   2.0653762166E-03   2.2134932699E+00   2.3961743840E+00   1.5714369880E-03   3.3305222816E-04
   1    -8   0    0   9.2005404678E-01   7.9510599091E+00   1.9958166571E-04   2.0375728405E+00   2.3547193569E+00   2.1335758527E-04   2.1301211096E+00   2.3260485381E+00   6.4962115040E-04   2.2384941417E+00   2.3653466670E+00   1.7496642871E-03   2.2305190759E+00   2.4053812536E+00   1.9028922128E-03   2.3750651504E+00   2.4342065675E+00   2.0654581146E-03   2.2135286044E+00   2.3962920113E+00   1.5714350500E-03   3.3306110974E-04
   1    -9   0    0   9.1006210545E-01   7.9513101665E+00   1.9940409835E-04   2.0374737721E+00   2.3548078923E+00   2.1334021549E-04   2.1300734214E+00   2.3261558910E+00   6.4955665914E-04   2.2383998929E+00   2.3654508877E+00   1.7494905892E-03   2.2306972140E+00   2.4055012906E+00   1.9028897598E-03   2.3752224589E+00   2.4343593255E+00   2.0655415511E-03   2.2135649857E+00   2.3964119499E+00   1.5714330242E-03   3.3307016675E-04
   1   -10   0    0   9.0007048929E-01   7.9515655762E+00   1.9922325165E-04   2.0373727479E+00   2.3548982799E+00   2.1332254008E-04   2.1300246607E+00   2.3262654446E+00   6.4949103311E-04   2.2383039688E+00   2.3655572528E+00   1.7493138350E-03   2.2308790133E+00   2.4056236760E+00   1.9028871964E-03   2.3753828271E+00   2.4345150546E+00   2.0656265468E-03   2.2136024476E+00   2.3965342357E+00   1.5714309073E-03   3.3307940192E-04
   1   -11   0    0   8.9007921014E-01   7.9518262275E+00   1.9903908435E-04   2.0372697368E+00   2.3549905526E+00   2.1330455580E-04   2.1299748035E+00   2.3263772364E+00   6.4942426031E-04   2.2382063513E+00   2.3656657990E+00   1.7491339922E-03   2.2310645378E+00   2.4057484459E+00   1.9028845186E-03   2.3755463008E+00   2.4346737992E+00   2.0657131223E-03   2.2136410246E+00   2.3966589043E+00   1.5714286958E-03   3.3308881801E-04
   1   -12   0    0   8.8008828024E-01   7.9520922108E+00   1.9885155552E-04   2.0371647075E+00   2.3550847439E+00   2.1328625946E-04   2.1299238253E+00   2.3264913040E+00   6.4935632891E-04   2.2381070227E+00   2.3657765634E+00   1.7489510288E-03   2.2312538518E+00   2.4058756360E+00   1.9028817220E-03   2.3757129258E+00   2.4348356038E+00   2.0658012981E-03   2.2136807526E+00   2.3967859918E+00   1.5714263864E-03   3.3309841776E-04
   1   -13   0    0   8.7009771215E-01   7.9523636167E+00   1.9866062461E-04   2.0370576287E+00   2.3551808871E+00   2.1326764796E-04   2.1298717012E+00   2.3266076853E+00   6.4928722734E-04   2.2380059658E+00   2.3658895832E+00   1.7487649138E-03   2.2314470206E+00   2.4060052823E+00   1.9028788024E-03   2.3758827480E+00   2.4350005129E+00   2.0658910945E-03   2.2137216686E+00   2.3969155340E+00   1.5714239752E-03   3.3310820395E-04
   1   -14   0    0   8.6010751881E-01   7.9526405371E+00   1.9846625155E-04   2.0369484689E+00   2.3552790161E+00   2.1324871824E-04   2.1298184055E+00   2.3267264184E+00   6.4921694427E-04   2.2379031636E+00   2.3660048959E+00   1.7485756166E-03   2.2316441097E+00   2.4061374208E+00   1.9028757551E-03   2.3760558133E+00   2.4351685711E+00   2.0659825317E-03   2.2137638109E+00   2.3970475669E+00   1.5714214587E-03   3.3311817934E-04
   1   -15   0    0   8.5011771353E-01   7.9529230641E+00   1.9826839672E-04   2.0368371964E+00   2.3553791650E+00   2.1322946733E-04   2.1297639119E+00   2.3268475416E+00   6.4914546867E-04   2.2377985998E+00   2.3661225392E+00   1.7483831074E-03   2.2318451853E+00   2.4062720876E+00   1.9028725755E-03   2.3762321676E+00   2.4353398229E+00   2.0660756296E-03   2.2138072189E+00   2.3971821267E+00   1.5714188330E-03   3.3312834671E-04
   1   -16   0    0   8.4012830999E-01   7.9532112906E+00   1.9806702107E-04   2.0367237794E+00   2.3554813680E+00   2.1320989233E-04   2.1297081939E+00   2.3269710934E+00   6.4907278976E-04   2.2376922583E+00   2.3662425509E+00   1.7481873573E-03   2.2320503141E+00   2.4064093186E+00   1.9028692590E-03   2.3764118566E+00   2.4355143128E+00   2.0661704082E-03   2.2138519335E+00   2.3973192492E+00   1.5714160941E-03   3.3313870881E-04
   1   -17   0    0   8.3013932223E-01   7.9535053100E+00   1.9786208613E-04   2.0366081860E+00   2.3555856596E+00   2.1318999042E-04   2.1296512238E+00   2.3270971124E+00   6.4899889709E-04   2.2375841237E+00   2.3663649692E+00   1.7479883382E-03   2.2322595633E+00   2.4065491499E+00   1.9028658005E-03   2.3765949260E+00   2.4356920851E+00   2.0662668871E-03   2.2138979966E+00   2.3974589705E+00   1.5714132380E-03   3.3314926843E-04
   1   -18   0    0   8.2015076470E-01   7.9538052164E+00   1.9765355410E-04   2.0364903843E+00   2.3556920746E+00   2.1316975887E-04   2.1295929737E+00   2.3272256373E+00   6.4892378056E-04   2.2374741811E+00   2.3664898321E+00   1.7477860227E-03   2.2324730006E+00   2.4066916173E+00   1.9028621952E-03   2.3767814214E+00   2.4358731840E+00   2.0663650855E-03   2.2139454518E+00   2.3976013265E+00   1.5714102606E-03   3.3316002832E-04
   1   -19   0    0   8.1016265220E-01   7.9541111042E+00   1.9744138788E-04   2.0363703423E+00   2.3558006477E+00   2.1314919507E-04   2.1295334149E+00   2.3273567071E+00   6.4884743039E-04   2.2373624160E+00   2.3666171782E+00   1.7475803846E-03   2.2326906940E+00   2.4068367568E+00   1.9028584378E-03   2.3769713880E+00   2.4360576535E+00   2.0664650226E-03   2.2139943439E+00   2.3977463531E+00   1.5714071577E-03   3.3317099126E-04
   1   -20   0    0   8.0017499994E-01   7.9544230683E+00   1.9722555115E-04   2.0362480279E+00   2.3559114141E+00   2.1312829647E-04   2.1294725181E+00   2.3274903608E+00   6.4876983718E-04   2.2372488148E+00   2.3667470456E+00   1.7473713986E-03   2.2329127122E+00   2.4069846040E+00   1.9028545231E-03   2.3771648712E+00   2.4362455376E+00   2.0665667171E-03   2.2140447192E+00   2.3978940860E+00   1.5714039249E-03   3.3318215998E-04
   1   -21   0    0   7.9018782349E-01   7.9547412040E+00   1.9700600840E-04   2.0361234091E+00   2.3560244089E+00   2.1310706065E-04   2.1294102534E+00   2.3276266372E+00   6.4869099194E-04   2.2371333645E+00   2.3668794730E+00   1.7471590404E-03   2.2331391239E+00   2.4071351946E+00   1.9028504458E-03   2.3773619157E+00   2.4364368797E+00   2.0666701876E-03   2.2140966254E+00   2.3980445607E+00   1.5714005577E-03   3.3319353724E-04
   1   -22   0    0   7.8020113885E-01   7.9550656068E+00   1.9678272504E-04   2.0359964539E+00   2.3561396674E+00   2.1308548531E-04   2.1293465899E+00   2.3277655754E+00   6.4861088608E-04   2.2370160526E+00   2.3670144988E+00   1.7469432868E-03   2.2333699985E+00   2.4072885638E+00   1.9028462004E-03   2.3775625660E+00   2.4366317231E+00   2.0667754522E-03   2.2141501118E+00   2.3981978127E+00   1.5713970517E-03   3.3320512577E-04
   1   -23   0    0   7.7021496238E-01   7.9553963725E+00   1.9655566742E-04   2.0358671300E+00   2.3562572250E+00   2.1306356823E-04   2.1292814963E+00   2.3279072144E+00   6.4852951145E-04   2.2368968674E+00   2.3671521616E+00   1.7467241161E-03   2.2336054054E+00   2.4074447468E+00   1.9028417811E-03   2.3777668665E+00   2.4368301108E+00   2.0668825286E-03   2.2142052293E+00   2.3983538771E+00   1.5713934022E-03   3.3321692826E-04
   1   -24   0    0   7.6022931082E-01   7.9557335973E+00   1.9632480291E-04   2.0357354057E+00   2.3563771170E+00   2.1304130736E-04   2.1292149405E+00   2.3280515932E+00   6.4844686035E-04   2.2367757982E+00   2.3672924998E+00   1.7465015073E-03   2.2338454144E+00   2.4076037786E+00   1.9028371824E-03   2.3779748608E+00   2.4370320851E+00   2.0669914342E-03   2.2142620301E+00   2.3985127889E+00   1.5713896045E-03   3.3322894743E-04
   1   -25   0    0   7.5024420134E-01   7.9560773772E+00   1.9609009998E-04   2.0356012488E+00   2.3564993790E+00   2.1301870075E-04   2.1291468897E+00   2.3281987507E+00   6.4836292557E-04   2.2366528348E+00   2.3674355519E+00   1.7462754412E-03   2.2340900958E+00   2.4077656938E+00   1.9028323983E-03   2.3781865923E+00   2.4372376882E+00   2.0671021859E-03   2.2143205684E+00   2.3986745826E+00   1.5713856536E-03   3.3324118594E-04
   1   -26   0    0   7.4025965146E-01   7.9564278086E+00   1.9585152822E-04   2.0354646277E+00   2.3566240464E+00   2.1299574660E-04   2.1290773102E+00   2.3283487255E+00   6.4827770041E-04   2.2365279681E+00   2.3675813562E+00   1.7460458996E-03   2.2343395196E+00   2.4079305266E+00   1.9028274228E-03   2.3784021038E+00   2.4374469617E+00   2.0672148001E-03   2.2143808999E+00   2.3988392925E+00   1.5713815448E-03   3.3325364645E-04
   1   -27   0    0   7.3027567911E-01   7.9567849876E+00   1.9560905850E-04   2.0353255105E+00   2.3567511546E+00   2.1297244323E-04   2.1290061676E+00   2.3285015564E+00   6.4819117867E-04   2.2364011898E+00   2.3677299510E+00   1.7458128659E-03   2.2345937564E+00   2.4080983110E+00   1.9028222498E-03   2.3786214375E+00   2.4376599465E+00   2.0673292929E-03   2.2144430818E+00   2.3990069527E+00   1.5713772728E-03   3.3326633157E-04
   1   -28   0    0   7.2029230261E-01   7.9571490103E+00   1.9536266293E-04   2.0351838658E+00   2.3568807391E+00   2.1294878913E-04   2.1289334269E+00   2.3286572816E+00   6.4810335473E-04   2.2362724924E+00   2.3678813743E+00   1.7455763248E-03   2.2348528766E+00   2.4082690805E+00   1.9028168731E-03   2.3788446352E+00   2.4378766831E+00   2.0674456796E-03   2.2145071734E+00   2.3991775966E+00   1.5713728327E-03   3.3327924390E-04
   1   -29   0    0   7.1030954065E-01   7.9575199727E+00   1.9511231501E-04   2.0350396620E+00   2.3570128352E+00   2.1292478294E-04   2.1288590519E+00   2.3288159396E+00   6.4801422352E-04   2.2361418697E+00   2.3680356639E+00   1.7453362628E-03   2.2351169508E+00   2.4084428681E+00   1.9028112865E-03   2.3790717378E+00   2.4380972113E+00   2.0675639752E-03   2.2145732355E+00   2.3993512573E+00   1.5713682191E-03   3.3329238600E-04
   1   -30   0    0   7.0032741231E-01   7.9578979707E+00   1.9485798969E-04   2.0348928680E+00   2.3571474780E+00   2.1290042345E-04   2.1287830061E+00   2.3289775680E+00   6.4792378058E-04   2.2360093164E+00   2.3681928575E+00   1.7450926679E-03   2.2353860498E+00   2.4086197065E+00   1.9028054834E-03   2.3793027855E+00   2.4383215702E+00   2.0676841938E-03   2.2146413308E+00   2.3995279674E+00   1.5713634267E-03   3.3330576038E-04
   1   -31   0    0   6.9034593702E-01   7.9582830995E+00   1.9459966340E-04   2.0347434528E+00   2.3572847026E+00   2.1287570962E-04   2.1287052516E+00   2.3291422046E+00   6.4783202204E-04   2.2358748281E+00   2.3683529923E+00   1.7448455296E-03   2.2356602440E+00   2.4087996277E+00   1.9027994573E-03   2.3795378178E+00   2.4385497979E+00   2.0678063493E-03   2.2147115240E+00   2.3997077590E+00   1.5713584502E-03   3.3331936953E-04
   1   -32   0    0   6.8036513462E-01   7.9586754541E+00   1.9433731417E-04   2.0345913856E+00   2.3574245438E+00   2.1285064059E-04   2.1286257501E+00   2.3293098865E+00   6.4773894470E-04   2.2357384017E+00   2.3685161054E+00   1.7445948393E-03   2.2359396039E+00   2.4089826631E+00   1.9027932015E-03   2.3797768732E+00   2.4387819321E+00   2.0679304545E-03   2.2147838813E+00   2.3998906636E+00   1.5713532841E-03   3.3333321589E-04
   1   -33   0    0   6.7038502526E-01   7.9590751291E+00   1.9407092169E-04   2.0344366361E+00   2.3575670363E+00   2.1282521568E-04   2.1285444622E+00   2.3294806507E+00   6.4764454601E-04   2.2356000353E+00   2.3686822334E+00   1.7443405901E-03   2.2362242001E+00   2.4091688436E+00   1.9027867094E-03   2.3800199895E+00   2.4390180092E+00   2.0680565218E-03   2.2148584713E+00   2.4000767120E+00   1.5713479228E-03   3.3334730185E-04
   1   -34   0    0   6.6040562950E-01   7.9594822184E+00   1.9380046739E-04   2.0342791741E+00   2.3577122143E+00   2.1279943438E-04   2.1284613476E+00   2.3296545335E+00   6.4754882411E-04   2.2354597282E+00   2.3688514124E+00   1.7440827770E-03   2.2365141026E+00   2.4093581994E+00   1.9027799741E-03   2.3802672035E+00   2.4392580650E+00   2.0681845629E-03   2.2149353640E+00   2.4002659345E+00   1.5713423606E-03   3.3336162975E-04
   1   -35   0    0   6.5042696821E-01   7.9598968151E+00   1.9352593449E-04   2.0341189698E+00   2.3578601118E+00   2.1277329638E-04   2.1283763653E+00   2.3298315707E+00   6.4745177783E-04   2.2353174808E+00   2.3690236782E+00   1.7438213969E-03   2.2368093814E+00   2.4095507600E+00   1.9027729886E-03   2.3805185507E+00   2.4395021341E+00   2.0683145884E-03   2.2150146319E+00   2.4004583606E+00   1.5713365919E-03   3.3337620188E-04
   1   -36   0    0   6.4044906260E-01   7.9603190117E+00   1.9324730811E-04   2.0339559939E+00   2.3580107627E+00   2.1274680156E-04   2.1282894731E+00   2.3300117978E+00   6.4735340676E-04   2.2351732951E+00   2.3691990660E+00   1.7435564487E-03   2.2371101063E+00   2.4097465541E+00   1.9027657460E-03   2.3807740658E+00   2.4397502501E+00   2.0684466085E-03   2.2150963491E+00   2.4006540189E+00   1.5713306108E-03   3.3339102047E-04
   1   -37   0    0   6.3047193421E-01   7.9607488996E+00   1.9296457534E-04   2.0337902172E+00   2.3581642000E+00   2.1271995002E-04   2.1282006280E+00   2.3301952495E+00   6.4725371121E-04   2.2350271741E+00   2.3693776105E+00   1.7432879332E-03   2.2374163464E+00   2.4099456095E+00   1.9027582392E-03   2.3810337823E+00   2.4400024454E+00   2.0685806324E-03   2.2151805920E+00   2.4008529374E+00   1.5713244115E-03   3.3340608767E-04
   1   -38   0    0   6.2049560491E-01   7.9611865694E+00   1.9267772529E-04   2.0336216114E+00   2.3583204568E+00   2.1269274204E-04   2.1281097861E+00   2.3303819598E+00   6.4715269230E-04   2.2348791226E+00   2.3695593457E+00   1.7430158534E-03   2.2377281707E+00   2.4101479533E+00   1.9027504610E-03   2.3812977324E+00   2.4402587514E+00   2.0687166684E-03   2.2152674388E+00   2.4010551433E+00   1.5713179881E-03   3.3342140561E-04
   1   -39   0    0   6.1052009683E-01   7.9616321106E+00   1.9238674919E-04   2.0334501484E+00   2.3584795654E+00   2.1266517815E-04   2.1280169024E+00   2.3305719621E+00   6.4705035191E-04   2.2347291465E+00   2.3697443049E+00   1.7427402144E-03   2.2380456476E+00   2.4103536117E+00   1.9027424042E-03   2.3815659469E+00   2.4405191979E+00   2.0688547240E-03   2.2153569700E+00   2.4012606626E+00   1.5713113347E-03   3.3343697629E-04
   1   -40   0    0   6.0054543244E-01   7.9620856112E+00   1.9209164046E-04   2.0332758006E+00   2.3586415575E+00   2.1263725906E-04   2.1279219312E+00   2.3307652890E+00   6.4694669275E-04   2.2345772533E+00   2.3699325208E+00   1.7424610235E-03   2.2383688450E+00   2.4105626098E+00   1.9027340615E-03   2.3818384554E+00   2.4407838138E+00   2.0689948056E-03   2.2154492680E+00   2.4014695206E+00   1.5713044451E-03   3.3345280170E-04
   1   -41   0    0   5.9057163443E-01   7.9625471582E+00   1.9179239480E-04   2.0330985410E+00   2.3588064645E+00   2.1260898574E-04   2.1278248253E+00   2.3309619723E+00   6.4684171837E-04   2.2344234522E+00   2.3701240252E+00   1.7421782902E-03   2.2386978300E+00   2.4107749718E+00   1.9027254257E-03   2.3821152860E+00   2.4410526262E+00   2.0691369188E-03   2.2155444175E+00   2.4016817415E+00   1.5712973135E-03   3.3346888370E-04
   1   -42   0    0   5.8059872579E-01   7.9630168370E+00   1.9148901024E-04   2.0329183433E+00   2.3589743171E+00   2.1258035937E-04   2.1277255370E+00   2.3311620430E+00   6.4673543318E-04   2.2342677539E+00   2.3703188493E+00   1.7418920264E-03   2.2390326693E+00   2.4109907209E+00   1.9027164893E-03   2.3823964655E+00   2.4413256611E+00   2.0692810681E-03   2.2156425052E+00   2.4018973484E+00   1.5712899336E-03   3.3348522409E-04
   1   -43   0    0   5.7062672971E-01   7.9634947315E+00   1.9118148720E-04   2.0327351818E+00   2.3591451450E+00   2.1255138136E-04   2.1276240174E+00   2.3313655311E+00   6.4662784243E-04   2.2341101705E+00   2.3705170231E+00   1.7416022464E-03   2.2393734286E+00   2.4112098789E+00   1.9027072449E-03   2.3826820187E+00   2.4416029427E+00   2.0694272570E-03   2.2157436199E+00   2.4021163634E+00   1.5712822994E-03   3.3350182459E-04
   1   -44   0    0   5.6065566963E-01   7.9639809237E+00   1.9086982863E-04   2.0325490312E+00   2.3593189777E+00   2.1252205339E-04   2.1275202163E+00   2.3315724655E+00   6.4651895231E-04   2.2339507162E+00   2.3707185759E+00   1.7413089666E-03   2.2397201730E+00   2.4114324668E+00   1.9026976852E-03   2.3829719692E+00   2.4418844938E+00   2.0695754879E-03   2.2158478527E+00   2.4023388073E+00   1.5712744049E-03   3.3351868683E-04
   1   -45   0    0   5.5068556917E-01   7.9644754942E+00   1.9055404000E-04   2.0323598673E+00   2.3594958436E+00   2.1249237736E-04   2.1274140830E+00   2.3317828742E+00   6.4640876988E-04   2.2337894065E+00   2.3709235358E+00   1.7410122062E-03   2.2400729665E+00   2.4116585042E+00   1.9026878027E-03   2.3832663387E+00   2.4421703355E+00   2.0697257621E-03   2.2159552966E+00   2.4025646999E+00   1.5712662437E-03   3.3353581234E-04
   1   -46   0    0   5.4071645214E-01   7.9649785212E+00   1.9023412944E-04   2.0321676664E+00   2.3596757702E+00   2.1246235542E-04   2.1273055652E+00   2.3319967841E+00   6.4629730315E-04   2.2336262589E+00   2.3711319300E+00   1.7407119867E-03   2.2404318722E+00   2.4118880094E+00   1.9026775901E-03   2.3835651470E+00   2.4424604870E+00   2.0698780797E-03   2.2160660469E+00   2.4027940595E+00   1.5712578099E-03   3.3355320254E-04
   1   -47   0    0   5.3074834249E-01   7.9654900811E+00   1.8991010776E-04   2.0319724057E+00   2.3598587843E+00   2.1243198997E-04   2.1271946099E+00   2.3322142208E+00   6.4618456106E-04   2.2334612927E+00   2.3713437845E+00   1.7404083322E-03   2.2407969522E+00   2.4121209995E+00   1.9026670397E-03   2.3838684124E+00   2.4427549660E+00   2.0700324397E-03   2.2161802010E+00   2.4030269033E+00   1.5712490972E-03   3.3357085876E-04
   1   -48   0    0   5.2078126432E-01   7.9660102482E+00   1.8958198854E-04   2.0317740631E+00   2.3600449118E+00   2.1240128370E-04   2.1270811629E+00   2.3324352087E+00   6.4607055351E-04   2.2332945288E+00   2.3715591241E+00   1.7401012694E-03   2.2411682674E+00   2.4123574901E+00   1.9026561444E-03   2.3841761508E+00   2.4430537882E+00   2.0701888399E-03   2.2162978584E+00   2.4032632468E+00   1.5712400997E-03   3.3358878224E-04
   1   -49   0    0   5.1081524182E-01   7.9665390942E+00   1.8924978817E-04   2.0315726176E+00   2.3602341775E+00   2.1237023951E-04   2.1269651691E+00   2.3326597711E+00   6.4595529137E-04   2.2331259903E+00   2.3717779725E+00   1.7397908275E-03   2.2415458776E+00   2.4125974955E+00   1.9026448967E-03   2.3844883767E+00   2.4433569672E+00   2.0703472766E-03   2.2164191206E+00   2.4035031045E+00   1.5712308111E-03   3.3360697409E-04
   1   -50   0    0   5.0085029928E-01   7.9670766885E+00   1.8891352596E-04   2.0313680488E+00   2.3604266051E+00   2.1233886062E-04   2.1268465720E+00   2.3328879298E+00   6.4583878648E-04   2.2329557020E+00   2.3720003518E+00   1.7394770384E-03   2.2419298412E+00   2.4128410286E+00   1.9026332892E-03   2.3848051020E+00   2.4436645150E+00   2.0705077452E-03   2.2165440913E+00   2.4037464892E+00   1.5712212254E-03   3.3362543530E-04
   1   -51   0    0   4.9088646102E-01   7.9676230979E+00   1.8857322415E-04   2.0311603375E+00   2.3606222174E+00   2.1230715046E-04   2.1267253144E+00   2.3331197051E+00   6.4572105169E-04   2.2327836906E+00   2.3722262831E+00   1.7391599368E-03   2.2423202153E+00   2.4130881004E+00   1.9026213148E-03   2.3851263369E+00   2.4439764412E+00   2.0706702395E-03   2.2166728762E+00   2.4039934121E+00   1.5712113367E-03   3.3364416676E-04
   1   -52   0    0   4.8092375141E-01   7.9681783865E+00   1.8822890800E-04   2.0309494654E+00   2.3608210357E+00   2.1227511278E-04   2.1266013377E+00   2.3333551159E+00   6.4560210085E-04   2.2326099850E+00   2.3724557857E+00   1.7388395599E-03   2.2427170555E+00   2.4133387208E+00   1.9026089663E-03   2.3854520892E+00   2.4442927534E+00   2.0708347522E-03   2.2168055830E+00   2.4042438831E+00   1.5712011391E-03   3.3366316922E-04
   1   -53   0    0   4.7096219479E-01   7.9687426154E+00   1.8788060582E-04   2.0307354153E+00   2.3610230806E+00   2.1224275157E-04   2.1264745826E+00   2.3335941796E+00   6.4548194882E-04   2.2324346157E+00   2.3726888779E+00   1.7385159478E-03   2.2431204159E+00   2.4135928978E+00   1.9025962364E-03   2.3857823644E+00   2.4446134571E+00   2.0710012743E-03   2.2169423214E+00   2.4044979102E+00   1.5711906265E-03   3.3368244332E-04
   1   -54   0    0   4.6100181549E-01   7.9693158429E+00   1.8752834905E-04   2.0305181709E+00   2.3612283709E+00   2.1221007112E-04   2.1263449885E+00   2.3338369121E+00   6.4536061146E-04   2.2322576157E+00   2.3729255759E+00   1.7381891432E-03   2.2435303490E+00   2.4138506378E+00   1.9025831183E-03   2.3861171659E+00   2.4449385555E+00   2.0711697957E-03   2.2170832029E+00   2.4047554999E+00   1.5711797933E-03   3.3370198956E-04
   1   -55   0    0   4.5104263775E-01   7.9698981239E+00   1.8717217227E-04   2.0302977172E+00   2.3614369244E+00   2.1217707597E-04   2.1262124938E+00   2.3340833273E+00   6.4523810569E-04   2.2320790197E+00   2.3731658946E+00   1.7378591916E-03   2.2439469056E+00   2.4141119454E+00   1.9025696050E-03   2.3864564946E+00   2.4452680494E+00   2.0713403048E-03   2.2172283410E+00   2.4050166568E+00   1.5711686338E-03   3.3372180831E-04
   1   -56   0    0   4.4108468573E-01   7.9704895103E+00   1.8681211329E-04   2.0300740405E+00   2.3616487575E+00   2.1214377095E-04   2.1260770359E+00   2.3343334378E+00   6.4511444943E-04   2.2318988645E+00   2.3734098473E+00   1.7375261414E-03   2.2443701345E+00   2.4143768235E+00   1.9025556898E-03   2.3868003490E+00   2.4456019373E+00   2.0715127884E-03   2.2173778508E+00   2.4052813841E+00   1.5711571424E-03   3.3374189979E-04
   1   -57   0    0   4.3112798344E-01   7.9710900503E+00   1.8644821313E-04   2.0298471279E+00   2.3618638851E+00   2.1211016118E-04   2.1259385513E+00   2.3345872541E+00   6.4498966165E-04   2.2317171892E+00   2.3736574454E+00   1.7371900436E-03   2.2448000831E+00   2.4146452733E+00   1.9025413660E-03   2.3871487250E+00   2.4459402153E+00   2.0716872320E-03   2.2175318494E+00   2.4055496827E+00   1.5711453135E-03   3.3376226410E-04
   1   -58   0    0   4.2117255473E-01   7.9716997888E+00   1.8608051613E-04   2.0296169681E+00   2.3620823205E+00   2.1207625203E-04   2.1257969753E+00   2.3348447850E+00   6.4486376235E-04   2.2315340348E+00   2.3739086986E+00   1.7368509520E-03   2.2452367962E+00   2.4149172939E+00   1.9025266272E-03   2.3875016160E+00   2.4462828771E+00   2.0718636195E-03   2.2176904552E+00   2.4058215521E+00   1.5711331420E-03   3.3378290117E-04
   1   -59   0    0   4.1121842323E-01   7.9723187668E+00   1.8570906993E-04   2.0293835510E+00   2.3623040757E+00   2.1204204917E-04   2.1256522425E+00   2.3351060374E+00   6.4473677256E-04   2.2313494444E+00   2.3741636147E+00   1.7365089234E-03   2.2456803172E+00   2.4151928828E+00   1.9025114671E-03   2.3878590130E+00   2.4466299138E+00   2.0720419333E-03   2.2178537884E+00   2.4060969896E+00   1.5711206224E-03   3.3380381080E-04
   1   -60   0    0   4.0126561233E-01   7.9729470215E+00   1.8533392549E-04   2.0291468678E+00   2.3625291609E+00   2.1200755855E-04   2.1255042863E+00   2.3353710162E+00   6.4460871434E-04   2.2311634633E+00   2.3744221996E+00   1.7361640171E-03   2.2461306868E+00   2.4154720353E+00   1.9024958795E-03   2.3882209040E+00   2.4469813137E+00   2.0722221544E-03   2.2180219705E+00   2.4063759907E+00   1.5711077500E-03   3.3382499264E-04
   1   -61   0    0   3.9131414517E-01   7.9735845863E+00   1.8495513715E-04   2.0289069111E+00   2.3627575848E+00   2.1197278638E-04   2.1253530395E+00   2.3356397243E+00   6.4447961079E-04   2.2309761389E+00   2.3746844573E+00   1.7358162953E-03   2.2465879438E+00   2.4157547449E+00   1.9024798586E-03   2.3885872746E+00   2.4473370629E+00   2.0724042619E-03   2.2181951244E+00   2.4066585488E+00   1.5710945197E-03   3.3384644616E-04
   1   -62   0    0   3.8136404452E-01   7.9742314901E+00   1.8457276265E-04   2.0286636750E+00   2.3629893544E+00   2.1193773916E-04   2.1251984337E+00   2.3359121627E+00   6.4434948603E-04   2.2307875206E+00   2.3749503899E+00   1.7354658231E-03   2.2470521246E+00   2.4160410029E+00   1.9024633988E-03   2.3889581074E+00   2.4476971445E+00   2.0725882337E-03   2.2183733743E+00   2.4069446556E+00   1.5710809268E-03   3.3386817070E-04
   1   -63   0    0   3.7141533282E-01   7.9748877580E+00   1.8418686308E-04   2.0284171549E+00   2.3632244747E+00   2.1190242367E-04   2.1250404001E+00   2.3361883300E+00   6.4421836518E-04   2.2305976600E+00   2.3752199972E+00   1.7351126680E-03   2.2475232631E+00   2.4163307988E+00   1.9024464946E-03   2.3893333823E+00   2.4480615390E+00   2.0727740459E-03   2.2185568453E+00   2.4072343003E+00   1.5710669670E-03   3.3389016542E-04
   1   -64   0    0   3.6146803212E-01   7.9755534105E+00   1.8379750298E-04   2.0281673480E+00   2.3634629492E+00   2.1186684693E-04   2.1248788687E+00   2.3364682228E+00   6.4408627439E-04   2.2304066109E+00   2.3754932770E+00   1.7347569006E-03   2.2480013909E+00   2.4166241197E+00   1.9024291408E-03   2.3897130765E+00   2.4484302241E+00   2.0729616731E-03   2.2187456636E+00   2.4075274703E+00   1.5710526360E-03   3.3391242932E-04
   1   -65   0    0   3.5152216399E-01   7.9762284635E+00   1.8340475025E-04   2.0279142527E+00   2.3637047794E+00   2.1183101626E-04   2.1247137691E+00   2.3367518355E+00   6.4395324080E-04   2.2302144289E+00   2.3757702250E+00   1.7343985938E-03   2.2484865367E+00   2.4169209509E+00   1.9024113325E-03   2.3900971640E+00   2.4488031748E+00   2.0731510881E-03   2.2189399561E+00   2.4078241509E+00   1.5710379296E-03   3.3393496125E-04
   1   -66   0    0   3.4157774955E-01   7.9769129284E+00   1.8300867622E-04   2.0276578693E+00   2.3639499650E+00   2.1179493924E-04   2.1245450301E+00   2.3370391603E+00   6.4381929254E-04   2.2300211719E+00   2.3760508346E+00   1.7340378235E-03   2.2489787267E+00   2.4172212754E+00   1.9023930652E-03   2.3904856162E+00   2.4491803631E+00   2.0733422622E-03   2.2191398506E+00   2.4081243251E+00   1.5710228441E-03   3.3395775986E-04
   1   -67   0    0   3.3163480938E-01   7.9776068118E+00   1.8260935560E-04   2.0273981995E+00   2.3641985037E+00   2.1175862370E-04   2.1243725801E+00   2.3373301869E+00   6.4368445869E-04   2.2298268997E+00   2.3763350970E+00   1.7336746680E-03   2.2494779845E+00   2.4175250739E+00   1.9023743345E-03   2.3908784013E+00   2.4495617583E+00   2.0735351653E-03   2.2193454751E+00   2.4084279738E+00   1.5710073760E-03   3.3398082366E-04
   1   -68   0    0   3.2169336350E-01   7.9783101154E+00   1.8220686647E-04   2.0271352469E+00   2.3644503912E+00   2.1172207773E-04   2.1241963467E+00   2.3376249028E+00   6.4354876930E-04   2.2296316741E+00   2.3766230012E+00   1.7333092083E-03   2.2499843304E+00   2.4178323253E+00   1.9023551365E-03   2.3912754848E+00   2.4499473268E+00   2.0737297652E-03   2.2195569579E+00   2.4087350758E+00   1.5709915219E-03   3.3400415097E-04
   1   -69   0    0   3.1175343131E-01   7.9790228359E+00   1.8180129027E-04   2.0268690165E+00   2.3647056213E+00   2.1168530968E-04   2.1240162573E+00   2.3379232932E+00   6.4341225537E-04   2.2294355591E+00   2.3769145337E+00   1.7329415277E-03   2.2504977821E+00   2.4181430058E+00   1.9023354675E-03   2.3916768289E+00   2.4503370319E+00   2.0739260286E-03   2.2197744278E+00   2.4090456076E+00   1.5709752789E-03   3.3402773993E-04
   1   -70   0    0   3.0181503154E-01   7.9797449647E+00   1.8139271176E-04   2.0265995154E+00   2.3649641855E+00   2.1164832815E-04   2.1238322389E+00   2.3382253406E+00   6.4327494880E-04   2.2292386202E+00   2.3772096786E+00   1.7325717123E-03   2.2510183542E+00   2.4184570897E+00   1.9023153242E-03   2.3920823930E+00   2.4507308343E+00   2.0741239201E-03   2.2199980130E+00   2.4093595434E+00   1.5709586443E-03   3.3405158852E-04
   1   -71   0    0   2.9187818226E-01   7.9804764883E+00   1.8098121899E-04   2.0263267523E+00   2.3652260734E+00   2.1161114196E-04   2.1236442181E+00   2.3385310254E+00   6.4313688239E-04   2.2290409251E+00   2.3775084180E+00   1.7321998504E-03   2.2515460580E+00   2.4187745490E+00   1.9022947038E-03   2.3924921334E+00   2.4511286914E+00   2.0743234030E-03   2.2202278418E+00   2.4096768552E+00   1.5709416156E-03   3.3407569452E-04
   1   -72   0    0   2.8194290074E-01   7.9812173874E+00   1.8056690327E-04   2.0260507375E+00   2.3654912725E+00   2.1157376019E-04   2.1234521214E+00   2.3388403253E+00   6.4299808981E-04   2.2288425433E+00   2.3778107310E+00   1.7318260326E-03   2.2520809018E+00   2.4190953533E+00   1.9022736038E-03   2.3929060033E+00   2.4515305579E+00   2.0745244389E-03   2.2204640420E+00   2.4099975129E+00   1.5709241908E-03   3.3410005557E-04
   1   -73   0    0   2.7200920352E-01   7.9819676378E+00   1.8014985911E-04   2.0257714836E+00   2.3657597681E+00   2.1153619213E-04   2.1232558755E+00   2.3391532155E+00   6.4285860558E-04   2.2286435460E+00   2.3781165948E+00   1.7314503520E-03   2.2526228905E+00   2.4194194701E+00   1.9022520221E-03   2.3933239531E+00   2.4519363854E+00   2.0747269877E-03   2.2207067403E+00   2.4103214838E+00   1.5709063682E-03   3.3412466908E-04
   1   -74   0    0   2.6207710625E-01   7.9827272091E+00   1.7973018415E-04   2.0254890048E+00   2.3660315432E+00   2.1149844731E-04   2.1230554067E+00   2.3394696688E+00   6.4271846504E-04   2.2284440059E+00   2.3784259837E+00   1.7310729036E-03   2.2531720255E+00   2.4197468645E+00   1.9022299569E-03   2.3937459297E+00   2.4523461227E+00   2.0749310078E-03   2.2209560629E+00   2.4106487333E+00   1.5708881464E-03   3.3414953231E-04
   1   -75   0    0   2.5214662373E-01   7.9834960658E+00   1.7930797915E-04   2.0252033171E+00   2.3663065788E+00   2.1146053545E-04   2.1228506418E+00   2.3397896554E+00   6.4257770432E-04   2.2282439977E+00   2.3787388697E+00   1.7306937849E-03   2.2537283049E+00   2.4200774994E+00   1.9022074070E-03   2.3941718773E+00   2.4527597155E+00   2.0751364560E-03   2.2212121345E+00   2.4109792242E+00   1.5708695244E-03   3.3417464235E-04
   1   -76   0    0   2.4221776983E-01   7.9842741664E+00   1.7888334787E-04   2.0249144386E+00   2.3665848535E+00   2.1142246648E-04   2.1226415077E+00   2.3401131429E+00   6.4243636030E-04   2.2280435974E+00   2.3790552222E+00   1.7303130952E-03   2.2542917232E+00   2.4204113353E+00   1.9021843716E-03   2.3946017371E+00   2.4531771066E+00   2.0753432876E-03   2.2214750784E+00   2.4113129173E+00   1.5708505014E-03   3.3419999608E-04
   1   -77   0    0   2.3229055744E-01   7.9850614636E+00   1.7845639700E-04   2.0246223894E+00   2.3668663436E+00   2.1138425055E-04   2.1224279319E+00   2.3404400965E+00   6.4229447062E-04   2.2278428826E+00   2.3793750083E+00   1.7299309359E-03   2.2548622711E+00   2.4207483306E+00   1.9021608504E-03   2.3950354469E+00   2.4535982358E+00   2.0755514564E-03   2.2217450163E+00   2.4116497708E+00   1.5708310772E-03   3.3422559022E-04
   1   -78   0    0   2.2236499847E-01   7.9858579042E+00   1.7802723613E-04   2.0243271913E+00   2.3671510235E+00   2.1134589797E-04   2.1222098423E+00   2.3407704786E+00   6.4215207357E-04   2.2276419321E+00   2.3796981923E+00   1.7295474100E-03   2.2554399359E+00   2.4210884414E+00   1.9021368435E-03   2.3954729419E+00   2.4540230401E+00   2.0757609145E-03   2.2220220677E+00   2.4119897410E+00   1.5708112519E-03   3.3425142130E-04
   1   -79   0    0   2.1244110372E-01   7.9866634291E+00   1.7759597760E-04   2.0240288684E+00   2.3674388648E+00   2.1130741923E-04   2.1219871676E+00   2.3411042491E+00   6.4200920813E-04   2.2274408261E+00   2.3800247360E+00   1.7291626225E-03   2.2560247008E+00   2.4214316215E+00   1.9021123516E-03   2.3959141542E+00   2.4544514535E+00   2.0759716127E-03   2.2223063501E+00   2.4123327816E+00   1.5707910260E-03   3.3427748568E-04
   1   -80   0    0   2.0251888292E-01   7.9874779731E+00   1.7716273643E-04   2.0237274466E+00   2.3677298373E+00   2.1126882500E-04   2.1217598374E+00   2.3414413655E+00   6.4186591388E-04   2.2272396461E+00   2.3803545989E+00   1.7287766801E-03   2.2566165453E+00   2.4217778224E+00   1.9020873757E-03   2.3963590127E+00   2.4548834071E+00   2.0761835004E-03   2.2225979782E+00   2.4126788444E+00   1.5707704005E-03   3.3430377955E-04
   1   -81   0    0   1.9259834464E-01   7.9883014650E+00   1.7672763023E-04   2.0234229538E+00   2.3680239083E+00   2.1123012609E-04   2.1215277822E+00   2.3417817825E+00   6.4172223099E-04   2.2270384744E+00   2.3806877377E+00   1.7283896909E-03   2.2572154449E+00   2.4221269935E+00   1.9020619175E-03   2.3968074437E+00   2.4553188294E+00   2.0763965254E-03   2.2228970639E+00   2.4130278788E+00   1.5707493767E-03   3.3433029890E-04
   1   -82   0    0   1.8267949627E-01   7.9891338275E+00   1.7629077906E-04   2.0231154199E+00   2.3683210427E+00   2.1119133347E-04   2.1212909338E+00   2.3421254524E+00   6.4157820015E-04   2.2268373945E+00   2.3810241067E+00   1.7280017647E-03   2.2578213711E+00   2.4224790820E+00   1.9020359790E-03   2.3972593705E+00   2.4557576459E+00   2.0766106343E-03   2.2232037162E+00   2.4133798320E+00   1.5707279563E-03   3.3435703957E-04
   1   -83   0    0   1.7276234397E-01   7.9899749770E+00   1.7585230535E-04   2.0228048769E+00   2.3686212033E+00   2.1115245824E-04   2.1210492254E+00   2.3424723249E+00   6.4143386257E-04   2.2266364905E+00   2.3813636577E+00   1.7276130122E-03   2.2584342914E+00   2.4228340329E+00   1.9020095631E-03   2.3977147136E+00   2.4561997793E+00   2.0768257723E-03   2.2235180405E+00   2.4137346491E+00   1.5707061416E-03   3.3438399721E-04
   1   -84   0    0   1.6284689261E-01   7.9908248239E+00   1.7541233373E-04   2.0224913589E+00   2.3689243507E+00   2.1111351160E-04   2.1208025915E+00   2.3428223473E+00   6.4128925990E-04   2.2264358474E+00   2.3817063401E+00   1.7272235457E-03   2.2590541690E+00   2.4231917891E+00   1.9019826728E-03   2.3981733906E+00   2.4566451498E+00   2.0770418834E-03   2.2238401386E+00   2.4140922731E+00   1.5706839351E-03   3.3441116732E-04
   1   -85   0    0   1.5293314575E-01   7.9916832723E+00   1.7497099095E-04   2.0221749016E+00   2.3692304430E+00   2.1107450489E-04   2.1205509687E+00   2.3431754642E+00   6.4114443419E-04   2.2262355508E+00   2.3820521007E+00   1.7268334786E-03   2.2596809630E+00   2.4235522914E+00   1.9019553119E-03   2.3986353165E+00   2.4570936748E+00   2.0772589101E-03   2.2241701080E+00   2.4144526447E+00   1.5706613400E-03   3.3443854521E-04
   1   -86   0    0   1.4302110561E-01   7.9925502200E+00   1.7452840572E-04   2.0218555432E+00   2.3695394363E+00   2.1103544953E-04   2.1202942953E+00   2.3435316179E+00   6.4099942785E-04   2.2260356866E+00   2.3824008839E+00   1.7264429249E-03   2.2603146282E+00   2.4239154785E+00   1.9019274846E-03   2.3991004037E+00   2.4575452693E+00   2.0774767942E-03   2.2245080422E+00   2.4148157028E+00   1.5706383598E-03   3.3446612606E-04
   1   -87   0    0   1.3311077299E-01   7.9934255589E+00   1.7408470854E-04   2.0215333234E+00   2.3698512842E+00   2.1099635703E-04   2.1200325116E+00   2.3438907484E+00   6.4085428361E-04   2.2258363410E+00   2.3827526318E+00   1.7260519998E-03   2.2609551153E+00   2.4242812872E+00   1.9018991958E-03   2.3995685618E+00   2.4579998455E+00   2.0776954759E-03   2.2248540301E+00   2.4151813842E+00   1.5706149984E-03   3.3449390487E-04
   1   -88   0    0   1.2320214729E-01   7.9943091745E+00   1.7364003161E-04   2.0212082842E+00   2.3701659385E+00   2.1095723896E-04   2.1197655606E+00   2.3442527931E+00   6.4070904443E-04   2.2256376004E+00   2.3831072840E+00   1.7256608190E-03   2.2616023703E+00   2.4246496523E+00   1.9018704508E-03   2.4000396980E+00   2.4584573135E+00   2.0779148946E-03   2.2252081555E+00   2.4155496237E+00   1.5705912604E-03   3.3452187648E-04
   1   -89   0    0   1.1329522643E-01   7.9952009462E+00   1.7319450863E-04   2.0208804694E+00   2.3704833485E+00   2.1091810695E-04   2.1194933874E+00   2.3446176872E+00   6.4056375352E-04   2.2254395513E+00   2.3834647780E+00   1.7252694989E-03   2.2622563350E+00   2.4250205066E+00   1.9018412555E-03   2.4005137172E+00   2.4589175809E+00   2.0781349887E-03   2.2255704971E+00   2.4159203543E+00   1.5705671504E-03   3.3455003559E-04
   1   -90   0    0   1.0339000682E-01   7.9961007472E+00   1.7274827464E-04   2.0205499247E+00   2.3708034615E+00   2.1087897268E-04   2.1192159401E+00   2.3449853635E+00   6.4041845422E-04   2.2252422799E+00   2.3838250488E+00   1.7248781561E-03   2.2629169468E+00   2.4253937812E+00   1.9018116164E-03   2.4009905218E+00   2.4593805529E+00   2.0783556956E-03   2.2259411281E+00   2.4162935071E+00   1.5705426739E-03   3.3457837675E-04
   1   -91   0    0   9.3486483342E-02   7.9970084447E+00   1.7230146589E-04   2.0202166975E+00   2.3711262227E+00   2.1083984786E-04   2.1189331698E+00   2.3453557529E+00   6.4027318997E-04   2.2250458721E+00   2.3841880294E+00   1.7244869078E-03   2.2635841386E+00   2.4257694054E+00   1.9017815404E-03   2.4014700120E+00   2.4598461326E+00   2.0785769519E-03   2.2263201159E+00   2.4166690113E+00   1.5705178367E-03   3.3460689438E-04
   1   -92   0    0   8.3584649329E-02   7.9979238999E+00   1.7185421961E-04   2.0198808373E+00   2.3714515754E+00   2.1080074419E-04   2.1186450304E+00   2.3457287837E+00   6.4012800428E-04   2.2248504134E+00   2.3845536505E+00   1.7240958710E-03   2.2642578387E+00   2.4261473067E+00   1.9017510351E-03   2.4019520859E+00   2.4603142212E+00   2.0787986932E-03   2.2267075220E+00   2.4170467945E+00   1.5704926449E-03   3.3463558274E-04
   1   -93   0    0   7.3684496506E-02   7.9988469682E+00   1.7140667389E-04   2.0195423951E+00   2.3717794607E+00   2.1076167339E-04   2.1183514796E+00   2.3461043826E+00   6.3998294062E-04   2.2246559886E+00   2.3849218410E+00   1.7237051630E-03   2.2649379711E+00   2.4265274109E+00   1.9017201085E-03   2.4024366394E+00   2.4607847177E+00   2.0790208547E-03   2.2271034014E+00   2.4174267827E+00   1.5704671052E-03   3.3466443598E-04
   1   -94   0    0   6.3786014986E-02   7.9997774988E+00   1.7095896745E-04   2.0192014238E+00   2.3721098180E+00   2.1072264716E-04   2.1180524783E+00   2.3464824739E+00   6.3983804243E-04   2.2244626816E+00   2.3852925274E+00   1.7233149005E-03   2.2656244551E+00   2.4269096425E+00   1.9016887691E-03   2.4029235667E+00   2.4612575193E+00   2.0792433707E-03   2.2275078027E+00   2.4178089003E+00   1.5704412247E-03   3.3469344813E-04
   1   -95   0    0   5.3889193239E-02   8.0007153356E+00   1.7051123950E-04   2.0188579778E+00   2.3724425845E+00   2.1068367716E-04   2.1177479915E+00   2.3468629801E+00   6.3969335302E-04   2.2242705755E+00   2.3856656345E+00   1.7229252004E-03   2.2663172057E+00   2.4272939242E+00   1.9016570262E-03   2.4034127600E+00   2.4617325215E+00   2.0794661752E-03   2.2279207676E+00   2.4181930700E+00   1.5704150108E-03   3.3472261308E-04
   1   -96   0    0   4.3994018073E-02   8.0016603165E+00   1.7006362952E-04   2.0185121131E+00   2.3727776959E+00   2.1064477500E-04   2.1174379881E+00   2.3472458221E+00   6.3954891552E-04   2.2240797522E+00   2.3860410853E+00   1.7225361788E-03   2.2670161330E+00   2.4276801775E+00   1.9016248893E-03   2.4039041098E+00   2.4622096180E+00   2.0796892015E-03   2.2283423308E+00   2.4185792135E+00   1.5703884716E-03   3.3475192464E-04
   1   -97   0    0   3.4100474615E-02   8.0026122740E+00   1.6961627705E-04   2.0181638873E+00   2.3731150860E+00   2.1060595225E-04   2.1171224411E+00   2.3476309186E+00   6.3940477283E-04   2.2238902921E+00   2.3864188010E+00   1.7221479512E-03   2.2677211431E+00   2.4280683224E+00   1.9015923684E-03   2.4043975052E+00   2.4626887010E+00   2.0799123826E-03   2.2287725197E+00   2.4189672507E+00   1.5703616154E-03   3.3478137648E-04
   1   -98   0    0   2.4208546294E-02   8.0035710354E+00   1.6916932156E-04   2.0178133594E+00   2.3734546871E+00   2.1056722038E-04   2.1168013281E+00   2.3480181870E+00   6.3926096756E-04   2.2237022743E+00   2.3867987011E+00   1.7217606324E-03   2.2684321371E+00   2.4284582778E+00   1.9015594742E-03   2.4048928338E+00   2.4631696616E+00   2.0801356513E-03   2.2292113542E+00   2.4193571006E+00   1.5703344509E-03   3.3481096219E-04
   1   -99   0    0   1.4318214834E-02   8.0045364225E+00   1.6872290218E-04   2.0174605896E+00   2.3737964296E+00   2.1052859077E-04   2.1164746312E+00   2.3484075429E+00   6.3911754199E-04   2.2235157761E+00   2.3871807034E+00   1.7213743363E-03   2.2691490119E+00   2.4288499615E+00   1.9015262178E-03   2.4053899818E+00   2.4636523892E+00   2.0803589400E-03   2.2296588467E+00   2.4197486809E+00   1.5703069871E-03   3.3484067529E-04
   1  -100   0    0   4.4294602388E-03   8.0055082523E+00   1.6827715753E-04   2.0171056395E+00   2.3741402426E+00   2.1049007470E-04   2.1161423373E+00   2.3487989007E+00   6.3897453797E-04   2.2233308730E+00   2.3875647245E+00   1.7209891755E-03   2.2698716601E+00   2.4292432901E+00   1.9014926105E-03   2.4058888342E+00   2.4641367725E+00   2.0805821811E-03   2.2301150016E+00   2.4201419083E+00   1.5702792337E-03   3.3487050919E-04
   1  -101   0    0  -5.4577392066E-03   8.0064863369E+00   1.6783222553E-04   2.0167485718E+00   2.3744860539E+00   2.1045168333E-04   2.1158044385E+00   2.3491921732E+00   6.3883199690E-04   2.2231476386E+00   2.3879506794E+00   1.7206052617E-03   2.2705999696E+00   2.4296381792E+00   1.9014586643E-03   2.4063892753E+00   2.4646226988E+00   2.0808053071E-03   2.2305798155E+00   2.4205366985E+00   1.5702512004E-03   3.3490045724E-04
   1  -102   0    0  -1.5343406943E-02   8.0074704834E+00   1.6738824319E-04   2.0163894503E+00   2.3748337896E+00   2.1041342765E-04   2.1154609318E+00   2.3495872721E+00   6.3868995967E-04   2.2229661442E+00   2.3883384818E+00   1.7202227048E-03   2.2713338242E+00   2.4300345438E+00   1.9014243917E-03   2.4068911881E+00   2.4651100548E+00   2.0810282504E-03   2.2310532768E+00   2.4209329664E+00   1.5702228975E-03   3.3493051272E-04
   1  -103   0    0  -2.5227568131E-02   8.0084604948E+00   1.6694534638E-04   2.0160283398E+00   2.3751833749E+00   2.1037531853E-04   2.1151118198E+00   2.3499841078E+00   6.3854846660E-04   2.2227864587E+00   2.3887280446E+00   1.7198416136E-03   2.2720731032E+00   2.4304322980E+00   1.9013898052E-03   2.4073944552E+00   2.4655987265E+00   2.0812509437E-03   2.2315353658E+00   2.4213306261E+00   1.5701943354E-03   3.3496066886E-04
   1  -104   0    0  -3.5110249646E-02   8.0094561696E+00   1.6650366969E-04   2.0156653057E+00   2.3755347336E+00   2.1033736666E-04   2.1147571105E+00   2.3503825899E+00   6.3840755736E-04   2.2226086486E+00   2.3891192792E+00   1.7194620948E-03   2.2728176820E+00   2.4308313552E+00   1.9013549180E-03   2.4078989585E+00   2.4660885993E+00   2.0814733198E-03   2.2320260542E+00   2.4217295912E+00   1.5701655251E-03   3.3499091883E-04
   1  -105   0    0  -4.4991480068E-02   8.0104573024E+00   1.6606334618E-04   2.0153004145E+00   2.3758877886E+00   2.1029958255E-04   2.1143968175E+00   2.3507826270E+00   6.3826727096E-04   2.2224327779E+00   2.3895120963E+00   1.7190842536E-03   2.2735674317E+00   2.4312316284E+00   1.9013197436E-03   2.4084045794E+00   2.4665795581E+00   2.0816953122E-03   2.2325253057E+00   2.4221297746E+00   1.5701364774E-03   3.3502125577E-04
   1  -106   0    0  -5.4871289668E-02   8.0114636838E+00   1.6562450719E-04   2.0149337330E+00   2.3762424617E+00   2.1026197649E-04   2.1140309605E+00   2.3511841268E+00   6.3812764567E-04   2.2222589075E+00   2.3899064058E+00   1.7187081929E-03   2.2743222193E+00   2.4316330300E+00   1.9012842956E-03   2.4089111993E+00   2.4670714876E+00   2.0819168545E-03   2.2330330753E+00   2.4225310887E+00   1.5701072040E-03   3.3505167279E-04
   1  -107   0    0  -6.4749710385E-02   8.0124751011E+00   1.6518728216E-04   2.0145653288E+00   2.3765986740E+00   2.1022455859E-04   2.1136595647E+00   2.3515869966E+00   6.3798871897E-04   2.2220870955E+00   2.3903021169E+00   1.7183340138E-03   2.2750819081E+00   2.4320354724E+00   1.9012485883E-03   2.4094186991E+00   2.4675642726E+00   2.0821378811E-03   2.2335493098E+00   2.4229334458E+00   1.5700777163E-03   3.3508216297E-04
   1  -108   0    0  -7.4626775809E-02   8.0134913378E+00   1.6475179845E-04   2.0141952695E+00   2.3769563457E+00   2.1018733871E-04   2.1132826617E+00   2.3519911430E+00   6.3785052752E-04   2.2219173971E+00   2.3906991382E+00   1.7179618150E-03   2.2758463573E+00   2.4324388674E+00   1.9012126358E-03   2.4099269601E+00   2.4680577977E+00   2.0823583271E-03   2.2340739475E+00   2.4233367579E+00   1.5700480262E-03   3.3511271939E-04
   1  -109   0    0  -8.4502521147E-02   8.0145121749E+00   1.6431818113E-04   2.0138236232E+00   2.3773153966E+00   2.1015032650E-04   2.1129002891E+00   2.3523964721E+00   6.3771310707E-04   2.2217498641E+00   2.3910973778E+00   1.7175916928E-03   2.2766154226E+00   2.4328431270E+00   1.9011764529E-03   2.4104358637E+00   2.4685519477E+00   2.0825781282E-03   2.2346069181E+00   2.4237409368E+00   1.5700181458E-03   3.3514333511E-04
   1  -110   0    0  -9.4376983195E-02   8.0155373902E+00   1.6388655280E-04   2.0134504583E+00   2.3776757456E+00   2.1011353133E-04   2.1125124908E+00   2.3528028901E+00   6.3757649247E-04   2.2215845451E+00   2.3914967436E+00   1.7172237410E-03   2.2773889560E+00   2.4332481630E+00   1.9011400543E-03   2.4109452916E+00   2.4690466079E+00   2.0827972210E-03   2.2351481432E+00   2.4241458945E+00   1.5699880872E-03   3.3517400320E-04
   1  -111   0    0  -1.0425020030E-01   8.0165667592E+00   1.6345703343E-04   2.0130758428E+00   2.3780373115E+00   2.1007696232E-04   2.1121193168E+00   2.3532103026E+00   6.3744071757E-04   2.2214214852E+00   2.3918971431E+00   1.7168580508E-03   2.2781668061E+00   2.4336538875E+00   1.9011034549E-03   2.4114551260E+00   2.4695416640E+00   2.0830155433E-03   2.2356975360E+00   2.4245515429E+00   1.5699578628E-03   3.3520471676E-04
   1  -112   0    0  -1.1412221233E-01   8.0176000551E+00   1.6302974020E-04   2.0126998450E+00   2.3784000125E+00   2.1004062832E-04   2.1117208236E+00   2.3536186154E+00   6.3730581523E-04   2.2212607260E+00   2.3922984840E+00   1.7164947107E-03   2.2789488182E+00   2.4340602127E+00   1.9010666699E-03   2.4119652499E+00   2.4700370023E+00   2.0832330336E-03   2.2362550014E+00   2.4249577944E+00   1.5699274852E-03   3.3523546889E-04
   1  -113   0    0  -1.2399306061E-01   8.0186370489E+00   1.6260478730E-04   2.0123225326E+00   2.3787637668E+00   2.1000453789E-04   2.1113170741E+00   2.3540277344E+00   6.3717181725E-04   2.2211023056E+00   2.3927006739E+00   1.7161338064E-03   2.2797348344E+00   2.4344670513E+00   1.9010297146E-03   2.4124755469E+00   2.4705325101E+00   2.0834496317E-03   2.2368204363E+00   2.4253645615E+00   1.5698969670E-03   3.3526625274E-04
   1  -114   0    0  -1.3386278788E-01   8.0196775104E+00   1.6218228583E-04   2.0119439732E+00   2.3791284924E+00   2.0996869931E-04   2.1109081374E+00   2.3544375657E+00   6.3703875432E-04   2.2209462583E+00   2.3931036204E+00   1.7157754205E-03   2.2805246939E+00   2.4348743162E+00   1.9009926044E-03   2.4129859019E+00   2.4710280755E+00   2.0836652786E-03   2.2373937298E+00   2.4257717572E+00   1.5698663207E-03   3.3529706149E-04
   1  -115   0    0  -1.4373143824E-01   8.0207212077E+00   1.6176234361E-04   2.0115642338E+00   2.3794941073E+00   2.0993312054E-04   2.1104940892E+00   2.3548480158E+00   6.3690665603E-04   2.2207926149E+00   2.3935072318E+00   1.7154196328E-03   2.2813182329E+00   2.4352819211E+00   1.9009553546E-03   2.4134962007E+00   2.4715235875E+00   2.0838799167E-03   2.2379747631E+00   2.4261792951E+00   1.5698355593E-03   3.3532788836E-04
   1  -116   0    0  -1.5359905713E-01   8.0217679077E+00   1.6134506506E-04   2.0111833809E+00   2.3798605295E+00   2.0989780924E-04   2.1100750113E+00   2.3552589914E+00   6.3677555080E-04   2.2206414020E+00   2.3939114163E+00   1.7150665196E-03   2.2821152851E+00   2.4356897801E+00   1.9009179807E-03   2.4140063302E+00   2.4720189368E+00   2.0840934896E-03   2.2385634096E+00   2.4265870895E+00   1.5698046954E-03   3.3535872664E-04
   1  -117   0    0  -1.6346569119E-01   8.0228173768E+00   1.6093055110E-04   2.0108014802E+00   2.3802276775E+00   2.0986277274E-04   2.1096509919E+00   2.3556704001E+00   6.3664546587E-04   2.2204926429E+00   2.3943160831E+00   1.7147161546E-03   2.2829156817E+00   2.4360978083E+00   1.9008804982E-03   2.4145161789E+00   2.4725140149E+00   2.0843059426E-03   2.2391595357E+00   2.4269950552E+00   1.5697737418E-03   3.3538956969E-04
   1  -118   0    0  -1.7333138829E-01   8.0238693807E+00   1.6051889899E-04   2.0104185967E+00   2.3805954698E+00   2.0982801805E-04   2.1092221255E+00   2.3560821501E+00   6.3651642729E-04   2.2203463565E+00   2.3947211417E+00   1.7143686077E-03   2.2837192514E+00   2.4365059215E+00   1.9008429226E-03   2.4150256369E+00   2.4730087150E+00   2.0845172223E-03   2.2397630003E+00   2.4274031080E+00   1.5697427112E-03   3.3542041093E-04
   1  -119   0    0  -1.8319619738E-01   8.0249236849E+00   1.6011020227E-04   2.0100347945E+00   2.3809638254E+00   2.0979355187E-04   2.1087885128E+00   2.3564941502E+00   6.3638845985E-04   2.2202025582E+00   2.3951265025E+00   1.7140239458E-03   2.2845258210E+00   2.4369140364E+00   1.9008052693E-03   2.4155345957E+00   2.4735029320E+00   2.0847272769E-03   2.2403736555E+00   2.4278111648E+00   1.5697116165E-03   3.3545124386E-04
   1  -120   0    0  -1.9306016846E-01   8.0259800549E+00   1.5970455062E-04   2.0096501365E+00   2.3813326639E+00   2.0975938053E-04   2.1083502602E+00   2.3569063104E+00   6.3626158712E-04   2.2200612594E+00   2.3955320766E+00   1.7136822323E-03   2.2853352152E+00   2.4373220707E+00   1.9007675535E-03   2.4160429487E+00   2.4739965624E+00   2.0849360565E-03   2.2409913465E+00   2.4282191432E+00   1.5696804702E-03   3.3548206208E-04
   1  -121   0    0  -2.0292335253E-01   8.0270382565E+00   1.5930202983E-04   2.0092646846E+00   2.3817019053E+00   2.0972551003E-04   2.1079074805E+00   2.3573185416E+00   6.3613583138E-04   2.2199224676E+00   2.3959377761E+00   1.7133435272E-03   2.2861472573E+00   2.4377299434E+00   1.9007297905E-03   2.4165505910E+00   2.4744895044E+00   2.0851435127E-03   2.2416159124E+00   2.4286269620E+00   1.5696492850E-03   3.3551285926E-04
   1  -122   0    0  -2.1278580146E-01   8.0280980563E+00   1.5890272169E-04   2.0088784998E+00   2.3820714703E+00   2.0969194605E-04   2.1074602920E+00   2.3577307556E+00   6.3601121368E-04   2.2197861867E+00   2.3963435144E+00   1.7130078873E-03   2.2869617685E+00   2.4381375744E+00   1.9006919954E-03   2.4170574198E+00   2.4749816583E+00   2.0853495989E-03   2.2422471860E+00   2.4290345413E+00   1.5696180732E-03   3.3554362918E-04
   1  -123   0    0  -2.2264756795E-01   8.0291592215E+00   1.5850670394E-04   2.0084916414E+00   2.3824412806E+00   2.0965869389E-04   2.1070088187E+00   2.3581428657E+00   6.3588775373E-04   2.2196524163E+00   2.3967492055E+00   1.7126753657E-03   2.2877785692E+00   2.4385448851E+00   1.9006541830E-03   2.4175633344E+00   2.4754729262E+00   2.0855542705E-03   2.2428849940E+00   2.4294418023E+00   1.5695868471E-03   3.3557436575E-04
   1  -124   0    0  -2.3250870543E-01   8.0302215205E+00   1.5811405025E-04   2.0081041676E+00   2.3828112585E+00   2.0962575853E-04   2.1065531901E+00   2.3585547862E+00   6.3576547001E-04   2.2195211528E+00   2.3971547650E+00   1.7123460120E-03   2.2885974784E+00   2.4389517980E+00   1.9006163682E-03   2.4180682362E+00   2.4759632124E+00   2.0857574843E-03   2.2435291579E+00   2.4298486675E+00   1.5695556190E-03   3.3560506294E-04
   1  -125   0    0  -2.4236926799E-01   8.0312847230E+00   1.5772483014E-04   2.0077161354E+00   2.3831813272E+00   2.0959314459E-04   2.1060935409E+00   2.3589664331E+00   6.3564437968E-04   2.2193923885E+00   2.3975601097E+00   1.7120198726E-03   2.2894183141E+00   2.4393582371E+00   1.9005785653E-03   2.4185720287E+00   2.4764524234E+00   2.0859591995E-03   2.2441794939E+00   2.4302550609E+00   1.5695244009E-03   3.3563571488E-04
   1  -126   0    0  -2.5222931031E-01   8.0323486003E+00   1.5733910900E-04   2.0073276000E+00   2.3835514110E+00   2.0956085636E-04   2.1056300109E+00   2.3593777234E+00   6.3552449862E-04   2.2192661122E+00   2.3979651578E+00   1.7116969902E-03   2.2902408937E+00   2.4397641277E+00   1.9005407888E-03   2.4190746178E+00   2.4769404677E+00   2.0861593769E-03   2.2448358129E+00   2.4306609079E+00   1.5694932044E-03   3.3566631580E-04
   1  -127   0    0  -2.6208888754E-01   8.0334129257E+00   1.5695694806E-04   2.0069386154E+00   2.3839214353E+00   2.0952889776E-04   2.1051627447E+00   2.3597885758E+00   6.3540584145E-04   2.2191423092E+00   2.3983698287E+00   1.7113774041E-03   2.2910650339E+00   2.4401693968E+00   1.9005030525E-03   2.4195759119E+00   2.4774272564E+00   2.0863579794E-03   2.2454979218E+00   2.4310661352E+00   1.5694620412E-03   3.3569686005E-04
   1  -128   0    0  -2.7194805527E-01   8.0344774742E+00   1.5657840440E-04   2.0065492341E+00   2.3842913264E+00   2.0949727238E-04   2.1046918917E+00   2.3601989107E+00   6.3528842149E-04   2.2190209614E+00   2.3987740435E+00   1.7110611503E-03   2.2918905513E+00   2.4405739726E+00   1.9004653704E-03   2.4200758214E+00   2.4779127027E+00   2.0865549717E-03   2.2461656226E+00   2.4314706713E+00   1.5694309227E-03   3.3572734213E-04
   1  -129   0    0  -2.8180686937E-01   8.0355420231E+00   1.5620353093E-04   2.0061595069E+00   2.3846610118E+00   2.0946598349E-04   2.1042176054E+00   2.3606086498E+00   6.3517225084E-04   2.2189020472E+00   2.3991777248E+00   1.7107482613E-03   2.2927172620E+00   2.4409777853E+00   1.9004277557E-03   2.4205742596E+00   2.4783967222E+00   2.0867503206E-03   2.2468387139E+00   2.4318744460E+00   1.5693998599E-03   3.3575775664E-04
   1  -130   0    0  -2.9166538600E-01   8.0366063523E+00   1.5583237649E-04   2.0057694832E+00   2.3850304204E+00   2.0943503399E-04   2.1037400435E+00   2.3610177167E+00   6.3505734031E-04   2.2187855418E+00   2.3995807968E+00   1.7104387663E-03   2.2935449823E+00   2.4413807663E+00   1.9003902217E-03   2.4210711421E+00   2.4788792331E+00   2.0869439947E-03   2.2475169903E+00   2.4322773908E+00   1.5693688638E-03   3.3578809833E-04
   1  -131   0    0  -3.0152366143E-01   8.0376702441E+00   1.5546498579E-04   2.0053792110E+00   2.3853994822E+00   2.0940442648E-04   2.1032593675E+00   2.3614260365E+00   6.3494369953E-04   2.2186714175E+00   2.3999831851E+00   1.7101326911E-03   2.2943735288E+00   2.4417828487E+00   1.9003527812E-03   2.4215663868E+00   2.4793601558E+00   2.0871359648E-03   2.2482002434E+00   2.4326794388E+00   1.5693379448E-03   3.3581836208E-04
   1  -132   0    0  -3.1138175205E-01   8.0387334836E+00   1.5510139955E-04   2.0049887365E+00   2.3857681285E+00   2.0937416323E-04   2.1027757427E+00   2.3618335361E+00   6.3483133691E-04   2.2185596432E+00   2.4003848174E+00   1.7098300585E-03   2.2952027183E+00   2.4421839673E+00   1.9003154466E-03   2.4220599146E+00   2.4798394132E+00   2.0873262035E-03   2.2488882616E+00   2.4330805249E+00   1.5693071133E-03   3.3584854291E-04
   1  -133   0    0  -3.2123971420E-01   8.0397958586E+00   1.5474165448E-04   2.0045981045E+00   2.3861362919E+00   2.0934424617E-04   2.1022893372E+00   2.3622401442E+00   6.3472025967E-04   2.2184501854E+00   2.4007856225E+00   1.7095308879E-03   2.2960323683E+00   2.4425840586E+00   1.9002782300E-03   2.4225516485E+00   2.4803169309E+00   2.0875146852E-03   2.2495808309E+00   2.4334805853E+00   1.5692763793E-03   3.3587863597E-04
   1  -134   0    0  -3.3109760416E-01   8.0408571603E+00   1.5438578339E-04   2.0042073583E+00   2.3865039064E+00   2.0931467696E-04   2.1018003225E+00   2.3626457912E+00   6.3461047390E-04   2.2183430076E+00   2.4011855315E+00   1.7092351956E-03   2.2968622969E+00   2.4429830607E+00   1.9002411433E-03   2.4230415143E+00   2.4807926366E+00   2.0877013867E-03   2.2502777350E+00   2.4338795581E+00   1.5692457526E-03   3.3590863656E-04
   1  -135   0    0  -3.4095547804E-01   8.0419171827E+00   1.5403381526E-04   2.0038165400E+00   2.3868709072E+00   2.0928545691E-04   2.1013088724E+00   2.3630504091E+00   6.3450198455E-04   2.2182380710E+00   2.4015844768E+00   1.7089429951E-03   2.2976923233E+00   2.4433809132E+00   1.9002041978E-03   2.4235294402E+00   2.4812664608E+00   2.0878862862E-03   2.2509787554E+00   2.4342773831E+00   1.5692152424E-03   3.3593854011E-04
   1  -136   0    0  -3.5081339170E-01   8.0429757231E+00   1.5368577529E-04   2.0034256898E+00   2.3872372313E+00   2.0925658707E-04   2.1008151634E+00   2.3634539321E+00   6.3439479547E-04   2.2181353342E+00   2.4019823926E+00   1.7086542967E-03   2.2985222676E+00   2.4437775577E+00   1.9001674044E-03   2.4240153570E+00   2.4817383362E+00   2.0880693641E-03   2.2516836721E+00   2.4346740016E+00   1.5691848578E-03   3.3596834218E-04
   1  -137   0    0  -3.6067140067E-01   8.0440325824E+00   1.5334168506E-04   2.0030348470E+00   2.3876028165E+00   2.0922806820E-04   2.1003193738E+00   2.3638562958E+00   6.3428890946E-04   2.2180347538E+00   2.4023792150E+00   1.7083691079E-03   2.2993519510E+00   2.4441729371E+00   1.9001307738E-03   2.4244991980E+00   2.4822081980E+00   2.0882506024E-03   2.2523922640E+00   2.4350693565E+00   1.5691546077E-03   3.3599803849E-04
   1  -138   0    0  -3.7052956012E-01   8.0450875644E+00   1.5300156255E-04   2.0026440493E+00   2.3879676025E+00   2.0919990077E-04   2.0998216837E+00   2.3642574377E+00   6.3418432830E-04   2.2179362842E+00   2.4027748816E+00   1.7080874336E-03   2.3001811964E+00   2.4445669962E+00   1.9000943162E-03   2.4249808990E+00   2.4826759838E+00   2.0884299852E-03   2.2531043085E+00   2.4354633927E+00   1.5691245005E-03   3.3602762486E-04
   1  -139   0    0  -3.8038792473E-01   8.0461404769E+00   1.5266542230E-04   2.0022533334E+00   2.3883315302E+00   2.0917208499E-04   2.0993222746E+00   2.3646572972E+00   6.3408105278E-04   2.2178398780E+00   2.4031693319E+00   1.7078092757E-03   2.3010098280E+00   2.4449596813E+00   1.9000580414E-03   2.4254603980E+00   2.4831416337E+00   2.0886074981E-03   2.2538195827E+00   2.4358560563E+00   1.5690945442E-03   3.3605709727E-04
   1  -140   0    0  -3.9024654865E-01   8.0471911310E+00   1.5233327551E-04   2.0018627346E+00   2.3886945417E+00   2.0914462082E-04   2.0988213292E+00   2.3650558152E+00   6.3397908271E-04   2.2177454859E+00   2.4035625069E+00   1.7075346339E-03   2.3018376714E+00   2.4453509402E+00   1.9000219588E-03   2.4259376358E+00   2.4836050898E+00   2.0887831286E-03   2.2545378628E+00   2.4362472951E+00   1.5690647466E-03   3.3608645184E-04
   1  -141   0    0  -4.0010548546E-01   8.0482393413E+00   1.5200513013E-04   2.0014722873E+00   2.3890565809E+00   2.0911750796E-04   2.0983190309E+00   2.3654529346E+00   6.3387841701E-04   2.2176530574E+00   2.4039543496E+00   1.7072635053E-03   2.3026645543E+00   2.4457407224E+00   1.8999860774E-03   2.4264125551E+00   2.4840662968E+00   2.0889568658E-03   2.2552589251E+00   2.4366370587E+00   1.5690351152E-03   3.3611568479E-04
   1  -142   0    0  -4.0996478806E-01   8.0492849261E+00   1.5168099102E-04   2.0010820248E+00   2.3894175927E+00   2.0909074589E-04   2.0978155636E+00   2.3658485998E+00   6.3377905373E-04   2.2175625404E+00   2.4043448042E+00   1.7069958846E-03   2.3034903060E+00   2.4461289790E+00   1.8999504058E-03   2.4268851013E+00   2.4845252014E+00   2.0891287004E-03   2.2559825459E+00   2.4370252980E+00   1.5690056571E-03   3.3614479249E-04
   1  -143   0    0  -4.1982450865E-01   8.0503277072E+00   1.5136086004E-04   2.0006919795E+00   2.3897775236E+00   2.0906433385E-04   2.0973111115E+00   2.3662427569E+00   6.3368099007E-04   2.2174738817E+00   2.4047338169E+00   1.7067317641E-03   2.3043147580E+00   2.4465156624E+00   1.8999149523E-03   2.4273552217E+00   2.4849817527E+00   2.0892986248E-03   2.2567085018E+00   2.4374119654E+00   1.5689763791E-03   3.3617377143E-04
   1  -144   0    0  -4.2968469863E-01   8.0513675103E+00   1.5104473620E-04   2.0003021830E+00   2.3901363212E+00   2.0903827089E-04   2.0968058584E+00   2.3666353538E+00   6.3358422243E-04   2.2173870271E+00   2.4051213354E+00   1.7064711344E-03   2.3051377436E+00   2.4469007267E+00   1.8998797247E-03   2.4278228661E+00   2.4854359017E+00   2.0894666328E-03   2.2574365700E+00   2.4377970150E+00   1.5689472876E-03   3.3620261821E-04
   1  -145   0    0  -4.3954540861E-01   8.0524041645E+00   1.5073261578E-04   1.9999126661E+00   2.3904939347E+00   2.0901255581E-04   2.0962999880E+00   2.3670263398E+00   6.3348874650E-04   2.2173019215E+00   2.4055073090E+00   1.7062139836E-03   2.3059590985E+00   2.4472841273E+00   1.8998447304E-03   2.4282879862E+00   2.4858876015E+00   2.0896327197E-03   2.2581665284E+00   2.4381804020E+00   1.5689183887E-03   3.3623132957E-04
   1  -146   0    0  -4.4940668831E-01   8.0534375025E+00   1.5042449247E-04   1.9995234590E+00   2.3908503144E+00   2.0898718728E-04   2.0957936832E+00   2.3674156659E+00   6.3339455720E-04   2.2172185091E+00   2.4058916884E+00   1.7059602982E-03   2.3067786604E+00   2.4476658210E+00   1.8998099765E-03   2.4287505357E+00   2.4863368073E+00   2.0897968822E-03   2.2588981562E+00   2.4385620834E+00   1.5688896884E-03   3.3625990235E-04
   1  -147   0    0  -4.5926858651E-01   8.0544673606E+00   1.5012035749E-04   1.9991345915E+00   2.3912054119E+00   2.0896216374E-04   2.0952871258E+00   2.3678032846E+00   6.3330164882E-04   2.2171367338E+00   2.4062744259E+00   1.7057100628E-03   2.3075962695E+00   2.4480457659E+00   1.8997754696E-03   2.4292104705E+00   2.4867834760E+00   2.0899591183E-03   2.2596312334E+00   2.4389420171E+00   1.5688611921E-03   3.3628833350E-04
   1  -148   0    0  -4.6913115104E-01   8.0554935789E+00   1.4982019972E-04   1.9987460927E+00   2.3915591800E+00   2.0893748349E-04   2.0947804965E+00   2.3681891499E+00   6.3321001501E-04   2.2170565390E+00   2.4066554752E+00   1.7054632603E-03   2.3084117684E+00   2.4484239216E+00   1.8997412160E-03   2.4296677482E+00   2.4872275666E+00   2.0901194274E-03   2.2603655417E+00   2.4393201628E+00   1.5688329050E-03   3.3631662009E-04
   1  -149   0    0  -4.7899442872E-01   8.0565160007E+00   1.4952400586E-04   1.9983579915E+00   2.3919115727E+00   2.0891314466E-04   2.0942739744E+00   2.3685732171E+00   6.3311964883E-04   2.2169778679E+00   2.4070347914E+00   1.7052198719E-03   2.3092250021E+00   2.4488002488E+00   1.8997072218E-03   2.4301223284E+00   2.4876690398E+00   2.0902778101E-03   2.2611008645E+00   2.4396964809E+00   1.5688048320E-03   3.3634475927E-04
   1  -150   0    0  -4.8885846532E-01   8.0575344730E+00   1.4923176051E-04   1.9979703166E+00   2.3922625454E+00   2.0888914523E-04   2.0937677368E+00   2.3689554432E+00   6.3303054279E-04   2.2169006638E+00   2.4074123310E+00   1.7049798775E-03   2.3100358180E+00   2.4491747094E+00   1.8996734924E-03   2.4305741723E+00   2.4881078579E+00   2.0904342680E-03   2.2618369867E+00   2.4400709336E+00   1.5687769777E-03   3.3637274832E-04
   1  -151   0    0  -4.9872330554E-01   8.0585488463E+00   1.4894344637E-04   1.9975830965E+00   2.3926120543E+00   2.0886548305E-04   2.0932619591E+00   2.3693357862E+00   6.3294268891E-04   2.2168248701E+00   2.4077880519E+00   1.7047432557E-03   2.3108440664E+00   2.4495472665E+00   1.8996400331E-03   2.4310232429E+00   2.4885439849E+00   2.0905888039E-03   2.2625736952E+00   2.4404434838E+00   1.5687493465E-03   3.3640058461E-04
   1  -152   0    0  -5.0858899294E-01   8.0595589743E+00   1.4865904430E-04   1.9971963597E+00   2.3929600569E+00   2.0884215584E-04   2.0927568143E+00   2.3697142057E+00   6.3285607872E-04   2.2167504304E+00   2.4081619131E+00   1.7045099836E-03   2.3116495999E+00   2.4499178845E+00   1.8996068488E-03   2.4314695049E+00   2.4889773864E+00   2.0907414218E-03   2.2633107794E+00   2.4408140958E+00   1.5687219425E-03   3.3642826557E-04
   1  -153   0    0  -5.1845556996E-01   8.0605647143E+00   1.4837853349E-04   1.9968101346E+00   2.3933065118E+00   2.0881916121E-04   2.0922524731E+00   2.3700906622E+00   6.3277070333E-04   2.2166772887E+00   2.4085338749E+00   1.7042800371E-03   2.3124522738E+00   2.4502865286E+00   1.8995739442E-03   2.4319129243E+00   2.4894080295E+00   2.0908921264E-03   2.2640480304E+00   2.4411827349E+00   1.5686947693E-03   3.3645578876E-04
   1  -154   0    0  -5.2832307787E-01   8.0615659268E+00   1.4810189156E-04   1.9964244499E+00   2.3936513783E+00   2.0879649664E-04   2.0917491034E+00   2.3704651178E+00   6.3268655344E-04   2.2166053897E+00   2.4089038988E+00   1.7040533915E-03   2.3132519464E+00   2.4506531653E+00   1.8995413235E-03   2.4323534686E+00   2.4898358827E+00   2.0910409234E-03   2.2647852420E+00   2.4415493674E+00   1.5686678306E-03   3.3648315180E-04
   1  -155   0    0  -5.3819155674E-01   8.0625624755E+00   1.4782909470E-04   1.9960393345E+00   2.3939946173E+00   2.0877415955E-04   2.0912468703E+00   2.3708375354E+00   6.3260361941E-04   2.2165346785E+00   2.4092719474E+00   1.7038300205E-03   2.3140484784E+00   2.4510177617E+00   1.8995089906E-03   2.4327911070E+00   2.4902609157E+00   2.0911878195E-03   2.2655222106E+00   2.4419139605E+00   1.5686411297E-03   3.3651035240E-04
   1  -156   0    0  -5.4806104542E-01   8.0635542273E+00   1.4756011777E-04   1.9956548176E+00   2.3943361900E+00   2.0875214725E-04   2.0907459358E+00   2.3712078793E+00   6.3252189127E-04   2.2164651014E+00   2.4096379843E+00   1.7036098975E-03   2.3148417334E+00   2.4513802864E+00   1.8994769492E-03   2.4332258097E+00   2.4906830999E+00   2.0913328221E-03   2.2662587349E+00   2.4422764827E+00   1.5686146694E-03   3.3653738834E-04
   1  -157   0    0  -5.5793158154E-01   8.0645410523E+00   1.4729493440E-04   1.9952709287E+00   2.3946760590E+00   2.0873045697E-04   2.0902464586E+00   2.3715761146E+00   6.3244135874E-04   2.2163966052E+00   2.4100019745E+00   1.7033929946E-03   2.3156315777E+00   2.4517407083E+00   1.8994452028E-03   2.4336575483E+00   2.4911024074E+00   2.0914759394E-03   2.2669946166E+00   2.4426369029E+00   1.5685884527E-03   3.3656425749E-04
   1  -158   0    0  -5.6780320147E-01   8.0655228238E+00   1.4703351715E-04   1.9948876979E+00   2.3950141877E+00   2.0870908588E-04   2.0897485942E+00   2.3719422076E+00   6.3236201131E-04   2.2163291379E+00   2.4103638835E+00   1.7031792837E-03   2.3164178807E+00   2.4520989976E+00   1.8994137544E-03   2.4340862955E+00   2.4915188117E+00   2.0916171800E-03   2.2677296602E+00   2.4429951914E+00   1.5685624822E-03   3.3659095777E-04
   1  -159   0    0  -5.7767594030E-01   8.0664994179E+00   1.4677583753E-04   1.9945051556E+00   2.3953505402E+00   2.0868803108E-04   2.0892524943E+00   2.3723061255E+00   6.3228383822E-04   2.2162626486E+00   2.4107236781E+00   1.7029687357E-03   2.3172005141E+00   2.4524551252E+00   1.8993826069E-03   2.4345120252E+00   2.4919322876E+00   2.0917565536E-03   2.2684636731E+00   2.4433513188E+00   1.5685367601E-03   3.3661748718E-04
   1  -160   0    0  -5.8754983189E-01   8.0674707138E+00   1.4652186620E-04   1.9941233332E+00   2.3956850816E+00   2.0866728963E-04   2.0887583071E+00   2.3726678365E+00   6.3220682851E-04   2.2161970875E+00   2.4110813259E+00   1.7027613210E-03   2.3179793530E+00   2.4528090627E+00   1.8993517629E-03   2.4349347124E+00   2.4923428106E+00   2.0918940703E-03   2.2691964656E+00   2.4437052568E+00   1.5685112887E-03   3.3664384377E-04
   1  -161   0    0  -5.9742490876E-01   8.0684365937E+00   1.4627157297E-04   1.9937422623E+00   2.3960177777E+00   2.0864685851E-04   2.0882661770E+00   2.3730273096E+00   6.3213097106E-04   2.2161324062E+00   2.4114367955E+00   1.7025570098E-03   2.3187542750E+00   2.4531607826E+00   1.8993212248E-03   2.4353543331E+00   2.4927503574E+00   2.0920297405E-03   2.2699278514E+00   2.4440569778E+00   1.5684860699E-03   3.3667002566E-04
   1  -162   0    0  -6.0730120217E-01   8.0693969424E+00   1.4602492696E-04   1.9933619756E+00   2.3963485953E+00   2.0862673470E-04   2.0877762443E+00   2.3733845147E+00   6.3205625458E-04   2.2160685576E+00   2.4117900562E+00   1.7023557717E-03   2.3195251607E+00   2.4535102579E+00   1.8992909948E-03   2.4357708641E+00   2.4931549055E+00   2.0921635754E-03   2.2706576471E+00   2.4444064550E+00   1.5684611054E-03   3.3669603103E-04
   1  -163   0    0  -6.1717874206E-01   8.0703516477E+00   1.4578189665E-04   1.9929825061E+00   2.3966775016E+00   2.0860691513E-04   2.0872886456E+00   2.3737394226E+00   6.3198266768E-04   2.2160054961E+00   2.4121410781E+00   1.7021575759E-03   2.3202918934E+00   2.4538574624E+00   1.8992610747E-03   2.4361842834E+00   2.4935564333E+00   2.0922955866E-03   2.2713856726E+00   2.4447536620E+00   1.5684363970E-03   3.3672185811E-04
   1  -164   0    0  -6.2705755706E-01   8.0713006004E+00   1.4554244995E-04   1.9926038881E+00   2.3970044648E+00   2.0858739669E-04   2.0868035131E+00   2.3740920047E+00   6.3191019886E-04   2.2159431773E+00   2.4124898324E+00   1.7019623915E-03   2.3210543595E+00   2.4542023707E+00   1.8992314663E-03   2.4365945695E+00   2.4939549201E+00   2.0924257859E-03   2.2721117512E+00   2.4450985733E+00   1.5684119459E-03   3.3674750519E-04
   1  -165   0    0  -6.3693767452E-01   8.0722436937E+00   1.4530655432E-04   1.9922261563E+00   2.3973294537E+00   2.0856817627E-04   2.0863209749E+00   2.3744422333E+00   6.3183883652E-04   2.2158815587E+00   2.4128362905E+00   1.7017701872E-03   2.3218124482E+00   2.4545449578E+00   1.8992021710E-03   2.4370017021E+00   2.4943503459E+00   2.0925541859E-03   2.2728357093E+00   2.4454411640E+00   1.5683877534E-03   3.3677297059E-04
   1  -166   0    0  -6.4681912044E-01   8.0731808235E+00   1.4507417679E-04   1.9918493465E+00   2.3976524378E+00   2.0854925073E-04   2.0858411551E+00   2.3747900815E+00   6.3176856903E-04   2.2158205993E+00   2.4131804251E+00   1.7015809318E-03   2.3225660515E+00   2.4548851994E+00   1.8991731903E-03   2.4374056613E+00   2.4947426916E+00   2.0926807990E-03   2.2735573770E+00   2.4457814097E+00   1.5683638207E-03   3.3679825270E-04
   1  -167   0    0  -6.5670191953E-01   8.0741118887E+00   1.4484528406E-04   1.9914734952E+00   2.3979733874E+00   2.0853061692E-04   2.0853641731E+00   2.3751355229E+00   6.3169938469E-04   2.2157602594E+00   2.4135222092E+00   1.7013945937E-03   2.3233150643E+00   2.4552230718E+00   1.8991445253E-03   2.4378064283E+00   2.4951319386E+00   2.0928056382E-03   2.2742765876E+00   2.4461192868E+00   1.5683401487E-03   3.3682334995E-04
   1  -168   0    0  -6.6658609518E-01   8.0750367905E+00   1.4461984254E-04   1.9910986397E+00   2.3982922733E+00   2.0851227169E-04   2.0848901444E+00   2.3754785321E+00   6.3163127181E-04   2.2157005014E+00   2.4138616167E+00   1.7012111414E-03   2.3240593845E+00   2.4555585519E+00   1.8991161769E-03   2.4382039846E+00   2.4955180692E+00   2.0929287168E-03   2.2749931782E+00   2.4464547721E+00   1.5683167382E-03   3.3684826080E-04
   1  -169   0    0  -6.7647166950E-01   8.0759554328E+00   1.4439781841E-04   1.9907248185E+00   2.3986090670E+00   2.0849421189E-04   2.0844191797E+00   2.3758190839E+00   6.3156421864E-04   2.2156412891E+00   2.4141986221E+00   1.7010305433E-03   2.3247989127E+00   2.4558916171E+00   1.8990881461E-03   2.4385983128E+00   2.4959010662E+00   2.0930500482E-03   2.2757069889E+00   2.4467878429E+00   1.5682935899E-03   3.3687298378E-04
   1  -170   0    0  -6.8635866325E-01   8.0768677222E+00   1.4417917769E-04   1.9903520707E+00   2.3989237405E+00   2.0847643435E-04   2.0839513857E+00   2.3761571543E+00   6.3149821349E-04   2.2155825881E+00   2.4145332006E+00   1.7008527678E-03   2.3255335525E+00   2.4562222454E+00   1.8990604333E-03   2.4389893959E+00   2.4962809132E+00   2.0931696461E-03   2.2764178640E+00   2.4471184772E+00   1.5682707043E-03   3.3689751743E-04
   1  -171   0    0  -6.9624709593E-01   8.0777735677E+00   1.4396388625E-04   1.9899804362E+00   2.3992362666E+00   2.0845893592E-04   2.0834868645E+00   2.3764927195E+00   6.3143324463E-04   2.2155243657E+00   2.4148653278E+00   1.7006777835E-03   2.3262632103E+00   2.4565504152E+00   1.8990330392E-03   2.4393772175E+00   2.4966575942E+00   2.0932875243E-03   2.2771256508E+00   2.4474466534E+00   1.5682480818E-03   3.3692186037E-04
   1  -172   0    0  -7.0613698573E-01   8.0786728810E+00   1.4375190990E-04   1.9896099560E+00   2.3995466188E+00   2.0844171346E-04   2.0830257139E+00   2.3768257565E+00   6.3136930040E-04   2.2154665909E+00   2.4151949803E+00   1.7005055589E-03   2.3269877954E+00   2.4568761055E+00   1.8990059641E-03   2.4397617620E+00   2.4970310939E+00   2.0934036968E-03   2.2778302007E+00   2.4477723505E+00   1.5682257228E-03   3.3694601122E-04
   1  -173   0    0  -7.1602834956E-01   8.0795655762E+00   1.4354321437E-04   1.9892406718E+00   2.3998547708E+00   2.0842476383E-04   2.0825680272E+00   2.3771562429E+00   6.3130636915E-04   2.2154092344E+00   2.4155221350E+00   1.7003360625E-03   2.3277072201E+00   2.4571992958E+00   1.8989792083E-03   2.4401430142E+00   2.4974013975E+00   2.0935181778E-03   2.2785313684E+00   2.4480955481E+00   1.5682036274E-03   3.3696996865E-04
   1  -174   0    0  -7.2592120304E-01   8.0804515699E+00   1.4333776539E-04   1.9888726260E+00   2.4001606974E+00   2.0840808391E-04   2.0821138934E+00   2.3774841569E+00   6.3124443929E-04   2.2153522688E+00   2.4158467696E+00   1.7001692633E-03   2.3284213993E+00   2.4575199662E+00   1.8989527718E-03   2.4405209596E+00   2.4977684910E+00   2.0936309815E-03   2.2792290124E+00   2.4484162260E+00   1.5681817958E-03   3.3699373140E-04
   1  -175   0    0  -7.3581556055E-01   8.0813307814E+00   1.4313552872E-04   1.9885058619E+00   2.4004643736E+00   2.0839167059E-04   2.0816633971E+00   2.3778094774E+00   6.3118349927E-04   2.2152956681E+00   2.4161688623E+00   1.7000051301E-03   2.3291302509E+00   2.4578380971E+00   1.8989266547E-03   2.4408955842E+00   2.4981323607E+00   2.0937421223E-03   2.2799229949E+00   2.4487343649E+00   1.5681602279E-03   3.3701729820E-04
   1  -176   0    0  -7.4571143519E-01   8.0822031324E+00   1.4293647014E-04   1.9881404235E+00   2.4007657753E+00   2.0837552078E-04   2.0812166188E+00   2.3781321837E+00   6.3112353761E-04   2.2152394082E+00   2.4164883920E+00   1.6998436319E-03   2.3298336956E+00   2.4581536698E+00   1.8989008568E-03   2.4412668746E+00   2.4984929936E+00   2.0938516145E-03   2.2806131817E+00   2.4490499457E+00   1.5681389236E-03   3.3704066785E-04
   1  -177   0    0  -7.5560883881E-01   8.0830685471E+00   1.4274055551E-04   1.9877763554E+00   2.4010648788E+00   2.0835963140E-04   2.0807736344E+00   2.3784522559E+00   6.3106454290E-04   2.2151834667E+00   2.4168053380E+00   1.6996847381E-03   2.3305316571E+00   2.4584666656E+00   1.8988753779E-03   2.4416348180E+00   2.4988503770E+00   2.0939594728E-03   2.2812994424E+00   2.4493629501E+00   1.5681178827E-03   3.3706383917E-04
   1  -178   0    0  -7.6550778205E-01   8.0839269522E+00   1.4254775077E-04   1.9874137030E+00   2.4013616611E+00   2.0834399939E-04   2.0803345157E+00   2.3787696745E+00   6.3100650378E-04   2.2151278227E+00   2.4171196804E+00   1.6995284180E-03   2.3312240618E+00   2.4587770666E+00   1.8988502176E-03   2.4419994020E+00   2.4992044991E+00   2.0940657116E-03   2.2819816503E+00   2.4496733599E+00   1.5680971050E-03   3.3708681104E-04
   1  -179   0    0  -7.7540827431E-01   8.0847782771E+00   1.4235802196E-04   1.9870525120E+00   2.4016560997E+00   2.0832862173E-04   2.0798993304E+00   2.3790844207E+00   6.3094940899E-04   2.2150724571E+00   2.4174313999E+00   1.6993746414E-03   2.3319108389E+00   2.4590848555E+00   1.8988253756E-03   2.4423606150E+00   2.4995553484E+00   2.0941703456E-03   2.2826596825E+00   2.4499811578E+00   1.5680765901E-03   3.3710958236E-04
   1  -180   0    0  -7.8531032378E-01   8.0856224534E+00   1.4217133526E-04   1.9866928289E+00   2.4019481730E+00   2.0831349539E-04   2.0794681420E+00   2.3793964764E+00   6.3089324731E-04   2.2150173523E+00   2.4177404777E+00   1.6992233779E-03   2.3325919207E+00   2.4593900153E+00   1.8988008512E-03   2.4427184458E+00   2.4999029140E+00   2.0942733895E-03   2.2833334196E+00   2.4502863269E+00   1.5680563374E-03   3.3713215208E-04
   1  -181   0    0  -7.9521393748E-01   8.0864594157E+00   1.4198765695E-04   1.9863347006E+00   2.4022378598E+00   2.0829861738E-04   2.0790410099E+00   2.3797058240E+00   6.3083800764E-04   2.2149624923E+00   2.4180468957E+00   1.6990745978E-03   2.3332672419E+00   2.4596925298E+00   1.8987766437E-03   2.4430728838E+00   2.5002471856E+00   2.0943748579E-03   2.2840027464E+00   2.4505888509E+00   1.5680363466E-03   3.3715451916E-04
   1  -182   0    0  -8.0511912123E-01   8.0872891006E+00   1.4180695348E-04   1.9859781743E+00   2.4025251394E+00   2.0828398472E-04   2.0786179896E+00   2.3800124466E+00   6.3078367894E-04   2.2149078624E+00   2.4183506364E+00   1.6989282712E-03   2.3339367404E+00   2.4599923830E+00   1.8987527526E-03   2.4434239190E+00   2.5005881534E+00   2.0944747655E-03   2.2846675509E+00   2.4508887138E+00   1.5680166169E-03   3.3717668265E-04
   1  -183   0    0  -8.1502587970E-01   8.0881114478E+00   1.4162919144E-04   1.9856232976E+00   2.4028099921E+00   2.0826959447E-04   2.0781991325E+00   2.3803163277E+00   6.3073025025E-04   2.2148534499E+00   2.4186516828E+00   1.6987843687E-03   2.3346003568E+00   2.4602895598E+00   1.8987291768E-03   2.4437715418E+00   2.5009258082E+00   2.0945731271E-03   2.2853277253E+00   2.4511859005E+00   1.5679971477E-03   3.3719864160E-04
   1  -184   0    0  -8.2493421642E-01   8.0889263993E+00   1.4145433755E-04   1.9852701184E+00   2.4030923986E+00   2.0825544370E-04   2.0777844863E+00   2.3806174518E+00   6.3067771070E-04   2.2147992430E+00   2.4189500188E+00   1.6986428609E-03   2.3352580344E+00   2.4605840454E+00   1.8987059157E-03   2.4441157436E+00   2.5012601413E+00   2.0946699574E-03   2.2859831652E+00   2.4514803963E+00   1.5679779383E-03   3.3722039511E-04
   1  -185   0    0  -8.3484413378E-01   8.0897338998E+00   1.4128235873E-04   1.9849186846E+00   2.4033723404E+00   2.0824152949E-04   2.0773740949E+00   2.3809158037E+00   6.3062604950E-04   2.2147452315E+00   2.4192456288E+00   1.6985037188E-03   2.3359097195E+00   2.4608758258E+00   1.8986829680E-03   2.4444565160E+00   2.5015911448E+00   2.0947652712E-03   2.2866337704E+00   2.4517721869E+00   1.5679589877E-03   3.3724194233E-04
   1  -186   0    0  -8.4475563309E-01   8.0905338964E+00   1.4111322203E-04   1.9845690445E+00   2.4036497996E+00   2.0822784897E-04   2.0769679984E+00   2.3812113692E+00   6.3057525593E-04   2.2146914068E+00   2.4195384978E+00   1.6983669136E-03   2.3365553610E+00   2.4611648875E+00   1.8986603328E-03   2.4447938515E+00   2.5019188112E+00   2.0948590831E-03   2.2872794440E+00   2.4520612590E+00   1.5679402953E-03   3.3726328245E-04
   1  -187   0    0  -8.5466871454E-01   8.0913263391E+00   1.4094689469E-04   1.9842212463E+00   2.4039247589E+00   2.0821439928E-04   2.0765662335E+00   2.3815041345E+00   6.3052531938E-04   2.2146377612E+00   2.4198286116E+00   1.6982324166E-03   2.3371949107E+00   2.4614512176E+00   1.8986380090E-03   2.4451277429E+00   2.5022431336E+00   2.0949514080E-03   2.2879200930E+00   2.4523475996E+00   1.5679218599E-03   3.3728441471E-04
   1  -188   0    0  -8.6458337729E-01   8.0921111805E+00   1.4078334409E-04   1.9838753381E+00   2.4041972019E+00   2.0820117757E-04   2.0761688332E+00   2.3817940865E+00   6.3047622929E-04   2.2145842885E+00   2.4201159567E+00   1.6981001995E-03   2.3378283232E+00   2.4617348038E+00   1.8986159952E-03   2.4454581841E+00   2.5025641058E+00   2.0950422606E-03   2.2885556282E+00   2.4526311964E+00   1.5679036806E-03   3.3730533837E-04
   1  -189   0    0  -8.7449961942E-01   8.0928883758E+00   1.4062253779E-04   1.9835313681E+00   2.4044671129E+00   2.0818818102E-04   2.0757758270E+00   2.3820812130E+00   6.3042797519E-04   2.2145309836E+00   2.4204005202E+00   1.6979702340E-03   2.3384555557E+00   2.4620156344E+00   1.8985942903E-03   2.4457851692E+00   2.5028817223E+00   2.0951316558E-03   2.2891859642E+00   2.4529120378E+00   1.5678857563E-03   3.3732605277E-04
   1  -190   0    0  -8.8441743803E-01   8.0936578829E+00   1.4046444351E-04   1.9831893840E+00   2.4047344766E+00   2.0817540684E-04   2.0753872413E+00   2.3823655024E+00   6.3038054670E-04   2.2144778426E+00   2.4206822900E+00   1.6978424921E-03   2.3390765683E+00   2.4622936985E+00   1.8985728927E-03   2.4461086934E+00   2.5031959781E+00   2.0952196081E-03   2.2898110190E+00   2.4531901127E+00   1.5678680859E-03   3.3734655727E-04
   1  -191   0    0  -8.9433682917E-01   8.0944196623E+00   1.4030902911E-04   1.9828494335E+00   2.4049992790E+00   2.0816285224E-04   2.0750030991E+00   2.3826469437E+00   6.3033393351E-04   2.2144248626E+00   2.4209612545E+00   1.6977169461E-03   2.3396913239E+00   2.4625689857E+00   1.8985518012E-03   2.4464287521E+00   2.5035068691E+00   2.0953061325E-03   2.2904307147E+00   2.4534654109E+00   1.5678506682E-03   3.3736685128E-04
   1  -192   0    0  -9.0425778796E-01   8.0951736774E+00   1.4015626264E-04   1.9825115640E+00   2.4052615062E+00   2.0815051448E-04   2.0746234200E+00   2.3829255268E+00   6.3028812537E-04   2.2143720420E+00   2.4212374033E+00   1.6975935685E-03   2.3402997880E+00   2.4628414864E+00   1.8985310141E-03   2.4467453419E+00   2.5038143915E+00   2.0953912438E-03   2.2910449767E+00   2.4537379227E+00   1.5678335019E-03   3.3738693428E-04
   1  -193   0    0  -9.1418030854E-01   8.0959198942E+00   1.4000611229E-04   1.9821758221E+00   2.4055211457E+00   2.0813839080E-04   2.0742482211E+00   2.3832012423E+00   6.3024311213E-04   2.2143193798E+00   2.4215107263E+00   1.6974723317E-03   2.3409019288E+00   2.4631111917E+00   1.8985105299E-03   2.4470584597E+00   2.5041185427E+00   2.0954749565E-03   2.2916537344E+00   2.4540076390E+00   1.5678165858E-03   3.3740680577E-04
   1  -194   0    0  -9.2410438413E-01   8.0966582814E+00   1.3985854639E-04   1.9818422543E+00   2.4057781853E+00   2.0812647851E-04   2.0738775159E+00   2.3834740815E+00   6.3019888368E-04   2.2142668764E+00   2.4217812143E+00   1.6973532087E-03   2.3414977173E+00   2.4633780933E+00   1.8984903470E-03   2.4473681035E+00   2.5044193203E+00   2.0955572856E-03   2.2922569206E+00   2.4542745518E+00   1.5677999184E-03   3.3742646533E-04
   1  -195   0    0  -9.3403000705E-01   8.0973888107E+00   1.3971353343E-04   1.9815109065E+00   2.4060326139E+00   2.0811477488E-04   2.0735113155E+00   2.3837440366E+00   6.3015543000E-04   2.2142145325E+00   2.4220488590E+00   1.6972361724E-03   2.3420871271E+00   2.4636421837E+00   1.8984704636E-03   2.4476742716E+00   2.5047167230E+00   2.0956382458E-03   2.2928544719E+00   2.4545386533E+00   1.5677834984E-03   3.3744591257E-04
   1  -196   0    0  -9.4395716875E-01   8.0981114562E+00   1.3957104206E-04   1.9811818236E+00   2.4062844209E+00   2.0810327724E-04   2.0731496278E+00   2.3840111004E+00   6.3011274113E-04   2.2141623502E+00   2.4223136528E+00   1.6971211961E-03   2.3426701345E+00   2.4639034561E+00   1.8984508780E-03   2.4479769636E+00   2.5050107501E+00   2.0957178519E-03   2.2934463284E+00   2.4547999369E+00   1.5677673243E-03   3.3746514716E-04
   1  -197   0    0  -9.5388585982E-01   8.0988261949E+00   1.3943104105E-04   1.9808550503E+00   2.4065335967E+00   2.0809198294E-04   2.0727924584E+00   2.3842752667E+00   6.3007080718E-04   2.2141103320E+00   2.4225755888E+00   1.6970082530E-03   2.3432467186E+00   2.4641619044E+00   1.8984315883E-03   2.4482761794E+00   2.5053014015E+00   2.0957961186E-03   2.2940324338E+00   2.4550583965E+00   1.5677513946E-03   3.3748416882E-04
   1  -198   0    0  -9.6381607004E-01   8.0995330068E+00   1.3929349931E-04   1.9805306302E+00   2.4067801326E+00   2.0808088931E-04   2.0724398100E+00   2.3845365300E+00   6.3002961832E-04   2.2140584814E+00   2.4228346612E+00   1.6968973166E-03   2.3438168608E+00   2.4644175234E+00   1.8984125926E-03   2.4485719199E+00   2.5055886782E+00   2.0958730608E-03   2.2946127354E+00   2.4553140267E+00   1.5677357077E-03   3.3750297733E-04
   1  -199   0    0  -9.7374778839E-01   8.1002318742E+00   1.3915838590E-04   1.9802086061E+00   2.4070240206E+00   2.0806999373E-04   2.0720916829E+00   2.3847948855E+00   6.2998916478E-04   2.2140068021E+00   2.4230908645E+00   1.6967883608E-03   2.3443805453E+00   2.4646703085E+00   1.8983938891E-03   2.4488641868E+00   2.5058725816E+00   2.0959486932E-03   2.2951871840E+00   2.4555668231E+00   1.5677202620E-03   3.3752157251E-04
   1  -200   0    0  -9.8368100308E-01   8.1009227826E+00   1.3902567001E-04   1.9798890198E+00   2.4072652534E+00   2.0805929358E-04   2.0717480749E+00   2.3850503295E+00   6.2994943686E-04   2.2139552990E+00   2.4233441946E+00   1.6966813594E-03   2.3449377589E+00   2.4649202561E+00   1.8983754756E-03   2.4491529824E+00   2.5061531141E+00   2.0960230306E-03   2.2957557337E+00   2.4558167819E+00   1.5677050559E-03   3.3753995426E-04
   1  -201   0    0  -9.9361570160E-01   8.1016057199E+00   1.3889532094E-04   1.9795719124E+00   2.4075038248E+00   2.0804878627E-04   2.0714089815E+00   2.3853028588E+00   6.2991042491E-04   2.2139039772E+00   2.4235946479E+00   1.6965762862E-03   2.3454884909E+00   2.4651673630E+00   1.8983573502E-03   2.4494383101E+00   2.5064302789E+00   2.0960960877E-03   2.2963183424E+00   2.4560639001E+00   1.5676900876E-03   3.3755812251E-04
   1  -202  -4    5  -9.9999983184E-01   8.1020403179E+00   1.3881280235E-04   1.9793694877E+00   2.4076557074E+00   2.0804213556E-04   2.0711934828E+00   2.3854635776E+00   6.2988573187E-04   2.2138710997E+00   2.4237540525E+00   1.6965097791E-03   2.3458389292E+00   2.4653246369E+00   1.8983458550E-03   2.4496198139E+00   2.5066065905E+00   2.0961423606E-03   2.2966766827E+00   2.4562211812E+00   1.5676805947E-03   3.3756968351E-04
