       
   1    -1   0    0   9.9999999413E-01   7.9426565004E+00   2.5462342565E-04   2.0580770198E+00   2.3710299860E+00   2.0729949540E-04   2.1406354696E+00   2.3358393159E+00   6.2712840634E-04   2.2409573232E+00   2.3739911045E+00   1.6890833265E-03   2.2412878161E+00   2.3817849489E+00   1.9058628833E-03   2.3533814310E+00   2.4130049520E+00   2.0893655998E-03   2.2007261426E+00   2.3731122775E+00   1.5738882562E-03   3.4204792092E-04
   1    -2   0    0   9.8000307660E-01   7.9428578886E+00   2.5446981383E-04   2.0579806868E+00   2.3710749991E+00   2.0729245802E-04   2.1405313296E+00   2.3359011027E+00   6.2710227773E-04   2.2409256330E+00   2.3740514913E+00   1.6890129527E-03   2.2414330690E+00   2.3818798961E+00   1.9058495705E-03   2.3535045545E+00   2.4131245100E+00   2.0894161226E-03   2.2008815385E+00   2.3732072488E+00   1.5738772623E-03   3.4205495364E-04
   1    -3   0    0   9.7000472311E-01   7.9429620056E+00   2.5439050702E-04   2.0579309372E+00   2.3710982977E+00   2.0728882535E-04   2.1404774699E+00   2.3359330613E+00   6.2708879021E-04   2.2409093221E+00   2.3740827272E+00   1.6889766260E-03   2.2415081551E+00   2.3819289554E+00   1.9058426899E-03   2.3535681651E+00   2.4131862785E+00   2.0894422140E-03   2.2009618583E+00   2.3732563206E+00   1.5738715802E-03   3.4205858773E-04
   1    -4   0    0   9.6000644394E-01   7.9430684706E+00   2.5430948898E-04   2.0578801038E+00   2.3711221408E+00   2.0728511470E-04   2.1404223816E+00   2.3359657512E+00   6.2707501319E-04   2.2408926945E+00   2.3741146788E+00   1.6889395195E-03   2.2415849283E+00   2.3819791013E+00   1.9058356556E-03   2.3536331794E+00   2.4132494101E+00   2.0894688736E-03   2.2010439757E+00   2.3733064793E+00   1.5738657712E-03   3.4206230253E-04
   1    -5   0    0   9.5000824235E-01   7.9431773345E+00   2.5422672615E-04   2.0578281647E+00   2.3711465409E+00   2.0728132456E-04   2.1403660376E+00   2.3359991887E+00   6.2706094106E-04   2.2408757456E+00   2.3741473622E+00   1.6889016182E-03   2.2416634248E+00   2.3820303566E+00   1.9058284643E-03   2.3536996266E+00   2.4133139330E+00   2.0894961129E-03   2.2011279290E+00   2.3733577476E+00   1.5738598325E-03   3.4206609971E-04
   1    -6   0    0   9.4001012175E-01   7.9432886491E+00   2.5414218442E-04   2.0577750979E+00   2.3711715110E+00   2.0727745341E-04   2.1403084102E+00   2.3360333904E+00   6.2704656812E-04   2.2408584708E+00   2.3741807937E+00   1.6888629066E-03   2.2417436814E+00   2.3820827442E+00   1.9058211127E-03   2.3537675360E+00   2.4133798759E+00   2.0895239433E-03   2.2012137571E+00   2.3734101487E+00   1.5738537614E-03   3.4206998100E-04
   1    -7   0    0   9.3001208568E-01   7.9434024672E+00   2.5405582923E-04   2.0577208808E+00   2.3711970643E+00   2.0727349968E-04   2.1402494710E+00   2.3360683734E+00   6.2703188860E-04   2.2408408654E+00   2.3742149899E+00   1.6888233694E-03   2.2418257360E+00   2.3821362877E+00   1.9058135974E-03   2.3538369378E+00   2.4134472679E+00   2.0895523767E-03   2.2013014998E+00   2.3734637059E+00   1.5738475552E-03   3.4207394816E-04
   1    -8   0    0   9.2001413784E-01   7.9435188427E+00   2.5396762551E-04   2.0576654906E+00   2.3712232143E+00   2.0726946180E-04   2.1401891911E+00   2.3361041549E+00   6.2701689664E-04   2.2408229250E+00   2.3742499678E+00   1.6887829906E-03   2.2419096269E+00   2.3821910110E+00   1.9058059150E-03   2.3539078625E+00   2.4135161388E+00   2.0895814249E-03   2.2013911973E+00   2.3735184432E+00   1.5738412110E-03   3.4207800297E-04
   1    -9   0    0   9.1001628206E-01   7.9436378304E+00   2.5387753768E-04   2.0576089041E+00   2.3712499747E+00   2.0726533818E-04   2.1401275412E+00   2.3361407526E+00   6.2700158631E-04   2.2408046450E+00   2.3742857449E+00   1.6887417544E-03   2.2419953931E+00   2.3822469383E+00   1.9057980620E-03   2.3539803412E+00   2.4135865186E+00   2.0896111002E-03   2.2014828909E+00   2.3735743848E+00   1.5738347258E-03   3.4208214724E-04
   1   -10   0    0   9.0001852235E-01   7.9437594861E+00   2.5378552969E-04   2.0575510978E+00   2.3712773596E+00   2.0726112719E-04   2.1400644911E+00   2.3361781846E+00   6.2698595161E-04   2.2407860208E+00   2.3743223388E+00   1.6886996445E-03   2.2420830745E+00   2.3823040943E+00   1.9057900348E-03   2.3540544055E+00   2.4136584381E+00   2.0896414148E-03   2.2015766224E+00   2.3736315555E+00   1.5738280969E-03   3.4208638282E-04
   1   -11   0    0   8.9002086288E-01   7.9438838669E+00   2.5369156500E-04   2.0574920479E+00   2.3713053835E+00   2.0725682719E-04   2.1400000103E+00   2.3362164693E+00   6.2696998643E-04   2.2407670480E+00   2.3743597676E+00   1.6886566445E-03   2.2421727116E+00   2.3823625042E+00   1.9057818298E-03   2.3541300875E+00   2.4137319285E+00   2.0896723812E-03   2.2016724343E+00   2.3736899804E+00   1.5738213211E-03   3.4209071159E-04
   1   -12   0    0   8.8002330799E-01   7.9440110307E+00   2.5359560659E-04   2.0574317299E+00   2.3713340611E+00   2.0725243652E-04   2.1399340675E+00   2.3362556253E+00   6.2695368462E-04   2.2407477221E+00   2.3743980498E+00   1.6886127378E-03   2.2422643457E+00   2.3824221935E+00   1.9057734433E-03   2.3542074197E+00   2.4138070213E+00   2.0897040121E-03   2.2017703700E+00   2.3737496851E+00   1.5738143954E-03   3.4209513546E-04
   1   -13   0    0   8.7002586219E-01   7.9441410365E+00   2.5349761694E-04   2.0573701195E+00   2.3713634074E+00   2.0724795350E-04   2.1398666310E+00   2.3362956720E+00   6.2693703994E-04   2.2407280388E+00   2.3744372040E+00   1.6885679077E-03   2.2423580189E+00   2.3824831881E+00   1.9057648715E-03   2.3542864354E+00   2.4138837489E+00   2.0897363202E-03   2.2018704736E+00   2.3738106955E+00   1.5738073167E-03   3.4209965637E-04
   1   -14   0    0   8.6002853020E-01   7.9442739446E+00   2.5339755809E-04   2.0573071915E+00   2.3713934379E+00   2.0724337644E-04   2.1397976681E+00   2.3363366287E+00   6.2692004606E-04   2.2407079935E+00   2.3744772496E+00   1.6885221370E-03   2.2424537739E+00   2.3825455146E+00   1.9057561107E-03   2.3543671683E+00   2.4139621439E+00   2.0897693187E-03   2.2019727900E+00   2.3738730381E+00   1.5738000819E-03   3.4210427629E-04
   1   -15   0    0   8.5003131689E-01   7.9444098162E+00   2.5329539159E-04   2.0572429208E+00   2.3714241681E+00   2.0723870360E-04   2.1397271460E+00   2.3363785154E+00   6.2690269660E-04   2.2406875822E+00   2.3745182060E+00   1.6884754087E-03   2.2425516544E+00   2.3826091997E+00   1.9057471570E-03   2.3544496525E+00   2.4140422395E+00   2.0898030207E-03   2.2020773647E+00   2.3739367396E+00   1.5737926878E-03   3.4210899724E-04
   1   -16   0    0   8.4003422736E-01   7.9445487135E+00   2.5319107853E-04   2.0571772817E+00   2.3714556141E+00   2.0723393325E-04   2.1396550309E+00   2.3364213523E+00   6.2688498511E-04   2.2406668005E+00   2.3745600932E+00   1.6884277052E-03   2.2426517046E+00   2.3826742706E+00   1.9057380064E-03   2.3545339228E+00   2.4141240694E+00   2.0898374396E-03   2.2021842442E+00   2.3740018274E+00   1.5737851311E-03   3.4211382125E-04
   1   -17   0    0   8.3003726690E-01   7.9446907002E+00   2.5308457957E-04   2.0571102481E+00   2.3714877924E+00   2.0722906364E-04   2.1395812884E+00   2.3364651603E+00   6.2686690504E-04   2.2406456443E+00   2.3746029316E+00   1.6883790090E-03   2.2427539696E+00   2.3827407550E+00   1.9057286549E-03   2.3546200144E+00   2.4142076680E+00   2.0898725889E-03   2.2022934755E+00   2.3740683291E+00   1.5737774085E-03   3.4211875040E-04
   1   -18   0    0   8.2004044101E-01   7.9448358406E+00   2.5297585491E-04   2.0570417939E+00   2.3715207196E+00   2.0722409297E-04   2.1395058836E+00   2.3365099603E+00   6.2684844980E-04   2.2406241095E+00   2.3746467418E+00   1.6883293024E-03   2.2428584955E+00   2.3828086811E+00   1.9057190985E-03   2.3547079631E+00   2.4142930699E+00   2.0899084824E-03   2.2024051066E+00   2.3741362729E+00   1.5737695167E-03   3.4212378679E-04
   1   -19   0    0   8.1004375541E-01   7.9449842006E+00   2.5286486432E-04   2.0569718922E+00   2.3715544129E+00   2.0721901947E-04   2.1394287809E+00   2.3365557737E+00   6.2682961272E-04   2.2406021921E+00   2.3746915450E+00   1.6882785674E-03   2.2429653287E+00   2.3828780774E+00   1.9057093329E-03   2.3547978052E+00   2.4143803104E+00   2.0899451340E-03   2.2025191862E+00   2.3742056873E+00   1.5737614521E-03   3.4212893255E-04
   1   -20   0    0   8.0004721606E-01   7.9451358469E+00   2.5275156715E-04   2.0569005161E+00   2.3715888897E+00   2.0721384130E-04   2.1393499440E+00   2.3366026226E+00   6.2681038707E-04   2.2405798882E+00   2.3747373627E+00   1.6882267857E-03   2.2430745169E+00   2.3829489729E+00   1.9056993541E-03   2.3548895776E+00   2.4144694253E+00   2.0899825577E-03   2.2026357638E+00   2.3742766012E+00   1.5737532115E-03   3.4213418986E-04
   1   -21   0    0   7.9005082913E-01   7.9452908475E+00   2.5263592234E-04   2.0568276383E+00   2.3716241677E+00   2.0720855665E-04   2.1392693359E+00   2.3366505292E+00   6.2679076606E-04   2.2405571941E+00   2.3747842168E+00   1.6881739393E-03   2.2431861082E+00   2.3830213968E+00   1.9056891577E-03   2.3549833177E+00   2.4145604508E+00   2.0900207678E-03   2.2027548894E+00   2.3743490441E+00   1.5737447912E-03   3.4213956093E-04
   1   -22   0    0   7.8005460105E-01   7.9454492715E+00   2.5251788844E-04   2.0567532311E+00   2.3716602653E+00   2.0720316367E-04   2.1391869192E+00   2.3366995163E+00   6.2677074283E-04   2.2405341061E+00   2.3748321297E+00   1.6881200095E-03   2.2433001517E+00   2.3830953792E+00   1.9056787394E-03   2.3550790632E+00   2.4146534238E+00   2.0900597786E-03   2.2028766143E+00   2.3744230459E+00   1.5737361876E-03   3.4214504798E-04
   1   -23   0    0   7.7005853848E-01   7.9456111892E+00   2.5239742360E-04   2.0566772666E+00   2.3716972008E+00   2.0719766050E-04   2.1391026555E+00   2.3367496068E+00   6.2675031048E-04   2.2405106206E+00   2.3748811241E+00   1.6880649778E-03   2.2434166973E+00   2.3831709501E+00   1.9056680949E-03   2.3551768526E+00   2.4147483815E+00   2.0900996047E-03   2.2030009901E+00   2.3744986367E+00   1.5737273972E-03   3.4215065329E-04
   1   -24   0    0   7.6006264836E-01   7.9457766720E+00   2.5227448561E-04   2.0565997163E+00   2.3717349933E+00   2.0719204526E-04   2.1390165059E+00   2.3368008244E+00   6.2672946203E-04   2.2404867343E+00   2.3749312232E+00   1.6880088254E-03   2.2435357956E+00   2.3832481404E+00   1.9056572196E-03   2.3552767248E+00   2.4148453616E+00   2.0901402607E-03   2.2031280693E+00   2.3745758472E+00   1.5737184162E-03   3.4215637915E-04
   1   -25   0    0   7.5006693789E-01   7.9459457924E+00   2.5214903193E-04   2.0565205519E+00   2.3717736621E+00   2.0718631606E-04   2.1389284309E+00   2.3368531931E+00   6.2670819047E-04   2.2404624438E+00   2.3749824505E+00   1.6879515334E-03   2.2436574980E+00   2.3833269810E+00   1.9056461090E-03   2.3553787192E+00   2.4149444025E+00   2.0901817617E-03   2.2032579054E+00   2.3746547086E+00   1.5737092410E-03   3.4216222791E-04
   1   -26   0    0   7.4007141452E-01   7.9461186241E+00   2.5202101965E-04   2.0564397442E+00   2.3718132269E+00   2.0718047099E-04   2.1388383902E+00   2.3369067373E+00   6.2668648873E-04   2.2404377460E+00   2.3750348301E+00   1.6878930827E-03   2.2437818568E+00   2.3834075035E+00   1.9056347586E-03   2.3554828757E+00   2.4150455429E+00   2.0902241224E-03   2.2033905522E+00   2.3747352523E+00   1.5736998677E-03   3.4216820192E-04
   1   -27   0    0   7.3007608601E-01   7.9462952420E+00   2.5189040557E-04   2.0563572642E+00   2.3718537078E+00   2.0717450815E-04   2.1387463429E+00   2.3369614817E+00   6.2666434970E-04   2.2404126380E+00   2.3750883865E+00   1.6878334543E-03   2.2439089251E+00   2.3834897398E+00   1.9056231638E-03   2.3555892347E+00   2.4151488220E+00   2.0902673582E-03   2.2035260647E+00   2.3748175104E+00   1.5736902924E-03   3.4217430359E-04
   1   -28   0    0   7.2008096040E-01   7.9464757222E+00   2.5175714619E-04   2.0562730823E+00   2.3718951252E+00   2.0716842561E-04   2.1386522473E+00   2.3370174516E+00   6.2664176623E-04   2.2403871170E+00   2.3751431444E+00   1.6877726289E-03   2.2440387567E+00   2.3835737222E+00   1.9056113197E-03   2.3556978370E+00   2.4152542795E+00   2.0903114842E-03   2.2036644984E+00   2.3749015150E+00   1.5736805114E-03   3.4218053533E-04
   1   -29   0    0   7.1008604604E-01   7.9466601417E+00   2.5162119774E-04   2.0561871689E+00   2.3719375002E+00   2.0716222142E-04   2.1385560612E+00   2.3370746727E+00   6.2661873112E-04   2.2403611803E+00   2.3751991291E+00   1.6877105870E-03   2.2441714063E+00   2.3836594835E+00   1.9055992216E-03   2.3558087241E+00   2.4153619556E+00   2.0903565158E-03   2.2038059096E+00   2.3749872990E+00   1.5736705207E-03   3.4218689962E-04
   1   -30   0    0   7.0009135156E-01   7.9468485788E+00   2.5148251620E-04   2.0560994938E+00   2.3719808539E+00   2.0715589365E-04   2.1384577417E+00   2.3371331711E+00   6.2659523717E-04   2.2403348257E+00   2.3752563664E+00   1.6876473093E-03   2.2443069292E+00   2.3837470567E+00   1.9055868648E-03   2.3559219377E+00   2.4154718909E+00   2.0904024687E-03   2.2039503552E+00   2.3750748956E+00   1.5736603163E-03   3.4219339893E-04
   1   -31   0    0   6.9009688593E-01   7.9470411131E+00   2.5134105732E-04   2.0560100269E+00   2.3720252081E+00   2.0714944033E-04   2.1383572451E+00   2.3371929734E+00   6.2657127710E-04   2.2403080510E+00   2.3753148825E+00   1.6875827762E-03   2.2444453817E+00   2.3838364754E+00   1.9055742443E-03   2.3560375202E+00   2.4155841264E+00   2.0904493584E-03   2.2040978932E+00   2.3751643381E+00   1.5736498940E-03   3.4220003580E-04
   1   -32   0    0   6.8010265845E-01   7.9472378251E+00   2.5119677666E-04   2.0559187376E+00   2.3720705848E+00   2.0714285952E-04   2.1382545272E+00   2.3372541064E+00   6.2654684364E-04   2.2402808540E+00   2.3753747038E+00   1.6875169681E-03   2.2445868208E+00   2.3839277735E+00   1.9055613551E-03   2.3561555142E+00   2.4156987037E+00   2.0904972006E-03   2.2042485817E+00   2.3752556606E+00   1.5736392500E-03   3.4220681277E-04
   1   -33   0    0   6.7010867874E-01   7.9474387964E+00   2.5104962962E-04   2.0558255952E+00   2.3721170068E+00   2.0713614924E-04   2.1381495430E+00   2.3373165978E+00   6.2652192951E-04   2.2402532332E+00   2.3754358575E+00   1.6874498653E-03   2.2447313042E+00   2.3840209852E+00   1.9055481923E-03   2.3562759628E+00   2.4158156645E+00   2.0905460113E-03   2.2044024801E+00   2.3753488972E+00   1.5736283800E-03   3.4221373241E-04
   1   -34   0    0   6.6011495676E-01   7.9476441099E+00   2.5089957144E-04   2.0557305687E+00   2.3721644968E+00   2.0712930753E-04   2.1380422469E+00   2.3373804751E+00   6.2649652739E-04   2.2402251870E+00   2.3754983709E+00   1.6873814482E-03   2.2448788905E+00   2.3841161452E+00   1.9055347509E-03   2.3563989097E+00   2.4159350513E+00   2.0905958064E-03   2.2045596481E+00   2.3754440827E+00   1.5736172798E-03   3.4222079734E-04
   1   -35   0    0   6.5012150283E-01   7.9478538494E+00   2.5074655726E-04   2.0556336269E+00   2.3722130782E+00   2.0712233241E-04   2.1379325926E+00   2.3374457668E+00   6.2647062996E-04   2.2401967141E+00   2.3755622719E+00   1.6873116971E-03   2.2450296390E+00   2.3842132884E+00   1.9055210256E-03   2.3565243988E+00   2.4160569067E+00   2.0906466019E-03   2.2047201461E+00   2.3755412520E+00   1.5736059453E-03   3.4222801019E-04
   1   -36   0    0   6.4012832764E-01   7.9480681000E+00   2.5059054216E-04   2.0555347386E+00   2.3722627749E+00   2.0711522192E-04   2.1378205334E+00   2.3375125016E+00   6.2644422990E-04   2.2401678137E+00   2.3756275888E+00   1.6872405922E-03   2.2451836096E+00   2.3843124501E+00   1.9055070113E-03   2.3566524744E+00   2.4161812737E+00   2.0906984138E-03   2.2048840353E+00   2.3756404405E+00   1.5735943721E-03   3.4223537362E-04
   1   -37   0    0   6.3013544222E-01   7.9482869476E+00   2.5043148117E-04   2.0554338722E+00   2.3723136110E+00   2.0710797408E-04   2.1377060217E+00   2.3375807085E+00   6.2641731989E-04   2.2401384851E+00   2.3756943503E+00   1.6871681138E-03   2.2453408631E+00   2.3844136660E+00   1.9054927029E-03   2.3567831813E+00   2.4163081958E+00   2.0907512585E-03   2.2050513773E+00   2.3757416837E+00   1.5735825561E-03   3.4224289031E-04
   1   -38   0    0   6.2014285802E-01   7.9485104792E+00   2.5026932931E-04   2.0553309960E+00   2.3723656111E+00   2.0710058693E-04   2.1375890093E+00   2.3376504170E+00   6.2638989263E-04   2.2401087278E+00   2.3757625856E+00   1.6870942423E-03   2.2455014609E+00   2.3845169721E+00   1.9054780951E-03   2.3569165645E+00   2.4164377167E+00   2.0908051520E-03   2.2052222343E+00   2.3758450177E+00   1.5735704927E-03   3.4225056298E-04
   1   -39   0    0   6.1015058683E-01   7.9487387831E+00   2.5010404165E-04   2.0552260783E+00   2.3724188003E+00   2.0709305850E-04   2.1374694475E+00   2.3377216572E+00   6.2636194083E-04   2.2400785419E+00   2.3758323242E+00   1.6870189580E-03   2.2456654652E+00   2.3846224045E+00   1.9054631825E-03   2.3570526693E+00   2.4165698805E+00   2.0908601107E-03   2.2053966693E+00   2.3759504787E+00   1.5735581776E-03   3.4225839436E-04
   1   -40   0    0   6.0015864086E-01   7.9489719482E+00   2.4993557332E-04   2.0551190872E+00   2.3724732040E+00   2.0708538683E-04   2.1373472871E+00   2.3377944594E+00   6.2633345721E-04   2.2400479276E+00   2.3759035960E+00   1.6869422413E-03   2.2458329388E+00   2.3847299998E+00   1.9054479598E-03   2.3571915415E+00   2.4167047315E+00   2.0909161508E-03   2.2055747456E+00   2.3760581033E+00   1.5735456065E-03   3.4226638721E-04
   1   -41   0    0   5.9016703272E-01   7.9492100646E+00   2.4976387959E-04   2.0550099906E+00   2.3725288482E+00   2.0707756997E-04   2.1372224781E+00   2.3378688543E+00   6.2630443454E-04   2.2400168854E+00   2.3759764315E+00   1.6868640728E-03   2.2460039451E+00   2.3848397949E+00   1.9054324216E-03   2.3573332269E+00   2.4168423144E+00   2.0909732886E-03   2.2057565271E+00   2.3761679282E+00   1.5735327749E-03   3.4227454430E-04
   1   -42   0    0   5.8017577544E-01   7.9494532232E+00   2.4958891589E-04   2.0548987565E+00   2.3725857590E+00   2.0706960600E-04   2.1370949700E+00   2.3379448731E+00   6.2627486563E-04   2.2399854164E+00   2.3760508614E+00   1.6867844330E-03   2.2461785483E+00   2.3849518267E+00   1.9054165625E-03   2.3574777719E+00   2.4169826739E+00   2.0910315404E-03   2.2059420782E+00   2.3762799906E+00   1.5735196782E-03   3.4228286844E-04
   1   -43   0    0   5.7018488243E-01   7.9497015158E+00   2.4941063785E-04   2.0547853527E+00   2.3726439632E+00   2.0706149297E-04   2.1369647119E+00   2.3380225473E+00   6.2624474332E-04   2.2399535219E+00   2.3761269168E+00   1.6867033028E-03   2.2463568130E+00   2.3850661325E+00   1.9054003770E-03   2.3576252227E+00   2.4171258553E+00   2.0910909226E-03   2.2061314636E+00   2.3763943277E+00   1.5735063121E-03   3.4229136244E-04
   1   -44   0    0   5.6019436756E-01   7.9499550353E+00   2.4922900137E-04   2.0546697471E+00   2.3727034879E+00   2.0705322898E-04   2.1368316522E+00   2.3381019090E+00   6.2621406052E-04   2.2399212035E+00   2.3762046293E+00   1.6866206629E-03   2.2465388045E+00   2.3851827498E+00   1.9053838597E-03   2.3577756260E+00   2.4172719037E+00   2.0911514514E-03   2.2063247485E+00   2.3765109770E+00   1.5734926718E-03   3.4230002914E-04
   1   -45   0    0   5.5020424511E-01   7.9502138750E+00   2.4904396267E-04   2.0545519076E+00   2.3727643606E+00   2.0704481213E-04   2.1366957391E+00   2.3381829903E+00   6.2618281019E-04   2.2398884635E+00   2.3762840307E+00   1.6865364945E-03   2.2467245887E+00   2.3853017162E+00   1.9053670050E-03   2.3579290286E+00   2.4174208645E+00   2.0912131430E-03   2.2065219984E+00   2.3766299761E+00   1.5734787530E-03   3.4230887138E-04
   1   -46   0    0   5.4021452982E-01   7.9504781294E+00   2.4885547830E-04   2.0544318019E+00   2.3728266092E+00   2.0703624056E-04   2.1365569200E+00   2.3382658239E+00   6.2615098538E-04   2.2398553042E+00   2.3763651534E+00   1.6864507787E-03   2.2469142317E+00   2.3854230696E+00   1.9053498074E-03   2.3580854774E+00   2.4175727834E+00   2.0912760136E-03   2.2067232792E+00   2.3767513630E+00   1.5734645509E-03   3.4231789202E-04
   1   -47   0    0   5.3022523684E-01   7.9507478934E+00   2.4866350528E-04   2.0543093981E+00   2.3728902619E+00   2.0702751240E-04   2.1364151421E+00   2.3383504428E+00   6.2611857920E-04   2.2398217288E+00   2.3764480300E+00   1.6863634972E-03   2.2471078006E+00   2.3855468479E+00   1.9053322613E-03   2.3582450194E+00   2.4177277059E+00   2.0913400793E-03   2.2069286570E+00   2.3768751755E+00   1.5734500611E-03   3.4232709395E-04
   1   -48   0    0   5.2023638179E-01   7.9510232627E+00   2.4846800106E-04   2.0541846640E+00   2.3729553475E+00   2.0701862584E-04   2.1362703522E+00   2.3384368804E+00   6.2608558487E-04   2.2397877405E+00   2.3765326934E+00   1.6862746316E-03   2.2473053624E+00   2.3856730892E+00   1.9053143610E-03   2.3584077016E+00   2.4178856777E+00   2.0914053561E-03   2.2071381981E+00   2.3770014517E+00   1.5734352788E-03   3.4233648003E-04
   1   -49   0    0   5.1024798073E-01   7.9513043337E+00   2.4826892366E-04   2.0540575679E+00   2.3730218951E+00   2.0700957906E-04   2.1361224965E+00   2.3385251703E+00   6.2605199571E-04   2.2397533431E+00   2.3766191769E+00   1.6861841638E-03   2.2475069850E+00   2.3858018316E+00   1.9052961012E-03   2.3585735711E+00   2.4180467446E+00   2.0914718599E-03   2.2073519690E+00   2.3771302298E+00   1.5734201996E-03   3.4234605317E-04
   1   -50   0    0   5.0026005018E-01   7.9515912031E+00   2.4806623168E-04   2.0539280779E+00   2.3730899339E+00   2.0700037030E-04   2.1359715212E+00   2.3386153463E+00   6.2601780515E-04   2.2397185411E+00   2.3767075140E+00   1.6860920763E-03   2.2477127361E+00   2.3859331132E+00   1.9052774760E-03   2.3587426749E+00   2.4182109522E+00   2.0915396065E-03   2.2075700364E+00   2.3772615480E+00   1.5734048187E-03   3.4235581626E-04
   1   -51   0    0   4.9027260712E-01   7.9518839685E+00   2.4785988438E-04   2.0537961625E+00   2.3731594938E+00   2.0699099783E-04   2.1358173721E+00   2.3387074428E+00   6.2598300672E-04   2.2396833391E+00   2.3767977387E+00   1.6859983515E-03   2.2479226843E+00   2.3860669722E+00   1.9052584800E-03   2.3589150601E+00   2.4183783461E+00   2.0916086114E-03   2.2077924668E+00   2.3773954444E+00   1.5733891315E-03   3.4236577219E-04
   1   -52   0    0   4.8028566898E-01   7.9521827276E+00   2.4764984174E-04   2.0536617902E+00   2.3732306049E+00   2.0698145993E-04   2.1356599946E+00   2.3388014942E+00   6.2594759413E-04   2.2396477425E+00   2.3768898849E+00   1.6859029726E-03   2.2481368981E+00   2.3862034470E+00   1.9052391075E-03   2.3590907735E+00   2.4185489720E+00   2.0916788901E-03   2.2080193269E+00   2.3775319574E+00   1.5733731334E-03   3.4237592387E-04
   1   -53   0    0   4.7029925367E-01   7.9524875784E+00   2.4743606455E-04   2.0535249299E+00   2.3733032976E+00   2.0697175496E-04   2.1354993342E+00   2.3388975353E+00   6.2591156118E-04   2.2396117570E+00   2.3769839873E+00   1.6858059229E-03   2.2483554462E+00   2.3863425754E+00   1.9052193530E-03   2.3592698618E+00   2.4187228751E+00   2.0917504579E-03   2.2082506832E+00   2.3776711249E+00   1.5733568199E-03   3.4238627420E-04
   1   -54   0    0   4.6031337953E-01   7.9527986196E+00   2.4721851446E-04   2.0533855506E+00   2.3733776026E+00   2.0696188128E-04   2.1353353360E+00   2.3389956009E+00   6.2587490188E-04   2.2395753889E+00   2.3770800802E+00   1.6857071861E-03   2.2485783976E+00   2.3864843957E+00   1.9051992108E-03   2.3594523715E+00   2.4189001006E+00   2.0918233298E-03   2.2084866022E+00   2.3778129851E+00   1.5733401862E-03   3.4239682605E-04
   1   -55   0    0   4.5032806539E-01   7.9531159496E+00   2.4699715405E-04   2.0532436219E+00   2.3734535510E+00   2.0695183733E-04   2.1351679453E+00   2.3390957263E+00   6.2583761037E-04   2.2395386450E+00   2.3771781986E+00   1.6856067466E-03   2.2488058215E+00   2.3866289457E+00   1.9051786755E-03   2.3596383489E+00   2.4190806934E+00   2.0918975206E-03   2.2087271501E+00   2.3779575758E+00   1.5733232278E-03   3.4240758233E-04
   1   -56   0    0   4.4034333052E-01   7.9534396672E+00   2.4677194688E-04   2.0530991133E+00   2.3735311742E+00   2.0694162157E-04   2.1349971070E+00   2.3391979466E+00   6.2579968098E-04   2.2395015327E+00   2.3772783774E+00   1.6855045891E-03   2.2490377868E+00   2.3867762631E+00   1.9051577414E-03   2.3598278399E+00   2.4192646981E+00   2.0919730449E-03   2.2089723926E+00   2.3781049349E+00   1.5733059401E-03   3.4241854590E-04
   1   -57   0    0   4.3035919464E-01   7.9537698713E+00   2.4654285764E-04   2.0529519950E+00   2.3736105036E+00   2.0693123253E-04   2.1348227664E+00   2.3393022975E+00   6.2576110824E-04   2.2394640599E+00   2.3773806518E+00   1.6854006988E-03   2.2492743626E+00   2.3869263854E+00   1.9051364031E-03   2.3600208902E+00   2.4194521591E+00   2.0920499169E-03   2.2092223954E+00   2.3782550999E+00   1.5732883186E-03   3.4242971963E-04
   1   -58   0    0   4.2037567794E-01   7.9541066604E+00   2.4630985213E-04   2.0528022375E+00   2.3736915712E+00   2.0692066880E-04   2.1346448687E+00   2.3394088143E+00   6.2572188688E-04   2.2394262350E+00   2.3774850570E+00   1.6852950615E-03   2.2495156179E+00   2.3870793501E+00   1.9051146551E-03   2.3602175447E+00   2.4196431202E+00   2.0921281505E-03   2.2094772235E+00   2.3784081081E+00   1.5732703589E-03   3.4244110635E-04
   1   -59   0    0   4.1039280102E-01   7.9544501332E+00   2.4607289742E-04   2.0526498118E+00   2.3737744089E+00   2.0690992901E-04   2.1344633594E+00   2.3395175329E+00   6.2568201184E-04   2.2393880671E+00   2.3775916283E+00   1.6851876636E-03   2.2497616215E+00   2.3872351939E+00   1.9050924920E-03   2.3604178484E+00   2.4198376246E+00   2.0922077594E-03   2.2097369413E+00   2.3785639964E+00   1.5732520563E-03   3.4245270889E-04
   1   -60   0    0   4.0041058495E-01   7.9548003877E+00   2.4583196187E-04   2.0524946893E+00   2.3738590489E+00   2.0689901186E-04   2.1342781842E+00   2.3396284887E+00   6.2564147831E-04   2.2393495656E+00   2.3777004013E+00   1.6850784921E-03   2.2500124419E+00   2.3873939537E+00   1.9050699085E-03   2.3606218452E+00   2.4200357154E+00   2.0922887569E-03   2.2100016127E+00   2.3787228016E+00   1.5732334065E-03   3.4246453004E-04
   1   -61   0    0   3.9042905119E-01   7.9551575220E+00   2.4558701524E-04   2.0523368421E+00   2.3739455237E+00   2.0688791613E-04   2.1340892890E+00   2.3397417177E+00   6.2560028170E-04   2.2393107408E+00   2.3778114113E+00   1.6849675348E-03   2.2502681473E+00   2.3875556655E+00   1.9050468992E-03   2.3608295787E+00   2.4202374348E+00   2.0923711558E-03   2.2102713010E+00   2.3788845598E+00   1.5732144051E-03   3.4247657258E-04
   1   -62   0    0   3.8044822164E-01   7.9555216333E+00   2.4533802876E-04   2.0521762425E+00   2.3740338658E+00   2.0687664063E-04   2.1338966203E+00   2.3398572554E+00   6.2555841769E-04   2.2392716034E+00   2.3779246938E+00   1.6848547799E-03   2.2505288056E+00   2.3877203653E+00   1.9050234590E-03   2.3610410917E+00   2.4204428243E+00   2.0924549686E-03   2.2105460683E+00   2.3790493070E+00   1.5731950479E-03   3.4248883924E-04
   1   -63   0    0   3.7046811859E-01   7.9558928184E+00   2.4508497523E-04   2.0520128638E+00   2.3741241078E+00   2.0686518430E-04   2.1337001251E+00   2.3399751374E+00   6.2551588224E-04   2.2392321646E+00   2.3780402841E+00   1.6847402165E-03   2.2507944841E+00   2.3878880882E+00   1.9049995827E-03   2.3612564264E+00   2.4206519249E+00   2.0925402073E-03   2.2108259760E+00   2.3792170783E+00   1.5731753305E-03   3.4250133273E-04
   1   -64   0    0   3.6048876471E-01   7.9562711732E+00   2.4482782908E-04   2.0518466798E+00   2.3742162824E+00   2.0685354610E-04   2.1334997508E+00   2.3400953993E+00   6.2547267157E-04   2.2391924363E+00   2.3781582176E+00   1.6846238346E-03   2.2510652494E+00   2.3880588691E+00   1.9049752652E-03   2.3614756240E+00   2.4208647767E+00   2.0926268835E-03   2.2111110845E+00   2.3793879087E+00   1.5731552487E-03   3.4251405571E-04
   1   -65   0    0   3.5051018304E-01   7.9566567928E+00   2.4456656645E-04   2.0516776648E+00   2.3743104225E+00   2.0684172510E-04   2.1332954456E+00   2.3402180765E+00   6.2542878221E-04   2.2391524310E+00   2.3782785294E+00   1.6845056247E-03   2.2513411677E+00   2.3882327421E+00   1.9049505015E-03   2.3616987250E+00   2.4210814189E+00   2.0927150082E-03   2.2114014529E+00   2.3795618321E+00   1.5731347985E-03   3.4252701080E-04
   1   -66   0    0   3.4053239698E-01   7.9570497712E+00   2.4430116530E-04   2.0515057942E+00   2.3744065607E+00   2.0682972046E-04   2.1330871586E+00   2.3403432041E+00   6.2538421100E-04   2.2391121616E+00   2.3784012545E+00   1.6843855783E-03   2.2516223042E+00   2.3884097407E+00   1.9049252868E-03   2.3619257688E+00   2.4213018899E+00   2.0928045919E-03   2.2116971392E+00   2.3797388823E+00   1.5731139759E-03   3.4254020058E-04
   1   -67   0    0   3.3055543025E-01   7.9574502015E+00   2.4403160548E-04   2.0513310439E+00   2.3745047298E+00   2.0681753141E-04   2.1328748397E+00   2.3404708171E+00   6.2533895510E-04   2.2390716418E+00   2.3785264277E+00   1.6842636878E-03   2.2519087234E+00   2.3885898976E+00   1.9048996163E-03   2.3621567940E+00   2.4215262270E+00   2.0928956447E-03   2.2119981999E+00   2.3799190918E+00   1.5730927768E-03   3.4255362756E-04
   1   -68   0    0   3.2057930686E-01   7.9578581753E+00   2.4375786880E-04   2.0511533906E+00   2.3746049625E+00   2.0680515728E-04   2.1326584396E+00   2.3406009501E+00   6.2529301202E-04   2.2390308857E+00   2.3786540836E+00   1.6841399465E-03   2.2522004885E+00   2.3887732448E+00   1.9048734854E-03   2.3623918377E+00   2.4217544665E+00   2.0929881760E-03   2.2123046900E+00   2.3801024927E+00   1.5730711976E-03   3.4256729420E-04
   1   -69   0    0   3.1060405111E-01   7.9582737826E+00   2.4347993912E-04   2.0509728120E+00   2.3747072913E+00   2.0679259748E-04   2.1324379105E+00   2.3407336376E+00   6.2524637960E-04   2.2389899079E+00   2.3787842563E+00   1.6840143486E-03   2.2524976620E+00   2.3889598134E+00   1.9048468896E-03   2.3626309362E+00   2.4219866434E+00   2.0930821944E-03   2.2126166630E+00   2.3802891162E+00   1.5730492344E-03   3.4258120292E-04
   1   -70   0    0   3.0062968755E-01   7.9586971120E+00   2.4319780245E-04   2.0507892865E+00   2.3748117487E+00   2.0677985154E-04   2.1322132056E+00   2.3408689135E+00   6.2519905605E-04   2.2389487237E+00   2.3789169797E+00   1.6838868891E-03   2.2528003049E+00   2.3891496338E+00   1.9048198245E-03   2.3628741244E+00   2.4222227917E+00   2.0931777082E-03   2.2129341706E+00   2.3804789925E+00   1.5730268836E-03   3.4259535603E-04
   1   -71   0    0   2.9065624095E-01   7.9591282504E+00   2.4291144701E-04   2.0506027936E+00   2.3749183669E+00   2.0676691907E-04   2.1319842794E+00   2.3410068112E+00   6.2515103997E-04   2.2389073488E+00   2.3790522873E+00   1.6837575645E-03   2.2531084770E+00   2.3893427350E+00   1.9047922858E-03   2.3631214358E+00   2.4224629439E+00   2.0932747250E-03   2.2132572626E+00   2.3806721509E+00   1.5730041418E-03   3.4260975581E-04
   1   -72   0    0   2.8068373626E-01   7.9595672826E+00   2.4262086332E-04   2.0504133137E+00   2.3750271779E+00   2.0675379980E-04   2.1317510881E+00   2.3411473639E+00   6.2510233032E-04   2.2388657995E+00   2.3791902119E+00   1.6836263718E-03   2.2534222367E+00   2.3895391455E+00   1.9047642696E-03   2.3633729025E+00   2.4227071313E+00   2.0933732513E-03   2.2135859868E+00   2.3808686196E+00   1.5729810056E-03   3.4262440444E-04
   1   -73   0    0   2.7071219857E-01   7.9600142913E+00   2.4232604425E-04   2.0502208282E+00   2.3751382134E+00   2.0674049356E-04   2.1315135894E+00   2.3412906040E+00   6.2505292649E-04   2.2388240926E+00   2.3793307860E+00   1.6834933094E-03   2.2537416408E+00   2.3897388922E+00   1.9047357718E-03   2.3636285552E+00   2.4229553835E+00   2.0934732934E-03   2.2139203891E+00   2.3810684258E+00   1.5729574718E-03   3.4263930404E-04
   1   -74   0    0   2.6074165310E-01   7.9604693570E+00   2.4202698514E-04   2.0500253194E+00   2.3752515046E+00   2.0672700029E-04   2.1312717427E+00   2.3414365634E+00   6.2500282826E-04   2.2387822451E+00   2.3794740414E+00   1.6833583768E-03   2.2540667443E+00   2.3899420013E+00   1.9047067889E-03   2.3638884229E+00   2.4232077289E+00   2.0935748565E-03   2.2142605127E+00   2.3812715954E+00   1.5729335373E-03   3.4265445661E-04
   1   -75   0    0   2.5077212512E-01   7.9609325578E+00   2.4172368385E-04   2.0498267708E+00   2.3753670827E+00   2.0671332005E-04   2.1310255093E+00   2.3415852732E+00   6.2495203583E-04   2.2387402747E+00   2.3796200094E+00   1.6832215745E-03   2.2543976006E+00   2.3901484973E+00   1.9046773172E-03   2.3641525330E+00   2.4234641940E+00   2.0936779452E-03   2.2146063987E+00   2.3814781532E+00   1.5729091991E-03   3.4266986410E-04
   1   -76   0    0   2.4080363993E-01   7.9614039692E+00   2.4141614081E-04   2.0496251671E+00   2.3754849779E+00   2.0669945302E-04   2.1307748527E+00   2.3417367640E+00   6.2490054987E-04   2.2386981996E+00   2.3797687204E+00   1.6830829041E-03   2.2547342610E+00   2.3903584037E+00   1.9046473535E-03   2.3644209112E+00   2.4237248037E+00   2.0937825633E-03   2.2149580857E+00   2.3816881227E+00   1.5728844546E-03   3.4268552834E-04
   1   -77   0    0   2.3083622282E-01   7.9618836637E+00   2.4110435913E-04   2.0494204939E+00   2.3756052205E+00   2.0668539948E-04   2.1305197385E+00   2.3418910654E+00   6.2484837144E-04   2.2386560381E+00   2.3799202042E+00   1.6829423688E-03   2.2550767749E+00   2.3905717427E+00   1.9046168945E-03   2.3646935812E+00   2.4239895810E+00   2.0938887135E-03   2.2153156095E+00   2.3819015260E+00   1.5728593012E-03   3.4270145106E-04
   1   -78   0    0   2.2086989899E-01   7.9623717110E+00   2.4078834462E-04   2.0492127382E+00   2.3757278398E+00   2.0667115985E-04   2.1302601345E+00   2.3420482063E+00   6.2479550209E-04   2.2386138091E+00   2.3800744896E+00   1.6827999725E-03   2.2554251892E+00   2.3907885349E+00   1.9045859373E-03   2.3649705650E+00   2.4242585474E+00   2.0939963980E-03   2.2156790031E+00   2.3821183837E+00   1.5728337364E-03   3.4271763388E-04
   1   -79   0    0   2.1090469352E-01   7.9628681775E+00   2.4046810588E-04   2.0490018880E+00   2.3758528647E+00   2.0665673467E-04   2.1299960111E+00   2.3422082145E+00   6.2474194383E-04   2.2385715316E+00   2.3802316046E+00   1.6826557208E-03   2.2557795487E+00   2.3910087993E+00   1.9045544794E-03   2.3652518824E+00   2.4245317221E+00   2.0941056180E-03   2.2160482966E+00   2.3823387149E+00   1.5728077579E-03   3.4273407832E-04
   1   -80   0    0   2.0094063133E-01   7.9633731265E+00   2.4014365433E-04   2.0487879325E+00   2.3759803232E+00   2.0664212460E-04   2.1297273414E+00   2.3423711169E+00   6.2468769911E-04   2.2385292250E+00   2.3803915762E+00   1.6825096202E-03   2.2561398957E+00   2.3912325536E+00   1.9045225181E-03   2.3655375512E+00   2.4248091224E+00   2.0942163737E-03   2.2164235170E+00   2.3825625372E+00   1.5727813639E-03   3.4275078578E-04
   1   -81   0    0   1.9097773708E-01   7.9638866174E+00   2.3981500430E-04   2.0485708623E+00   2.3761102428E+00   2.0662733045E-04   2.1294541012E+00   2.3425369395E+00   6.2463277090E-04   2.2384869090E+00   2.3805544305E+00   1.6823616786E-03   2.2565062699E+00   2.3914598138E+00   1.9044900513E-03   2.3658275873E+00   2.4250907636E+00   2.0943286644E-03   2.2168046881E+00   2.3827898667E+00   1.5727545523E-03   3.4276775754E-04
   1   -82   0    0   1.8101603515E-01   7.9644087061E+00   2.3948217303E-04   2.0483506692E+00   2.3762426501E+00   2.0661235313E-04   2.1291762693E+00   2.3427057069E+00   6.2457716262E-04   2.2384446034E+00   2.3807201922E+00   1.6822119055E-03   2.2568787081E+00   2.3916905939E+00   1.9044570770E-03   2.3661220040E+00   2.4253766588E+00   2.0944424887E-03   2.2171918303E+00   2.3830207176E+00   1.5727273217E-03   3.4278499474E-04
   1   -83   0    0   1.7105554957E-01   7.9649394447E+00   2.3914518072E-04   2.0481273461E+00   2.3763775707E+00   2.0659719369E-04   2.1288938275E+00   2.3428774426E+00   6.2452087819E-04   2.2384023280E+00   2.3808888853E+00   1.6820603112E-03   2.2572572443E+00   2.3919249067E+00   1.9044235935E-03   2.3664208124E+00   2.4256668187E+00   2.0945578438E-03   2.2175849605E+00   2.3832551022E+00   1.5726996705E-03   3.4280249841E-04
   1   -84   0    0   1.6109630393E-01   7.9654788808E+00   2.3880405060E-04   2.0479008874E+00   2.3765150296E+00   2.0658185334E-04   2.1286067612E+00   2.3430521690E+00   6.2446392203E-04   2.2383601031E+00   2.3810605320E+00   1.6819069076E-03   2.2576419097E+00   2.3921627626E+00   1.9043895993E-03   2.3667240214E+00   2.4259612519E+00   2.0946747265E-03   2.2179840920E+00   2.3834930314E+00   1.5726715977E-03   3.4282026942E-04
   1   -85   0    0   1.5113832136E-01   7.9660270582E+00   2.3845880891E-04   2.0476712887E+00   2.3766550505E+00   2.0656633338E-04   2.1283150589E+00   2.3432299070E+00   6.2440629904E-04   2.2383179485E+00   2.3812351537E+00   1.6817517081E-03   2.2580327319E+00   2.3924041705E+00   1.9043550933E-03   2.3670316374E+00   2.4262599647E+00   2.0947931320E-03   2.2183892343E+00   2.3837345140E+00   1.5726431021E-03   3.4283830852E-04
   1   -86   0    0   1.4118162441E-01   7.9665840158E+00   2.3810948495E-04   2.0474385470E+00   2.3767976561E+00   2.0655063528E-04   2.1280187128E+00   2.3434106761E+00   6.2434801464E-04   2.2382758846E+00   2.3814127700E+00   1.6815947271E-03   2.2584297357E+00   2.3926491372E+00   1.9043200746E-03   2.3673436640E+00   2.4265629605E+00   2.0949130550E-03   2.2188003932E+00   2.3839795566E+00   1.5726141832E-03   3.4285661630E-04
   1   -87   0    0   1.3122623504E-01   7.9671497881E+00   2.3775611109E-04   2.0472026604E+00   2.3769428680E+00   2.0653476063E-04   2.1277177189E+00   2.3435944944E+00   6.2428907472E-04   2.2382339311E+00   2.3815933995E+00   1.6814359807E-03   2.2588329420E+00   2.3928976674E+00   1.9042845425E-03   2.3676601027E+00   2.4268702408E+00   2.0950344888E-03   2.2192175703E+00   2.3842281642E+00   1.5725848403E-03   3.4287519321E-04
   1   -88   0    0   1.2127217448E-01   7.9677244048E+00   2.3739872277E-04   2.0469636285E+00   2.3770907066E+00   2.0651871115E-04   2.1274120771E+00   2.3437813784E+00   6.2422948570E-04   2.2381921081E+00   2.3817770590E+00   1.6812754859E-03   2.2592423685E+00   2.3931497641E+00   1.9042484968E-03   2.3679809519E+00   2.4271818042E+00   2.0951574260E-03   2.2196407631E+00   2.3844803395E+00   1.5725550732E-03   3.4289403954E-04
   1   -89   0    0   1.1131946323E-01   7.9683078905E+00   2.3703735851E-04   2.0467214521E+00   2.3772411911E+00   2.0650248870E-04   2.1271017914E+00   2.3439713431E+00   6.2416925449E-04   2.2381504351E+00   2.3819637638E+00   1.6811132615E-03   2.2596580290E+00   2.3934054277E+00   1.9042119375E-03   2.3683062076E+00   2.4274976466E+00   2.0952818580E-03   2.2200699650E+00   2.3847360832E+00   1.5725248820E-03   3.4291315542E-04
   1   -90   0    0   1.0136812092E-01   7.9689002646E+00   2.3667205990E-04   2.0464761334E+00   2.3773943392E+00   2.0648609528E-04   2.1267868700E+00   2.3441644018E+00   6.2410838848E-04   2.2381089316E+00   2.3821535275E+00   1.6809493273E-03   2.2600799337E+00   2.3936646568E+00   1.9041748648E-03   2.3686358631E+00   2.4278177616E+00   2.0954077752E-03   2.2205051649E+00   2.3849953937E+00   1.5724942669E-03   3.4293254082E-04
   1   -91   0    0   9.1418166292E-02   7.9695015414E+00   2.3630287159E-04   2.0462276758E+00   2.3775501675E+00   2.0646953302E-04   2.1264673254E+00   2.3443605660E+00   6.2404689558E-04   2.2380676167E+00   2.3823463621E+00   1.6807837047E-03   2.2605080888E+00   2.3939274477E+00   1.9041372793E-03   2.3689699086E+00   2.4281421396E+00   2.0955351669E-03   2.2209463474E+00   2.3852582674E+00   1.5724632283E-03   3.4295219553E-04
   1   -92   0    0   8.1469617095E-02   7.9701117295E+00   2.3592984127E-04   2.0459760841E+00   2.3777086909E+00   2.0645280417E-04   2.1261431746E+00   2.3445598456E+00   6.2398478417E-04   2.2380265092E+00   2.3825422779E+00   1.6806164163E-03   2.2609424962E+00   2.3941937943E+00   1.9040991821E-03   2.3693083317E+00   2.4284707686E+00   2.0956640215E-03   2.2213934925E+00   2.3855246982E+00   1.5724317671E-03   3.4297211921E-04
   1   -93   0    0   7.1522490018E-02   7.9707308319E+00   2.3555301963E-04   2.0457213642E+00   2.3778699227E+00   2.0643591112E-04   2.1258144394E+00   2.3447622484E+00   6.2392206311E-04   2.2379856271E+00   2.3827412832E+00   1.6804474858E-03   2.2613831542E+00   2.3944636883E+00   1.9040605743E-03   2.3696511170E+00   2.4288036338E+00   2.0957943264E-03   2.2218465756E+00   2.3857946779E+00   1.5723998842E-03   3.4299231130E-04
   1   -94   0    0   6.1576800614E-02   7.9713588460E+00   2.3517246033E-04   2.0454635234E+00   2.3780338750E+00   2.0641885638E-04   2.1254811463E+00   2.3449677805E+00   6.2385874175E-04   2.2379449884E+00   2.3829433846E+00   1.6802769385E-03   2.2618300562E+00   2.3947371193E+00   1.9040214574E-03   2.3699982464E+00   2.4291407173E+00   2.0959260676E-03   2.2223055675E+00   2.3860681958E+00   1.5723675809E-03   3.4301277110E-04
   1   -95   0    0   5.1632563235E-02   7.9719957632E+00   2.3478821996E-04   2.0452025702E+00   2.3782005580E+00   2.0640164261E-04   2.1251433266E+00   2.3451764460E+00   6.2379482990E-04   2.2379046101E+00   2.3831485865E+00   1.6801048008E-03   2.2622831918E+00   2.3950140741E+00   1.9039818334E-03   2.3703496985E+00   2.4294819986E+00   2.0960592307E-03   2.2227704341E+00   2.3863452391E+00   1.5723348589E-03   3.4303349771E-04
   1   -96   0    0   4.1689790951E-02   7.9726415689E+00   2.3440035798E-04   2.0449385142E+00   2.3783699801E+00   2.0638427255E-04   2.1248010167E+00   2.3453882469E+00   6.2373033781E-04   2.2378645086E+00   2.3833568918E+00   1.6799311003E-03   2.2627425459E+00   2.3952945374E+00   1.9039417045E-03   2.3707054493E+00   2.4298274542E+00   2.0961937997E-03   2.2232411364E+00   2.3866257922E+00   1.5723017199E-03   3.4305449005E-04
   1   -97   0    0   3.1748495484E-02   7.9732962422E+00   2.3400893669E-04   2.0446713663E+00   2.3785421483E+00   2.0636674911E-04   2.1244542581E+00   2.3456031832E+00   6.2366527620E-04   2.2378246998E+00   2.3835683008E+00   1.6797558659E-03   2.2632080989E+00   2.3955784914E+00   1.9039010732E-03   2.3710654715E+00   2.4301770577E+00   2.0963297580E-03   2.2237176309E+00   2.3869098375E+00   1.5722681660E-03   3.4307574688E-04
   1   -98   0    0   2.1808687138E-02   7.9739597564E+00   2.3361402111E-04   2.0444011384E+00   2.3787170674E+00   2.0634907527E-04   2.1241030975E+00   2.3458212529E+00   6.2359965621E-04   2.2377851984E+00   2.3837828121E+00   1.6795791275E-03   2.2636798265E+00   2.3958659159E+00   1.9038599423E-03   2.3714297350E+00   2.4305307798E+00   2.0964670878E-03   2.2241998687E+00   2.3871973546E+00   1.5722341995E-03   3.4309726675E-04
   1   -99   0    0   1.1870374731E-02   7.9746320779E+00   2.3321567895E-04   2.0441278438E+00   2.3788947407E+00   2.0633125415E-04   2.1237475868E+00   2.3460424517E+00   6.2353348941E-04   2.2377460187E+00   2.3840004220E+00   1.6794009164E-03   2.2641576998E+00   2.3961567881E+00   1.9038183150E-03   2.3717982067E+00   2.4308885884E+00   2.0966057706E-03   2.2246877963E+00   2.3874883210E+00   1.5721998231E-03   3.4311904805E-04
   1  -100   0    0   1.9335655331E-03   7.9753131673E+00   2.3281398052E-04   2.0438514966E+00   2.3790751693E+00   2.0631328899E-04   2.1233877836E+00   2.3462667731E+00   6.2346678777E-04   2.2377071738E+00   2.3842211249E+00   1.6792212648E-03   2.2646416854E+00   2.3964510830E+00   1.9037761949E-03   2.3721708503E+00   2.4312504482E+00   2.0967457866E-03   2.2251813551E+00   2.3877827114E+00   1.5721650397E-03   3.4314108895E-04
   1  -101   0    0  -8.0017347993E-03   7.9760029782E+00   2.3240899864E-04   2.0435721121E+00   2.3792583526E+00   2.0629518310E-04   2.1230237505E+00   2.3464942086E+00   6.2339956364E-04   2.2376686757E+00   2.3844449126E+00   1.6790402060E-03   2.2651317447E+00   2.3967487729E+00   1.9037335856E-03   2.3725476267E+00   2.4316163212E+00   2.0968871153E-03   2.2256804816E+00   2.3880804982E+00   1.5721298524E-03   3.4316338747E-04
   1  -102   0    0  -1.7935522278E-02   7.9767014580E+00   2.3200080854E-04   2.0432897066E+00   2.3794442880E+00   2.0627693991E-04   2.1226555558E+00   2.3467247473E+00   6.2333182977E-04   2.2376305356E+00   2.3846717750E+00   1.6788577742E-03   2.2656278346E+00   2.3970498277E+00   1.9036904914E-03   2.3729284937E+00   2.4319861665E+00   2.0970297354E-03   2.2261851072E+00   2.3883816513E+00   1.5720942646E-03   3.4318594142E-04
   1  -103   0    0  -2.7867794641E-02   7.9774085475E+00   2.3158948779E-04   2.0430042972E+00   2.3796329706E+00   2.0625856296E-04   2.1222832732E+00   2.3469583759E+00   6.2326359924E-04   2.2375927634E+00   2.3849016996E+00   1.6786740047E-03   2.2661299070E+00   2.3973542149E+00   1.9036469167E-03   2.3733134062E+00   2.4323599402E+00   2.0971736245E-03   2.2266951584E+00   2.3886861382E+00   1.5720582800E-03   3.4320874842E-04
   1  -104   0    0  -3.7798551400E-02   7.9781241807E+00   2.3117511617E-04   2.0427159023E+00   2.3798243939E+00   2.0624005586E-04   2.1219069820E+00   2.3471950792E+00   6.2319488550E-04   2.2375553680E+00   2.3851346717E+00   1.6784889338E-03   2.2666379088E+00   2.3976618992E+00   1.9036028663E-03   2.3737023161E+00   2.4327375956E+00   2.0973187595E-03   2.2272105568E+00   2.3889939238E+00   1.5720219025E-03   3.4323180593E-04
   1  -105   0    0  -4.7727793891E-02   7.9788482851E+00   2.3075777557E-04   2.0424245408E+00   2.3800185489E+00   2.0622142232E-04   2.1215267670E+00   2.3474348392E+00   6.2312570230E-04   2.2375183569E+00   2.3853706742E+00   1.6783025984E-03   2.2671517823E+00   2.3979728434E+00   1.9035583451E-03   2.3740951724E+00   2.4331190831E+00   2.0974651165E-03   2.2277312191E+00   2.3893049705E+00   1.5719851363E-03   3.4325511120E-04
   1  -106   0    0  -5.7655525315E-02   7.9795807817E+00   2.3033754989E-04   2.0421302327E+00   2.3802154246E+00   2.0620266613E-04   2.1211427185E+00   2.3476776359E+00   6.2305606369E-04   2.2374817365E+00   2.3856096879E+00   1.6781150365E-03   2.2676714647E+00   2.3982870075E+00   1.9035133585E-03   2.3744919212E+00   2.4335043505E+00   2.0976126708E-03   2.2282570569E+00   2.3896192385E+00   1.5719479858E-03   3.4327866129E-04
   1  -107   0    0  -6.7581750773E-02   7.9803215847E+00   2.2991452491E-04   2.0418329989E+00   2.3804150082E+00   2.0618379114E-04   2.1207549322E+00   2.3479234470E+00   6.2298598403E-04   2.2374455118E+00   2.3858516911E+00   1.6779262866E-03   2.2681968882E+00   2.3986043490E+00   1.9034679122E-03   2.3748925057E+00   2.4338933424E+00   2.0977613968E-03   2.2287879774E+00   2.3899366855E+00   1.5719104556E-03   3.4330245312E-04
   1  -108   0    0  -7.7506477303E-02   7.9810706017E+00   2.2948878818E-04   2.0415328609E+00   2.3806172843E+00   2.0616480129E-04   2.1203635094E+00   2.3481722476E+00   6.2291547792E-04   2.2374096865E+00   2.3860966597E+00   1.6777363882E-03   2.2687279805E+00   2.3989248234E+00   1.9034220121E-03   2.3752968664E+00   2.4342860012E+00   2.0979112684E-03   2.2293238827E+00   2.3902572666E+00   1.5718725506E-03   3.4332648337E-04
   1  -109   0    0  -8.7429713903E-02   7.9818277338E+00   2.2906042894E-04   2.0412298411E+00   2.3808222357E+00   2.0614570059E-04   2.1199685566E+00   2.3484240107E+00   6.2284456022E-04   2.2373742628E+00   2.3863445676E+00   1.6775453812E-03   2.2692646640E+00   2.3992483834E+00   1.9033756644E-03   2.3757049409E+00   2.4346822662E+00   2.0980622588E-03   2.2298646704E+00   2.3905809347E+00   1.5718342760E-03   3.4335074859E-04
   1  -110   0    0  -9.7351471554E-02   7.9825928756E+00   2.2862953791E-04   2.0409239625E+00   2.3810298428E+00   2.0612649308E-04   2.1195701857E+00   2.3486787068E+00   6.2277324599E-04   2.2373392418E+00   2.3865953860E+00   1.6773533063E-03   2.2698068566E+00   2.3995749797E+00   1.9033288755E-03   2.3761166642E+00   2.4350820743E+00   2.0982143404E-03   2.2304102337E+00   2.3909076405E+00   1.5717956371E-03   3.4337524513E-04
   1  -111   0    0  -1.0727176324E-01   7.9833659153E+00   2.2819620725E-04   2.0406152489E+00   2.3812400839E+00   2.0610718290E-04   2.1191685138E+00   2.3489363043E+00   6.2270155053E-04   2.2373046228E+00   2.3868490842E+00   1.6771602045E-03   2.2703544714E+00   2.3999045606E+00   1.9032816521E-03   2.3765319687E+00   2.4354853598E+00   2.0983674851E-03   2.2309604610E+00   2.3912373323E+00   1.5717566394E-03   3.4339996916E-04
   1  -112   0    0  -1.1719060394E-01   7.9841467344E+00   2.2776053044E-04   2.0403037248E+00   2.3814529353E+00   2.0608777420E-04   2.1187636628E+00   2.3491967692E+00   6.2262948929E-04   2.2372704040E+00   2.3871056289E+00   1.6769661175E-03   2.2709074168E+00   2.4002370721E+00   1.9032340014E-03   2.3769507840E+00   2.4358920543E+00   2.0985216644E-03   2.2315152365E+00   2.3915699561E+00   1.5717172887E-03   3.4342491671E-04
   1  -113   0    0  -1.2710801066E-01   7.9849352085E+00   2.2732260209E-04   2.0399894153E+00   2.3816683709E+00   2.0606827120E-04   2.1183557600E+00   2.3494600650E+00   6.2255707791E-04   2.2372365819E+00   2.3873649846E+00   1.6767710875E-03   2.2714655963E+00   2.4005724582E+00   1.9031859304E-03   2.3773730375E+00   2.4363020872E+00   2.0986768488E-03   2.2320744402E+00   2.3919054557E+00   1.5716775910E-03   3.4345008362E-04
   1  -114   0    0  -1.3702400242E-01   7.9857312067E+00   2.2688251789E-04   2.0396723462E+00   2.3818863626E+00   2.0604867813E-04   2.1179449371E+00   2.3497261533E+00   6.2248433216E-04   2.2372031519E+00   2.3876271136E+00   1.6765751569E-03   2.2720289093E+00   2.4009106604E+00   1.9031374466E-03   2.3777986538E+00   2.4367153854E+00   2.0988330087E-03   2.2326379480E+00   2.3922437728E+00   1.5716375524E-03   3.4347546557E-04
   1  -115   0    0  -1.4693860022E-01   7.9865345921E+00   2.2644037447E-04   2.0393525438E+00   2.3821068801E+00   2.0602899929E-04   2.1175313307E+00   2.3499949932E+00   6.2241126794E-04   2.2371701075E+00   2.3878919759E+00   1.6763783686E-03   2.2725972504E+00   2.4012516184E+00   1.9030885578E-03   2.3782275554E+00   2.4371318735E+00   2.0989901140E-03   2.2332056318E+00   2.3925848470E+00   1.5715971794E-03   3.4350105808E-04
   1  -116   0    0  -1.5685182708E-01   7.9873452218E+00   2.2599626929E-04   2.0390300352E+00   2.3823298912E+00   2.0600923899E-04   2.1171150816E+00   2.3502665417E+00   6.2233790127E-04   2.2371374412E+00   2.3881595295E+00   1.6761807656E-03   2.2731705099E+00   2.4015952698E+00   1.9030392718E-03   2.3786596624E+00   2.4375514738E+00   2.0991481339E-03   2.2337773596E+00   2.3929286160E+00   1.5715564783E-03   3.4352685652E-04
   1  -117   0    0  -1.6676370796E-01   7.9881629471E+00   2.2555030053E-04   2.0387048480E+00   2.3825553613E+00   2.0598940156E-04   2.1166963350E+00   2.3505407536E+00   6.2226424823E-04   2.2371051438E+00   2.3884297299E+00   1.6759823914E-03   2.2737485740E+00   2.4019415502E+00   1.9029895969E-03   2.3790948925E+00   2.4379741066E+00   2.0993070374E-03   2.2343529958E+00   2.3932750151E+00   1.5715154561E-03   3.4355285610E-04
   1  -118   0    0  -1.7667426979E-01   7.9889876133E+00   2.2510256698E-04   2.0383770104E+00   2.3827832539E+00   2.0596949136E-04   2.1162752401E+00   2.3508175817E+00   6.2219032500E-04   2.2370732050E+00   2.3887025308E+00   1.6757832894E-03   2.2743313244E+00   2.4022903932E+00   1.9029395412E-03   2.3795331615E+00   2.4383996899E+00   2.0994667933E-03   2.2349324013E+00   2.3936239782E+00   1.5714741194E-03   3.4357905190E-04
   1  -119   0    0  -1.8658354139E-01   7.9898190603E+00   2.2465316793E-04   2.0380465513E+00   2.3830135305E+00   2.0594951276E-04   2.1158519500E+00   2.3510969766E+00   6.2211614781E-04   2.2370416130E+00   2.3889778837E+00   1.6755835034E-03   2.2749186391E+00   2.4026417306E+00   1.9028891134E-03   2.3799743831E+00   2.4388281398E+00   2.0996273696E-03   2.2355154336E+00   2.3939754369E+00   1.5714324754E-03   3.4360543884E-04
   1  -120   0    0  -1.9649155347E-01   7.9906571227E+00   2.2420220312E-04   2.0377135002E+00   2.3832461505E+00   2.0592947014E-04   2.1154266211E+00   2.3513788868E+00   6.2204173292E-04   2.2370103548E+00   2.3892557379E+00   1.6753830773E-03   2.2755103920E+00   2.4029954923E+00   1.9028383222E-03   2.3804184687E+00   2.4392593705E+00   2.0997887344E-03   2.2361019471E+00   2.3943293212E+00   1.5713905313E-03   3.4363201171E-04
   1  -121   0    0  -2.0639833858E-01   7.9915016296E+00   2.2374977258E-04   2.0373778873E+00   2.3834810715E+00   2.0590936789E-04   2.1149994133E+00   2.3516632589E+00   6.2196709664E-04   2.2369794159E+00   2.3895360410E+00   1.6751820548E-03   2.2761064533E+00   2.4033516066E+00   1.9027871764E-03   2.3808653282E+00   2.4396932943E+00   2.0999508554E-03   2.2366917931E+00   2.3946855594E+00   1.5713482944E-03   3.4365876517E-04
   1  -122   0    0  -2.1630393104E-01   7.9923524050E+00   2.2329597659E-04   2.0370397433E+00   2.3837182489E+00   2.0588921040E-04   2.1145704896E+00   2.3519500375E+00   6.2189225528E-04   2.2369487810E+00   2.3898187385E+00   1.6749804800E-03   2.2767066896E+00   2.4037100001E+00   1.9027356852E-03   2.3813148694E+00   2.4401298215E+00   2.1001136999E-03   2.2372848202E+00   2.3950440779E+00   1.5713057722E-03   3.4368569375E-04
   1  -123   0    0  -2.2620836691E-01   7.9932092679E+00   2.2284091558E-04   2.0366990999E+00   2.3839576366E+00   2.0586900206E-04   2.1141400157E+00   2.3522391654E+00   6.2181722513E-04   2.2369184334E+00   2.3901037740E+00   1.6747783967E-03   2.2773109638E+00   2.4040705978E+00   1.9026838578E-03   2.3817669984E+00   2.4405688611E+00   2.1002772352E-03   2.2378808742E+00   2.3954048017E+00   1.5712629724E-03   3.4371279185E-04
   1  -124   0    0  -2.3611168393E-01   7.9940720327E+00   2.2238469008E-04   2.0363559893E+00   2.3841991864E+00   2.0584874727E-04   2.1137081596E+00   2.3525305835E+00   6.2174202250E-04   2.2368883553E+00   2.3903910892E+00   1.6745758488E-03   2.2779191357E+00   2.4044333230E+00   1.9026317036E-03   2.3822216197E+00   2.4410103201E+00   2.1004414282E-03   2.2384797985E+00   2.3957676543E+00   1.5712199028E-03   3.4374005377E-04
   1  -125   0    0  -2.4601392147E-01   7.9949405090E+00   2.2192740061E-04   2.0360104446E+00   2.3844428483E+00   2.0582845041E-04   2.1132750916E+00   2.3528242309E+00   6.2166666366E-04   2.2368585282E+00   2.3906806242E+00   1.6743728802E-03   2.2785310617E+00   2.4047980976E+00   1.9025792322E-03   2.3826786361E+00   2.4414541043E+00   2.1006062458E-03   2.2390814343E+00   2.3961325574E+00   1.5711765711E-03   3.4376747368E-04
   1  -126   0    0  -2.5591512044E-01   7.9958145021E+00   2.2146914767E-04   2.0356624996E+00   2.3846885709E+00   2.0580811585E-04   2.1128409841E+00   2.3531200449E+00   6.2159116486E-04   2.2368289323E+00   2.3909723173E+00   1.6741695347E-03   2.2791465953E+00   2.4051648423E+00   1.9025264533E-03   2.3831379490E+00   2.4419001176E+00   2.1007716545E-03   2.2396856207E+00   2.3964994317E+00   1.5711329856E-03   3.4379504564E-04
   1  -127   0    0  -2.6581532323E-01   7.9966938130E+00   2.2101003164E-04   2.0353121893E+00   2.3849363007E+00   2.0578774796E-04   2.1124060107E+00   2.3534179613E+00   6.2151554230E-04   2.2367995473E+00   2.3912661050E+00   1.6739658558E-03   2.2797655871E+00   2.4055334761E+00   1.9024733767E-03   2.3835994582E+00   2.4423482630E+00   2.1009376209E-03   2.2402921949E+00   2.3968681963E+00   1.5710891542E-03   3.4382276362E-04
   1  -128   0    0  -2.7571457366E-01   7.9975782387E+00   2.2055015274E-04   2.0349595492E+00   2.3851859828E+00   2.0576735109E-04   2.1119703464E+00   2.3537179143E+00   6.2143981214E-04   2.2367703519E+00   2.3915619223E+00   1.6737618871E-03   2.2803878849E+00   2.4059039170E+00   1.9024200126E-03   2.3840630622E+00   2.4427984417E+00   2.1011041113E-03   2.2409009922E+00   2.3972387691E+00   1.5710450854E-03   3.4385062148E-04
   1  -129   0    0  -2.8561291689E-01   7.9984675723E+00   2.2008961100E-04   2.0346046161E+00   2.3854375607E+00   2.0574692957E-04   2.1115341671E+00   2.3540198364E+00   6.2136399049E-04   2.2367413242E+00   2.3918597028E+00   1.6735576720E-03   2.2810133339E+00   2.4062760817E+00   1.9023663709E-03   2.3845286584E+00   2.4432505540E+00   2.1012710919E-03   2.2415118467E+00   2.3976110667E+00   1.5710007874E-03   3.4387861301E-04
   1  -130   0    0  -2.9551039932E-01   7.9993616032E+00   2.1962850621E-04   2.0342474278E+00   2.3856909765E+00   2.0572648773E-04   2.1110976495E+00   2.3543236587E+00   6.2128809338E-04   2.2367124420E+00   2.3921593783E+00   1.6733532537E-03   2.2816417771E+00   2.4066498857E+00   1.9023124621E-03   2.3849961426E+00   2.4437044988E+00   2.1014385288E-03   2.2421245909E+00   2.3979850047E+00   1.5709562687E-03   3.4390673187E-04
   1  -131   0    0  -3.0540706856E-01   8.0002601173E+00   2.1916693788E-04   2.0338880232E+00   2.3859461707E+00   2.0570602988E-04   2.1106609703E+00   2.3546293109E+00   6.2121213681E-04   2.2366836821E+00   2.3924608795E+00   1.6731486752E-03   2.2822730551E+00   2.4070252435E+00   1.9022582966E-03   2.3854654099E+00   2.4441601741E+00   2.1016063881E-03   2.2427390563E+00   2.3983604975E+00   1.5709115380E-03   3.4393497168E-04
   1  -132   0    0  -3.1530297331E-01   8.0011628974E+00   2.1870500524E-04   2.0335264423E+00   2.3862030824E+00   2.0568556029E-04   2.1102243062E+00   2.3549367213E+00   6.2113613667E-04   2.2366550215E+00   2.3927641355E+00   1.6729439794E-03   2.2829070066E+00   2.4074020687E+00   1.9022038848E-03   2.3859363541E+00   2.4446174766E+00   2.1017746356E-03   2.2433550735E+00   2.3987374585E+00   1.5708666040E-03   3.4396332595E-04
   1  -133   0    0  -3.2519816328E-01   8.0020697228E+00   2.1824280717E-04   2.0331627265E+00   2.3864616495E+00   2.0566508324E-04   2.1097878338E+00   2.3552458170E+00   6.2106010883E-04   2.2366264364E+00   2.3930690743E+00   1.6727392089E-03   2.2835434681E+00   2.4077802735E+00   1.9021492375E-03   2.3864088679E+00   2.4450763023E+00   2.1019432371E-03   2.2439724720E+00   2.3991158003E+00   1.5708214755E-03   3.4399178812E-04
   1  -134   0    0  -3.3509268912E-01   8.0029803704E+00   2.1778044223E-04   2.0327969185E+00   2.3867218086E+00   2.0564460297E-04   2.1093517287E+00   2.3555565237E+00   6.2098406904E-04   2.2365979032E+00   2.3933756224E+00   1.6725344063E-03   2.2841822747E+00   2.4081597698E+00   1.9020943654E-03   2.3868828432E+00   2.4455365461E+00   2.1021121585E-03   2.2445910811E+00   2.3994954345E+00   1.5707761614E-03   3.4402035159E-04
   1  -135   0    0  -3.4498660236E-01   8.0038946140E+00   2.1731800859E-04   2.0324290624E+00   2.3869834950E+00   2.0562412371E-04   2.1089161657E+00   2.3558687661E+00   6.2090803300E-04   2.2365693981E+00   2.3936837054E+00   1.6723296138E-03   2.2848232597E+00   2.4085404683E+00   1.9020392796E-03   2.3873581711E+00   2.4459981021E+00   2.1022813654E-03   2.2452107293E+00   2.3998762717E+00   1.5707306708E-03   3.4404900965E-04
   1  -136   0    0  -3.5487995524E-01   8.0048122249E+00   2.1685560407E-04   2.0320592037E+00   2.3872466430E+00   2.0560364967E-04   2.1084813183E+00   2.3561824677E+00   6.2083201633E-04   2.2365408971E+00   2.3939932477E+00   1.6721248734E-03   2.2854662551E+00   2.4089222791E+00   1.9019839910E-03   2.3878347417E+00   2.4464608637E+00   2.1024508233E-03   2.2458312452E+00   2.4002582221E+00   1.5706850127E-03   3.4407775557E-04
   1  -137   0    0  -3.6477280073E-01   8.0057329724E+00   2.1639332609E-04   2.0316873896E+00   2.3875111856E+00   2.0558318504E-04   2.1080473583E+00   2.3564975509E+00   6.2075603458E-04   2.2365123768E+00   2.3943041725E+00   1.6719202271E-03   2.2861110917E+00   2.4093051114E+00   1.9019285109E-03   2.3883124446E+00   2.4469247235E+00   2.1026204979E-03   2.2464524569E+00   2.4006411950E+00   1.5706391964E-03   3.4410658254E-04
   1  -138   0    0  -3.7466519235E-01   8.0066566232E+00   2.1593127168E-04   2.0313136688E+00   2.3877770550E+00   2.0556273397E-04   2.1076144556E+00   2.3568139374E+00   6.2068010320E-04   2.2364838135E+00   2.3946164024E+00   1.6717157165E-03   2.2867575990E+00   2.4096888740E+00   1.9018728506E-03   2.3887911685E+00   2.4473895735E+00   2.1027903544E-03   2.2470741929E+00   2.4010250989E+00   1.5705932313E-03   3.4413548369E-04
   1  -139   0    0  -3.8455718415E-01   8.0075829423E+00   2.1546953747E-04   2.0309380919E+00   2.3880441823E+00   2.0554230062E-04   2.1071827780E+00   2.3571315477E+00   6.2060423761E-04   2.2364551842E+00   2.3949298586E+00   1.6715113830E-03   2.2874056059E+00   2.4100734750E+00   1.9018170214E-03   2.3892708017E+00   2.4478553050E+00   2.1029603584E-03   2.2476962818E+00   2.4014098421E+00   1.5705471268E-03   3.4416445214E-04
   1  -140   0    0  -3.9444883059E-01   8.0085116929E+00   2.1500821968E-04   2.0305607109E+00   2.3883124979E+00   2.0552188911E-04   2.1067524910E+00   2.3574503015E+00   6.2052845309E-04   2.2364264661E+00   2.3952444618E+00   1.6713072680E-03   2.2880549402E+00   2.4104588220E+00   1.9017610349E-03   2.3897512318E+00   2.4483218090E+00   2.1031304752E-03   2.2483185526E+00   2.4017953320E+00   1.5705008924E-03   3.4419348093E-04
   1  -141   0    0  -4.0434018646E-01   8.0094426366E+00   2.1454741412E-04   2.0301815800E+00   2.3885819312E+00   2.0550150354E-04   2.1063237569E+00   2.3577701179E+00   6.2045276489E-04   2.2363976369E+00   2.3955601318E+00   1.6711034123E-03   2.2887054293E+00   2.4108448221E+00   1.9017049028E-03   2.3902323460E+00   2.4487889759E+00   2.1033006699E-03   2.2489408348E+00   2.4021814758E+00   1.5704545378E-03   3.4422256309E-04
   1  -142   0    0  -4.1423130682E-01   8.0103755336E+00   2.1408721616E-04   2.0298007550E+00   2.3888524107E+00   2.0548114799E-04   2.1058967355E+00   2.3580909149E+00   6.2037718818E-04   2.2363686749E+00   2.3958767877E+00   1.6708998569E-03   2.2893569002E+00   2.4112313821E+00   1.9016486369E-03   2.3907140309E+00   2.4492566955E+00   2.1034709077E-03   2.2495629587E+00   2.4025681802E+00   1.5704080726E-03   3.4425169159E-04
   1  -143   0    0  -4.2412224685E-01   8.0113101429E+00   2.1362772077E-04   2.0294182939E+00   2.3891238645E+00   2.0546082653E-04   2.1054715832E+00   2.3584126103E+00   6.2030173802E-04   2.2363395593E+00   2.3961943479E+00   1.6706966424E-03   2.2900091793E+00   2.4116184084E+00   1.9015922491E-03   2.3911961731E+00   2.4497248576E+00   2.1036411538E-03   2.2501847551E+00   2.4029553515E+00   1.5703615067E-03   3.4428085939E-04
   1  -144   0    0  -4.3401306185E-01   8.0122462223E+00   2.1316902248E-04   2.0290342564E+00   2.3893962199E+00   2.0544054320E-04   2.1050484529E+00   2.3587351210E+00   6.2022642942E-04   2.2363102696E+00   2.3965127300E+00   1.6704938091E-03   2.2906620931E+00   2.4120058070E+00   1.9015357514E-03   2.3916786585E+00   2.4501933515E+00   2.1038113732E-03   2.2508060563E+00   2.4033428958E+00   1.5703148501E-03   3.4431005942E-04
   1  -145   0    0  -4.4390380710E-01   8.0131835291E+00   2.1271121537E-04   2.0286487046E+00   2.3896694035E+00   2.0542030202E-04   2.1046274939E+00   2.3590583633E+00   6.2015127732E-04   2.2362807865E+00   2.3968318516E+00   1.6702913973E-03   2.2913154680E+00   2.4123934840E+00   1.9014791559E-03   2.3921613730E+00   2.4506620663E+00   2.1039815309E-03   2.2514266953E+00   2.4037307191E+00   1.5702681128E-03   3.4433928459E-04
   1  -146   0    0  -4.5379453780E-01   8.0141218197E+00   2.1225439305E-04   2.0282617022E+00   2.3899433417E+00   2.0540010699E-04   2.1042088517E+00   2.3593822533E+00   6.2007629656E-04   2.2362510914E+00   2.3971516292E+00   1.6700894471E-03   2.2919691305E+00   2.4127813449E+00   1.9014224749E-03   2.3926442023E+00   2.4511308910E+00   2.1041515918E-03   2.2520465064E+00   2.4041187269E+00   1.5702213048E-03   3.4436852778E-04
   1  -147   0    0  -4.6368530899E-01   8.0150608500E+00   2.1179864869E-04   2.0278733154E+00   2.3902179600E+00   2.0537996208E-04   2.1037926676E+00   2.3597067066E+00   6.2000150190E-04   2.2362211668E+00   2.3974719792E+00   1.6698879980E-03   2.2926229076E+00   2.4131692954E+00   1.9013657208E-03   2.3931270320E+00   2.4515997144E+00   2.1043215208E-03   2.2526653254E+00   2.4045068249E+00   1.5701744365E-03   3.4439778187E-04
   1  -148   0    0  -4.7357617544E-01   8.0160003757E+00   2.1134407494E-04   2.0274836123E+00   2.3904931839E+00   2.0535987125E-04   2.1033790789E+00   2.3600316382E+00   6.1992690803E-04   2.2361909959E+00   2.3977928177E+00   1.6696870898E-03   2.2932766263E+00   2.4135572412E+00   1.9013089060E-03   2.3936097475E+00   2.4520684253E+00   2.1044912828E-03   2.2532829895E+00   2.4048949186E+00   1.5701275180E-03   3.4442703975E-04
   1  -149   0    0  -4.8346719164E-01   8.0169401525E+00   2.1089076397E-04   2.0270926632E+00   2.3907689384E+00   2.0533983844E-04   2.1029682182E+00   2.3603569631E+00   6.1985252956E-04   2.2361605634E+00   2.3981140604E+00   1.6694867617E-03   2.2939301145E+00   2.4139450878E+00   1.9012520431E-03   2.3940922344E+00   2.4525369125E+00   2.1046608424E-03   2.2538993375E+00   2.4052829136E+00   1.5700805599E-03   3.4445629427E-04
   1  -150   0    0  -4.9335841166E-01   8.0178799360E+00   2.1043880740E-04   2.0267005405E+00   2.3910451480E+00   2.0531986754E-04   2.1025602138E+00   2.3606825960E+00   6.1977838100E-04   2.2361298548E+00   2.3984356228E+00   1.6692870528E-03   2.2945832007E+00   2.4143327408E+00   1.9011951448E-03   2.3945743784E+00   2.4530050650E+00   2.1048301645E-03   2.2545142100E+00   2.4056707155E+00   1.5700335724E-03   3.4448553831E-04
   1  -151   0    0  -5.0324988909E-01   8.0188194821E+00   2.0998829630E-04   2.0263073188E+00   2.3913217374E+00   2.0529996246E-04   2.1021551894E+00   2.3610084515E+00   6.1970447677E-04   2.2360988569E+00   2.3987574201E+00   1.6690880020E-03   2.2952357142E+00   2.4147201062E+00   1.9011382239E-03   2.3950560652E+00   2.4534727719E+00   2.1049992139E-03   2.2551274494E+00   2.4060582302E+00   1.5699865663E-03   3.4451476475E-04
   1  -152   0    0  -5.1314167701E-01   8.0197585473E+00   2.0953932114E-04   2.0259130747E+00   2.3915986309E+00   2.0528012704E-04   2.1017532639E+00   2.3613344439E+00   6.1963083119E-04   2.2360675576E+00   2.3990793677E+00   1.6688896479E-03   2.2958874853E+00   2.4151070899E+00   1.9010812931E-03   2.3955371809E+00   2.4539399225E+00   2.1051679553E-03   2.2557389000E+00   2.4064453635E+00   1.5699395521E-03   3.4454396647E-04
   1  -153   0    0  -5.2303382785E-01   8.0206968885E+00   2.0909197178E-04   2.0255178870E+00   2.3918757527E+00   2.0526036512E-04   2.1013545512E+00   2.3616604877E+00   6.1955745851E-04   2.2360359461E+00   2.3994013808E+00   1.6686920288E-03   2.2965383453E+00   2.4154935983E+00   1.9010243656E-03   2.3960176118E+00   2.4544064064E+00   2.1053363534E-03   2.2563484083E+00   2.4068320219E+00   1.5698925405E-03   3.4457313638E-04
   1  -154   0    0  -5.3292639338E-01   8.0216342637E+00   2.0864633740E-04   2.0251218366E+00   2.3921530270E+00   2.0524068050E-04   2.1009591604E+00   2.3619864972E+00   6.1948437284E-04   2.2360040128E+00   2.3997233745E+00   1.6684951826E-03   2.2971881268E+00   2.4158795380E+00   1.9009674542E-03   2.3964972447E+00   2.4548721137E+00   2.1055043730E-03   2.2569558228E+00   2.4072181119E+00   1.5698455423E-03   3.4460226741E-04
   1  -155   0    0  -5.4281942459E-01   8.0225704318E+00   2.0820250647E-04   2.0247250062E+00   2.3924303780E+00   2.0522107696E-04   2.1005671955E+00   2.3623123872E+00   6.1941158819E-04   2.2359717494E+00   2.4000452642E+00   1.6682991473E-03   2.2978366638E+00   2.4162648160E+00   1.9009105721E-03   2.3969759667E+00   2.4553369347E+00   2.1056719789E-03   2.2575609945E+00   2.4076035405E+00   1.5697985683E-03   3.4463135251E-04
   1  -156   0    0  -5.5271297167E-01   8.0235051528E+00   2.0776056672E-04   2.0243274807E+00   2.3927077301E+00   2.0520155824E-04   2.1001787557E+00   2.3626380722E+00   6.1933911846E-04   2.2359391489E+00   2.4003669654E+00   1.6681039601E-03   2.2984837917E+00   2.4166493399E+00   1.9008537325E-03   2.3974536655E+00   2.4558007604E+00   2.1058391360E-03   2.2581637765E+00   2.4079882151E+00   1.5697516294E-03   3.4466038467E-04
   1  -157   0    0  -5.6260708394E-01   8.0244381882E+00   2.0732060506E-04   2.0239293468E+00   2.3929850078E+00   2.0518212805E-04   2.0997939347E+00   2.3629634673E+00   6.1926697742E-04   2.2359062056E+00   2.4006883938E+00   1.6679096582E-03   2.2991293474E+00   2.4170330178E+00   1.9007969485E-03   2.3979302295E+00   2.4562634824E+00   2.1060058094E-03   2.2587640246E+00   2.4083720439E+00   1.5697047364E-03   3.4468935689E-04
   1  -158   0    0  -5.7250180974E-01   8.0253693013E+00   2.0688270754E-04   2.0235306931E+00   2.3932621357E+00   2.0516279005E-04   2.0994128215E+00   2.3632884877E+00   6.1919517869E-04   2.2358729150E+00   2.4010094655E+00   1.6677162783E-03   2.2997731697E+00   2.4174157582E+00   1.9007402335E-03   2.3984055478E+00   2.4567249930E+00   2.1061719639E-03   2.2593615971E+00   2.4087549354E+00   1.5696579003E-03   3.4471826225E-04
   1  -159   0    0  -5.8239719643E-01   8.0262982567E+00   2.0644695931E-04   2.0231316100E+00   2.3935390388E+00   2.0514354789E-04   2.0990354998E+00   2.3636130490E+00   6.1912373578E-04   2.2358392739E+00   2.4013300969E+00   1.6675238567E-03   2.3004150991E+00   2.4177974705E+00   1.9006836007E-03   2.3988795101E+00   2.4571851851E+00   2.1063375649E-03   2.2599563548E+00   2.4091367990E+00   1.5696111321E-03   3.4474709386E-04
   1  -160   0    0  -5.9229329030E-01   8.0272248214E+00   2.0601344450E-04   2.0227321894E+00   2.3938156423E+00   2.0512440515E-04   2.0986620480E+00   2.3639370674E+00   6.1905266201E-04   2.2358052804E+00   2.4016502047E+00   1.6673324294E-03   2.3010549781E+00   2.4181780649E+00   1.9006270634E-03   2.3993520072E+00   2.4576439527E+00   2.1065025778E-03   2.2605481616E+00   2.4095175446E+00   1.5695644428E-03   3.4477584486E-04
   1  -161   0    0  -6.0219013651E-01   8.0281487645E+00   2.0558224624E-04   2.0223325249E+00   2.3940918720E+00   2.0510536539E-04   2.0982925397E+00   2.3642604594E+00   6.1898197057E-04   2.2357709340E+00   2.4019697063E+00   1.6671420318E-03   2.3016926514E+00   2.4185574522E+00   1.9005706350E-03   2.3998229307E+00   2.4581011906E+00   2.1066669679E-03   2.2611368837E+00   2.4098970831E+00   1.5695178435E-03   3.4480450849E-04
   1  -162   0    0  -6.1208777905E-01   8.0290698572E+00   2.0515344652E-04   2.0219327118E+00   2.3943676541E+00   2.0508643210E-04   2.0979270432E+00   2.3645831422E+00   6.1891167446E-04   2.2357362352E+00   2.4022885197E+00   1.6669526990E-03   2.3023279657E+00   2.4189355442E+00   1.9005143288E-03   2.4002921732E+00   2.4585567945E+00   2.1068307012E-03   2.2617223907E+00   2.4102753264E+00   1.5694713450E-03   3.4483307803E-04
   1  -163   0    0  -6.2198626069E-01   8.0299878735E+00   2.0472712615E-04   2.0215328463E+00   2.3946429152E+00   2.0506760875E-04   2.0975656220E+00   2.3649050337E+00   6.1884178650E-04   2.2357011859E+00   2.4026065634E+00   1.6667644655E-03   2.3029607700E+00   2.4193122537E+00   1.9004581581E-03   2.4007596287E+00   2.4590106614E+00   2.1069937436E-03   2.2623045549E+00   2.4106521871E+00   1.5694249585E-03   3.4486154681E-04
   1  -164   0    0  -6.3188562291E-01   8.0309025900E+00   2.0430336470E-04   2.0211330262E+00   2.3949175826E+00   2.0504889872E-04   2.0972083343E+00   2.3652260523E+00   6.1877231933E-04   2.2356657890E+00   2.4029237566E+00   1.6665773653E-03   2.3035909158E+00   2.4196874944E+00   1.9004021362E-03   2.4012251921E+00   2.4594626893E+00   2.1071560613E-03   2.2628832519E+00   2.4110275789E+00   1.5693786948E-03   3.4488990828E-04
   1  -165   0    0  -6.4178590589E-01   8.0318137864E+00   2.0388224040E-04   2.0207333505E+00   2.3951915842E+00   2.0503030538E-04   2.0968552338E+00   2.3655461175E+00   6.1870328536E-04   2.2356300489E+00   2.4032400194E+00   1.6663914319E-03   2.3042182572E+00   2.4200611813E+00   1.9003462763E-03   2.4016887599E+00   2.4599127778E+00   2.1073176211E-03   2.2634583601E+00   2.4114014167E+00   1.5693325649E-03   3.4491815593E-04
   1  -166   0    0  -6.5168714842E-01   8.0327212452E+00   2.0346383010E-04   2.0203339188E+00   2.3954648485E+00   2.0501183199E-04   2.0965063688E+00   2.3658651494E+00   6.1863469680E-04   2.2355939708E+00   2.4035552727E+00   1.6662066981E-03   2.3048426506E+00   2.4204332303E+00   1.9002905917E-03   2.4021502296E+00   2.4603608273E+00   2.1074783897E-03   2.2640297614E+00   2.4117736165E+00   1.5692865798E-03   3.4494628335E-04
   1  -167   0    0  -6.6158938790E-01   8.0336247524E+00   2.0304820917E-04   2.0199348320E+00   2.3957373051E+00   2.0499348180E-04   2.0961617833E+00   2.3661830692E+00   6.1856656563E-04   2.2355575611E+00   2.4038694383E+00   1.6660231962E-03   2.3054639555E+00   2.4208035589E+00   1.9002350955E-03   2.4026095006E+00   2.4608067403E+00   2.1076383345E-03   2.2645973409E+00   2.4121440956E+00   1.5692407503E-03   3.4497428422E-04
   1  -168   0    0  -6.7149266025E-01   8.0345240974E+00   2.0263545141E-04   2.0195361914E+00   2.3960088842E+00   2.0497525797E-04   2.0958215165E+00   2.3664997990E+00   6.1849890359E-04   2.2355208273E+00   2.4041824389E+00   1.6658409579E-03   2.3060820340E+00   2.4211720855E+00   1.9001798007E-03   2.4030664737E+00   2.4612504203E+00   2.1077974232E-03   2.2651609869E+00   2.4125127726E+00   1.5691950871E-03   3.4500215232E-04
   1  -169   0    0  -6.8139699995E-01   8.0354190733E+00   2.0222562903E-04   2.0191380991E+00   2.3962795167E+00   2.0495716358E-04   2.0954856027E+00   2.3668152621E+00   6.1843172216E-04   2.2354837778E+00   2.4044941985E+00   1.6656600141E-03   2.3066967511E+00   2.4215387303E+00   1.9001247203E-03   2.4035210513E+00   2.4616917726E+00   2.1079556240E-03   2.2657205913E+00   2.4128795674E+00   1.5691496009E-03   3.4502988153E-04
   1  -170   0    0  -6.9130243994E-01   8.0363094770E+00   2.0181881252E-04   2.0187406575E+00   2.3965491349E+00   2.0493920165E-04   2.0951540721E+00   2.3671293826E+00   6.1836503257E-04   2.2354464220E+00   2.4048046421E+00   1.6654803949E-03   2.3073079749E+00   2.4219034147E+00   1.9000698671E-03   2.4039731376E+00   2.4621307044E+00   2.1081129055E-03   2.2662760494E+00   2.4132444014E+00   1.5691043024E-03   3.4505746583E-04
   1  -171   0    0  -7.0120901160E-01   8.0371951093E+00   2.0141507060E-04   2.0183439694E+00   2.3968176717E+00   2.0492137515E-04   2.0948269504E+00   2.3674420863E+00   6.1829884575E-04   2.2354087702E+00   2.4051136956E+00   1.6653021299E-03   2.3079155766E+00   2.4222660616E+00   1.9000152539E-03   2.4044226387E+00   2.4625671243E+00   2.1082692369E-03   2.2668272598E+00   2.4136071976E+00   1.5690592020E-03   3.4508489932E-04
   1  -172   0    0  -7.1111674477E-01   8.0380757753E+00   2.0101447016E-04   2.0179481375E+00   2.3970850613E+00   2.0490368694E-04   2.0945042588E+00   2.3677532998E+00   6.1823317239E-04   2.2353708336E+00   2.4054212867E+00   1.6651252478E-03   2.3085194304E+00   2.4226265956E+00   1.8999608931E-03   2.4048694626E+00   2.4630009431E+00   2.1084245877E-03   2.2673741249E+00   2.4139678804E+00   1.5690143101E-03   3.4511217620E-04
   1  -173   0    0  -7.2102566767E-01   8.0389512842E+00   2.0061707618E-04   2.0175532649E+00   2.3973512390E+00   2.0488613980E-04   2.0941860147E+00   2.3680629513E+00   6.1816802282E-04   2.2353326242E+00   2.4057273439E+00   1.6649497765E-03   2.3091194140E+00   2.4229849429E+00   1.8999067973E-03   2.4053135191E+00   2.4634320734E+00   2.1085789285E-03   2.2679165506E+00   2.4143263761E+00   1.5689696370E-03   3.4513929083E-04
   1  -174   0    0  -7.3093580690E-01   8.0398214499E+00   2.0022295164E-04   2.0171594540E+00   2.3976161411E+00   2.0486873645E-04   2.0938722313E+00   2.3683709703E+00   6.1810340711E-04   2.2352941545E+00   2.4060317974E+00   1.6647757430E-03   2.3097154084E+00   2.4233410314E+00   1.8998529786E-03   2.4057547204E+00   2.4638604298E+00   2.1087322299E-03   2.2684544464E+00   2.4146826125E+00   1.5689251928E-03   3.4516623766E-04
   1  -175   0    0  -7.4084718745E-01   8.0406860907E+00   1.9983215748E-04   2.0167668072E+00   2.3978797053E+00   2.0485147951E-04   2.0935629178E+00   2.3686772878E+00   6.1803933500E-04   2.2352554382E+00   2.4063345786E+00   1.6646031737E-03   2.3103072980E+00   2.4236947908E+00   1.8997994491E-03   2.4061929806E+00   2.4642859290E+00   2.1088844637E-03   2.2689877255E+00   2.4150365193E+00   1.5688809874E-03   3.4519301128E-04
   1  -176   0    0  -7.5075983264E-01   8.0415450297E+00   1.9944475254E-04   2.0163754264E+00   2.3981418706E+00   2.0483437151E-04   2.0932580798E+00   2.3689818362E+00   6.1797581588E-04   2.2352164891E+00   2.4066356207E+00   1.6644320937E-03   2.3108949704E+00   2.4240461526E+00   1.8997462207E-03   2.4066282162E+00   2.4647084900E+00   2.1090356020E-03   2.2695163049E+00   2.4153880279E+00   1.5688370306E-03   3.4521960644E-04
   1  -177   0    0  -7.6067376414E-01   8.0423980951E+00   1.9906079350E-04   2.0159854126E+00   2.3984025771E+00   2.0481741490E-04   2.0929577192E+00   2.3692845497E+00   6.1791285881E-04   2.2351773220E+00   2.4069348582E+00   1.6642625276E-03   2.3114783173E+00   2.4243950502E+00   1.8996933049E-03   2.4070603458E+00   2.4651280338E+00   2.1091856177E-03   2.2700401050E+00   2.4157370716E+00   1.5687933321E-03   3.4524601799E-04
   1  -178   0    0  -7.7058900196E-01   8.0432451198E+00   1.9868033481E-04   2.0155968662E+00   2.3986617666E+00   2.0480061201E-04   2.0926618343E+00   2.3695853638E+00   6.1785047253E-04   2.2351379519E+00   2.4072322271E+00   1.6640944988E-03   2.3120572335E+00   2.4247414189E+00   1.8996407133E-03   2.4074892906E+00   2.4655444838E+00   2.1093344847E-03   2.2705590504E+00   2.4160835858E+00   1.5687499011E-03   3.4527224097E-04
   1  -179   0    0  -7.8050556444E-01   8.0440859421E+00   1.9830342863E-04   2.0152098867E+00   2.3989193821E+00   2.0478396511E-04   2.0923704201E+00   2.3698842160E+00   6.1778866538E-04   2.2350983945E+00   2.4075276655E+00   1.6639280298E-03   2.3126316178E+00   2.4250851960E+00   1.8995884569E-03   2.4079149741E+00   2.4659577659E+00   2.1094821773E-03   2.2710730692E+00   2.4164275077E+00   1.5687067471E-03   3.4529827053E-04
   1  -180   0    0  -7.9042346826E-01   8.0449204052E+00   1.9793012482E-04   2.0148245724E+00   2.3991753682E+00   2.0476747634E-04   2.0920834684E+00   2.3701810452E+00   6.1772744536E-04   2.2350586659E+00   2.4078211127E+00   1.6637631422E-03   2.3132013725E+00   2.4254263209E+00   1.8995365467E-03   2.4083373223E+00   2.4663678082E+00   2.1096286708E-03   2.2715820932E+00   2.4167687766E+00   1.5686638789E-03   3.4532410199E-04
   1  -181   0    0  -8.0034272844E-01   8.0457483581E+00   1.9756047087E-04   2.0144410203E+00   2.3994296708E+00   2.0475114777E-04   2.0918009679E+00   2.3704757923E+00   6.1766682010E-04   2.2350187823E+00   2.4081125100E+00   1.6635998565E-03   2.3137664038E+00   2.4257647348E+00   1.8994849932E-03   2.4087562637E+00   2.4667745414E+00   2.1097739413E-03   2.2720860581E+00   2.4171073338E+00   1.5686213053E-03   3.4534973083E-04
   1  -182   0    0  -8.1026335833E-01   8.0465696549E+00   1.9719451187E-04   2.0140593261E+00   2.3996822375E+00   2.0473498133E-04   2.0915229042E+00   2.3707683999E+00   6.1760679683E-04   2.2349787606E+00   2.4084018005E+00   1.6634381921E-03   2.3143266217E+00   2.4261003814E+00   1.8994338069E-03   2.4091717295E+00   2.4671778988E+00   2.1099179658E-03   2.2725849034E+00   2.4174431229E+00   1.5685790349E-03   3.4537515268E-04
   1  -183   0    0  -8.2018536965E-01   8.0473841553E+00   1.9683229047E-04   2.0136795839E+00   2.3999330176E+00   2.0471897888E-04   2.0912492603E+00   2.3710588125E+00   6.1754738243E-04   2.2349386178E+00   2.4086889291E+00   1.6632781677E-03   2.3148819400E+00   2.4264332062E+00   1.8993829978E-03   2.4095836534E+00   2.4675778160E+00   2.1100607221E-03   2.2730785723E+00   2.4177760894E+00   1.5685370760E-03   3.4540036334E-04
   1  -184   0    0  -8.3010877249E-01   8.0481917246E+00   1.9647384685E-04   2.0133018863E+00   2.4001819617E+00   2.0470314216E-04   2.0909800162E+00   2.3713469765E+00   6.1748858337E-04   2.2348983709E+00   2.4089738425E+00   1.6631198006E-03   2.3154322763E+00   2.4267631572E+00   1.8993325756E-03   2.4099919721E+00   2.4679742315E+00   2.1102021889E-03   2.2735670119E+00   2.4181061812E+00   1.5684954367E-03   3.4542535876E-04
   1  -185   0    0  -8.4003357534E-01   8.0489922340E+00   1.9611921871E-04   2.0129263239E+00   2.4004290224E+00   2.0468747282E-04   2.0907151498E+00   2.3716328401E+00   6.1743040572E-04   2.2348580373E+00   2.4092564894E+00   1.6629631071E-03   2.3159775521E+00   2.4270901843E+00   1.8992825499E-03   2.4103966246E+00   2.4683670863E+00   2.1103423458E-03   2.2740501729E+00   2.4184333482E+00   1.5684541248E-03   3.4545013507E-04
   1  -186   0    0  -8.4995978509E-01   8.0497855600E+00   1.9576844122E-04   2.0125529856E+00   2.4006741537E+00   2.0467197237E-04   2.0904546360E+00   2.3719163537E+00   6.1737285517E-04   2.2348176344E+00   2.4095368203E+00   1.6628081027E-03   2.3165176930E+00   2.4274142398E+00   1.8992329296E-03   2.4107975530E+00   2.4687563241E+00   2.1104811734E-03   2.2745280098E+00   2.4187575427E+00   1.5684131477E-03   3.4547468858E-04
   1  -187   0    0  -8.5988740705E-01   8.0505715852E+00   1.9542154707E-04   2.0121819583E+00   2.4009173116E+00   2.0465664225E-04   2.0901984480E+00   2.3721974694E+00   6.1731593701E-04   2.2347771798E+00   2.4098147878E+00   1.6626548015E-03   2.3170526282E+00   2.4277352783E+00   1.8991837237E-03   2.4111947019E+00   2.4691418912E+00   2.1106186533E-03   2.2750004809E+00   2.4190787192E+00   1.5683725127E-03   3.4549901574E-04
   1  -188   0    0  -8.6981644503E-01   8.0513501979E+00   1.9507856636E-04   2.0118133265E+00   2.4011584534E+00   2.0464148377E-04   2.0899465563E+00   2.3724761415E+00   6.1725965611E-04   2.2347366909E+00   2.4100903464E+00   1.6625032167E-03   2.3175822911E+00   2.4280532565E+00   1.8991349406E-03   2.4115880190E+00   2.4695237369E+00   2.1107547678E-03   2.2754675481E+00   2.4193968345E+00   1.5683322269E-03   3.4552311319E-04
   1  -189   0    0  -8.7974690129E-01   8.0521212923E+00   1.9473952670E-04   2.0114471727E+00   2.4013975386E+00   2.0462649813E-04   2.0896989298E+00   2.3727523262E+00   6.1720401695E-04   2.2346961852E+00   2.4103634526E+00   1.6623533604E-03   2.3181066190E+00   2.4283681336E+00   1.8990865883E-03   2.4119774547E+00   2.4699018130E+00   2.1108895004E-03   2.2759291770E+00   2.4197118475E+00   1.5682922969E-03   3.4554697775E-04
   1  -190   0    0  -8.8967877664E-01   8.0528847684E+00   1.9440445313E-04   2.0110835771E+00   2.4016345281E+00   2.0461168644E-04   2.0894555352E+00   2.3730259819E+00   6.1714902363E-04   2.2346556802E+00   2.4106340650E+00   1.6622052435E-03   2.3186255529E+00   2.4286798708E+00   1.8990386746E-03   2.4123629621E+00   2.4702760742E+00   2.1110228355E-03   2.2763853368E+00   2.4200237197E+00   1.5682527292E-03   3.4557060641E-04
   1  -191   0    0  -8.9961207046E-01   8.0536405321E+00   1.9407336818E-04   2.0107226174E+00   2.4018693849E+00   2.0459704968E-04   2.0892163376E+00   2.3732970689E+00   6.1709467980E-04   2.2346151930E+00   2.4109021441E+00   1.6620588759E-03   2.3191390380E+00   2.4289884319E+00   1.8989912070E-03   2.4127444975E+00   2.4706464778E+00   2.1111547585E-03   2.2768360002E+00   2.4203324146E+00   1.5682135298E-03   3.4559399632E-04
   1  -192   0    0  -9.0954678069E-01   8.0543884951E+00   1.9374629186E-04   2.0103643689E+00   2.4021020735E+00   2.0458258873E-04   2.0889813004E+00   2.3735655496E+00   6.1704098875E-04   2.2345747409E+00   2.4111676527E+00   1.6619142665E-03   2.3196470231E+00   2.4292937828E+00   1.8989441925E-03   2.4131220196E+00   2.4710129840E+00   2.1112852558E-03   2.2772811436E+00   2.4206378983E+00   1.5681747045E-03   3.4561714482E-04
   1  -193   0    0  -9.1948290395E-01   8.0551285751E+00   1.9342324165E-04   2.0100089041E+00   2.4023325604E+00   2.0456830438E-04   2.0887503852E+00   2.3738313886E+00   6.1698795335E-04   2.2345343408E+00   2.4114305553E+00   1.6617714231E-03   2.3201494612E+00   2.4295958918E+00   1.8988976376E-03   2.4134954903E+00   2.4713755559E+00   2.1114143148E-03   2.2777207468E+00   2.4209401390E+00   1.5681362589E-03   3.4564004944E-04
   1  -194   0    0  -9.2942043550E-01   8.0558606957E+00   1.9310423256E-04   2.0096562933E+00   2.4025608137E+00   2.0455419729E-04   2.0885235525E+00   2.3740945523E+00   6.1693557609E-04   2.2344940095E+00   2.4116908186E+00   1.6616303522E-03   2.3206463089E+00   2.4298947296E+00   1.8988515488E-03   2.4138648743E+00   2.4717341590E+00   2.1115419238E-03   2.2781547930E+00   2.4212391073E+00   1.5680981981E-03   3.4566270785E-04
   1  -195   0    0  -9.3935936937E-01   8.0565847859E+00   1.9278927715E-04   2.0093066037E+00   2.4027868037E+00   2.0454026802E-04   2.0883007614E+00   2.3743550094E+00   6.1688385904E-04   2.2344537634E+00   2.4119484116E+00   1.6614910595E-03   2.3211375268E+00   2.4301902689E+00   1.8988059320E-03   2.4142301389E+00   2.4720887620E+00   2.1116680722E-03   2.2785832689E+00   2.4215347759E+00   1.5680605271E-03   3.4568511791E-04
   1  -196   0    0  -9.4929969831E-01   8.0573007811E+00   1.9247838553E-04   2.0089598999E+00   2.4030105020E+00   2.0452651702E-04   2.0880819696E+00   2.3746127308E+00   6.1683280392E-04   2.2344136188E+00   2.4122033049E+00   1.6613535496E-03   2.3216230791E+00   2.4304824850E+00   1.8987607927E-03   2.4145912546E+00   2.4724393359E+00   2.1117927504E-03   2.2790061644E+00   2.4218271201E+00   1.5680232504E-03   3.4570727767E-04
   1  -197   0    0  -9.5924141392E-01   8.0580086218E+00   1.9217156539E-04   2.0086162438E+00   2.4032318824E+00   2.0451294466E-04   2.0878671338E+00   2.3748676890E+00   6.1678241202E-04   2.2343735915E+00   2.4124554714E+00   1.6612178260E-03   2.3221029339E+00   2.4307713552E+00   1.8987161361E-03   2.4149481944E+00   2.4727858548E+00   2.1119159496E-03   2.2794234727E+00   2.4221161171E+00   1.5679863724E-03   3.4572918533E-04
   1  -198   0    0  -9.6918450666E-01   8.0587082548E+00   1.9186882209E-04   2.0082756944E+00   2.4034509202E+00   2.0449955118E-04   2.0876562096E+00   2.3751198591E+00   6.1673268429E-04   2.2343336972E+00   2.4127048862E+00   1.6610838913E-03   2.3225770631E+00   2.4310568591E+00   1.8986719670E-03   2.4153009342E+00   2.4731282952E+00   2.1120376621E-03   2.2798351902E+00   2.4224017467E+00   1.5679498969E-03   3.4575083928E-04
   1  -199   0    0  -9.7912896589E-01   8.0593996320E+00   1.9157015863E-04   2.0079383079E+00   2.4036675928E+00   2.0448633674E-04   2.0874491519E+00   2.3753692178E+00   6.1668362130E-04   2.2342939511E+00   2.4129515260E+00   1.6609517469E-03   2.3230454418E+00   2.4313389786E+00   1.8986282899E-03   2.4156494527E+00   2.4734666364E+00   2.1121578813E-03   2.2802413163E+00   2.4226839907E+00   1.5679138278E-03   3.4577223806E-04
   1  -200   0    0  -9.8907477996E-01   8.0600827112E+00   1.9127557574E-04   2.0076041376E+00   2.4038818790E+00   2.0447330139E-04   2.0872459144E+00   2.3756157441E+00   6.1663522323E-04   2.2342543680E+00   2.4131953699E+00   1.6608213934E-03   2.3235080493E+00   2.4316176979E+00   1.8985851089E-03   2.4159937310E+00   2.4738008604E+00   2.1122766014E-03   2.2806418536E+00   2.4229628331E+00   1.5678781682E-03   3.4579338039E-04
   1  -201   0    0  -9.9902193622E-01   8.0607574556E+00   1.9098507191E-04   2.0072732337E+00   2.4040937598E+00   2.0446044508E-04   2.0870464504E+00   2.3758594188E+00   6.1658748992E-04   2.2342149623E+00   2.4134363988E+00   1.6606928304E-03   2.3239648680E+00   2.4318930030E+00   1.8985424276E-03   2.4163337535E+00   2.4741309518E+00   2.1123938175E-03   2.2810368076E+00   2.4232382601E+00   1.5678429214E-03   3.4581426516E-04
   1  -202  -4    6  -9.9999994054E-01   8.0608233403E+00   1.9095673178E-04   2.0072408798E+00   2.4041144598E+00   2.0445919081E-04   2.0870270425E+00   2.3758832205E+00   6.1658283300E-04   2.2342110984E+00   2.4134599423E+00   1.6606802876E-03   2.3240094660E+00   2.4319198842E+00   1.8985382586E-03   2.4163669517E+00   2.4741631804E+00   2.1124052600E-03   2.2810753355E+00   2.4232651532E+00   1.5678394786E-03   3.4581630445E-04
