     
   1    -1   0    0   9.9999999799E-01   7.9475920244E+00   2.5696144597E-04   2.0632584427E+00   2.3742240524E+00   2.6547275971E-04   2.1453001335E+00   2.3383249361E+00   6.5065686092E-04   2.2409328639E+00   2.3761142842E+00   1.7022373633E-03   2.2411736940E+00   2.3817274796E+00   1.9046764319E-03   2.3530567174E+00   2.4126902207E+00   2.0862295189E-03   2.2017683279E+00   2.3730223839E+00   1.5756181731E-03   3.4206046338E-04
   1    -2   0    0   9.8000123711E-01   7.9477185718E+00   2.5688394693E-04   2.0631947010E+00   2.3742567859E+00   2.6547275971E-04   2.1452284986E+00   2.3383660074E+00   6.5065686092E-04   2.2409243413E+00   2.3761553555E+00   1.7022373633E-03   2.2412681427E+00   2.3817861040E+00   1.9046764319E-03   2.3531229076E+00   2.4127545953E+00   2.0862295189E-03   2.2018760562E+00   2.3730810083E+00   1.5756181731E-03   3.4206460521E-04
   1    -3   0    0   9.7000189959E-01   7.9477840074E+00   2.5684389090E-04   2.0631617470E+00   2.3742737206E+00   2.6547275971E-04   2.1451914556E+00   2.3383872515E+00   6.5065686092E-04   2.2409199258E+00   2.3761765996E+00   1.7022373633E-03   2.2413169845E+00   2.3818164206E+00   1.9046764319E-03   2.3531571351E+00   2.4127878840E+00   2.0862295189E-03   2.2019317218E+00   2.3731113250E+00   1.5756181731E-03   3.4206674713E-04
   1    -4   0    0   9.6000259240E-01   7.9478509268E+00   2.5680293898E-04   2.0631280501E+00   2.3742910454E+00   2.6547275971E-04   2.1451535716E+00   2.3384089822E+00   6.5065686092E-04   2.2409154043E+00   2.3761983303E+00   1.7022373633E-03   2.2413669363E+00   2.3818474267E+00   1.9046764319E-03   2.3531921399E+00   2.4128219286E+00   2.0862295189E-03   2.2019886223E+00   2.3731423311E+00   1.5756181731E-03   3.4206893776E-04
   1    -5   0    0   9.5000331690E-01   7.9479193625E+00   2.5676107206E-04   2.0630935939E+00   2.3743087693E+00   2.6547275971E-04   2.1451148278E+00   2.3384312103E+00   6.5065686092E-04   2.2409107741E+00   2.3762205584E+00   1.7022373633E-03   2.2414180227E+00   2.3818791375E+00   1.9046764319E-03   2.3532279390E+00   2.4128567458E+00   2.0862295189E-03   2.2020467836E+00   2.3731740418E+00   1.5756181731E-03   3.4207117821E-04
   1    -6   0    0   9.4000407453E-01   7.9479893477E+00   2.5671827067E-04   2.0630583621E+00   2.3743269011E+00   2.6547275971E-04   2.1450752053E+00   2.3384539469E+00   6.5065686092E-04   2.2409060326E+00   2.3762432951E+00   1.7022373633E-03   2.2414702687E+00   2.3819115685E+00   1.9046764319E-03   2.3532645499E+00   2.4128923525E+00   2.0862295189E-03   2.2021062321E+00   2.3732064728E+00   1.5756181731E-03   3.4207346956E-04
   1    -7   0    0   9.3000486675E-01   7.9480609165E+00   2.5667451497E-04   2.0630223378E+00   2.3743454503E+00   2.6547275971E-04   2.1450346849E+00   2.3384772036E+00   6.5065686092E-04   2.2409011770E+00   2.3762665517E+00   1.7022373633E-03   2.2415236999E+00   2.3819447356E+00   1.9046764319E-03   2.3533019905E+00   2.4129287661E+00   2.0862295189E-03   2.2021669949E+00   2.3732396399E+00   1.5756181731E-03   3.4207581295E-04
   1    -8   0    0   9.2000569513E-01   7.9481341035E+00   2.5662978475E-04   2.0629855039E+00   2.3743644261E+00   2.6547275971E-04   2.1449932468E+00   2.3385009917E+00   6.5065686092E-04   2.2408962046E+00   2.3762903398E+00   1.7022373633E-03   2.2415783423E+00   2.3819786549E+00   1.9046764319E-03   2.3533402789E+00   2.4129660043E+00   2.0862295189E-03   2.2022290994E+00   2.3732735593E+00   1.5756181731E-03   3.4207820951E-04
   1    -9   0    0   9.1000656128E-01   7.9482089440E+00   2.5658405942E-04   2.0629478429E+00   2.3743838383E+00   2.6547275971E-04   2.1449508708E+00   2.3385253233E+00   6.5065686092E-04   2.2408911125E+00   2.3763146714E+00   1.7022373633E-03   2.2416342224E+00   2.3820133431E+00   1.9046764319E-03   2.3533794337E+00   2.4130040852E+00   2.0862295189E-03   2.2022925735E+00   2.3733082474E+00   1.5756181731E-03   3.4208066041E-04
   1   -10   0    0   9.0000746689E-01   7.9482854741E+00   2.5653731802E-04   2.0629093369E+00   2.3744036968E+00   2.6547275971E-04   2.1449075365E+00   2.3385502104E+00   6.5065686092E-04   2.2408858978E+00   2.3763395585E+00   1.7022373633E-03   2.2416913675E+00   2.3820488169E+00   1.9046764319E-03   2.3534194739E+00   2.4130430271E+00   2.0862295189E-03   2.2023574457E+00   2.3733437213E+00   1.5756181731E-03   3.4208316685E-04
   1   -11   0    0   8.9000841371E-01   7.9483637305E+00   2.5648953919E-04   2.0628699679E+00   2.3744240115E+00   2.6547275971E-04   2.1448632228E+00   2.3385756654E+00   6.5065686092E-04   2.2408805576E+00   2.3763650135E+00   1.7022373633E-03   2.2417498051E+00   2.3820850936E+00   1.9046764319E-03   2.3534604187E+00   2.4130828488E+00   2.0862295189E-03   2.2024237449E+00   2.3733799980E+00   1.5756181731E-03   3.4208573004E-04
   1   -12   0    0   8.8000940358E-01   7.9484437507E+00   2.5644070121E-04   2.0628297173E+00   2.3744447927E+00   2.6547275971E-04   2.1448179083E+00   2.3386017009E+00   6.5065686092E-04   2.2408750886E+00   2.3763910491E+00   1.7022373633E-03   2.2418095635E+00   2.3821221907E+00   1.9046764319E-03   2.3535022879E+00   2.4131235695E+00   2.0862295189E-03   2.2024915006E+00   2.3734170951E+00   1.5756181731E-03   3.4208835123E-04
   1   -13   0    0   8.7001043842E-01   7.9485255730E+00   2.5639078194E-04   2.0627885661E+00   2.3744660511E+00   2.6547275971E-04   2.1447715712E+00   2.3386283299E+00   6.5065686092E-04   2.2408694879E+00   2.3764176780E+00   1.7022373633E-03   2.2418706714E+00   2.3821601262E+00   1.9046764319E-03   2.3535451015E+00   2.4131652088E+00   2.0862295189E-03   2.2025607428E+00   2.3734550305E+00   1.5756181731E-03   3.4209103168E-04
   1   -14   0    0   8.6001152023E-01   7.9486092364E+00   2.5633975884E-04   2.0627464953E+00   2.3744877972E+00   2.6547275971E-04   2.1447241894E+00   2.3386555653E+00   6.5065686092E-04   2.2408637522E+00   2.3764449134E+00   1.7022373633E-03   2.2419331584E+00   2.3821989181E+00   1.9046764319E-03   2.3535888801E+00   2.4132077865E+00   2.0862295189E-03   2.2026315022E+00   2.3734938225E+00   1.5756181731E-03   3.4209377268E-04
   1   -15   0    0   8.5001265107E-01   7.9486947806E+00   2.5628760901E-04   2.0627034851E+00   2.3745100421E+00   2.6547275971E-04   2.1446757400E+00   2.3386834208E+00   6.5065686092E-04   2.2408578782E+00   2.3764727689E+00   1.7022373633E-03   2.2419970542E+00   2.3822385853E+00   1.9046764319E-03   2.3536336444E+00   2.4132513230E+00   2.0862295189E-03   2.2027038096E+00   2.3735334896E+00   1.5756181731E-03   3.4209657556E-04
   1   -16   0    0   8.4001383314E-01   7.9487822462E+00   2.5623430910E-04   2.0626595156E+00   2.3745327969E+00   2.6547275971E-04   2.1446262000E+00   2.3387119099E+00   6.5065686092E-04   2.2408518625E+00   2.3765012580E+00   1.7022373633E-03   2.2420623894E+00   2.3822791466E+00   1.9046764319E-03   2.3536794159E+00   2.4132958390E+00   2.0862295189E-03   2.2027776968E+00   2.3735740509E+00   1.5756181731E-03   3.4209944165E-04
   1   -17   0    0   8.3001506869E-01   7.9488716744E+00   2.5617983538E-04   2.0626145664E+00   2.3745560730E+00   2.6547275971E-04   2.1445755456E+00   2.3387410466E+00   6.5065686092E-04   2.2408457018E+00   2.3765303947E+00   1.7022373633E-03   2.2421291951E+00   2.3823206214E+00   1.9046764319E-03   2.3537262162E+00   2.4133413556E+00   2.0862295189E-03   2.2028531958E+00   2.3736155257E+00   1.5756181731E-03   3.4210237232E-04
   1   -18   0    0   8.2001636007E-01   7.9489631075E+00   2.5612416370E-04   2.0625686167E+00   2.3745798822E+00   2.6547275971E-04   2.1445237530E+00   2.3387708453E+00   6.5065686092E-04   2.2408393923E+00   2.3765601934E+00   1.7022373633E-03   2.2421975032E+00   2.3823630294E+00   1.9046764319E-03   2.3537740674E+00   2.4133878943E+00   2.0862295189E-03   2.2029303394E+00   2.3736579337E+00   1.5756181731E-03   3.4210536897E-04
   1   -19   0    0   8.1001770976E-01   7.9490565883E+00   2.5606726950E-04   2.0625216456E+00   2.3746042364E+00   2.6547275971E-04   2.1444707974E+00   2.3388013204E+00   6.5065686092E-04   2.2408329306E+00   2.3765906685E+00   1.7022373633E-03   2.2422673458E+00   2.3824063908E+00   1.9046764319E-03   2.3538229922E+00   2.4134354770E+00   2.0862295189E-03   2.2030091609E+00   2.3737012951E+00   1.5756181731E-03   3.4210843303E-04
   1   -20   0    0   8.0001912031E-01   7.9491521605E+00   2.5600912780E-04   2.0624736313E+00   2.3746291476E+00   2.6547275971E-04   2.1444166539E+00   2.3388324868E+00   6.5065686092E-04   2.2408263130E+00   2.3766218349E+00   1.7022373633E-03   2.2423387561E+00   2.3824507261E+00   1.9046764319E-03   2.3538730134E+00   2.4134841262E+00   2.0862295189E-03   2.2030896940E+00   2.3737456304E+00   1.5756181731E-03   3.4211156594E-04
   1   -21   0    0   7.9002059440E-01   7.9492498688E+00   2.5594971322E-04   2.0624245520E+00   2.3746546283E+00   2.6547275971E-04   2.1443612970E+00   2.3388643597E+00   6.5065686092E-04   2.2408195355E+00   2.3766537078E+00   1.7022373633E-03   2.2424117677E+00   2.3824960561E+00   1.9046764319E-03   2.3539241546E+00   2.4135338646E+00   2.0862295189E-03   2.2031719731E+00   2.3737909604E+00   1.5756181731E-03   3.4211476919E-04
   1   -22   0    0   7.8002213481E-01   7.9493497585E+00   2.5588899992E-04   2.0623743854E+00   2.3746806912E+00   2.6547275971E-04   2.1443047007E+00   2.3388969544E+00   6.5065686092E-04   2.2408125945E+00   2.3766863026E+00   1.7022373633E-03   2.2424864147E+00   2.3825424021E+00   1.9046764319E-03   2.3539764395E+00   2.4135847154E+00   2.0862295189E-03   2.2032560331E+00   2.3738373065E+00   1.5756181731E-03   3.4211804428E-04
   1   -23   0    0   7.7002374444E-01   7.9494518760E+00   2.5582696169E-04   2.0623231087E+00   2.3747073492E+00   2.6547275971E-04   2.1442468384E+00   2.3389302869E+00   6.5065686092E-04   2.2408054857E+00   2.3767196350E+00   1.7022373633E-03   2.2425627321E+00   2.3825897859E+00   1.9046764319E-03   2.3540298926E+00   2.4136367022E+00   2.0862295189E-03   2.2033419095E+00   2.3738846902E+00   1.5756181731E-03   3.4212139275E-04
   1   -24   0    0   7.6002542632E-01   7.9495562683E+00   2.5576357184E-04   2.0622706989E+00   2.3747346155E+00   2.6547275971E-04   2.1441876833E+00   2.3389643730E+00   6.5065686092E-04   2.2407982053E+00   2.3767537211E+00   1.7022373633E-03   2.2426407554E+00   2.3826382296E+00   1.9046764319E-03   2.3540845384E+00   2.4136898492E+00   2.0862295189E-03   2.2034296385E+00   2.3739331339E+00   1.5756181731E-03   3.4212481616E-04
   1   -25   0    0   7.5002718358E-01   7.9496629833E+00   2.5569880330E-04   2.0622171323E+00   2.3747625036E+00   2.6547275971E-04   2.1441272077E+00   2.3389992292E+00   6.5065686092E-04   2.2407907491E+00   2.3767885773E+00   1.7022373633E-03   2.2427205209E+00   2.3826877556E+00   1.9046764319E-03   2.3541404024E+00   2.4137441808E+00   2.0862295189E-03   2.2035192566E+00   2.3739826599E+00   1.5756181731E-03   3.4212831611E-04
   1   -26   0    0   7.4002901952E-01   7.9497720701E+00   2.5563262855E-04   2.0621623850E+00   2.3747910272E+00   2.6547275971E-04   2.1440653837E+00   2.3390348722E+00   6.5065686092E-04   2.2407831127E+00   2.3768242203E+00   1.7022373633E-03   2.2428020654E+00   2.3827383869E+00   1.9046764319E-03   2.3541975101E+00   2.4137997220E+00   2.0862295189E-03   2.2036108010E+00   2.3740332912E+00   1.5756181731E-03   3.4213189421E-04
   1   -27   0    0   7.3003093753E-01   7.9498835782E+00   2.5556501964E-04   2.0621064326E+00   2.3748202003E+00   2.6547275971E-04   2.1440021826E+00   2.3390713190E+00   6.5065686092E-04   2.2407752918E+00   2.3768606671E+00   1.7022373633E-03   2.2428854266E+00   2.3827901468E+00   1.9046764319E-03   2.3542558877E+00   2.4138564984E+00   2.0862295189E-03   2.2037043096E+00   2.3740850511E+00   1.5756181731E-03   3.4213555214E-04
   1   -28   0    0   7.2003294118E-01   7.9499975584E+00   2.5549594820E-04   2.0620492503E+00   2.3748500372E+00   2.6547275971E-04   2.1439375755E+00   2.3391085870E+00   6.5065686092E-04   2.2407672819E+00   2.3768979351E+00   1.7022373633E-03   2.2429706426E+00   2.3828430592E+00   1.9046764319E-03   2.3543155618E+00   2.4139145356E+00   2.0862295189E-03   2.2037998208E+00   2.3741379635E+00   1.5756181731E-03   3.4213929156E-04
   1   -29   0    0   7.1003503417E-01   7.9501140622E+00   2.5542538543E-04   2.0619908128E+00   2.3748805525E+00   2.6547275971E-04   2.1438715327E+00   2.3391466939E+00   6.5065686092E-04   2.2407590786E+00   2.3769360420E+00   1.7022373633E-03   2.2430577524E+00   2.3828971482E+00   1.9046764319E-03   2.3543765595E+00   2.4139738601E+00   2.0862295189E-03   2.2038973734E+00   2.3741920525E+00   1.5756181731E-03   3.4214311420E-04
   1   -30   0    0   7.0003722034E-01   7.9502331421E+00   2.5535330210E-04   2.0619310945E+00   2.3749117611E+00   2.6547275971E-04   2.1438040241E+00   2.3391856576E+00   6.5065686092E-04   2.2407506770E+00   2.3769750057E+00   1.7022373633E-03   2.2431467957E+00   2.3829524384E+00   1.9046764319E-03   2.3544389083E+00   2.4140344988E+00   2.0862295189E-03   2.2039970071E+00   2.3742473428E+00   1.5756181731E-03   3.4214702180E-04
   1   -31   0    0   6.9003950370E-01   7.9503548514E+00   2.5527966855E-04   2.0618700692E+00   2.3749436782E+00   2.6547275971E-04   2.1437350189E+00   2.3392254966E+00   6.5065686092E-04   2.2407420725E+00   2.3770148447E+00   1.7022373633E-03   2.2432378127E+00   2.3830089551E+00   1.9046764319E-03   2.3545026364E+00   2.4140964788E+00   2.0862295189E-03   2.2040987620E+00   2.3743038594E+00   1.5756181731E-03   3.4215101613E-04
   1   -32   0    0   6.8004188843E-01   7.9504792444E+00   2.5520445470E-04   2.0618077104E+00   2.3749763192E+00   2.6547275971E-04   2.1436644859E+00   2.3392662295E+00   6.5065686092E-04   2.2407332600E+00   2.3770555776E+00   1.7022373633E-03   2.2433308446E+00   2.3830667236E+00   1.9046764319E-03   2.3545677722E+00   2.4141598279E+00   2.0862295189E-03   2.2042026788E+00   2.3743616279E+00   1.5756181731E-03   3.4215509900E-04
   1   -33   0    0   6.7004437885E-01   7.9506063764E+00   2.5512763005E-04   2.0617439911E+00   2.3750096999E+00   2.6547275971E-04   2.1435923933E+00   2.3393078754E+00   6.5065686092E-04   2.2407242347E+00   2.3770972235E+00   1.7022373633E-03   2.2434259332E+00   2.3831257700E+00   1.9046764319E-03   2.3546343448E+00   2.4142245744E+00   2.0862295189E-03   2.2043087988E+00   2.3744206743E+00   1.5756181731E-03   3.4215927226E-04
   1   -34   0    0   6.6004697948E-01   7.9507363035E+00   2.5504916367E-04   2.0616788839E+00   2.3750438364E+00   2.6547275971E-04   2.1435187087E+00   2.3393504537E+00   6.5065686092E-04   2.2407149915E+00   2.3771398018E+00   1.7022373633E-03   2.2435231209E+00   2.3831861206E+00   1.9046764319E-03   2.3547023837E+00   2.4142907470E+00   2.0862295189E-03   2.2044171638E+00   2.3744810249E+00   1.5756181731E-03   3.4216353777E-04
   1   -35   0    0   6.5004969501E-01   7.9508690829E+00   2.5496902420E-04   2.0616123608E+00   2.3750787451E+00   2.6547275971E-04   2.1434433992E+00   2.3393939843E+00   6.5065686092E-04   2.2407055250E+00   2.3771833324E+00   1.7022373633E-03   2.2436224509E+00   2.3832478023E+00   1.9046764319E-03   2.3547719189E+00   2.4143583749E+00   2.0862295189E-03   2.2045278164E+00   2.3745427067E+00   1.5756181731E-03   3.4216789744E-04
   1   -36   0    0   6.4005253033E-01   7.9510047726E+00   2.5488717989E-04   2.0615443935E+00   2.3751144427E+00   2.6547275971E-04   2.1433664313E+00   2.3394384871E+00   6.5065686092E-04   2.2406958299E+00   2.3772278352E+00   1.7022373633E-03   2.2437239672E+00   2.3833108425E+00   1.9046764319E-03   2.3548429809E+00   2.4144274876E+00   2.0862295189E-03   2.2046407996E+00   2.3746057469E+00   1.5756181731E-03   3.4217235321E-04
   1   -37   0    0   6.3005549049E-01   7.9511434316E+00   2.5480359857E-04   2.0614749533E+00   2.3751509461E+00   2.6547275971E-04   2.1432877708E+00   2.3394839827E+00   6.5065686092E-04   2.2406859007E+00   2.3772733308E+00   1.7022373633E-03   2.2438277145E+00   2.3833752689E+00   1.9046764319E-03   2.3549156008E+00   2.4144981155E+00   2.0862295189E-03   2.2047561570E+00   2.3746701733E+00   1.5756181731E-03   3.4217690703E-04
   1   -38   0    0   6.2005858077E-01   7.9512851199E+00   2.5471824764E-04   2.0614040109E+00   2.3751882729E+00   2.6547275971E-04   2.1432073832E+00   2.3395304919E+00   6.5065686092E-04   2.2406757320E+00   2.3773198400E+00   1.7022373633E-03   2.2439337381E+00   2.3834411098E+00   1.9046764319E-03   2.3549898100E+00   2.4145702891E+00   2.0862295189E-03   2.2048739328E+00   2.3747360141E+00   1.5756181731E-03   3.4218156092E-04
   1   -39   0    0   6.1006180666E-01   7.9514298985E+00   2.5463109413E-04   2.0613315366E+00   2.3752264405E+00   2.6547275971E-04   2.1431252332E+00   2.3395780360E+00   6.5065686092E-04   2.2406653179E+00   2.3773673841E+00   1.7022373633E-03   2.2440420844E+00   2.3835083937E+00   1.9046764319E-03   2.3550656405E+00   2.4146440396E+00   2.0862295189E-03   2.2049941718E+00   2.3748032981E+00   1.5756181731E-03   3.4218631690E-04
   1   -40   0    0   6.0006517383E-01   7.9515778293E+00   2.5454210466E-04   2.0612575002E+00   2.3752654671E+00   2.6547275971E-04   2.1430412849E+00   2.3396266365E+00   6.5065686092E-04   2.2406546526E+00   2.3774159846E+00   1.7022373633E-03   2.2441528001E+00   2.3835771500E+00   1.9046764319E-03   2.3551431249E+00   2.4147193986E+00   2.0862295189E-03   2.2051169193E+00   2.3748720543E+00   1.5756181731E-03   3.4219117704E-04
   1   -41   0    0   5.9006868820E-01   7.9517289750E+00   2.5445124546E-04   2.0611818712E+00   2.3753053708E+00   2.6547275971E-04   2.1429555020E+00   2.3396763154E+00   6.5065686092E-04   2.2406437301E+00   2.3774656635E+00   1.7022373633E-03   2.2442659329E+00   2.3836474081E+00   1.9046764319E-03   2.3552222962E+00   2.4147963982E+00   2.0862295189E-03   2.2052422212E+00   2.3749423124E+00   1.5756181731E-03   3.4219614344E-04
   1   -42   0    0   5.8007235591E-01   7.9518833997E+00   2.5435848237E-04   2.0611046185E+00   2.3753461705E+00   2.6547275971E-04   2.1428678474E+00   2.3397270951E+00   6.5065686092E-04   2.2406325444E+00   2.3775164432E+00   1.7022373633E-03   2.2443815312E+00   2.3837191982E+00   1.9046764319E-03   2.3553031879E+00   2.4148750710E+00   2.0862295189E-03   2.2053701240E+00   2.3750141025E+00   1.5756181731E-03   3.4220121824E-04
   1   -43   0    0   5.7007618334E-01   7.9520411679E+00   2.5426378089E-04   2.0610257106E+00   2.3753878851E+00   2.6547275971E-04   2.1427782836E+00   2.3397789982E+00   6.5065686092E-04   2.2406210893E+00   2.3775683463E+00   1.7022373633E-03   2.2444996442E+00   2.3837925507E+00   1.9046764319E-03   2.3553858341E+00   2.4149554501E+00   2.0862295189E-03   2.2055006746E+00   2.3750874551E+00   1.5756181731E-03   3.4220640359E-04
   1   -44   0    0   5.6008017709E-01   7.9522023455E+00   2.5416710611E-04   2.0609451155E+00   2.3754305340E+00   2.6547275971E-04   2.1426867724E+00   2.3398320478E+00   6.5065686092E-04   2.2406093583E+00   2.3776213959E+00   1.7022373633E-03   2.2446203217E+00   2.3838674968E+00   1.9046764319E-03   2.3554702692E+00   2.4150375691E+00   2.0862295189E-03   2.2056339206E+00   2.3751624011E+00   1.5756181731E-03   3.4221170169E-04
   1   -45   0    0   5.5008434404E-01   7.9523669993E+00   2.5406842279E-04   2.0608628008E+00   2.3754741367E+00   2.6547275971E-04   2.1425932749E+00   2.3398862674E+00   6.5065686092E-04   2.2405973450E+00   2.3776756155E+00   1.7022373633E-03   2.2447436143E+00   2.3839440677E+00   1.9046764319E-03   2.3555565283E+00   2.4151214620E+00   2.0862295189E-03   2.2057699101E+00   2.3752389721E+00   1.5756181731E-03   3.4221711478E-04
   1   -46   0    0   5.4008869131E-01   7.9525351968E+00   2.5396769535E-04   2.0607787337E+00   2.3755187134E+00   2.6547275971E-04   2.1424977518E+00   2.3399416809E+00   6.5065686092E-04   2.2405850427E+00   2.3777310290E+00   1.7022373633E-03   2.2448695734E+00   2.3840222955E+00   1.9046764319E-03   2.3556446469E+00   2.4152071635E+00   2.0862295189E-03   2.2059086917E+00   2.3753171998E+00   1.5756181731E-03   3.4222264511E-04
   1   -47   0    0   5.3009322629E-01   7.9527070068E+00   2.5386488787E-04   2.0606928808E+00   2.3755642844E+00   2.6547275971E-04   2.1424001632E+00   2.3399983125E+00   6.5065686092E-04   2.2405724447E+00   2.3777876606E+00   1.7022373633E-03   2.2449982512E+00   2.3841022125E+00   1.9046764319E-03   2.3557346610E+00   2.4152947084E+00   2.0862295189E-03   2.2060503145E+00   2.3753971168E+00   1.5756181731E-03   3.4222829499E-04
   1   -48   0    0   5.2009795665E-01   7.9528824988E+00   2.5375996411E-04   2.0606052084E+00   2.3756108704E+00   2.6547275971E-04   2.1423004685E+00   2.3400561867E+00   6.5065686092E-04   2.2405595440E+00   2.3778455348E+00   1.7022373633E-03   2.2451297004E+00   2.3841838515E+00   1.9046764319E-03   2.3558266072E+00   2.4153841325E+00   2.0862295189E-03   2.2061948281E+00   2.3754787559E+00   1.5756181731E-03   3.4223406674E-04
   1   -49   0    0   5.1010289032E-01   7.9530617432E+00   2.5365288753E-04   2.0605156822E+00   2.3756584924E+00   2.6547275971E-04   2.1421986266E+00   2.3401153287E+00   6.5065686092E-04   2.2405463337E+00   2.3779046768E+00   1.7022373633E-03   2.2452639746E+00   2.3842672458E+00   1.9046764319E-03   2.3559205225E+00   2.4154754715E+00   2.0862295189E-03   2.2063422826E+00   2.3755621502E+00   1.5756181731E-03   3.4223996272E-04
   1   -50   0    0   5.0010803556E-01   7.9532448116E+00   2.5354362128E-04   2.0604242677E+00   2.3757071720E+00   2.6547275971E-04   2.1420945957E+00   2.3401757637E+00   6.5065686092E-04   2.2405328065E+00   2.3779651118E+00   1.7022373633E-03   2.2454011281E+00   2.3843524292E+00   1.9046764319E-03   2.3560164442E+00   2.4155687620E+00   2.0862295189E-03   2.2064927287E+00   2.3756473335E+00   1.5756181731E-03   3.4224598532E-04
   1   -51   0    0   4.9011340087E-01   7.9534317764E+00   2.5343212827E-04   2.0603309298E+00   2.3757569308E+00   2.6547275971E-04   2.1419883335E+00   2.3402375175E+00   6.5065686092E-04   2.2405189551E+00   2.3780268656E+00   1.7022373633E-03   2.2455412160E+00   2.3844394356E+00   1.9046764319E-03   2.3561144105E+00   2.4156640410E+00   2.0862295189E-03   2.2066462173E+00   2.3757343400E+00   1.5756181731E-03   3.4225213697E-04
   1   -52   0    0   4.8011899512E-01   7.9536227107E+00   2.5331837112E-04   2.0602356329E+00   2.3758077909E+00   2.6547275971E-04   2.1418797971E+00   2.3403006162E+00   6.5065686092E-04   2.2405047719E+00   2.3780899643E+00   1.7022373633E-03   2.2456842939E+00   2.3845282999E+00   1.9046764319E-03   2.3562144596E+00   2.4157613456E+00   2.0862295189E-03   2.2068028001E+00   2.3758232042E+00   1.5756181731E-03   3.4225842013E-04
   1   -53   0    0   4.7012482745E-01   7.9538176889E+00   2.5320231222E-04   2.0601383411E+00   2.3758597749E+00   2.6547275971E-04   2.1417689431E+00   2.3403650865E+00   6.5065686092E-04   2.2404902495E+00   2.3781544346E+00   1.7022373633E-03   2.2458304182E+00   2.3846190569E+00   1.9046764319E-03   2.3563166306E+00   2.4158607139E+00   2.0862295189E-03   2.2069625289E+00   2.3759139613E+00   1.5756181731E-03   3.4226483727E-04
   1   -54   0    0   4.6013090734E-01   7.9540167859E+00   2.5308391374E-04   2.0600390182E+00   2.3759129055E+00   2.6547275971E-04   2.1416557275E+00   2.3404309550E+00   6.5065686092E-04   2.2404753800E+00   2.3782203031E+00   1.7022373633E-03   2.2459796461E+00   2.3847117422E+00   1.9046764319E-03   2.3564209626E+00   2.4159621840E+00   2.0862295189E-03   2.2071254560E+00   2.3760066466E+00   1.5756181731E-03   3.4227139092E-04
   1   -55   0    0   4.5013724461E-01   7.9542200777E+00   2.5296313765E-04   2.0599376272E+00   2.3759672060E+00   2.6547275971E-04   2.1415401056E+00   2.3404982492E+00   6.5065686092E-04   2.2404601554E+00   2.3782875973E+00   1.7022373633E-03   2.2461320353E+00   2.3848063917E+00   1.9046764319E-03   2.3565274956E+00   2.4160657946E+00   2.0862295189E-03   2.2072916343E+00   2.3761012960E+00   1.5756181731E-03   3.4227808362E-04
   1   -56   0    0   4.4014384938E-01   7.9544276410E+00   2.5283994573E-04   2.0598341312E+00   2.3760226997E+00   2.6547275971E-04   2.1414220323E+00   2.3405669966E+00   6.5065686092E-04   2.2404445677E+00   2.3783563447E+00   1.7022373633E-03   2.2462876443E+00   2.3849030415E+00   1.9046764319E-03   2.3566362698E+00   2.4161715848E+00   2.0862295189E-03   2.2074611169E+00   2.3761979458E+00   1.5756181731E-03   3.4228491795E-04
   1   -57   0    0   4.3015073218E-01   7.9546395536E+00   2.5271429961E-04   2.0597284925E+00   2.3760794106E+00   2.6547275971E-04   2.1413014620E+00   2.3406372252E+00   6.5065686092E-04   2.2404286087E+00   2.3784265733E+00   1.7022373633E-03   2.2464465322E+00   2.3850017284E+00   1.9046764319E-03   2.3567473257E+00   2.4162795943E+00   2.0862295189E-03   2.2076339573E+00   2.3762966327E+00   1.5756181731E-03   3.4229189651E-04
   1   -58   0    0   4.2015790384E-01   7.9548558937E+00   2.5258616080E-04   2.0596206731E+00   2.3761373629E+00   2.6547275971E-04   2.1411783484E+00   2.3407089634E+00   6.5065686092E-04   2.2404122700E+00   2.3784983115E+00   1.7022373633E-03   2.2466087587E+00   2.3851024894E+00   1.9046764319E-03   2.3568607044E+00   2.4163898628E+00   2.0862295189E-03   2.2078102092E+00   2.3763973937E+00   1.5756181731E-03   3.4229902194E-04
   1   -59   0    0   4.1016537559E-01   7.9550767407E+00   2.5245549067E-04   2.0595106349E+00   2.3761965812E+00   2.6547275971E-04   2.1410526447E+00   2.3407822398E+00   6.5065686092E-04   2.2403955430E+00   2.3785715879E+00   1.7022373633E-03   2.2467743842E+00   2.3852053621E+00   1.9046764319E-03   2.3569764474E+00   2.4165024308E+00   2.0862295189E-03   2.2079899269E+00   2.3765002664E+00   1.5756181731E-03   3.4230629689E-04
   1   -60   0    0   4.0017315900E-01   7.9553021745E+00   2.5232225055E-04   2.0593983391E+00   2.3762570903E+00   2.6547275971E-04   2.1409243039E+00   2.3408570836E+00   6.5065686092E-04   2.2403784190E+00   2.3786464317E+00   1.7022373633E-03   2.2469434695E+00   2.3853103841E+00   1.9046764319E-03   2.3570945966E+00   2.4166173388E+00   2.0862295189E-03   2.2081731648E+00   2.3766052884E+00   1.5756181731E-03   3.4231372405E-04
   1   -61   0    0   3.9018126607E-01   7.9555322757E+00   2.5218640168E-04   2.0592837467E+00   2.3763189154E+00   2.6547275971E-04   2.1407932780E+00   2.3409335240E+00   6.5065686092E-04   2.2403608893E+00   2.3787228722E+00   1.7022373633E-03   2.2471160763E+00   2.3854175937E+00   1.9046764319E-03   2.3572151940E+00   2.4167346280E+00   2.0862295189E-03   2.2083599775E+00   2.3767124981E+00   1.5756181731E-03   3.4232130614E-04
   1   -62   0    0   3.8018970913E-01   7.9557671259E+00   2.5204790531E-04   2.0591668183E+00   2.3763820821E+00   2.6547275971E-04   2.1406595189E+00   2.3410115909E+00   6.5065686092E-04   2.2403429447E+00   2.3788009391E+00   1.7022373633E-03   2.2472922666E+00   2.3855270295E+00   1.9046764319E-03   2.3573382823E+00   2.4168543397E+00   2.0862295189E-03   2.2085504199E+00   2.3768219338E+00   1.5756181731E-03   3.4232904589E-04
   1   -63   0    0   3.7019850095E-01   7.9560068071E+00   2.5190672267E-04   2.0590475142E+00   2.3764466163E+00   2.6547275971E-04   2.1405229780E+00   2.3410913143E+00   6.5065686092E-04   2.2403245762E+00   2.3788806625E+00   1.7022373633E-03   2.2474721029E+00   2.3856387301E+00   1.9046764319E-03   2.3574639044E+00   2.4169765156E+00   2.0862295189E-03   2.2087445472E+00   2.3769336344E+00   1.5756181731E-03   3.4233694605E-04
   1   -64   0    0   3.6020765468E-01   7.9562514019E+00   2.5176281506E-04   2.0589257945E+00   2.3765125442E+00   2.6547275971E-04   2.1403836061E+00   2.3411727246E+00   6.5065686092E-04   2.2403057743E+00   2.3789620727E+00   1.7022373633E-03   2.2476556485E+00   2.3857527348E+00   1.9046764319E-03   2.3575921035E+00   2.4171011978E+00   2.0862295189E-03   2.2089424147E+00   2.3770476391E+00   1.5756181731E-03   3.4234500942E-04
   1   -65   0    0   3.5021718388E-01   7.9565009938E+00   2.5161614382E-04   2.0588016188E+00   2.3765798923E+00   2.6547275971E-04   2.1402413536E+00   2.3412558524E+00   6.5065686092E-04   2.2402865298E+00   2.3790452005E+00   1.7022373633E-03   2.2478429668E+00   2.3858690830E+00   1.9046764319E-03   2.3577229230E+00   2.4172284286E+00   2.0862295189E-03   2.2091440777E+00   2.3771639873E+00   1.5756181731E-03   3.4235323880E-04
   1   -66   0    0   3.4022710255E-01   7.9567556667E+00   2.5146667042E-04   2.0586749465E+00   2.3766486875E+00   2.6547275971E-04   2.1400961707E+00   2.3413407287E+00   6.5065686092E-04   2.2402668328E+00   2.3791300769E+00   1.7022373633E-03   2.2480341220E+00   2.3859878144E+00   1.9046764319E-03   2.3578564067E+00   2.4173582504E+00   2.0862295189E-03   2.2093495918E+00   2.3772827187E+00   1.5756181731E-03   3.4236163701E-04
   1   -67   0    0   3.3023742508E-01   7.9570155048E+00   2.5131435649E-04   2.0585457369E+00   2.3767189569E+00   2.6547275971E-04   2.1399480070E+00   2.3414273849E+00   6.5065686092E-04   2.2402466736E+00   2.3792167330E+00   1.7022373633E-03   2.2482291784E+00   2.3861089689E+00   1.9046764319E-03   2.3579925986E+00   2.4174907062E+00   2.0862295189E-03   2.2095590127E+00   2.3774038732E+00   1.5756181731E-03   3.4237020688E-04
   1   -68   0    0   3.2024816632E-01   7.9572805932E+00   2.5115916382E-04   2.0584139487E+00   2.3767907279E+00   2.6547275971E-04   2.1397968118E+00   2.3415158523E+00   6.5065686092E-04   2.2402260423E+00   2.3793052004E+00   1.7022373633E-03   2.2484282009E+00   2.3862325868E+00   1.9046764319E-03   2.3581315430E+00   2.4176258389E+00   2.0862295189E-03   2.2097723958E+00   2.3775274911E+00   1.5756181731E-03   3.4237895129E-04
   1   -69   0    0   3.1025934152E-01   7.9575510171E+00   2.5100105444E-04   2.0582795408E+00   2.3768640282E+00   2.6547275971E-04   2.1396425341E+00   2.3416061629E+00   6.5065686092E-04   2.2402049288E+00   2.3793955110E+00   1.7022373633E-03   2.2486312547E+00   2.3863587085E+00   1.9046764319E-03   2.3582732844E+00   2.4177636917E+00   2.0862295189E-03   2.2099897968E+00   2.3776536128E+00   1.5756181731E-03   3.4238787311E-04
   1   -70   0    0   3.0027096641E-01   7.9578268622E+00   2.5083999064E-04   2.0581424715E+00   2.3769388858E+00   2.6547275971E-04   2.1394851227E+00   2.3416983486E+00   6.5065686092E-04   2.2401833228E+00   2.3794876967E+00   1.7022373633E-03   2.2488384052E+00   2.3864873744E+00   1.9046764319E-03   2.3584178672E+00   2.4179043081E+00   2.0862295189E-03   2.2102112714E+00   2.3777822788E+00   1.5756181731E-03   3.4239697521E-04
   1   -71   0    0   2.9028305714E-01   7.9581082145E+00   2.5067593503E-04   2.0580026991E+00   2.3770153290E+00   2.6547275971E-04   2.1393245260E+00   2.3417924418E+00   6.5065686092E-04   2.2401612138E+00   2.3795817899E+00   1.7022373633E-03   2.2490497181E+00   2.3866186255E+00   1.9046764319E-03   2.3585653363E+00   2.4180477316E+00   2.0862295189E-03   2.2104368748E+00   2.3779135298E+00   1.5756181731E-03   3.4240626051E-04
   1   -72   0    0   2.8029563030E-01   7.9583951604E+00   2.5050885056E-04   2.0578601819E+00   2.3770933863E+00   2.6547275971E-04   2.1391606921E+00   2.3418884750E+00   6.5065686092E-04   2.2401385914E+00   2.3796778231E+00   1.7022373633E-03   2.2492652595E+00   2.3867525025E+00   1.9046764319E-03   2.3587157366E+00   2.4181940057E+00   2.0862295189E-03   2.2106666626E+00   2.3780474068E+00   1.5756181731E-03   3.4241573192E-04
   1   -73   0    0   2.7030870295E-01   7.9586877863E+00   2.5033870060E-04   2.0577148777E+00   2.3771730864E+00   2.6547275971E-04   2.1389935691E+00   2.3419864807E+00   6.5065686092E-04   2.2401154448E+00   2.3797758288E+00   1.7022373633E-03   2.2494850955E+00   2.3868890465E+00   1.9046764319E-03   2.3588691129E+00   2.4183431743E+00   2.0862295189E-03   2.2109006897E+00   2.3781839508E+00   1.5756181731E-03   3.4242539234E-04
   1   -74   0    0   2.6032229261E-01   7.9589861789E+00   2.5016544895E-04   2.0575667445E+00   2.3772544583E+00   2.6547275971E-04   2.1388231048E+00   2.3420864920E+00   6.5065686092E-04   2.2400917630E+00   2.3798758401E+00   1.7022373633E-03   2.2497092924E+00   2.3870282984E+00   1.9046764319E-03   2.3590255103E+00   2.4184952810E+00   2.0862295189E-03   2.2111390112E+00   2.3783232028E+00   1.5756181731E-03   3.4243524472E-04
   1   -75   0    0   2.5033641723E-01   7.9592904249E+00   2.4998905992E-04   2.0574157399E+00   2.3773375312E+00   2.6547275971E-04   2.1386492469E+00   2.3421885417E+00   6.5065686092E-04   2.2400675352E+00   2.3799778898E+00   1.7022373633E-03   2.2499379165E+00   2.3871702995E+00   1.9046764319E-03   2.3591849738E+00   2.4186503696E+00   2.0862295189E-03   2.2113816816E+00   2.3784652039E+00   1.5756181731E-03   3.4244529197E-04
   1   -76   0    0   2.4035109524E-01   7.9596006111E+00   2.4980949836E-04   2.0572618218E+00   2.3774223345E+00   2.6547275971E-04   2.1384719430E+00   2.3422926632E+00   6.5065686092E-04   2.2400427500E+00   2.3800820113E+00   1.7022373633E-03   2.2501710341E+00   2.3873150909E+00   1.9046764319E-03   2.3593475482E+00   2.4188084838E+00   2.0862295189E-03   2.2116287552E+00   2.3786099952E+00   1.5756181731E-03   3.4245553703E-04
   1   -77   0    0   2.3036634552E-01   7.9599168242E+00   2.4962672972E-04   2.0571049479E+00   2.3775088977E+00   2.6547275971E-04   2.1382911408E+00   2.3423988896E+00   6.5065686092E-04   2.2400173962E+00   2.3801882377E+00   1.7022373633E-03   2.2504087118E+00   2.3874627136E+00   1.9046764319E-03   2.3595132787E+00   2.4189696674E+00   2.0862295189E-03   2.2118802858E+00   2.3787576179E+00   1.5756181731E-03   3.4246598282E-04
   1   -78   0    0   2.2038218741E-01   7.9602391509E+00   2.4944072011E-04   2.0569450757E+00   2.3775972505E+00   2.6547275971E-04   2.1381067878E+00   2.3425072544E+00   6.5065686092E-04   2.2399914622E+00   2.3802966025E+00   1.7022373633E-03   2.2506510157E+00   2.3876132088E+00   1.9046764319E-03   2.3596822098E+00   2.4191339639E+00   2.0862295189E-03   2.2121363270E+00   2.3789081131E+00   1.5756181731E-03   3.4247663228E-04
   1   -79   0    0   2.1039864069E-01   7.9605676774E+00   2.4925143634E-04   2.0567821630E+00   2.3776874230E+00   2.6547275971E-04   2.1379188317E+00   2.3426177910E+00   6.5065686092E-04   2.2399649365E+00   2.3804071391E+00   1.7022373633E-03   2.2508980119E+00   2.3877666173E+00   1.9046764319E-03   2.3598543864E+00   2.4193014167E+00   2.0862295189E-03   2.2123969317E+00   2.3790615216E+00   1.5756181731E-03   3.4248748833E-04
   1   -80   0    0   2.0041572562E-01   7.9609024900E+00   2.4905884598E-04   2.0566161676E+00   2.3777794450E+00   2.6547275971E-04   2.1377272202E+00   2.3427305329E+00   6.5065686092E-04   2.2399378072E+00   2.3805198811E+00   1.7022373633E-03   2.2511497664E+00   2.3879229801E+00   1.9046764319E-03   2.3600298529E+00   2.4194720690E+00   2.0862295189E-03   2.2126621522E+00   2.3792178844E+00   1.5756181731E-03   3.4249855388E-04
   1   -81   0    0   1.9043346288E-01   7.9612436743E+00   2.4886291744E-04   2.0564470472E+00   2.3778733467E+00   2.6547275971E-04   2.1375319012E+00   2.3428455137E+00   6.5065686092E-04   2.2399100624E+00   2.3806348618E+00   1.7022373633E-03   2.2514063449E+00   2.3880823378E+00   1.9046764319E-03   2.3602086534E+00   2.4196459640E+00   2.0862295189E-03   2.2129320403E+00   2.3793772421E+00   1.5756181731E-03   3.4250983184E-04
   1   -82   0    0   1.8045187361E-01   7.9615913158E+00   2.4866361998E-04   2.0562747599E+00   2.3779691582E+00   2.6547275971E-04   2.1373328230E+00   2.3429627667E+00   6.5065686092E-04   2.2398816901E+00   2.3807521148E+00   1.7022373633E-03   2.2516678127E+00   2.3882447308E+00   1.9046764319E-03   2.3603908321E+00   2.4198231442E+00   2.0862295189E-03   2.2132066470E+00   2.3795396351E+00   1.5756181731E-03   3.4252132509E-04
   1   -83   0    0   1.7047097938E-01   7.9619454990E+00   2.4846092382E-04   2.0560992636E+00   2.3780669099E+00   2.6547275971E-04   2.1371299338E+00   2.3430823256E+00   6.5065686092E-04   2.2398526780E+00   2.3808716737E+00   1.7022373633E-03   2.2519342346E+00   2.3884101994E+00   1.9046764319E-03   2.3605764324E+00   2.4200036523E+00   2.0862295189E-03   2.2134860226E+00   2.3797051037E+00   1.5756181731E-03   3.4253303650E-04
   1   -84   0    0   1.6049080220E-01   7.9623063082E+00   2.4825480016E-04   2.0559205168E+00   2.3781666321E+00   2.6547275971E-04   2.1369231825E+00   2.3432042236E+00   6.5065686092E-04   2.2398230139E+00   2.3809935717E+00   1.7022373633E-03   2.2522056752E+00   2.3885787836E+00   1.9046764319E-03   2.3607654976E+00   2.4201875301E+00   2.0862295189E-03   2.2137702166E+00   2.3798736879E+00   1.5756181731E-03   3.4254496892E-04
   1   -85   0    0   1.5051136449E-01   7.9626738267E+00   2.4804522128E-04   2.0557384780E+00   2.3782683550E+00   2.6547275971E-04   2.1367125182E+00   2.3433284942E+00   6.5065686092E-04   2.2397926851E+00   2.3811178423E+00   1.7022373633E-03   2.2524821983E+00   2.3887505228E+00   1.9046764319E-03   2.3609580707E+00   2.4203748194E+00   2.0862295189E-03   2.2140592776E+00   2.3800454271E+00   1.5756181731E-03   3.4255712519E-04
   1   -86   0    0   1.4053268909E-01   7.9630481372E+00   2.4783216056E-04   2.0555531058E+00   2.3783721090E+00   2.6547275971E-04   2.1364978904E+00   2.3434551704E+00   6.5065686092E-04   2.2397616792E+00   2.3812445185E+00   1.7022373633E-03   2.2527638671E+00   2.3889254563E+00   1.9046764319E-03   2.3611541938E+00   2.4205655614E+00   2.0862295189E-03   2.2143532532E+00   2.3802203606E+00   1.5756181731E-03   3.4256950811E-04
   1   -87   0    0   1.3055479921E-01   7.9634293213E+00   2.4761559258E-04   2.0553643595E+00   2.3784779243E+00   2.6547275971E-04   2.1362792494E+00   2.3435842853E+00   6.5065686092E-04   2.2397299833E+00   2.3813736334E+00   1.7022373633E-03   2.2530507441E+00   2.3891036229E+00   1.9046764319E-03   2.3613539088E+00   2.4207597966E+00   2.0862295189E-03   2.2146521899E+00   2.3803985272E+00   1.5756181731E-03   3.4258212045E-04
   1   -88   0    0   1.2057771848E-01   7.9638174595E+00   2.4739549314E-04   2.0551721983E+00   2.3785858312E+00   2.6547275971E-04   2.1360565458E+00   2.3437158716E+00   6.5065686092E-04   2.2396975846E+00   2.3815052197E+00   1.7022373633E-03   2.2533428912E+00   2.3892850607E+00   1.9046764319E-03   2.3615572569E+00   2.4209575652E+00   2.0862295189E-03   2.2149561333E+00   2.3805799651E+00   1.5756181731E-03   3.4259496494E-04
   1   -89   0    0   1.1060147088E-01   7.9642126314E+00   2.4717183938E-04   2.0549765820E+00   2.3786958597E+00   2.6547275971E-04   2.1358297311E+00   2.3438499620E+00   6.5065686092E-04   2.2396644701E+00   2.3816393101E+00   1.7022373633E-03   2.2536403691E+00   2.3894698077E+00   1.9046764319E-03   2.3617642787E+00   2.4211589065E+00   2.0862295189E-03   2.2152651277E+00   2.3807647120E+00   1.5756181731E-03   3.4260804429E-04
   1   -90   0    0   1.0062608074E-01   7.9646149152E+00   2.4694460981E-04   2.0547774710E+00   2.3788080398E+00   2.6547275971E-04   2.1355987575E+00   2.3439865887E+00   6.5065686092E-04   2.2396306267E+00   2.3817759368E+00   1.7022373633E-03   2.2539432378E+00   2.3896579009E+00   1.9046764319E-03   2.3619750139E+00   2.4213638594E+00   2.0862295189E-03   2.2155792161E+00   2.3809528052E+00   1.5756181731E-03   3.4262136117E-04
   1   -91   0    0   9.0651572730E-02   7.9650243877E+00   2.4671378435E-04   2.0545748258E+00   2.3789224013E+00   2.6547275971E-04   2.1353635781E+00   2.3441257836E+00   6.5065686092E-04   2.2395960410E+00   2.3819151317E+00   1.7022373633E-03   2.2542515560E+00   2.3898493768E+00   1.9046764319E-03   2.3621895018E+00   2.4215724618E+00   2.0862295189E-03   2.2158984401E+00   2.3811442811E+00   1.5756181731E-03   3.4263491818E-04
   1   -92   0    0   8.0677971822E-02   7.9654411243E+00   2.4647934445E-04   2.0543686075E+00   2.3790389739E+00   2.6547275971E-04   2.1351241467E+00   2.3442675785E+00   6.5065686092E-04   2.2395606999E+00   2.3820569266E+00   1.7022373633E-03   2.2545653815E+00   2.3900442713E+00   1.9046764319E-03   2.3624077805E+00   2.4217847510E+00   2.0862295189E-03   2.2162228401E+00   2.3813391756E+00   1.5756181731E-03   3.4264871790E-04
   1   -93   0    0   7.0705303287E-02   7.9658651987E+00   2.4624127312E-04   2.0541587780E+00   2.3791577869E+00   2.6547275971E-04   2.1348804183E+00   2.3444120045E+00   6.5065686092E-04   2.2395245897E+00   2.3822013526E+00   1.7022373633E-03   2.2548847706E+00   2.3902426194E+00   1.9046764319E-03   2.3626298874E+00   2.4220007632E+00   2.0862295189E-03   2.2165524549E+00   2.3815375237E+00   1.5756181731E-03   3.4266276284E-04
   1   -94   0    0   6.0733592654E-02   7.9662966831E+00   2.4599955498E-04   2.0539452994E+00   2.3792788695E+00   2.6547275971E-04   2.1346323490E+00   2.3445590925E+00   6.5065686092E-04   2.2394876969E+00   2.3823484406E+00   1.7022373633E-03   2.2552097785E+00   2.3904444554E+00   1.9046764319E-03   2.3628558590E+00   2.4222205340E+00   2.0862295189E-03   2.2168873216E+00   2.3817393597E+00   1.5756181731E-03   3.4267705547E-04
   1   -95   0    0   5.0762865693E-02   7.9667356476E+00   2.4575417638E-04   2.0537281347E+00   2.3794022505E+00   2.6547275971E-04   2.1343798960E+00   2.3447088726E+00   6.5065686092E-04   2.2394500078E+00   2.3824982207E+00   1.7022373633E-03   2.2555404589E+00   2.3906498127E+00   1.9046764319E-03   2.3630857305E+00   2.4224440976E+00   2.0862295189E-03   2.2172274759E+00   2.3819447170E+00   1.5756181731E-03   3.4269159817E-04
   1   -96   0    0   4.0793148381E-02   7.9671821604E+00   2.4550512539E-04   2.0535072475E+00   2.3795279584E+00   2.6547275971E-04   2.1341230179E+00   2.3448613747E+00   6.5065686092E-04   2.2394115086E+00   2.3826507228E+00   1.7022373633E-03   2.2558768638E+00   2.3908587237E+00   1.9046764319E-03   2.3633195363E+00   2.4226714874E+00   2.0862295189E-03   2.2175729515E+00   2.3821536280E+00   1.5756181731E-03   3.4270639330E-04
   1   -97   0    0   3.0824466876E-02   7.9676362877E+00   2.4525239192E-04   2.0532826021E+00   2.3796560213E+00   2.6547275971E-04   2.1338616744E+00   2.3450166280E+00   6.5065686092E-04   2.2393721854E+00   2.3828059761E+00   1.7022373633E-03   2.2562190438E+00   2.3910712201E+00   1.9046764319E-03   2.3635573097E+00   2.4229027358E+00   2.0862295189E-03   2.2179237804E+00   2.3823661244E+00   1.5756181731E-03   3.4272144310E-04
   1   -98   0    0   2.0856847480E-02   7.9680980935E+00   2.4499596773E-04   2.0530541635E+00   2.3797864669E+00   2.6547275971E-04   2.1335958270E+00   2.3451746611E+00   6.5065686092E-04   2.2393320242E+00   2.3829640093E+00   1.7022373633E-03   2.2565670477E+00   2.3912873321E+00   1.9046764319E-03   2.3637990824E+00   2.4231378737E+00   2.0862295189E-03   2.2182799927E+00   2.3825822364E+00   1.5756181731E-03   3.4273674978E-04
   1   -99   0    0   1.0890316607E-02   7.9685676392E+00   2.4473584655E-04   2.0528218976E+00   2.3799193224E+00   2.6547275971E-04   2.1333254385E+00   2.3453355019E+00   6.5065686092E-04   2.2392910110E+00   2.3831248501E+00   1.7022373633E-03   2.2569209222E+00   2.3915070892E+00   1.9046764319E-03   2.3640448852E+00   2.4233769309E+00   2.0862295189E-03   2.2186416164E+00   2.3828019935E+00   1.5756181731E-03   3.4275231546E-04
   1  -100   0    0   9.2490074340E-04   7.9690449839E+00   2.4447202409E-04   2.0525857712E+00   2.3800546147E+00   2.6547275971E-04   2.1330504735E+00   2.3454991777E+00   6.5065686092E-04   2.2392491314E+00   2.3832885258E+00   1.7022373633E-03   2.2572807124E+00   2.3917305195E+00   1.9046764319E-03   2.3642947474E+00   2.4236199361E+00   2.0862295189E-03   2.2190086777E+00   2.3830254239E+00   1.5756181731E-03   3.4276814216E-04
   1  -101   0    0  -9.0393735879E-03   7.9695301842E+00   2.4420449812E-04   2.0523457519E+00   2.3801923699E+00   2.6547275971E-04   2.1327708984E+00   2.3456657148E+00   6.5065686092E-04   2.2392063713E+00   2.3834550629E+00   1.7022373633E-03   2.2576464613E+00   2.3919576501E+00   1.9046764319E-03   2.3645486970E+00   2.4238669162E+00   2.0862295189E-03   2.2193812002E+00   2.3832525544E+00   1.5756181731E-03   3.4278423183E-04
   1  -102   0    0  -1.9002479871E-02   7.9700232937E+00   2.4393326850E-04   2.0521018083E+00   2.3803326137E+00   2.6547275971E-04   2.1324866814E+00   2.3458351389E+00   6.5065686092E-04   2.2391627164E+00   2.3836244870E+00   1.7022373633E-03   2.2580182095E+00   2.3921885065E+00   1.9046764319E-03   2.3648067602E+00   2.4241178970E+00   2.0862295189E-03   2.2197592056E+00   2.3834834108E+00   1.5756181731E-03   3.4280058634E-04
   1  -103   0    0  -2.8964391639E-02   7.9705243633E+00   2.4365833727E-04   2.0518539099E+00   2.3804753710E+00   2.6547275971E-04   2.1321977926E+00   2.3460074748E+00   6.5065686092E-04   2.2391181521E+00   2.3837968229E+00   1.7022373633E-03   2.2583959957E+00   2.3924231131E+00   1.9046764319E-03   2.3650689619E+00   2.4243729026E+00   2.0862295189E-03   2.2201427132E+00   2.3837180174E+00   1.5756181731E-03   3.4281720745E-04
   1  -104   0    0  -3.8925082520E-02   7.9710334407E+00   2.4337970866E-04   2.0516020274E+00   2.3806206662E+00   2.6547275971E-04   2.1319042043E+00   2.3461827464E+00   6.5065686092E-04   2.2390726641E+00   2.3839720945E+00   1.7022373633E-03   2.2587798558E+00   2.3926614928E+00   1.9046764319E-03   2.3653353255E+00   2.4246319556E+00   2.0862295189E-03   2.2205317397E+00   2.3839563971E+00   1.5756181731E-03   3.4283409681E-04
   1  -105   0    0  -4.8884526286E-02   7.9715505707E+00   2.4309738919E-04   2.0513461324E+00   2.3807685229E+00   2.6547275971E-04   2.1316058910E+00   2.3463609765E+00   6.5065686092E-04   2.2390262376E+00   2.3841503246E+00   1.7022373633E-03   2.2591698237E+00   2.3929036670E+00   1.9046764319E-03   2.3656058724E+00   2.4248950771E+00   2.0862295189E-03   2.2209262997E+00   2.3841985714E+00   1.5756181731E-03   3.4285125599E-04
   1  -106   0    0  -5.8842696898E-02   7.9720757947E+00   2.4281138766E-04   2.0510861978E+00   2.3809189639E+00   2.6547275971E-04   2.1313028294E+00   2.3465421871E+00   6.5065686092E-04   2.2389788582E+00   2.3843315352E+00   1.7022373633E-03   2.2595659303E+00   2.3931496557E+00   1.9046764319E-03   2.3658806226E+00   2.4251622862E+00   2.0862295189E-03   2.2213264048E+00   2.3844445600E+00   1.5756181731E-03   3.4286868645E-04
   1  -107   0    0  -6.8799568563E-02   7.9726091506E+00   2.4252171523E-04   2.0508221976E+00   2.3810720114E+00   2.6547275971E-04   2.1309949986E+00   2.3467263990E+00   6.5065686092E-04   2.2389305110E+00   2.3845157471E+00   1.7022373633E-03   2.2599682041E+00   2.3933994772E+00   1.9046764319E-03   2.3661595938E+00   2.4254336004E+00   2.0862295189E-03   2.2217320641E+00   2.3846943815E+00   1.5756181731E-03   3.4288638951E-04
   1  -108   0    0  -7.8755115780E-02   7.9731506730E+00   2.4222838545E-04   2.0505541069E+00   2.3812276863E+00   2.6547275971E-04   2.1306823802E+00   2.3469136320E+00   6.5065686092E-04   2.2388811814E+00   2.3847029801E+00   1.7022373633E-03   2.2603766707E+00   2.3936531480E+00   1.9046764319E-03   2.3664428023E+00   2.4257090354E+00   2.0862295189E-03   2.2221432841E+00   2.3849480523E+00   1.5756181731E-03   3.4290436641E-04
   1  -109   0    0  -8.8709313402E-02   7.9737003925E+00   2.4193141428E-04   2.0502819023E+00   2.3813860091E+00   2.6547275971E-04   2.1303649584E+00   2.3471039046E+00   6.5065686092E-04   2.2388308546E+00   2.3848932527E+00   1.7022373633E-03   2.2607913529E+00   2.3939106832E+00   1.9046764319E-03   2.3667302623E+00   2.4259886049E+00   2.0862295189E-03   2.2225600684E+00   2.3852055876E+00   1.5756181731E-03   3.4292261825E-04
   1  -110   0    0  -9.8662136689E-02   7.9742583362E+00   2.4163082017E-04   2.0500055615E+00   2.3815469991E+00   2.6547275971E-04   2.1300427204E+00   2.3472972341E+00   6.5065686092E-04   2.2387795156E+00   2.3850865822E+00   1.7022373633E-03   2.2612122703E+00   2.3941720960E+00   1.9046764319E-03   2.3670219858E+00   2.4262723208E+00   2.0862295189E-03   2.2229824176E+00   2.3854670003E+00   1.5756181731E-03   3.4294114601E-04
   1  -111   0    0  -1.0861356137E-01   7.9748245271E+00   2.4132662404E-04   2.0497250637E+00   2.3817106746E+00   2.6547275971E-04   2.1297156557E+00   2.3474936366E+00   6.5065686092E-04   2.2387271498E+00   2.3852829847E+00   1.7022373633E-03   2.2616394396E+00   2.3944373976E+00   1.9046764319E-03   2.3673179830E+00   2.4265601928E+00   2.0862295189E-03   2.2234103295E+00   2.3857323019E+00   1.5756181731E-03   3.4295995053E-04
   1  -112   0    0  -1.1856356368E-01   7.9753989842E+00   2.4101884932E-04   2.0494403894E+00   2.3818770529E+00   2.6547275971E-04   2.1293837571E+00   2.3476931270E+00   6.5065686092E-04   2.2386737420E+00   2.3854824751E+00   1.7022373633E-03   2.2620728743E+00   2.3947065975E+00   1.9046764319E-03   2.3676182617E+00   2.4268522286E+00   2.0862295189E-03   2.2238437987E+00   2.3860015019E+00   1.5756181731E-03   3.4297903252E-04
   1  -113   0    0  -1.2851212047E-01   7.9759817226E+00   2.4070752201E-04   2.0491515205E+00   2.3820461502E+00   2.6547275971E-04   2.1290470202E+00   2.3478957185E+00   6.5065686092E-04   2.2386192775E+00   2.3856850666E+00   1.7022373633E-03   2.2625125845E+00   2.3949797033E+00   1.9046764319E-03   2.3679228279E+00   2.4271484339E+00   2.0862295189E-03   2.2242828171E+00   2.3862746077E+00   1.5756181731E-03   3.4299839258E-04
   1  -114   0    0  -1.3845920922E-01   7.9765727526E+00   2.4039267065E-04   2.0488584406E+00   2.3822179815E+00   2.6547275971E-04   2.1287054440E+00   2.3481014233E+00   6.5065686092E-04   2.2385637413E+00   2.3858907714E+00   1.7022373633E-03   2.2629585771E+00   2.3952567205E+00   1.9046764319E-03   2.3682316849E+00   2.4274488121E+00   2.0862295189E-03   2.2247273729E+00   2.3865516249E+00   1.5756181731E-03   3.4301803113E-04
   1  -115   0    0  -1.4840480812E-01   7.9771720807E+00   2.4007432635E-04   2.0485611345E+00   2.3823925608E+00   2.6547275971E-04   2.1283590304E+00   2.3483102518E+00   6.5065686092E-04   2.2385071184E+00   2.3860995999E+00   1.7022373633E-03   2.2634108553E+00   2.3955376526E+00   1.9046764319E-03   2.3685448340E+00   2.4277533643E+00   2.0862295189E-03   2.2251774514E+00   2.3868325569E+00   1.5756181731E-03   3.4303794847E-04
   1  -116   0    0  -1.5834889614E-01   7.9777797083E+00   2.3975252282E-04   2.0482595888E+00   2.3825699007E+00   2.6547275971E-04   2.1280077847E+00   2.3485222130E+00   6.5065686092E-04   2.2384493939E+00   2.3863115611E+00   1.7022373633E-03   2.2638694190E+00   2.3958225009E+00   1.9046764319E-03   2.3688622741E+00   2.4280620894E+00   2.0862295189E-03   2.2256330347E+00   2.3871174052E+00   1.5756181731E-03   3.4305814474E-04
   1  -117   0    0  -1.6829145309E-01   7.9783956328E+00   2.3942729636E-04   2.0479537916E+00   2.3827500126E+00   2.6547275971E-04   2.1276517158E+00   2.3487373145E+00   6.5065686092E-04   2.2383905529E+00   2.3865266626E+00   1.7022373633E-03   2.2643342643E+00   2.3961112647E+00   1.9046764319E-03   2.3691840017E+00   2.4283749840E+00   2.0862295189E-03   2.2260941014E+00   2.3874061691E+00   1.5756181731E-03   3.4307861994E-04
   1  -118   0    0  -1.7823245967E-01   7.9790198465E+00   2.3909868586E-04   2.0476437327E+00   2.3829329065E+00   2.6547275971E-04   2.1272908358E+00   2.3489555621E+00   6.5065686092E-04   2.2383305804E+00   2.3867449102E+00   1.7022373633E-03   2.2648053836E+00   2.3964039411E+00   1.9046764319E-03   2.3695100107E+00   2.4286920423E+00   2.0862295189E-03   2.2265606268E+00   2.3876988455E+00   1.5756181731E-03   3.4309937390E-04
   1  -119   0    0  -1.8817189757E-01   7.9796523371E+00   2.3876673282E-04   2.0473294034E+00   2.3831185911E+00   2.6547275971E-04   2.1269251604E+00   2.3491769601E+00   6.5065686092E-04   2.2382694616E+00   2.3869663082E+00   1.7022373633E-03   2.2652827656E+00   2.3967005250E+00   1.9046764319E-03   2.3698402928E+00   2.4290132559E+00   2.0862295189E-03   2.2270325827E+00   2.3879954293E+00   1.5756181731E-03   3.4312040631E-04
   1  -120   0    0  -1.9810974951E-01   7.9802930872E+00   2.3843148132E-04   2.0470107969E+00   2.3833070738E+00   2.6547275971E-04   2.1265547092E+00   2.3494015109E+00   6.5065686092E-04   2.2382071816E+00   2.3871908590E+00   1.7022373633E-03   2.2657663950E+00   2.3970010088E+00   1.9046764319E-03   2.3701748369E+00   2.4293386143E+00   2.0862295189E-03   2.2275099374E+00   2.3882959131E+00   1.5756181731E-03   3.4314171668E-04
   1  -121   0    0  -2.0804599928E-01   7.9809420748E+00   2.3809297801E-04   2.0466879080E+00   2.3834983604E+00   2.6547275971E-04   2.1261795051E+00   2.3496292155E+00   6.5065686092E-04   2.2381437257E+00   2.3874185636E+00   1.7022373633E-03   2.2662562528E+00   2.3973053828E+00   1.9046764319E-03   2.3705136296E+00   2.4296681043E+00   2.0862295189E-03   2.2279926560E+00   2.3886002872E+00   1.5756181731E-03   3.4316330437E-04
   1  -122   0    0  -2.1798063188E-01   7.9815992725E+00   2.3775127211E-04   2.0463607336E+00   2.3836924552E+00   2.6547275971E-04   2.1257995751E+00   2.3498600728E+00   6.5065686092E-04   2.2380790791E+00   2.3876494209E+00   1.7022373633E-03   2.2667523157E+00   2.3976136351E+00   1.9046764319E-03   2.3708566545E+00   2.4300017100E+00   2.0862295189E-03   2.2284806998E+00   2.3889085394E+00   1.5756181731E-03   3.4318516858E-04
   1  -123   0    0  -2.2791363349E-01   7.9822646481E+00   2.3740641539E-04   2.0460292719E+00   2.3838893611E+00   2.6547275971E-04   2.1254149498E+00   2.3500940803E+00   6.5065686092E-04   2.2380132272E+00   2.3878834284E+00   1.7022373633E-03   2.2672545567E+00   2.3979257510E+00   1.9046764319E-03   2.3712038930E+00   2.4303394132E+00   2.0862295189E-03   2.2289740265E+00   2.3892206553E+00   1.5756181731E-03   3.4320730832E-04
   1  -124   0    0  -2.3784499162E-01   7.9829381639E+00   2.3705846213E-04   2.0456935234E+00   2.3840890793E+00   2.6547275971E-04   2.1250256640E+00   2.3503312332E+00   6.5065686092E-04   2.2379461556E+00   2.3881205813E+00   1.7022373633E-03   2.2677629444E+00   2.3982417138E+00   1.9046764319E-03   2.3715553236E+00   2.4306811930E+00   2.0862295189E-03   2.2294725904E+00   2.3895366181E+00   1.5756181731E-03   3.4322972244E-04
   1  -125   0    0  -2.4777469511E-01   7.9836197772E+00   2.3670746913E-04   2.0453534902E+00   2.3842916097E+00   2.6547275971E-04   2.1246317560E+00   2.3505715252E+00   6.5065686092E-04   2.2378778498E+00   2.3883608734E+00   1.7022373633E-03   2.2682774436E+00   2.3985615042E+00   1.9046764319E-03   2.3719109221E+00   2.4310270260E+00   2.0862295189E-03   2.2299763421E+00   2.3898564085E+00   1.5756181731E-03   3.4325240963E-04
   1  -126   0    0  -2.5770273423E-01   7.9843094400E+00   2.3635349561E-04   2.0450091765E+00   2.3844969501E+00   2.6547275971E-04   2.1242332684E+00   2.3508149480E+00   6.5065686092E-04   2.2378082954E+00   2.3886042962E+00   1.7022373633E-03   2.2687980145E+00   2.3988851004E+00   1.9046764319E-03   2.3722706618E+00   2.4313768859E+00   2.0862295189E-03   2.2304852286E+00   2.3901800048E+00   1.5756181731E-03   3.4327536838E-04
   1  -127   0    0  -2.6762910069E-01   7.9850070989E+00   2.3599660325E-04   2.0446605884E+00   2.3847050970E+00   2.6547275971E-04   2.1238302478E+00   2.3510614914E+00   6.5065686092E-04   2.2377374786E+00   2.3888508395E+00   1.7022373633E-03   2.2693246135E+00   2.3992124783E+00   1.9046764319E-03   2.3726345129E+00   2.4317307441E+00   2.0862295189E-03   2.2309991933E+00   2.3905073826E+00   1.5756181731E-03   3.4329859703E-04
   1  -128   0    0  -2.7755378777E-01   7.9857126952E+00   2.3563685610E-04   2.0443077338E+00   2.3849160451E+00   2.6547275971E-04   2.1234227445E+00   2.3513111430E+00   6.5065686092E-04   2.2376653852E+00   2.3891004911E+00   1.7022373633E-03   2.2698571924E+00   2.3995436111E+00   1.9046764319E-03   2.3730024432E+00   2.4320885689E+00   2.0862295189E-03   2.2315181759E+00   2.3908385154E+00   1.5756181731E-03   3.4332209372E-04
   1  -129   0    0  -2.8747679031E-01   7.9864261647E+00   2.3527432056E-04   2.0439506230E+00   2.3851297874E+00   2.6547275971E-04   2.1230108132E+00   2.3515638888E+00   6.5065686092E-04   2.2375920015E+00   2.3893532369E+00   1.7022373633E-03   2.2703956991E+00   2.3998784696E+00   1.9046764319E-03   2.3733744176E+00   2.4324503264E+00   2.0862295189E-03   2.2320421127E+00   2.3911733739E+00   1.5756181731E-03   3.4334585644E-04
   1  -130   0    0  -2.9739810480E-01   7.9871474379E+00   2.3490906531E-04   2.0435892679E+00   2.3853463151E+00   2.6547275971E-04   2.1225945125E+00   2.3518197126E+00   6.5065686092E-04   2.2375173141E+00   2.3896090607E+00   1.7022373633E-03   2.2709400771E+00   2.4002170221E+00   1.9046764319E-03   2.3737503983E+00   2.4328159797E+00   2.0862295189E-03   2.2325709361E+00   2.3915119264E+00   1.5756181731E-03   3.4336988296E-04
   1  -131   0    0  -3.0731772940E-01   7.9878764398E+00   2.3454116129E-04   2.0432236827E+00   2.3855656176E+00   2.6547275971E-04   2.1221739050E+00   2.3520785962E+00   6.5065686092E-04   2.2374413096E+00   2.3898679444E+00   1.7022373633E-03   2.2714902654E+00   2.4005592343E+00   1.9046764319E-03   2.3741303447E+00   2.4331854892E+00   2.0862295189E-03   2.2331045752E+00   2.3918541386E+00   1.5756181731E-03   3.4339417092E-04
   1  -132   0    0  -3.1723566402E-01   7.9886130900E+00   2.3417068162E-04   2.0428538838E+00   2.3857876826E+00   2.6547275971E-04   2.1217490575E+00   2.3523405195E+00   6.5065686092E-04   2.2373639750E+00   2.3901298676E+00   1.7022373633E-03   2.2720461990E+00   2.4009050695E+00   1.9046764319E-03   2.3745142133E+00   2.4335588129E+00   2.0862295189E-03   2.2336429552E+00   2.3921999738E+00   1.5756181731E-03   3.4341871773E-04
   1  -133   0    0  -3.2715191035E-01   7.9893573026E+00   2.3379770154E-04   2.0424798894E+00   2.3860124960E+00   2.6547275971E-04   2.1213200406E+00   2.3526054601E+00   6.5065686092E-04   2.2372852978E+00   2.3903948082E+00   1.7022373633E-03   2.2726078085E+00   2.4012544884E+00   1.9046764319E-03   2.3749019582E+00   2.4339359057E+00   2.0862295189E-03   2.2341859981E+00   2.3925493928E+00   1.5756181731E-03   3.4344352066E-04
   1  -134   0    0  -3.3706647191E-01   7.9901089864E+00   2.3342229837E-04   2.0421017202E+00   2.3862400418E+00   2.6547275971E-04   2.1208869291E+00   2.3528733937E+00   6.5065686092E-04   2.2372052654E+00   2.3906627418E+00   1.7022373633E-03   2.2731750203E+00   2.4016074492E+00   1.9046764319E-03   2.3752935303E+00   2.4343167202E+00   2.0862295189E-03   2.2347336221E+00   2.3929023535E+00   1.5756181731E-03   3.4346857678E-04
   1  -135   0    0  -3.4697935406E-01   7.9908680446E+00   2.3304455144E-04   2.0417193988E+00   2.3864703020E+00   2.6547275971E-04   2.1204498017E+00   2.3531442940E+00   6.5065686092E-04   2.2371238658E+00   2.3909336421E+00   1.7022373633E-03   2.2737477564E+00   2.4019639075E+00   1.9046764319E-03   2.3756888781E+00   2.4347012062E+00   2.0862295189E-03   2.2352857422E+00   2.3932588119E+00   1.5756181731E-03   3.4349388299E-04
   1  -136   0    0  -3.5689056407E-01   7.9916343752E+00   2.3266454199E-04   2.0413329503E+00   2.3867032571E+00   2.6547275971E-04   2.1200087408E+00   2.3534181326E+00   6.5065686092E-04   2.2370410875E+00   2.3912074807E+00   1.7022373633E-03   2.2743259349E+00   2.4023238166E+00   1.9046764319E-03   2.3760879473E+00   2.4350893107E+00   2.0862295189E-03   2.2358422696E+00   2.3936187209E+00   1.5756181731E-03   3.4351943600E-04
   1  -137   0    0  -3.6680011113E-01   7.9924078707E+00   2.3228235317E-04   2.0409424018E+00   2.3869388855E+00   2.6547275971E-04   2.1195638331E+00   2.3536948789E+00   6.5065686092E-04   2.2369569193E+00   2.3914842270E+00   1.7022373633E-03   2.2749094694E+00   2.4026871269E+00   1.9046764319E-03   2.3764906808E+00   2.4354809782E+00   2.0862295189E-03   2.2364031125E+00   2.3939820312E+00   1.5756181731E-03   3.4354523234E-04
   1  -138   0    0  -3.7670800640E-01   7.9931884183E+00   2.3189806989E-04   2.0405477827E+00   2.3871771637E+00   2.6547275971E-04   2.1191151687E+00   2.3539745003E+00   6.5065686092E-04   2.2368713504E+00   2.3917638484E+00   1.7022373633E-03   2.2754982694E+00   2.4030537868E+00   1.9046764319E-03   2.3768970188E+00   2.4358761507E+00   2.0862295189E-03   2.2369681755E+00   2.3943486911E+00   1.5756181731E-03   3.4357126839E-04
   1  -139   0    0  -3.8661426298E-01   7.9939759000E+00   2.3151177879E-04   2.0401491248E+00   2.3874180663E+00   2.6547275971E-04   2.1186628416E+00   2.3542569623E+00   6.5065686092E-04   2.2367843705E+00   2.3920463104E+00   1.7022373633E-03   2.2760922404E+00   2.4034237420E+00   1.9046764319E-03   2.3773068989E+00   2.4362747674E+00   2.0862295189E-03   2.2375373601E+00   2.3947186463E+00   1.5756181731E-03   3.4359754031E-04
   1  -140   0    0  -3.9651889601E-01   7.9947701925E+00   2.3112356818E-04   2.0397464621E+00   2.3876615663E+00   2.6547275971E-04   2.1182069494E+00   2.3545422280E+00   6.5065686092E-04   2.2366959701E+00   2.3923315761E+00   1.7022373633E-03   2.2766912839E+00   2.4037969356E+00   1.9046764319E-03   2.3777202562E+00   2.4366767651E+00   2.0862295189E-03   2.2381105643E+00   2.3950918400E+00   1.5756181731E-03   3.4362404414E-04
   1  -141   0    0  -4.0642192261E-01   7.9955711674E+00   2.3073352791E-04   2.0393398310E+00   2.3879076344E+00   2.6547275971E-04   2.1177475933E+00   2.3548302587E+00   6.5065686092E-04   2.2366061399E+00   2.3926196068E+00   1.7022373633E-03   2.2772952971E+00   2.4041733088E+00   1.9046764319E-03   2.3781370230E+00   2.4370820780E+00   2.0862295189E-03   2.2386876833E+00   2.3954682131E+00   1.5756181731E-03   3.4365077569E-04
   1  -142   0    0  -4.1632336194E-01   7.9963786911E+00   2.3034174934E-04   2.0389292704E+00   2.3881562396E+00   2.6547275971E-04   2.1172848778E+00   2.3551210136E+00   6.5065686092E-04   2.2365148714E+00   2.3929103617E+00   1.7022373633E-03   2.2779041735E+00   2.4045527998E+00   1.9046764319E-03   2.3785571290E+00   2.4374906377E+00   2.0862295189E-03   2.2392686090E+00   2.3958477041E+00   1.5756181731E-03   3.4367773064E-04
   1  -143   0    0  -4.2622323516E-01   7.9971926251E+00   2.2994832523E-04   2.0385148213E+00   2.3884073492E+00   2.6547275971E-04   2.1168189110E+00   2.3554144499E+00   6.5065686092E-04   2.2364221569E+00   2.3932037980E+00   1.7022373633E-03   2.2785178027E+00   2.4049353448E+00   1.9046764319E-03   2.3789805016E+00   2.4379023735E+00   2.0862295189E-03   2.2398532303E+00   2.3962302491E+00   1.5756181731E-03   3.4370490450E-04
   1  -144   0    0  -4.3612156550E-01   7.9980128258E+00   2.2955334969E-04   2.0380965273E+00   2.3886609283E+00   2.6547275971E-04   2.1163498040E+00   2.3557105225E+00   6.5065686092E-04   2.2363279891E+00   2.3934998707E+00   1.7022373633E-03   2.2791360705E+00   2.4053208777E+00   1.9046764319E-03   2.3794070656E+00   2.4383172124E+00   2.0862295189E-03   2.2404414333E+00   2.3966157820E+00   1.5756181731E-03   3.4373229258E-04
   1  -145   0    0  -4.4601837819E-01   7.9988391449E+00   2.2915691804E-04   2.0376744346E+00   2.3889169403E+00   2.6547275971E-04   2.1158776711E+00   2.3560091848E+00   6.5065686092E-04   2.2362323616E+00   2.3937985329E+00   1.7022373633E-03   2.2797588589E+00   2.4057093300E+00   1.9046764319E-03   2.3798367433E+00   2.4387350786E+00   2.0862295189E-03   2.2410331011E+00   2.3970042343E+00   1.5756181731E-03   3.4375989006E-04
   1  -146   0    0  -4.5591370047E-01   7.9996714293E+00   2.2875912681E-04   2.0372485914E+00   2.3891753468E+00   2.6547275971E-04   2.1154026297E+00   2.3563103878E+00   6.5065686092E-04   2.2361352687E+00   2.3940997360E+00   1.7022373633E-03   2.2803860463E+00   2.4061006309E+00   1.9046764319E-03   2.3802694547E+00   2.4391558944E+00   2.0862295189E-03   2.2416281141E+00   2.3973955353E+00   1.5756181731E-03   3.4378769195E-04
   1  -147   0    0  -4.6580756162E-01   8.0005095211E+00   2.2836007357E-04   2.0368190490E+00   2.3894361074E+00   2.6547275971E-04   2.1149247998E+00   2.3566140808E+00   6.5065686092E-04   2.2360367058E+00   2.3944034289E+00   1.7022373633E-03   2.2810175077E+00   2.4064947077E+00   1.9046764319E-03   2.3807051173E+00   2.4395795796E+00   2.0862295189E-03   2.2422263502E+00   2.3977896120E+00   1.5756181731E-03   3.4381569310E-04
   1  -148   0    0  -4.7569999287E-01   8.0013532580E+00   2.2795985690E-04   2.0363858606E+00   2.3896991801E+00   2.6547275971E-04   2.1144443043E+00   2.3569202109E+00   6.5065686092E-04   2.2359366688E+00   2.3947095590E+00   1.7022373633E-03   2.2816531144E+00   2.4068914851E+00   1.9046764319E-03   2.3811436465E+00   2.4400060518E+00   2.0862295189E-03   2.2428276844E+00   2.3981863894E+00   1.5756181731E-03   3.4384388820E-04
   1  -149   0    0  -4.8559102746E-01   8.0022024731E+00   2.2755857632E-04   2.0359490825E+00   2.3899645209E+00   2.6547275971E-04   2.1139612687E+00   2.3572287236E+00   6.5065686092E-04   2.2358351547E+00   2.3950180717E+00   1.7022373633E-03   2.2822927345E+00   2.4072908860E+00   1.9046764319E-03   2.3815849553E+00   2.4404352265E+00   2.0862295189E-03   2.2434319895E+00   2.3985857903E+00   1.5756181731E-03   3.4387227180E-04
   1  -150   0    0  -4.9548070054E-01   8.0030569953E+00   2.2715633213E-04   2.0355087730E+00   2.3902320840E+00   2.6547275971E-04   2.1134758206E+00   2.3575395623E+00   6.5065686092E-04   2.2357321615E+00   2.3953289104E+00   1.7022373633E-03   2.2829362328E+00   2.4076928312E+00   1.9046764319E-03   2.3820289547E+00   2.4408670170E+00   2.0862295189E-03   2.2440391358E+00   2.3989877356E+00   1.5756181731E-03   3.4390083830E-04
   1  -151   0    0  -5.0536904919E-01   8.0039166492E+00   2.2675322541E-04   2.0350649935E+00   2.3905018219E+00   2.6547275971E-04   2.1129880903E+00   2.3578526687E+00   6.5065686092E-04   2.2356276882E+00   2.3956420168E+00   1.7022373633E-03   2.2835834710E+00   2.4080972395E+00   1.9046764319E-03   2.3824755533E+00   2.4413013345E+00   2.0862295189E-03   2.2446489913E+00   2.3993921438E+00   1.5756181731E-03   3.4392958194E-04
   1  -152   0    0  -5.1525611236E-01   8.0047812553E+00   2.2634935786E-04   2.0346178075E+00   2.3907736856E+00   2.6547275971E-04   2.1124982097E+00   2.3581679825E+00   6.5065686092E-04   2.2355217346E+00   2.3959573306E+00   1.7022373633E-03   2.2842343076E+00   2.4085040276E+00   1.9046764319E-03   2.3829246580E+00   2.4417380882E+00   2.0862295189E-03   2.2452614219E+00   2.3997989319E+00   1.5756181731E-03   3.4395849684E-04
   1  -153   0    0  -5.2514193086E-01   8.0056506301E+00   2.2594483180E-04   2.0341672814E+00   2.3910476239E+00   2.6547275971E-04   2.1120063129E+00   2.3584854420E+00   6.5065686092E-04   2.2354143021E+00   2.3962747901E+00   1.7022373633E-03   2.2848885985E+00   2.4089131104E+00   1.9046764319E-03   2.3833761734E+00   2.4421771856E+00   2.0862295189E-03   2.2458762915E+00   2.4002080147E+00   1.5756181731E-03   3.4398757697E-04
   1  -154   0    0  -5.3502654728E-01   8.0065245863E+00   2.2553974999E-04   2.0337134841E+00   2.3913235844E+00   2.6547275971E-04   2.1115125358E+00   2.3588049834E+00   6.5065686092E-04   2.2353053927E+00   2.3965943315E+00   1.7022373633E-03   2.2855461965E+00   2.4093244010E+00   1.9046764319E-03   2.3838300023E+00   2.4426185320E+00   2.0862295189E-03   2.2464934618E+00   2.4006193053E+00   1.5756181731E-03   3.4401681617E-04
   1  -155   0    0  -5.4491000594E-01   8.0074029331E+00   2.2513421562E-04   2.0332564872E+00   2.3916015128E+00   2.6547275971E-04   2.1110170157E+00   2.3591265413E+00   6.5065686092E-04   2.2351950098E+00   2.3969158894E+00   1.7022373633E-03   2.2862069518E+00   2.4097378106E+00   1.9046764319E-03   2.3842860456E+00   2.4430620310E+00   2.0862295189E-03   2.2471127930E+00   2.4010327150E+00   1.5756181731E-03   3.4404620816E-04
   1  -156   0    0  -5.5479235291E-01   8.0082854758E+00   2.2472833219E-04   2.0327963647E+00   2.3918813532E+00   2.6547275971E-04   2.1105198913E+00   2.3594500488E+00   6.5065686092E-04   2.2350831582E+00   2.3972393969E+00   1.7022373633E-03   2.2868707121E+00   2.4101532489E+00   1.9046764319E-03   2.3847442025E+00   2.4435075845E+00   2.0862295189E-03   2.2477341432E+00   2.4014481533E+00   1.5756181731E-03   3.4407574652E-04
   1  -157   0    0  -5.6467363584E-01   8.0091720164E+00   2.2432220342E-04   2.0323331934E+00   2.3921630481E+00   2.6547275971E-04   2.1100213028E+00   2.3597754373E+00   6.5065686092E-04   2.2349698437E+00   2.3975647854E+00   1.7022373633E-03   2.2875373227E+00   2.4105706238E+00   1.9046764319E-03   2.3852043703E+00   2.4439550928E+00   2.0862295189E-03   2.2483573691E+00   2.4018655281E+00   1.5756181731E-03   3.4410542473E-04
   1  -158   0    0  -5.7455390400E-01   8.0100623539E+00   2.2391593320E-04   2.0318670528E+00   2.3924465386E+00   2.6547275971E-04   2.1095213911E+00   2.3601026365E+00   6.5065686092E-04   2.2348550734E+00   2.3978919846E+00   1.7022373633E-03   2.2882066265E+00   2.4109898414E+00   1.9046764319E-03   2.3856664448E+00   2.4444044544E+00   2.0862295189E-03   2.2489823259E+00   2.4022847457E+00   1.5756181731E-03   3.4413523613E-04
   1  -159   0    0  -5.8443320818E-01   8.0109562838E+00   2.2350962548E-04   2.0313980248E+00   2.3927317643E+00   2.6547275971E-04   2.1090202981E+00   2.3604315749E+00   6.5065686092E-04   2.2347388559E+00   2.3982209231E+00   1.7022373633E-03   2.2888784642E+00   2.4114108067E+00   1.9046764319E-03   2.3861303202E+00   2.4448555665E+00   2.0862295189E-03   2.2496088674E+00   2.4027057110E+00   1.5756181731E-03   3.4416517399E-04
   1  -160   0    0  -5.9431160059E-01   8.0118535989E+00   2.2310338416E-04   2.0309261939E+00   2.3930186631E+00   2.6547275971E-04   2.1085181666E+00   2.3607621794E+00   6.5065686092E-04   2.2346212010E+00   2.3985515275E+00   1.7022373633E-03   2.2895526746E+00   2.4118334230E+00   1.9046764319E-03   2.3865958892E+00   2.4453083246E+00   2.0862295189E-03   2.2502368462E+00   2.4031283273E+00   1.5756181731E-03   3.4419523142E-04
   1  -161   0    0  -6.0418913486E-01   8.0127540892E+00   2.2269731308E-04   2.0304516474E+00   2.3933071717E+00   2.6547275971E-04   2.1080151395E+00   2.3610943753E+00   6.5065686092E-04   2.2345021200E+00   2.3988837235E+00   1.7022373633E-03   2.2902290946E+00   2.4122575923E+00   1.9046764319E-03   2.3870630431E+00   2.4457626230E+00   2.0862295189E-03   2.2508661134E+00   2.4035524966E+00   1.5756181731E-03   3.4422540149E-04
   1  -162   0    0  -6.1406586590E-01   8.0136575421E+00   2.2229151586E-04   2.0299744750E+00   2.3935972255E+00   2.6547275971E-04   2.1075113605E+00   2.3614280869E+00   6.5065686092E-04   2.2343816254E+00   2.3992174350E+00   1.7022373633E-03   2.2909075593E+00   2.4126832151E+00   1.9046764319E-03   2.3875316718E+00   2.4462183547E+00   2.0862295189E-03   2.2514965196E+00   2.4039781194E+00   1.5756181731E-03   3.4425567712E-04
   1  -163   0    0  -6.2394184986E-01   8.0145637424E+00   2.2188609587E-04   2.0294947690E+00   2.3938887583E+00   2.6547275971E-04   2.1070069731E+00   2.3617632370E+00   6.5065686092E-04   2.2342597315E+00   2.3995525851E+00   1.7022373633E-03   2.2915879020E+00   2.4131101910E+00   1.9046764319E-03   2.3880016641E+00   2.4466754115E+00   2.0862295189E-03   2.2521279140E+00   2.4044050953E+00   1.5756181731E-03   3.4428605118E-04
   1  -164   0    0  -6.3381714403E-01   8.0154724728E+00   2.2148115613E-04   2.0290126243E+00   2.3941817028E+00   2.6547275971E-04   2.1065021210E+00   2.3620997471E+00   6.5065686092E-04   2.2341364536E+00   2.3998890952E+00   1.7022373633E-03   2.2922699548E+00   2.4135384182E+00   1.9046764319E-03   2.3884729074E+00   2.4471336839E+00   2.0862295189E-03   2.2527601455E+00   2.4048333225E+00   1.5756181731E-03   3.4431651644E-04
   1  -165   0    0  -6.4369180678E-01   8.0163835137E+00   2.2107679919E-04   2.0285281381E+00   2.3944759906E+00   2.6547275971E-04   2.1059969477E+00   2.3624375378E+00   6.5065686092E-04   2.2340118090E+00   2.4002268859E+00   1.7022373633E-03   2.2929535484E+00   2.4139677939E+00   1.9046764319E-03   2.3889452883E+00   2.4475930616E+00   2.0862295189E-03   2.2533930619E+00   2.4052626982E+00   1.5756181731E-03   3.4434706559E-04
   1  -166   0    0  -6.5356589745E-01   8.0172966436E+00   2.2067312713E-04   2.0280414103E+00   2.3947715518E+00   2.6547275971E-04   2.1054915965E+00   2.3627765282E+00   6.5065686092E-04   2.2338858160E+00   2.4005658764E+00   1.7022373633E-03   2.2936385123E+00   2.4143982143E+00   1.9046764319E-03   2.3894186923E+00   2.4480534332E+00   2.0862295189E-03   2.2540265107E+00   2.4056931186E+00   1.5756181731E-03   3.4437769125E-04
   1  -167   0    0  -6.6343947627E-01   8.0182116395E+00   2.2027024140E-04   2.0275525429E+00   2.3950683158E+00   2.6547275971E-04   2.1049862098E+00   2.3631166368E+00   6.5065686092E-04   2.2337584947E+00   2.4009059849E+00   1.7022373633E-03   2.2943246748E+00   2.4148295746E+00   1.9046764319E-03   2.3898930040E+00   2.4485146864E+00   2.0862295189E-03   2.2546603390E+00   2.4061244789E+00   1.5756181731E-03   3.4440838597E-04
   1  -168   0    0  -6.7331260430E-01   8.0191282766E+00   2.1986824279E-04   2.0270616406E+00   2.3953662105E+00   2.6547275971E-04   2.1044809299E+00   2.3634577807E+00   6.5065686092E-04   2.2336298666E+00   2.4012471288E+00   1.7022373633E-03   2.2950118635E+00   2.4152617694E+00   1.9046764319E-03   2.3903681070E+00   2.4489767082E+00   2.0862295189E-03   2.2552943934E+00   2.4065566738E+00   1.5756181731E-03   3.4443914225E-04
   1  -169   0    0  -6.8318534326E-01   8.0200463286E+00   2.1946723132E-04   2.0265688101E+00   2.3956651631E+00   2.6547275971E-04   2.1039758978E+00   2.3637998763E+00   6.5065686092E-04   2.2334999546E+00   2.4015892244E+00   1.7022373633E-03   2.2956999053E+00   2.4156946924E+00   1.9046764319E-03   2.3908438846E+00   2.4494393849E+00   2.0862295189E-03   2.2559285206E+00   2.4069895967E+00   1.5756181731E-03   3.4446995253E-04
   1  -170   0    0  -6.9305775553E-01   8.0209655682E+00   2.1906730615E-04   2.0260741606E+00   2.3959650999E+00   2.6547275971E-04   2.1034712539E+00   2.3641428392E+00   6.5065686092E-04   2.2333687835E+00   2.4019321873E+00   1.7022373633E-03   2.2963886262E+00   2.4161282365E+00   1.9046764319E-03   2.3913202191E+00   2.4499026022E+00   2.0862295189E-03   2.2565625670E+00   2.4074231408E+00   1.5756181731E-03   3.4450080919E-04
   1  -171   0    0  -7.0292990398E-01   8.0218857671E+00   2.1866856556E-04   2.0255778033E+00   2.3962659460E+00   2.6547275971E-04   2.1029671373E+00   2.3644865840E+00   6.5065686092E-04   2.2332363791E+00   2.4022759321E+00   1.7022373633E-03   2.2970778522E+00   2.4165622942E+00   1.9046764319E-03   2.3917969925E+00   2.4503662452E+00   2.0862295189E-03   2.2571963793E+00   2.4078571986E+00   1.5756181731E-03   3.4453170457E-04
   1  -172   0    0  -7.1280185191E-01   8.0228066960E+00   2.1827110680E-04   2.0250798515E+00   2.3965676260E+00   2.6547275971E-04   2.1024636859E+00   2.3648310247E+00   6.5065686092E-04   2.2331027690E+00   2.4026203728E+00   1.7022373633E-03   2.2977674085E+00   2.4169967576E+00   1.9046764319E-03   2.3922740863E+00   2.4508301988E+00   2.0862295189E-03   2.2578298043E+00   2.4082916619E+00   1.5756181731E-03   3.4456263099E-04
   1  -173   0    0  -7.2267366295E-01   8.0237281250E+00   2.1787502605E-04   2.0245804207E+00   2.3968700635E+00   2.6547275971E-04   2.1019610364E+00   2.3651760747E+00   6.5065686092E-04   2.2329679822E+00   2.4029654228E+00   1.7022373633E-03   2.2984571205E+00   2.4174315182E+00   1.9046764319E-03   2.3927513817E+00   2.4512943473E+00   2.0862295189E-03   2.2584626891E+00   2.4087264225E+00   1.5756181731E-03   3.4459358073E-04
   1  -174   0    0  -7.3254540093E-01   8.0246498239E+00   2.1748041833E-04   2.0240796282E+00   2.3971731816E+00   2.6547275971E-04   2.1014593236E+00   2.3655216468E+00   6.5065686092E-04   2.2328320491E+00   2.4033109949E+00   1.7022373633E-03   2.2991468135E+00   2.4178664672E+00   1.9046764319E-03   2.3932287595E+00   2.4517585749E+00   2.0862295189E-03   2.2590948812E+00   2.4091613715E+00   1.5756181731E-03   3.4462454603E-04
   1  -175   0    0  -7.4241712982E-01   8.0255715622E+00   2.1708737743E-04   2.0235775931E+00   2.3974769027E+00   2.6547275971E-04   2.1009586811E+00   2.3658676534E+00   6.5065686092E-04   2.2326950017E+00   2.4036570015E+00   1.7022373633E-03   2.2998363130E+00   2.4183014957E+00   1.9046764319E-03   2.3937061007E+00   2.4522227658E+00   2.0862295189E-03   2.2597262289E+00   2.4095964000E+00   1.5756181731E-03   3.4465551914E-04
   1  -176   0    0  -7.5228891360E-01   8.0264931092E+00   2.1669599584E-04   2.0230744364E+00   2.3977811485E+00   2.6547275971E-04   2.1004592406E+00   2.3662140062E+00   6.5065686092E-04   2.2325568733E+00   2.4040033543E+00   1.7022373633E-03   2.3005254447E+00   2.4187364947E+00   1.9046764319E-03   2.3941832861E+00   2.4526868041E+00   2.0862295189E-03   2.2603565810E+00   2.4100313990E+00   1.5756181731E-03   3.4468649228E-04
   1  -177   0    0  -7.6216081617E-01   8.0274142344E+00   2.1630636465E-04   2.0225702807E+00   2.3980858405E+00   2.6547275971E-04   2.0999611318E+00   2.3665606168E+00   6.5065686092E-04   2.2324176985E+00   2.4043499649E+00   1.7022373633E-03   2.3012140347E+00   2.4191713550E+00   1.9046764319E-03   2.3946601964E+00   2.4531505738E+00   2.0862295189E-03   2.2609857871E+00   2.4104662594E+00   1.5756181731E-03   3.4471745767E-04
   1  -178   0    0  -7.7203290125E-01   8.0283347078E+00   2.1591857350E-04   2.0220652501E+00   2.3983908996E+00   2.6547275971E-04   2.0994644827E+00   2.3669073965E+00   6.5065686092E-04   2.2322775134E+00   2.4046967446E+00   1.7022373633E-03   2.3019019099E+00   2.4196059677E+00   1.9046764319E-03   2.3951367127E+00   2.4536139594E+00   2.0862295189E-03   2.2616136979E+00   2.4109008720E+00   1.5756181731E-03   3.4474840755E-04
   1  -179   0    0  -7.8190523225E-01   8.0292542997E+00   2.1553271050E-04   2.0215594701E+00   2.3986962463E+00   2.6547275971E-04   2.0989694189E+00   2.3672542564E+00   6.5065686092E-04   2.2321363553E+00   2.4050436045E+00   1.7022373633E-03   2.3025888979E+00   2.4200402239E+00   1.9046764319E-03   2.3956127165E+00   2.4540768453E+00   2.0862295189E-03   2.2622401649E+00   2.4113351282E+00   1.5756181731E-03   3.4477933415E-04
   1  -180   0    0  -7.9177787221E-01   8.0301727813E+00   2.1514886215E-04   2.0210530676E+00   2.3990018009E+00   2.6547275971E-04   2.0984760642E+00   2.3676011075E+00   6.5065686092E-04   2.2319942629E+00   2.4053904556E+00   1.7022373633E-03   2.3032748270E+00   2.4204740149E+00   1.9046764319E-03   2.3960880893E+00   2.4545391167E+00   2.0862295189E-03   2.2628650411E+00   2.4117689192E+00   1.5756181731E-03   3.4481022971E-04
   1  -181   0    0  -8.0165088370E-01   8.0310899247E+00   2.1476711329E-04   2.0205461706E+00   2.3993074835E+00   2.6547275971E-04   2.0979845399E+00   2.3679478607E+00   6.5065686092E-04   2.2318512760E+00   2.4057372088E+00   1.7022373633E-03   2.3039595268E+00   2.4209072325E+00   1.9046764319E-03   2.3965627133E+00   2.4550006588E+00   2.0862295189E-03   2.2634881805E+00   2.4122021368E+00   1.5756181731E-03   3.4484108652E-04
   1  -182   0    0  -8.1152432868E-01   8.0320055032E+00   2.1438754702E-04   2.0200389084E+00   2.3996132140E+00   2.6547275971E-04   2.0974949651E+00   2.3682944270E+00   6.5065686092E-04   2.2317074356E+00   2.4060837751E+00   1.7022373633E-03   2.3046428279E+00   2.4213397689E+00   1.9046764319E-03   2.3970364715E+00   2.4554613579E+00   2.0862295189E-03   2.2641094388E+00   2.4126346732E+00   1.5756181731E-03   3.4487189687E-04
   1  -183   0    0  -8.2139826841E-01   8.0329192912E+00   2.1401024464E-04   2.0195314108E+00   2.3999189124E+00   2.6547275971E-04   2.0970074564E+00   2.3686407176E+00   6.5065686092E-04   2.2315627838E+00   2.4064300657E+00   1.7022373633E-03   2.3053245623E+00   2.4217715168E+00   1.9046764319E-03   2.3975092472E+00   2.4559211004E+00   2.0862295189E-03   2.2647286729E+00   2.4130664212E+00   1.5756181731E-03   3.4490265312E-04
   1  -184   0    0  -8.3127276341E-01   8.0338310648E+00   2.1363528557E-04   2.0190238087E+00   2.4002244986E+00   2.6547275971E-04   2.0965221279E+00   2.3689866439E+00   6.5065686092E-04   2.2314173638E+00   2.4067759920E+00   1.7022373633E-03   2.3060045634E+00   2.4222023697E+00   1.9046764319E-03   2.3979809248E+00   2.4563797740E+00   2.0862295189E-03   2.2653457417E+00   2.4134972740E+00   1.5756181731E-03   3.4493334765E-04
   1  -185   0    0  -8.4114787329E-01   8.0347406019E+00   2.1326274731E-04   2.0185162335E+00   2.4005298925E+00   2.6547275971E-04   2.0960390912E+00   2.3693321175E+00   6.5065686092E-04   2.2312712199E+00   2.4071214656E+00   1.7022373633E-03   2.3066826664E+00   2.4226322215E+00   1.9046764319E-03   2.3984513894E+00   2.4568372670E+00   2.0862295189E-03   2.2659605055E+00   2.4139271259E+00   1.5756181731E-03   3.4496397290E-04
   1  -186   0    0  -8.5102365670E-01   8.0356476821E+00   2.1289270537E-04   2.0180088173E+00   2.4008350144E+00   2.6547275971E-04   2.0955584552E+00   2.3696770505E+00   6.5065686092E-04   2.2311243971E+00   2.4074663986E+00   1.7022373633E-03   2.3073587080E+00   2.4230609673E+00   1.9046764319E-03   2.3989205272E+00   2.4572934688E+00   2.0862295189E-03   2.2665728268E+00   2.4143558717E+00   1.5756181731E-03   3.4499452136E-04
   1  -187   0    0  -8.6090017123E-01   8.0365520873E+00   2.1252523321E-04   2.0175016924E+00   2.4011397846E+00   2.6547275971E-04   2.0950803263E+00   2.3700213553E+00   6.5065686092E-04   2.2309769416E+00   2.4078107034E+00   1.7022373633E-03   2.3080325271E+00   2.4234885030E+00   1.9046764319E-03   2.3993882256E+00   2.4577482697E+00   2.0862295189E-03   2.2671825699E+00   2.4147834073E+00   1.5756181731E-03   3.4502498558E-04
   1  -188   0    0  -8.7077747334E-01   8.0374536016E+00   2.1216040221E-04   2.0169949912E+00   2.4014441239E+00   2.6547275971E-04   2.0946048080E+00   2.3703649451E+00   6.5065686092E-04   2.2308289000E+00   2.4081542932E+00   1.7022373633E-03   2.3087039643E+00   2.4239147254E+00   1.9046764319E-03   2.3998543730E+00   2.4582015614E+00   2.0862295189E-03   2.2677896012E+00   2.4152096297E+00   1.5756181731E-03   3.4505535821E-04
   1  -189   0    0  -8.8065561822E-01   8.0383520116E+00   2.1179828159E-04   2.0164888465E+00   2.4017479534E+00   2.6547275971E-04   2.0941320011E+00   2.3707077335E+00   6.5065686092E-04   2.2306803201E+00   2.4084970816E+00   1.7022373633E-03   2.3093728626E+00   2.4243395325E+00   1.9046764319E-03   2.4003188593E+00   2.4586532367E+00   2.0862295189E-03   2.2683937893E+00   2.4156344368E+00   1.5756181731E-03   3.4508563195E-04
   1  -190   0    0  -8.9053465980E-01   8.0392471066E+00   2.1143893836E-04   2.0159833906E+00   2.4020511947E+00   2.6547275971E-04   2.0936620035E+00   2.3710496349E+00   6.5065686092E-04   2.2305312500E+00   2.4088389830E+00   1.7022373633E-03   2.3100390671E+00   2.4247628235E+00   1.9046764319E-03   2.4007815757E+00   2.4591031898E+00   2.0862295189E-03   2.2689950051E+00   2.4160577278E+00   1.5756181731E-03   3.4511579958E-04
   1  -191   0    0  -9.0041465056E-01   8.0401386788E+00   2.1108243730E-04   2.0154787559E+00   2.4023537700E+00   2.6547275971E-04   2.0931949103E+00   2.3713905644E+00   6.5065686092E-04   2.2303817386E+00   2.4091799125E+00   1.7022373633E-03   2.3107024254E+00   2.4251844990E+00   1.9046764319E-03   2.4012424149E+00   2.4595513165E+00   2.0862295189E-03   2.2695931219E+00   2.4164794033E+00   1.5756181731E-03   3.4514585401E-04
   1  -192   0    0  -9.1029564156E-01   8.0410265232E+00   2.1072884091E-04   2.0149750741E+00   2.4026556019E+00   2.6547275971E-04   2.0927308137E+00   2.3717304382E+00   6.5065686092E-04   2.2302318353E+00   2.4095197863E+00   1.7022373633E-03   2.3113627877E+00   2.4256044608E+00   1.9046764319E-03   2.4017012713E+00   2.4599975141E+00   2.0862295189E-03   2.2701880155E+00   2.4168993651E+00   1.5756181731E-03   3.4517578819E-04
   1  -193   0    0  -9.2017768229E-01   8.0419104384E+00   2.1037820938E-04   2.0144724765E+00   2.4029566141E+00   2.6547275971E-04   2.0922698031E+00   2.3720691732E+00   6.5065686092E-04   2.2300815900E+00   2.4098585213E+00   1.7022373633E-03   2.3120200067E+00   2.4260226122E+00   1.9046764319E-03   2.4021580408E+00   2.4604416813E+00   2.0862295189E-03   2.2707795642E+00   2.4173175166E+00   1.5756181731E-03   3.4520559523E-04
   1  -194   0    0  -9.3006082067E-01   8.0427902260E+00   2.1003060050E-04   2.0139710939E+00   2.4032567306E+00   2.6547275971E-04   2.0918119646E+00   2.3724066874E+00   6.5065686092E-04   2.2299310528E+00   2.4101960355E+00   1.7022373633E-03   2.3126739380E+00   2.4264388583E+00   1.9046764319E-03   2.4026126213E+00   2.4608837188E+00   2.0862295189E-03   2.2713676490E+00   2.4177337626E+00   1.5756181731E-03   3.4523526830E-04
   1  -195   0    0  -9.3994510292E-01   8.0436656913E+00   2.0968606971E-04   2.0134710557E+00   2.4035558767E+00   2.6547275971E-04   2.0913573819E+00   2.3727428999E+00   6.5065686092E-04   2.2297802742E+00   2.4105322480E+00   1.7022373633E-03   2.3133244400E+00   2.4268531055E+00   1.9046764319E-03   2.4030649123E+00   2.4613235291E+00   2.0862295189E-03   2.2719521538E+00   2.4181480098E+00   1.5756181731E-03   3.4526480073E-04
   1  -196   0    0  -9.4983057355E-01   8.0445366434E+00   2.0934467004E-04   2.0129724908E+00   2.4038539781E+00   2.6547275971E-04   2.0909061351E+00   2.3730777309E+00   6.5065686092E-04   2.2296293050E+00   2.4108670791E+00   1.7022373633E-03   2.3139713742E+00   2.4272652620E+00   1.9046764319E-03   2.4035148156E+00   2.4617610164E+00   2.0862295189E-03   2.2725329651E+00   2.4185601663E+00   1.5756181731E-03   3.4529418593E-04
   1  -197   0    0  -9.5971727530E-01   8.0454028951E+00   2.0900645204E-04   2.0124755266E+00   2.4041509619E+00   2.6547275971E-04   2.0904583018E+00   2.3734111021E+00   6.5065686092E-04   2.2294781961E+00   2.4112004502E+00   1.7022373633E-03   2.3146146050E+00   2.4276752380E+00   1.9046764319E-03   2.4039622346E+00   2.4621960871E+00   2.0862295189E-03   2.2731099725E+00   2.4189701424E+00   1.5756181731E-03   3.4532341747E-04
   1  -198   0    0  -9.6960524907E-01   8.0462642632E+00   2.0867146384E-04   2.0119802894E+00   2.4044467561E+00   2.6547275971E-04   2.0900139562E+00   2.3737429361E+00   6.5065686092E-04   2.2293269985E+00   2.4115322842E+00   1.7022373633E-03   2.3152540001E+00   2.4280829454E+00   1.9046764319E-03   2.4044070752E+00   2.4626286495E+00   2.0862295189E-03   2.2736830686E+00   2.4193778497E+00   1.5756181731E-03   3.4535248902E-04
   1  -199   0    0  -9.7949453389E-01   8.0471205688E+00   2.0833975107E-04   2.0114869040E+00   2.4047412898E+00   2.6547275971E-04   2.0895731699E+00   2.3740731573E+00   6.5065686092E-04   2.2291757630E+00   2.4118625054E+00   1.7022373633E-03   2.3158894305E+00   2.4284882980E+00   1.9046764319E-03   2.4048492453E+00   2.4630586142E+00   2.0862295189E-03   2.2742521489E+00   2.4197832023E+00   1.5756181731E-03   3.4538139443E-04
   1  -200   0    0  -9.8938516687E-01   8.0479716372E+00   2.0801135688E-04   2.0109954933E+00   2.4050344933E+00   2.6547275971E-04   2.0891360112E+00   2.3744016911E+00   6.5065686092E-04   2.2290245406E+00   2.4121910393E+00   1.7022373633E-03   2.3165207705E+00   2.4288912117E+00   1.9046764319E-03   2.4052886550E+00   2.4634858937E+00   2.0862295189E-03   2.2748171122E+00   2.4201861160E+00   1.5756181731E-03   3.4541012765E-04
   1  -201   0    0  -9.9927718320E-01   8.0488172980E+00   2.0768632193E-04   2.0105061789E+00   2.4053262981E+00   2.6547275971E-04   2.0887025454E+00   2.3747284649E+00   6.5065686092E-04   2.2288733819E+00   2.4125178130E+00   1.7022373633E-03   2.3171478979E+00   2.4292916045E+00   1.9046764319E-03   2.4057252169E+00   2.4639104030E+00   2.0862295189E-03   2.2753778604E+00   2.4205865088E+00   1.5756181731E-03   3.4543868280E-04
   1  -202  -4    3  -9.9999995078E-01   8.0488788656E+00   2.0766270754E-04   2.0104705150E+00   2.4053475607E+00   2.6547275971E-04   2.0886710228E+00   2.3747522681E+00   6.5065686092E-04   2.2288623421E+00   2.4125416163E+00   1.7022373633E-03   2.3171935476E+00   2.4293207562E+00   1.9046764319E-03   2.4057569982E+00   2.4639413069E+00   2.0862295189E-03   2.2754186610E+00   2.4206156606E+00   1.5756181731E-03   3.4544076191E-04
