  
   1    -1   0    0   9.9999999757E-01   7.9449411102E+00   2.5978738260E-04   2.0629689566E+00   2.3730199839E+00   2.4661496577E-04   2.1447469071E+00   2.3370026696E+00   6.5132151081E-04   2.2437953295E+00   2.3751530523E+00   1.7134271533E-03   2.2407029179E+00   2.3808502572E+00   1.9111556204E-03   2.3504349842E+00   2.4101574483E+00   2.0825577187E-03   2.2015325975E+00   2.3723771318E+00   1.5893280275E-03   3.4194158622E-04
   1    -2   0    0   9.8000144026E-01   7.9450348349E+00   2.5967407904E-04   2.0628727022E+00   2.3730315907E+00   2.4632565079E-04   2.1446561244E+00   2.3370285494E+00   6.5113203404E-04   2.2437558347E+00   2.3751782421E+00   1.7132143879E-03   2.2407870139E+00   2.3809090915E+00   1.9111124289E-03   2.3505220781E+00   2.4102419424E+00   2.0826316370E-03   2.2016259549E+00   2.3724345687E+00   1.5892133286E-03   3.4194617448E-04
   1    -3   0    0   9.7000221198E-01   7.9450833432E+00   2.5961551508E-04   2.0628229407E+00   2.3730376208E+00   2.4617608580E-04   2.1446091632E+00   2.3370419571E+00   6.5103408778E-04   2.2437354376E+00   2.3751912933E+00   1.7131044087E-03   2.2408305227E+00   2.3809395204E+00   1.9110900887E-03   2.3505671181E+00   2.4102856380E+00   2.0826698512E-03   2.2016742289E+00   2.3724642751E+00   1.5891540154E-03   3.4194854769E-04
   1    -4   0    0   9.6000301933E-01   7.9451329829E+00   2.5955563986E-04   2.0627720581E+00   2.3730438077E+00   2.4602315448E-04   2.1445611239E+00   2.3370556869E+00   6.5093394131E-04   2.2437145956E+00   2.3752046587E+00   1.7129919631E-03   2.2408750352E+00   2.3809706440E+00   1.9110672374E-03   2.3506131829E+00   2.4103303277E+00   2.0827089264E-03   2.2017235976E+00   2.3724946596E+00   1.5890933543E-03   3.4195097522E-04
   1    -5   0    0   9.5000386393E-01   7.9451837804E+00   2.5949442536E-04   2.0627200302E+00   2.3730501558E+00   2.4586678410E-04   2.1445119823E+00   2.3370697468E+00   6.5083154730E-04   2.2436932997E+00   2.3752183461E+00   1.7128769982E-03   2.2409205741E+00   2.3810024777E+00   1.9110438635E-03   2.3506602952E+00   2.4103760337E+00   2.0827488812E-03   2.2017740853E+00   2.3725257376E+00   1.5890313157E-03   3.4195345826E-04
   1    -6   0    0   9.4000474748E-01   7.9452357625E+00   2.5943184304E-04   2.0626668320E+00   2.3730566694E+00   2.4570690052E-04   2.1444617134E+00   2.3370841449E+00   6.5072685749E-04   2.2436715409E+00   2.3752323634E+00   1.7127594600E-03   2.2409671627E+00   2.3810350373E+00   1.9110199553E-03   2.3507084781E+00   2.4104227784E+00   2.0827897346E-03   2.2018257164E+00   2.3725575243E+00   1.5889678692E-03   3.4195599806E-04
   1    -7   0    0   9.3000567175E-01   7.9452889568E+00   2.5936786382E-04   2.0626124384E+00   2.3730633534E+00   2.4554342813E-04   2.1444102919E+00   2.3370988893E+00   6.5061982270E-04   2.2436493100E+00   2.3752467188E+00   1.7126392936E-03   2.2410148249E+00   2.3810683390E+00   1.9109955010E-03   2.3507577553E+00   2.4104705847E+00   2.0828315060E-03   2.2018785161E+00   2.3725900355E+00   1.5889029838E-03   3.4195859589E-04
   1    -8   0    0   9.2000663857E-01   7.9453433914E+00   2.5930245808E-04   2.0625568236E+00   2.3730702124E+00   2.4537628990E-04   2.1443576921E+00   2.3371139888E+00   6.5051039281E-04   2.2436265974E+00   2.3752614206E+00   1.7125164431E-03   2.2410635851E+00   2.3811023992E+00   1.9109704883E-03   2.3508081508E+00   2.4105194759E+00   2.0828742152E-03   2.2019325100E+00   2.3726232873E+00   1.5888366281E-03   3.4196125304E-04
   1    -9   0    0   9.1000764989E-01   7.9453990952E+00   2.5923559565E-04   2.0624999614E+00   2.3730772514E+00   2.4520540731E-04   2.1443038873E+00   2.3371294519E+00   6.5039851675E-04   2.2436033938E+00   2.3752764773E+00   1.7123908515E-03   2.2411134682E+00   2.3811372348E+00   1.9109449049E-03   2.3508596893E+00   2.4105694759E+00   2.0829178823E-03   2.2019877241E+00   2.3726572961E+00   1.5887687698E-03   3.4196397084E-04
   1   -10   0    0   9.0000870772E-01   7.9454560975E+00   2.5916724579E-04   2.0624418249E+00   2.3730844755E+00   2.4503070034E-04   2.1442488507E+00   2.3371452878E+00   6.5028414250E-04   2.2435796894E+00   2.3752918977E+00   1.7122624606E-03   2.2411644996E+00   2.3811728628E+00   1.9109187380E-03   2.3509123958E+00   2.4106206091E+00   2.0829625278E-03   2.2020441851E+00   2.3726920787E+00   1.5886993760E-03   3.4196675063E-04
   1   -11   0    0   8.9000981416E-01   7.9455144287E+00   2.5909737721E-04   2.0623823869E+00   2.3730918899E+00   2.4485208746E-04   2.1441925546E+00   2.3371615054E+00   6.5016721704E-04   2.2435554744E+00   2.3753076910E+00   1.7121312113E-03   2.2412167053E+00   2.3812093009E+00   1.9108919748E-03   2.3509662959E+00   2.4106729003E+00   2.0830081726E-03   2.2021019201E+00   2.3727276522E+00   1.5886284133E-03   3.4196959379E-04
   1   -12   0    0   8.8001097140E-01   7.9455741194E+00   2.5902595806E-04   2.0623216197E+00   2.3730994999E+00   2.4466948560E-04   2.1441349709E+00   2.3371781144E+00   6.5004768640E-04   2.2435307388E+00   2.3753238661E+00   1.7119970434E-03   2.2412701119E+00   2.3812465668E+00   1.9108646021E-03   2.3510214157E+00   2.4107263748E+00   2.0830548381E-03   2.2021609569E+00   2.3727640340E+00   1.5885558475E-03   3.4197250172E-04
   1   -13   0    0   8.7001218175E-01   7.9456352012E+00   2.5895295589E-04   2.0622594948E+00   2.3731073112E+00   2.4448281016E-04   2.1440760709E+00   2.3371951243E+00   6.4992549559E-04   2.2435054726E+00   2.3753404328E+00   1.7118598955E-03   2.2413247465E+00   2.3812846788E+00   1.9108366063E-03   2.3510777819E+00   2.4107810585E+00   2.0831025459E-03   2.2022213237E+00   2.3728012420E+00   1.5884816437E-03   3.4197547586E-04
   1   -14   0    0   8.6001344759E-01   7.9456977063E+00   2.5887833771E-04   2.0621959835E+00   2.3731153294E+00   2.4429197497E-04   2.1440158252E+00   2.3372125450E+00   6.4980058863E-04   2.2434796654E+00   2.3753574006E+00   1.7117197052E-03   2.2413806369E+00   2.3813236555E+00   1.9108079737E-03   2.3511354216E+00   2.4108369777E+00   2.0831513182E-03   2.2022830493E+00   2.3728392942E+00   1.5884057664E-03   3.4197851768E-04
   1   -15   0    0   8.5001477143E-01   7.9457616677E+00   2.5880206990E-04   2.0621310563E+00   2.3731235605E+00   2.4409689225E-04   2.1439542038E+00   2.3372303867E+00   6.4967290851E-04   2.2434533069E+00   2.3753747795E+00   1.7115764089E-03   2.2414378113E+00   2.3813635160E+00   1.9107786903E-03   2.3511943626E+00   2.4108941593E+00   2.0832011775E-03   2.2023461631E+00   2.3728782094E+00   1.5883281794E-03   3.4198162867E-04
   1   -16   0    0   8.4001615587E-01   7.9458271192E+00   2.5872411829E-04   2.0620646833E+00   2.3731320105E+00   2.4389747266E-04   2.1438911762E+00   2.3372486598E+00   6.4954239722E-04   2.2434263865E+00   2.3753925797E+00   1.7114299420E-03   2.2414962987E+00   2.3814042795E+00   1.9107487417E-03   2.3512546330E+00   2.4109526307E+00   2.0832521468E-03   2.2024106951E+00   2.3729180063E+00   1.5882488457E-03   3.4198481034E-04
   1   -17   0    0   8.3001760363E-01   7.9458940950E+00   2.5864444811E-04   2.0619968341E+00   2.3731406857E+00   2.4369362522E-04   2.1438267111E+00   2.3372673750E+00   6.4940899568E-04   2.2433988935E+00   2.3754108116E+00   1.7112802384E-03   2.2415561285E+00   2.3814459658E+00   1.9107181135E-03   2.3513162618E+00   2.4110124198E+00   2.0833042493E-03   2.2024766758E+00   2.3729587042E+00   1.5881677278E-03   3.4198806427E-04
   1   -18   0    0   8.2001911755E-01   7.9459626306E+00   2.5856302396E-04   2.0619274775E+00   2.3731495926E+00   2.4348525732E-04   2.1437607767E+00   2.3372865431E+00   6.4927264380E-04   2.2433708172E+00   2.3754294861E+00   1.7111272314E-03   2.2416173311E+00   2.3814885951E+00   1.9106867906E-03   2.3513792782E+00   2.4110735552E+00   2.0833575089E-03   2.2025441364E+00   2.3730003229E+00   1.5880847872E-03   3.4199139203E-04
   1   -19   0    0   8.1002070060E-01   7.9460327619E+00   2.5847980989E-04   2.0618565819E+00   2.3731587378E+00   2.4327227471E-04   2.1436933405E+00   2.3373061755E+00   6.4913328042E-04   2.2433421466E+00   2.3754486141E+00   1.7109708526E-03   2.2416799371E+00   2.3815321879E+00   1.9106547579E-03   2.3514437121E+00   2.4111360658E+00   2.0834119498E-03   2.2026131085E+00   2.3730428825E+00   1.5879999848E-03   3.4199479525E-04
   1   -20   0    0   8.0002235587E-01   7.9461045258E+00   2.5839476931E-04   2.0617841153E+00   2.3731681281E+00   2.4305458150E-04   2.1436243693E+00   2.3373262835E+00   6.4899084333E-04   2.2433128705E+00   2.3754682069E+00   1.7108110329E-03   2.2417439780E+00   2.3815767652E+00   1.9106219999E-03   2.3515095942E+00   2.4111999813E+00   2.0834675966E-03   2.2026836245E+00   2.3730864033E+00   1.5879132808E-03   3.4199827557E-04
   1   -21   0    0   7.9002408658E-01   7.9461779599E+00   2.5830786504E-04   2.0617100447E+00   2.3731777708E+00   2.4283208010E-04   2.1435538292E+00   2.3373468790E+00   6.4884526925E-04   2.2432829777E+00   2.3754882761E+00   1.7106477017E-03   2.2418094859E+00   2.3816223483E+00   1.9105885009E-03   2.3515769555E+00   2.4112653319E+00   2.0835244744E-03   2.2027557174E+00   2.3731309063E+00   1.5878246347E-03   3.4200183468E-04
   1   -22   0    0   7.8002589610E-01   7.9462531028E+00   2.5821905928E-04   2.0616343369E+00   2.3731876730E+00   2.4260467126E-04   2.1434816857E+00   2.3373679741E+00   6.4869649383E-04   2.2432524570E+00   2.3755088335E+00   1.7104807873E-03   2.2418764937E+00   2.3816689590E+00   1.9105542446E-03   2.3516458277E+00   2.4113321483E+00   2.0835826087E-03   2.2028294207E+00   2.3731764127E+00   1.5877340050E-03   3.4200547430E-04
   1   -23   0    0   7.7002778793E-01   7.9463299937E+00   2.5812831361E-04   2.0615569580E+00   2.3731978423E+00   2.4237225402E-04   2.1434079037E+00   2.3373895811E+00   6.4854445163E-04   2.2432212967E+00   2.3755298913E+00   1.7103102169E-03   2.2419450348E+00   2.3817166196E+00   1.9105192147E-03   2.3517162430E+00   2.4114004618E+00   2.0836420254E-03   2.2029047687E+00   2.3732229443E+00   1.5876413498E-03   3.4200919617E-04
   1   -24   0    0   7.6002976574E-01   7.9464086730E+00   2.5803558903E-04   2.0614778734E+00   2.3732082864E+00   2.4213472573E-04   2.1433324471E+00   2.3374117128E+00   6.4838907614E-04   2.2431894853E+00   2.3755514620E+00   1.7101359165E-03   2.2420151433E+00   2.3817653527E+00   1.9104833945E-03   2.3517882344E+00   2.4114703043E+00   2.0837027509E-03   2.2029817961E+00   2.3732705231E+00   1.5875466260E-03   3.4201300210E-04
   1   -25   0    0   7.5003183333E-01   7.9464891816E+00   2.5794084589E-04   2.0613970481E+00   2.3732190133E+00   2.4189198204E-04   2.1432552793E+00   2.3374343821E+00   6.4823029976E-04   2.2431570111E+00   2.3755735583E+00   1.7099578108E-03   2.2420868541E+00   2.3818151814E+00   1.9104467670E-03   2.3518618354E+00   2.4115417083E+00   2.0837648121E-03   2.2030605384E+00   2.3733191718E+00   1.5874497901E-03   3.4201689388E-04
   1   -26   0    0   7.4003399468E-01   7.9465715617E+00   2.5784404395E-04   2.0613144463E+00   2.3732300312E+00   2.4164391686E-04   2.1431763629E+00   2.3374576025E+00   6.4806805379E-04   2.2431238621E+00   2.3755961933E+00   1.7097758233E-03   2.2421602029E+00   2.3818661291E+00   1.9104093146E-03   2.3519370800E+00   2.4116147069E+00   2.0838282362E-03   2.2031410319E+00   2.3733689132E+00   1.5873507977E-03   3.4202087339E-04
   1   -27   0    0   7.3003625395E-01   7.9466558561E+00   2.5774514233E-04   2.0612300317E+00   2.3732413488E+00   2.4139042240E-04   2.1430956599E+00   2.3374813874E+00   6.4790226846E-04   2.2430900264E+00   2.3756193806E+00   1.7095898766E-03   2.2422352259E+00   2.3819182198E+00   1.9103710198E-03   2.3520140031E+00   2.4116893339E+00   2.0838930510E-03   2.2032233132E+00   2.3734197707E+00   1.5872496034E-03   3.4202494252E-04
   1   -28   0    0   7.2003861544E-01   7.9467421087E+00   2.5764409956E-04   2.0611437675E+00   2.3732529746E+00   2.4113138912E-04   2.1430131315E+00   2.3375057511E+00   6.4773287287E-04   2.2430554919E+00   2.3756431338E+00   1.7093998916E-03   2.2423119601E+00   2.3819714779E+00   1.9103318645E-03   2.3520926400E+00   2.4117656236E+00   2.0839592846E-03   2.2033074198E+00   2.3734717683E+00   1.5871461613E-03   3.4202910318E-04
   1   -29   0    0   7.1004108367E-01   7.9468303644E+00   2.5754087355E-04   2.0610556162E+00   2.3732649177E+00   2.4086670577E-04   2.1429287379E+00   2.3375307078E+00   6.4755979506E-04   2.2430202464E+00   2.3756674671E+00   1.7092057885E-03   2.2423904435E+00   2.3820259283E+00   1.9102918304E-03   2.3521730267E+00   2.4118436108E+00   2.0840269657E-03   2.2033933898E+00   2.3735249301E+00   1.5870404246E-03   3.4203335734E-04
   1   -30   0    0   7.0004366333E-01   7.9469206689E+00   2.5743542159E-04   2.0609655396E+00   2.3732771875E+00   2.4059625936E-04   2.1428424389E+00   2.3375562723E+00   6.4738296195E-04   2.2429842776E+00   2.3756923950E+00   1.7090074860E-03   2.2424707145E+00   2.3820815963E+00   1.9102508987E-03   2.3522551998E+00   2.4119233311E+00   2.0840961234E-03   2.2034812621E+00   2.3735792810E+00   1.5869323456E-03   3.4203770701E-04
   1   -31   0    0   6.9004635929E-01   7.9470130690E+00   2.5732770038E-04   2.0608734989E+00   2.3732897935E+00   2.4031993518E-04   2.1427541933E+00   2.3375824596E+00   6.4720229939E-04   2.2429475731E+00   2.3757179323E+00   1.7088049017E-03   2.2425528125E+00   2.3821385077E+00   1.9102090504E-03   2.3523391967E+00   2.4120048208E+00   2.0841667871E-03   2.2035710760E+00   2.3736348461E+00   1.5868218758E-03   3.4204215422E-04
   1   -32   0    0   6.8004917666E-01   7.9471076126E+00   2.5721766602E-04   2.0607794550E+00   2.3733027456E+00   2.4003761679E-04   2.1426639592E+00   2.3376092852E+00   6.4701773211E-04   2.2429101204E+00   2.3757440942E+00   1.7085979519E-03   2.2426367776E+00   2.3821966887E+00   1.9101662661E-03   2.3524250553E+00   2.4120881166E+00   2.0842389869E-03   2.2036628718E+00   2.3736916510E+00   1.5867089660E-03   3.4204670105E-04
   1   -33   0    0   6.7005212074E-01   7.9472043483E+00   2.5710527397E-04   2.0606833677E+00   2.3733160541E+00   2.3974918602E-04   2.1425716940E+00   2.3376367649E+00   6.4682918380E-04   2.2428719069E+00   2.3757708964E+00   1.7083865520E-03   2.2427226508E+00   2.3822561661E+00   1.9101225261E-03   2.3525128142E+00   2.4121732560E+00   2.0843127533E-03   2.2037566903E+00   2.3737497220E+00   1.5865935661E-03   3.4205134961E-04
   1   -34   0    0   6.6005519705E-01   7.9473033261E+00   2.5699047916E-04   2.0605851966E+00   2.3733297293E+00   2.3945452300E-04   2.1424773542E+00   2.3376649150E+00   6.4663657702E-04   2.2428329201E+00   2.3757983547E+00   1.7081706159E-03   2.2428104736E+00   2.3823169670E+00   1.9100778103E-03   2.3526025127E+00   2.4122602771E+00   2.0843881170E-03   2.2038525730E+00   2.3738090854E+00   1.5864756253E-03   3.4205610205E-04
   1   -35   0    0   6.5005841135E-01   7.9474045968E+00   2.5687323588E-04   2.0604849005E+00   2.3733437821E+00   2.3915350614E-04   2.1423808955E+00   2.3376937522E+00   6.4643983331E-04   2.2427931470E+00   2.3758264855E+00   1.7079500566E-03   2.2429002888E+00   2.3823791191E+00   1.9100320984E-03   2.3526941906E+00   2.4123492185E+00   2.0844651095E-03   2.2039505622E+00   2.3738697685E+00   1.5863550917E-03   3.4206096056E-04
   1   -36   0    0   6.4006176960E-01   7.9475082124E+00   2.5675349787E-04   2.0603824375E+00   2.3733582238E+00   2.3884601217E-04   2.1422822728E+00   2.3377232933E+00   6.4623887312E-04   2.2427525750E+00   2.3758553057E+00   1.7077247858E-03   2.2429921396E+00   2.3824426506E+00   1.9099853694E-03   2.3527878886E+00   2.4124401198E+00   2.0845437626E-03   2.2040507007E+00   2.3739317986E+00   1.5862319128E-03   3.4206592737E-04
   1   -37   0    0   6.3006527806E-01   7.9476142259E+00   2.5663121831E-04   2.0602777654E+00   2.3733730657E+00   2.3853191614E-04   2.1421814402E+00   2.3377535559E+00   6.4603361585E-04   2.2427111911E+00   2.3758848323E+00   1.7074947142E-03   2.2430860701E+00   2.3825075900E+00   1.9099376024E-03   2.3528836478E+00   2.4125330208E+00   2.0846241083E-03   2.2041530323E+00   2.3739952038E+00   1.5861060353E-03   3.4207100475E-04
   1   -38   0    0   6.2006894319E-01   7.9477226916E+00   2.5650634978E-04   2.0601708410E+00   2.3733883198E+00   2.3821109143E-04   2.1420783511E+00   2.3377845579E+00   6.4582397987E-04   2.2426689825E+00   2.3759150831E+00   1.7072597510E-03   2.2431821255E+00   2.3825739667E+00   1.9098887757E-03   2.3529815103E+00   2.4126279622E+00   2.0847061795E-03   2.2042576012E+00   2.3740600126E+00   1.5859774049E-03   3.4207619501E-04
   1   -39   0    0   6.1007277174E-01   7.9478336646E+00   2.5637884436E-04   2.0600616209E+00   2.3734039982E+00   2.3788340979E-04   2.1419729578E+00   2.3378163175E+00   6.4560988254E-04   2.2426259362E+00   2.3759460761E+00   1.7070198049E-03   2.2432803516E+00   2.3826418100E+00   1.9098388677E-03   2.3530815186E+00   2.4127249855E+00   2.0847900092E-03   2.2043644525E+00   2.3741262538E+00   1.5858459666E-03   3.4208150050E-04
   1   -40   0    0   6.0007677073E-01   7.9479472014E+00   2.5624865356E-04   2.0599500607E+00   2.3734201136E+00   2.3754874133E-04   2.1418652121E+00   2.3378488536E+00   6.4539124019E-04   2.2425820393E+00   2.3759778297E+00   1.7067747830E-03   2.2433807951E+00   2.3827111503E+00   1.9097878560E-03   2.3531837160E+00   2.4128241324E+00   2.0848756310E-03   2.2044736320E+00   2.3741939569E+00   1.5857116646E-03   3.4208692359E-04
   1   -41   0    0   5.9008094746E-01   7.9480633594E+00   2.5611572839E-04   2.0598361157E+00   2.3734366789E+00   2.3720695459E-04   2.1417550647E+00   2.3378821853E+00   6.4516796819E-04   2.2425372786E+00   2.3760103628E+00   1.7065245916E-03   2.2434835035E+00   2.3827820180E+00   1.9097357182E-03   2.3532881463E+00   2.4129254457E+00   2.0849630787E-03   2.2045851860E+00   2.3742631519E+00   1.5855744423E-03   3.4209246672E-04
   1   -42   0    0   5.8008530951E-01   7.9481821975E+00   2.5598001934E-04   2.0597197405E+00   2.3734537075E+00   2.3685791655E-04   2.1416424656E+00   2.3379163322E+00   6.4493998092E-04   2.2424916413E+00   2.3760436949E+00   1.7062691360E-03   2.2435885255E+00   2.3828544442E+00   1.9096824313E-03   2.3533948541E+00   2.4130289685E+00   2.0850523868E-03   2.2046991618E+00   2.3743338691E+00   1.5854342421E-03   3.4209813236E-04
   1   -43   0    0   5.7008986476E-01   7.9483037755E+00   2.5584147641E-04   2.0596008892E+00   2.3734712131E+00   2.3650149263E-04   2.1415273641E+00   2.3379513145E+00   6.4470719182E-04   2.2424451142E+00   2.3760778457E+00   1.7060083202E-03   2.2436959102E+00   2.3829284606E+00   1.9096279722E-03   2.3535038848E+00   2.4131347448E+00   2.0851435900E-03   2.2048156071E+00   2.3744061393E+00   1.5852910058E-03   3.4210392300E-04
   1   -44   0    0   5.6009462141E-01   7.9484281545E+00   2.5570004914E-04   2.0594795152E+00   2.3734892099E+00   2.3613754678E-04   2.1414097083E+00   2.3379871528E+00   6.4446951345E-04   2.2423976844E+00   2.3761128357E+00   1.7057420475E-03   2.2438057080E+00   2.3830040993E+00   1.9095723171E-03   2.3536152841E+00   2.4132428192E+00   2.0852367235E-03   2.2049345706E+00   2.3744799940E+00   1.5851446743E-03   3.4210984120E-04
   1   -45   0    0   5.5009958798E-01   7.9485553967E+00   2.5555568661E-04   2.0593555714E+00   2.3735077125E+00   2.3576594150E-04   2.1412894459E+00   2.3380238681E+00   6.4422685743E-04   2.2423493389E+00   2.3761486855E+00   1.7054702202E-03   2.2439179699E+00   2.3830813927E+00   1.9095154423E-03   2.3537290987E+00   2.4133532367E+00   2.0853318229E-03   2.2050561015E+00   2.3745554650E+00   1.5849951879E-03   3.4211588955E-04
   1   -46   0    0   5.4010477332E-01   7.9486855656E+00   2.5540833747E-04   2.0592290102E+00   2.3735267359E+00   2.3538653787E-04   2.1411665233E+00   2.3380614821E+00   6.4397913455E-04   2.2423000647E+00   2.3761854166E+00   1.7051927396E-03   2.2440327480E+00   2.3831603740E+00   1.9094573232E-03   2.3538453759E+00   2.4134660433E+00   2.0854289242E-03   2.2051802497E+00   2.3746325845E+00   1.5848424858E-03   3.4212207067E-04
   1   -47   0    0   5.3011018660E-01   7.9488187260E+00   2.5525794997E-04   2.0590997833E+00   2.3735462957E+00   2.3499919562E-04   2.1410408865E+00   2.3381000169E+00   6.4372625479E-04   2.2422498490E+00   2.3762230506E+00   1.7049095063E-03   2.2441500951E+00   2.3832410766E+00   1.9093979354E-03   2.3539641633E+00   2.4135812853E+00   2.0855280635E-03   2.2053070658E+00   2.3747113855E+00   1.5846865068E-03   3.4212838722E-04
   1   -48   0    0   5.2011583737E-01   7.9489549437E+00   2.5510447196E-04   2.0589678420E+00   2.3735664077E+00   2.3460377316E-04   2.1409124805E+00   2.3381394949E+00   6.4346812733E-04   2.2421986788E+00   2.3762616100E+00   1.7046204198E-03   2.2442700650E+00   2.3833235348E+00   1.9093372539E-03   2.3540855096E+00   2.4136990098E+00   2.0856292777E-03   2.2054366011E+00   2.3747919011E+00   1.5845271886E-03   3.4213484192E-04
   1   -49   0    0   5.1012173553E-01   7.9490942861E+00   2.5494785095E-04   2.0588331372E+00   2.3735870884E+00   2.3420012767E-04   2.1407812494E+00   2.3381799393E+00   6.4320466059E-04   2.2421465414E+00   2.3763011174E+00   1.7043253792E-03   2.2443927124E+00   2.3834077829E+00   1.9092752532E-03   2.3542094639E+00   2.4138192644E+00   2.0857326037E-03   2.2055689076E+00   2.3748741651E+00   1.5843644685E-03   3.4214143751E-04
   1   -50   0    0   5.0012789135E-01   7.9492368214E+00   2.5478803413E-04   2.0586956189E+00   2.3736083546E+00   2.3378811513E-04   2.1406471365E+00   2.3382213737E+00   6.4293576231E-04   2.2420934241E+00   2.3763415963E+00   1.7040242825E-03   2.2445180930E+00   2.3834938560E+00   1.9092119079E-03   2.3543360760E+00   2.4139420975E+00   2.0858380788E-03   2.2057040380E+00   2.3749582118E+00   1.5841982829E-03   3.4214817677E-04
   1   -51   0    0   4.9013431548E-01   7.9493826195E+00   2.5462496838E-04   2.0585552370E+00   2.3736302238E+00   2.3336759041E-04   2.1405100845E+00   2.3382638224E+00   6.4266133957E-04   2.2420393143E+00   2.3763830704E+00   1.7037170272E-03   2.2446462633E+00   2.3835817895E+00   1.9091471918E-03   2.3544653961E+00   2.4140675579E+00   2.0859457408E-03   2.2058420453E+00   2.3750440758E+00   1.5840285675E-03   3.4215506253E-04
   1   -52   0    0   4.8014101899E-01   7.9495317512E+00   2.5445860032E-04   2.0584119409E+00   2.3736527138E+00   2.3293840734E-04   2.1403700351E+00   2.3383073099E+00   6.4238129884E-04   2.2419841997E+00   2.3764255643E+00   1.7034035102E-03   2.2447772806E+00   2.3836716195E+00   1.9090810787E-03   2.3545974752E+00   2.4141956950E+00   2.0860556274E-03   2.2059829837E+00   2.3751317923E+00   1.5838552574E-03   3.4216209765E-04
   1   -53   0    0   4.7014801332E-01   7.9496842889E+00   2.5428887636E-04   2.0582656792E+00   2.3736758429E+00   2.3250041878E-04   2.1402269292E+00   2.3383518615E+00   6.4209554602E-04   2.2419280678E+00   2.3764691028E+00   1.7030836278E-03   2.2449112032E+00   2.3837633822E+00   1.9090135420E-03   2.3547323650E+00   2.4143265588E+00   2.0861677770E-03   2.2061269075E+00   2.3752213968E+00   1.5836782871E-03   3.4216928503E-04
   1   -54   0    0   4.6015531035E-01   7.9498403060E+00   2.5411574269E-04   2.0581164005E+00   2.3736996302E+00   2.3205347671E-04   2.1400807071E+00   2.3383975030E+00   6.4180398655E-04   2.2418709065E+00   2.3765137114E+00   1.7027572757E-03   2.2450480903E+00   2.3838571145E+00   1.9089445548E-03   2.3548701175E+00   2.4144601999E+00   2.0862822281E-03   2.2062738719E+00   2.3753129255E+00   1.5834975902E-03   3.4217662761E-04
   1   -55   0    0   4.5016292239E-01   7.9499998773E+00   2.5393914537E-04   2.0579640528E+00   2.3737240950E+00   2.3159743231E-04   2.1399313083E+00   2.3384442607E+00   6.4150652541E-04   2.2418127039E+00   2.3765594163E+00   1.7024243494E-03   2.2451880021E+00   2.3839528538E+00   1.9088740899E-03   2.3550107853E+00   2.4145966695E+00   2.0863990192E-03   2.2064239326E+00   2.3754064147E+00   1.5833131001E-03   3.4218412835E-04
   1   -56   0    0   4.4017086217E-01   7.9501630789E+00   2.5375903035E-04   2.0578085836E+00   2.3737492574E+00   2.3113213607E-04   2.1397786713E+00   2.3384921616E+00   6.4120306720E-04   2.2417534482E+00   2.3766062440E+00   1.7020847440E-03   2.2453309995E+00   2.3840506378E+00   1.9088021197E-03   2.3551544218E+00   2.4147360190E+00   2.0865181893E-03   2.2065771459E+00   2.3755019014E+00   1.5831247494E-03   3.4219179028E-04
   1   -57   0    0   4.3017914289E-01   7.9503299882E+00   2.5357534352E-04   2.0576499404E+00   2.3737751379E+00   2.3065743791E-04   2.1396227342E+00   2.3385412332E+00   6.4089351624E-04   2.2416931278E+00   2.3766542218E+00   1.7017383540E-03   2.2454771442E+00   2.3841505046E+00   1.9087286166E-03   2.3553010805E+00   2.4148783006E+00   2.0866397775E-03   2.2067335686E+00   2.3755994229E+00   1.5829324701E-03   3.4219961643E-04
   1   -58   0    0   4.2018777820E-01   7.9505006837E+00   2.5338803075E-04   2.0574880699E+00   2.3738017576E+00   2.3017318723E-04   2.1394634343E+00   2.3385915034E+00   6.4057777662E-04   2.2416317313E+00   2.3767033773E+00   1.7013850742E-03   2.2456264991E+00   2.3842524928E+00   1.9086535525E-03   2.3554508156E+00   2.4150235670E+00   2.0867638231E-03   2.2068932579E+00   2.3756990169E+00   1.5827361940E-03   3.4220760989E-04
   1   -59   0    0   4.1019678222E-01   7.9506752453E+00   2.5319703793E-04   2.0573229189E+00   2.3738291383E+00   2.2967923307E-04   2.1393007083E+00   2.3386430010E+00   6.4025575226E-04   2.2415692477E+00   2.3767537389E+00   1.7010247989E-03   2.2457791276E+00   2.3843566414E+00   1.9085768991E-03   2.3556036820E+00   2.4151718711E+00   2.0868903653E-03   2.2070562719E+00   2.3758007216E+00   1.5825358523E-03   3.4221577376E-04
   1   -60   0    0   4.0020616956E-01   7.9508537542E+00   2.5300231106E-04   2.0571544336E+00   2.3738573021E+00   2.2917542424E-04   2.1391344919E+00   2.3386957551E+00   6.3992734702E-04   2.2415056662E+00   2.3768053356E+00   1.7006574227E-03   2.2459350941E+00   2.3844629897E+00   1.9084986279E-03   2.3557597345E+00   2.4153232664E+00   2.0870194437E-03   2.2072226687E+00   2.3759045754E+00   1.5823313755E-03   3.4222411119E-04
   1   -61   0    0   3.9021595532E-01   7.9510362927E+00   2.5280379627E-04   2.0569825604E+00   2.3738862720E+00   2.2866160943E-04   2.1389647207E+00   2.3387497954E+00   6.3959246477E-04   2.2414409762E+00   2.3768581968E+00   1.7002828400E-03   2.2460944638E+00   2.3845715774E+00   1.9084187101E-03   2.3559190289E+00   2.4154778067E+00   2.0871510977E-03   2.2073925072E+00   2.3760106172E+00   1.5821226943E-03   3.4223262535E-04
   1   -62   0    0   3.8022615509E-01   7.9512229445E+00   2.5260143987E-04   2.0568072450E+00   2.3739160715E+00   2.2813763732E-04   2.1387913294E+00   2.3388051525E+00   6.3925100950E-04   2.2413751677E+00   2.3769123527E+00   1.6999009455E-03   2.2462573027E+00   2.3846824446E+00   1.9083371169E-03   2.3560816210E+00   2.4156355464E+00   2.0872853670E-03   2.2075658463E+00   2.3761188862E+00   1.5819097385E-03   3.4224131945E-04
   1   -63   0    0   3.7023678499E-01   7.9514137944E+00   2.5239518847E-04   2.0566284332E+00   2.3739467246E+00   2.2760335679E-04   2.1386142522E+00   2.3388618572E+00   6.3890288540E-04   2.2413082307E+00   2.3769678339E+00   1.6995116343E-03   2.2464236776E+00   2.3847956316E+00   1.9082538191E-03   2.3562475670E+00   2.4157965400E+00   2.0874222911E-03   2.2077427458E+00   2.3762294220E+00   1.5816924381E-03   3.4225019673E-04
   1   -64   0    0   3.6024786164E-01   7.9516089284E+00   2.5218498896E-04   2.0564460707E+00   2.3739782561E+00   2.2705861700E-04   2.1384334228E+00   2.3389199411E+00   6.3854799693E-04   2.2412401557E+00   2.3770246717E+00   1.6991148018E-03   2.2465936560E+00   2.3849111793E+00   1.9081687874E-03   2.3564169235E+00   2.4159608424E+00   2.0875619095E-03   2.2079232655E+00   2.3763422642E+00   1.5814707226E-03   3.4225926042E-04
   1   -65   0    0   3.5025940220E-01   7.9518084337E+00   2.5197078864E-04   2.0562601031E+00   2.3740106913E+00   2.2650326761E-04   2.1382487744E+00   2.3389794363E+00   6.3818624900E-04   2.2411709338E+00   2.3770828979E+00   1.6987103440E-03   2.2467673062E+00   2.3850291285E+00   1.9080819924E-03   2.3565897475E+00   2.4161285088E+00   2.0877042616E-03   2.2081074654E+00   2.3764574531E+00   1.5812445214E-03   3.4226851383E-04
   1   -66   0    0   3.4027142437E-01   7.9520123988E+00   2.5175253526E-04   2.0560704757E+00   2.3740440561E+00   2.2593715890E-04   2.1380602398E+00   2.3390403755E+00   6.3781754701E-04   2.2411005561E+00   2.3771425449E+00   1.6982981573E-03   2.2469446972E+00   2.3851495206E+00   1.9079934045E-03   2.3567660959E+00   2.4162995946E+00   2.0878493867E-03   2.2082954061E+00   2.3765750291E+00   1.5810137639E-03   3.4227796026E-04
   1   -67   0    0   3.3028394639E-01   7.9522209131E+00   2.5153017711E-04   2.0558771342E+00   2.3740783772E+00   2.2536014196E-04   2.1378677516E+00   2.3391027920E+00   6.3744179700E-04   2.2410290146E+00   2.3772036459E+00   1.6978781393E-03   2.2471258986E+00   2.3852723970E+00   1.9079029940E-03   2.3569460261E+00   2.4164741553E+00   2.0879973241E-03   2.2084871481E+00   2.3766950328E+00   1.5807783794E-03   3.4228760302E-04
   1   -68   0    0   3.2029698703E-01   7.9524340673E+00   2.5130366306E-04   2.0556800241E+00   2.3741136818E+00   2.2477206888E-04   2.1376712418E+00   2.3391667196E+00   6.3705890575E-04   2.2409563014E+00   2.3772662344E+00   1.6974501880E-03   2.2473109806E+00   2.3853977994E+00   1.9078107313E-03   2.3571295957E+00   2.4166522468E+00   2.0881481125E-03   2.2086827522E+00   2.3768175049E+00   1.5805382971E-03   3.4229744547E-04
   1   -69   0    0   3.1031056566E-01   7.9526519530E+00   2.5107294269E-04   2.0554790909E+00   2.3741499979E+00   2.2417279294E-04   2.1374706422E+00   2.3392321928E+00   6.3666878092E-04   2.2408824092E+00   2.3773303445E+00   1.6970142030E-03   2.2475000142E+00   2.3855257698E+00   1.9077165864E-03   2.3573168620E+00   2.4168339249E+00   2.0883017908E-03   2.2088822793E+00   2.3769424866E+00   1.5802934465E-03   3.4230749098E-04
   1   -70   0    0   3.0032470217E-01   7.9528746628E+00   2.5083796632E-04   2.0552742806E+00   2.3741873539E+00   2.2356216878E-04   2.1372658845E+00   2.3392992466E+00   6.3627133119E-04   2.2408073313E+00   2.3773960110E+00   1.6965700846E-03   2.2476930708E+00   2.3856563502E+00   1.9076205296E-03   2.3575078828E+00   2.4170192454E+00   2.0884583972E-03   2.2090857904E+00   2.3770700190E+00   1.5800437572E-03   3.4231774290E-04
   1   -71   0    0   2.9033941703E-01   7.9531022905E+00   2.5059868512E-04   2.0550655391E+00   2.3742257792E+00   2.2294005263E-04   2.1370569002E+00   2.3393679165E+00   6.3586646634E-04   2.2407310614E+00   2.3774632691E+00   1.6961177347E-03   2.2478902224E+00   2.3857895827E+00   1.9075225310E-03   2.3577027158E+00   2.4172082645E+00   2.0886179698E-03   2.2092933463E+00   2.3772001434E+00   1.5797891590E-03   3.4232820464E-04
   1   -72   0    0   2.8035473128E-01   7.9533349307E+00   2.5035505120E-04   2.0548528125E+00   2.3742653035E+00   2.2230630254E-04   2.1368436208E+00   2.3394382385E+00   6.3545409747E-04   2.2406535940E+00   2.3775321548E+00   1.6956570567E-03   2.2480915414E+00   2.3859255096E+00   1.9074225608E-03   2.3579014184E+00   2.4174010378E+00   2.0887805462E-03   2.2095050080E+00   2.3773329011E+00   1.5795295821E-03   3.4233887958E-04
   1   -73   0    0   2.7037066653E-01   7.9535726789E+00   2.5010701767E-04   2.0546360476E+00   2.3743059574E+00   2.2166077855E-04   2.1366259777E+00   2.3395102493E+00   6.3503413708E-04   2.2405749238E+00   2.3776027044E+00   1.6951879556E-03   2.2482971008E+00   2.3860641733E+00   1.9073205894E-03   2.3581040483E+00   2.4175976213E+00   2.0889461634E-03   2.2097208362E+00   2.3774683337E+00   1.5792649571E-03   3.4234977113E-04
   1   -74   0    0   2.6038724495E-01   7.9538156313E+00   2.4985453876E-04   2.0544151911E+00   2.3743477720E+00   2.2100334295E-04   2.1364039023E+00   2.3395839861E+00   6.3460649924E-04   2.2404950466E+00   2.3776749547E+00   1.6947103382E-03   2.2485069736E+00   2.3862056159E+00   1.9072165871E-03   2.3583106627E+00   2.4177980705E+00   2.0891148582E-03   2.2099408914E+00   2.3776064826E+00   1.5789952151E-03   3.4236088269E-04
   1   -75   0    0   2.5040448929E-01   7.9540638851E+00   2.4959756993E-04   2.0541901904E+00   2.3743907792E+00   2.2033386053E-04   2.1361773264E+00   2.3396594863E+00   6.3417109975E-04   2.2404139583E+00   2.3777489433E+00   1.6942241132E-03   2.2487212335E+00   2.3863498800E+00   1.9071105244E-03   2.3585213188E+00   2.4180024408E+00   2.0892866666E-03   2.2101652339E+00   2.3777473892E+00   1.5787202879E-03   3.4237221767E-04
   1   -76   0    0   2.4042242285E-01   7.9543175381E+00   2.4933606789E-04   2.0539609935E+00   2.3744350114E+00   2.1965219880E-04   2.1359461820E+00   2.3397367882E+00   6.3372785629E-04   2.2403316560E+00   2.3778247079E+00   1.6937291918E-03   2.2489399544E+00   2.3864970075E+00   1.9070023719E-03   2.3587360733E+00   2.4182107875E+00   2.0894616239E-03   2.2103939237E+00   2.3778910948E+00   1.5784401078E-03   3.4238377947E-04
   1   -77   0    0   2.3044106951E-01   7.9545766887E+00   2.4906999079E-04   2.0537275485E+00   2.3744805017E+00   2.1895822823E-04   2.1357104013E+00   2.3398159303E+00   6.3327668859E-04   2.2402481370E+00   2.3779022870E+00   1.6932254871E-03   2.2491632101E+00   2.3866470408E+00   1.9068921006E-03   2.3589549828E+00   2.4184231652E+00   2.0896397648E-03   2.2106270202E+00   2.3780376409E+00   1.5781546081E-03   3.4239557147E-04
   1   -78   0    0   2.2046045369E-01   7.9548414359E+00   2.4879929827E-04   2.0534898046E+00   2.3745272837E+00   2.1825182254E-04   2.1354699169E+00   2.3398969517E+00   6.3281751858E-04   2.2401633997E+00   2.3779817194E+00   1.6927129150E-03   2.2493910748E+00   2.3868000216E+00   1.9067796816E-03   2.3591781033E+00   2.4186396284E+00   2.0898211232E-03   2.2108645825E+00   2.3781870685E+00   1.5778637228E-03   3.4240759706E-04
   1   -79   0    0   2.1048060037E-01   7.9551118791E+00   2.4852395157E-04   2.0532477115E+00   2.3745753919E+00   2.1753285894E-04   2.1352246623E+00   2.3399798917E+00   6.3235027058E-04   2.2400774430E+00   2.3780630443E+00   1.6921913942E-03   2.2496236226E+00   2.3869559919E+00   1.9066650863E-03   2.3594054902E+00   2.4188602308E+00   2.0900057322E-03   2.2111066689E+00   2.3783394184E+00   1.5775673871E-03   3.4241985962E-04
   1   -80   0    0   2.0050153506E-01   7.9553881181E+00   2.4824391362E-04   2.0530012196E+00   2.3746248611E+00   2.1680121840E-04   2.1349745713E+00   2.3400647902E+00   6.3187487146E-04   2.2399902667E+00   2.3781463015E+00   1.6916608461E-03   2.2498609277E+00   2.3871149929E+00   1.9065482865E-03   2.3596371985E+00   2.4190850259E+00   2.0901936239E-03   2.2113533372E+00   2.3784947315E+00   1.5772655372E-03   3.4243236247E-04
   1   -81   0    0   1.9052328379E-01   7.9556702532E+00   2.4795914921E-04   2.0527502803E+00   2.3746757270E+00   2.1605678594E-04   2.1347195787E+00   2.3401516873E+00   6.3139125083E-04   2.2399018711E+00   2.3782315308E+00   1.6911211952E-03   2.2501030641E+00   2.3872770659E+00   1.9064292542E-03   2.3598732826E+00   2.4193140662E+00   2.0903848296E-03   2.2116046444E+00   2.3786530480E+00   1.5769581105E-03   3.4244510896E-04
   1   -82   0    0   1.8054587313E-01   7.9559583846E+00   2.4766962500E-04   2.0524948456E+00   2.3747280254E+00   2.1529945088E-04   2.1344596199E+00   2.3402406237E+00   6.3089934121E-04   2.2398122577E+00   2.3783187727E+00   1.6905723694E-03   2.2503501057E+00   2.3874422517E+00   1.9063079620E-03   2.3601137958E+00   2.4195474038E+00   2.0905793794E-03   2.2118606466E+00   2.3788144080E+00   1.5766450459E-03   3.4245810237E-04
   1   -83   0    0   1.7056933010E-01   7.9562526127E+00   2.4737530972E-04   2.0522348688E+00   2.3747817932E+00   2.1452910718E-04   2.1341946317E+00   2.3403316401E+00   6.3039907820E-04   2.2397214284E+00   2.3784080679E+00   1.6900143000E-03   2.2506021258E+00   2.3876105907E+00   1.9061843831E-03   2.3603587910E+00   2.4197850897E+00   2.0907773023E-03   2.2121213988E+00   2.3789788511E+00   1.5763262836E-03   3.4247134597E-04
   1   -84   0    0   1.6059368225E-01   7.9565530379E+00   2.4707617422E-04   2.0519703041E+00   2.3748370675E+00   2.1374565365E-04   2.1339245517E+00   2.3404247777E+00   6.2989040070E-04   2.2396293862E+00   2.3784994574E+00   1.6894469223E-03   2.2508591977E+00   2.3877821228E+00   1.9060584908E-03   2.3606083199E+00   2.4200271743E+00   2.0909786261E-03   2.2123869550E+00   2.3791464164E+00   1.5760017656E-03   3.4248484299E-04
   1   -85   0    0   1.5061895753E-01   7.9568597606E+00   2.4677219160E-04   2.0517011067E+00   2.3748938859E+00   2.1294899431E-04   2.1336493190E+00   2.3405200777E+00   6.2937325107E-04   2.2395361348E+00   2.3785929823E+00   1.6888701751E-03   2.2511213940E+00   2.3879568872E+00   1.9059302593E-03   2.3608624332E+00   2.4202737067E+00   2.0911833775E-03   2.2126573682E+00   2.3793171426E+00   1.5756714352E-03   3.4249859661E-04
   1   -86   0    0   1.4064518438E-01   7.9571728807E+00   2.4646333733E-04   2.0514272334E+00   2.3749522867E+00   2.1213903865E-04   2.1333688741E+00   2.3406175817E+00   6.2884757532E-04   2.2394416789E+00   2.3786886841E+00   1.6882840014E-03   2.2513887868E+00   2.3881349227E+00   1.9057996633E-03   2.3611211807E+00   2.4205247351E+00   2.0913915816E-03   2.2129326899E+00   2.3794910677E+00   1.5753352381E-03   3.4251260998E-04
   1   -87   0    0   1.3067239159E-01   7.9574924977E+00   2.4614958934E-04   2.0511486418E+00   2.3750123084E+00   2.1131570194E-04   2.1330831589E+00   2.3407173313E+00   6.2831332330E-04   2.2393460238E+00   2.3787866043E+00   1.6876883488E-03   2.2516614475E+00   2.3883162674E+00   1.9056666782E-03   2.3613846108E+00   2.4207803067E+00   2.0916032623E-03   2.2132129702E+00   2.3796682291E+00   1.5749931215E-03   3.4252688617E-04
   1   -88   0    0   1.2070060837E-01   7.9578187109E+00   2.4583092816E-04   2.0508652911E+00   2.3750739900E+00   2.1047890550E-04   2.1327921172E+00   2.3408193683E+00   6.2777044891E-04   2.2392491759E+00   2.3788867846E+00   1.6870831691E-03   2.2519394465E+00   2.3885009586E+00   1.9055312802E-03   2.3616527706E+00   2.4210404671E+00   2.0918184419E-03   2.2134982577E+00   2.3798486633E+00   1.5746450350E-03   3.4254142822E-04
   1   -89   0    0   1.1072986423E-01   7.9581516185E+00   2.4550733698E-04   2.0505771419E+00   2.3751373709E+00   2.0962857703E-04   2.1324956946E+00   2.3409237345E+00   6.2721891024E-04   2.2391511425E+00   2.3789892668E+00   1.6864684190E-03   2.2522228536E+00   2.3886890328E+00   1.9053934461E-03   2.3619257061E+00   2.4213052609E+00   2.0920371412E-03   2.2137885994E+00   2.3800324065E+00   1.5742909302E-03   3.4255623909E-04
   1   -90   0    0   1.0076018902E-01   7.9584913182E+00   2.4517880182E-04   2.0502841562E+00   2.3752024910E+00   2.0876465089E-04   2.1321938389E+00   2.3410304717E+00   6.2665866981E-04   2.2390519315E+00   2.3790940926E+00   1.6858440600E-03   2.2525117373E+00   2.3888805256E+00   1.9052531536E-03   2.3622034614E+00   2.4215747309E+00   2.0922593793E-03   2.2140840405E+00   2.3802194934E+00   1.5739307612E-03   3.4257132168E-04
   1   -91   0    0   9.0791612853E-02   7.9588379066E+00   2.4484531157E-04   2.0499862978E+00   2.3752693902E+00   2.0788706840E-04   2.1318864998E+00   2.3411396215E+00   6.2608969471E-04   2.2389515519E+00   2.3792013036E+00   1.6852100589E-03   2.2528061651E+00   2.3890754717E+00   1.9051103815E-03   2.3624860792E+00   2.4218489186E+00   2.0924851736E-03   2.2143846241E+00   2.3804099583E+00   1.5735644846E-03   3.4258667881E-04
   1   -92   0    0   8.0824166046E-02   7.9591914792E+00   2.4450685816E-04   2.0496835319E+00   2.3753381089E+00   2.0699577810E-04   2.1315736296E+00   2.3412512257E+00   6.2551195683E-04   2.2388500136E+00   2.3793109416E+00   1.6845663876E-03   2.2531062029E+00   2.3892739047E+00   1.9049651092E-03   2.3627736006E+00   2.4221278639E+00   2.0927145397E-03   2.2146903917E+00   2.3806038342E+00   1.5731920596E-03   3.4260231322E-04
   1   -93   0    0   7.0857879113E-02   7.9595521301E+00   2.4416343660E-04   2.0493758256E+00   2.3754086875E+00   2.0609073609E-04   2.1312551831E+00   2.3413653257E+00   6.2492543299E-04   2.2387473272E+00   2.3794230479E+00   1.6839130236E-03   2.2534119156E+00   2.3894758573E+00   1.9048173173E-03   2.3630660647E+00   2.4224116047E+00   2.0929474914E-03   2.2150013821E+00   2.3808011533E+00   1.5728134481E-03   3.4261822756E-04
   1   -94   0    0   6.0892782695E-02   7.9599199520E+00   2.4381504513E-04   2.0490631476E+00   2.3754811668E+00   2.0517190624E-04   2.1309311178E+00   2.3414819626E+00   6.2433010515E-04   2.2386435043E+00   2.3795376638E+00   1.6832499503E-03   2.2537233661E+00   2.3896813607E+00   1.9046669874E-03   2.3633635088E+00   2.4227001772E+00   2.0931840405E-03   2.2153176323E+00   2.3810019463E+00   1.5724286150E-03   3.4263442439E-04
   1   -95   0    0   5.0928907512E-02   7.9602950361E+00   2.4346168527E-04   2.0487454686E+00   2.3755555875E+00   2.0423926054E-04   2.1306013942E+00   2.3416011775E+00   6.2372596054E-04   2.2385385572E+00   2.3796548302E+00   1.6825771567E-03   2.2540406159E+00   2.3898904451E+00   1.9045141023E-03   2.3636659682E+00   2.4229936156E+00   2.0934241967E-03   2.2156391765E+00   2.3812062430E+00   1.5720375282E-03   3.4265090618E-04
   1   -96   0    0   4.0966284305E-02   7.9606774715E+00   2.4310336195E-04   2.0484227614E+00   2.3756319905E+00   2.0329277930E-04   2.1302659759E+00   2.3417230107E+00   6.2311299190E-04   2.2384324993E+00   2.3797745876E+00   1.6818946379E-03   2.2543637244E+00   2.3901031392E+00   1.9043586458E-03   2.3639734759E+00   2.4232919521E+00   2.0936679680E-03   2.2159660465E+00   2.3814140717E+00   1.5716401588E-03   3.4266767528E-04
   1   -97   0    0   3.1004943783E-02   7.9610673454E+00   2.4274008355E-04   2.0480950004E+00   2.3757104165E+00   2.0233245143E-04   2.1299248297E+00   2.3418475023E+00   6.2249119754E-04   2.2383253445E+00   2.3798969763E+00   1.6812023955E-03   2.2546927492E+00   2.3903194705E+00   1.9042006031E-03   2.3642860631E+00   2.4235952168E+00   2.0939153597E-03   2.2162982713E+00   2.3816254595E+00   1.5712364810E-03   3.4268473394E-04
   1   -98   0    0   2.1044916553E-02   7.9614647428E+00   2.4237186204E-04   2.0477621623E+00   2.3757909064E+00   2.0135827470E-04   2.1295779259E+00   2.3419746920E+00   6.2186058157E-04   2.2382171077E+00   2.3800220357E+00   1.6805004371E-03   2.2550277456E+00   2.3905394649E+00   1.9040399606E-03   2.3646037581E+00   2.4239034373E+00   2.0941663754E-03   2.2166358772E+00   2.3818404320E+00   1.5708264726E-03   3.4270208428E-04
   1   -99   0    0   1.1086233062E-02   7.9618697461E+00   2.4199871301E-04   2.0474242259E+00   2.3758735006E+00   2.0037025595E-04   2.1292252384E+00   2.3421046186E+00   6.2122115401E-04   2.2381078045E+00   2.3801498051E+00   1.6797887772E-03   2.2553687665E+00   2.3907631466E+00   1.9038767060E-03   2.3649265872E+00   2.4242166390E+00   2.0944210161E-03   2.2169788874E+00   2.3820590131E+00   1.5704101149E-03   3.4271972831E-04
   1  -100   0    0   1.1289235223E-03   7.9622824355E+00   2.4162065574E-04   2.0470811722E+00   2.3759582397E+00   1.9936841130E-04   2.1288667453E+00   2.3422373205E+00   6.2057293092E-04   2.2379974513E+00   2.3802803228E+00   1.6790674367E-03   2.2557158626E+00   2.3909905384E+00   1.9037108285E-03   2.3652545739E+00   2.4245348449E+00   2.0946792807E-03   2.2173273220E+00   2.3822812255E+00   1.5699873928E-03   3.4273766790E-04
   1  -101   0    0  -8.8269821545E-03   7.9627028878E+00   2.4123771328E-04   2.0467329843E+00   2.3760451637E+00   1.9835276641E-04   2.1285024284E+00   2.3423728352E+00   6.1991593451E-04   2.2378860650E+00   2.3804136265E+00   1.6783364435E-03   2.2560690819E+00   2.3912216612E+00   1.9035423185E-03   2.3655877392E+00   2.4248580753E+00   2.0949411655E-03   2.2176811977E+00   2.3825070897E+00   1.5695582949E-03   3.4275590478E-04
   1  -102   0    0  -1.8781454437E-02   7.9631311774E+00   2.4084991251E-04   2.0463796477E+00   2.3761343123E+00   1.9732335659E-04   2.1281322738E+00   2.3425111993E+00   6.1925019331E-04   2.2377736634E+00   2.3805497529E+00   1.6775958322E-03   2.2564284693E+00   2.3914565342E+00   1.9033711681E-03   2.3659261014E+00   2.4251863479E+00   2.0952066646E-03   2.2180405282E+00   2.3827366248E+00   1.5691228138E-03   3.4277444055E-04
   1  -103   0    0  -2.8734464249E-02   7.9635673748E+00   2.4045728416E-04   2.0460211501E+00   2.3762257250E+00   1.9628022703E-04   2.1277562722E+00   2.3426524486E+00   6.1857574220E-04   2.2376602648E+00   2.3806887382E+00   1.6768456446E-03   2.2567940672E+00   2.3916951747E+00   1.9031973709E-03   2.3662696759E+00   2.4255196777E+00   2.0954757694E-03   2.2184053231E+00   2.3829698481E+00   1.5686809460E-03   3.4279327664E-04
   1  -104   0    0  -3.8685983050E-02   7.9640115477E+00   2.4005986289E-04   2.0456574818E+00   2.3763194404E+00   1.9522343293E-04   2.1273744189E+00   2.3427966180E+00   6.1789262254E-04   2.2375458882E+00   2.3808306171E+00   1.6760859296E-03   2.2571659147E+00   2.3919375980E+00   1.9030209221E-03   2.3666184750E+00   2.4258580767E+00   2.0957484689E-03   2.2187755889E+00   2.3832067747E+00   1.5682326921E-03   3.4281241434E-04
   1  -105   0    0  -4.8635982917E-02   7.9644637596E+00   2.3965768728E-04   2.0452886352E+00   2.3764154967E+00   1.9415303964E-04   2.1269867138E+00   2.3429437409E+00   6.1720088225E-04   2.2374305529E+00   2.3809754237E+00   1.6753167433E-03   2.2575440476E+00   2.3921838174E+00   1.9028418183E-03   2.3669725082E+00   2.4262015540E+00   2.0960247497E-03   2.2191513279E+00   2.3834474181E+00   1.5677780568E-03   3.4283185477E-04
   1  -106   0    0  -5.8584436633E-02   7.9649240704E+00   2.3925079988E-04   2.0449146053E+00   2.3765139316E+00   1.9306912276E-04   2.1265931621E+00   2.3430938500E+00   6.1650057585E-04   2.2373142790E+00   2.3811231906E+00   1.6745381490E-03   2.2579284984E+00   2.3924338442E+00   1.9026600580E-03   2.3673317818E+00   2.4265501159E+00   2.0963045954E-03   2.2195325387E+00   2.3836917894E+00   1.5673170490E-03   3.4285159890E-04
   1  -107   0    0  -6.8531317768E-02   7.9653925358E+00   2.3883924720E-04   2.0445353896E+00   2.3766147817E+00   1.9197176826E-04   2.1261937740E+00   2.3432469765E+00   6.1579176450E-04   2.2371970868E+00   2.3812739492E+00   1.6737502173E-03   2.2583192960E+00   2.3926876873E+00   1.9024756414E-03   2.3676962990E+00   2.4269037654E+00   2.0965879874E-03   2.2199192159E+00   2.3839398979E+00   1.5668496822E-03   3.4287164751E-04
   1  -108   0    0  -7.8476600772E-02   7.9658692073E+00   2.3842307974E-04   2.0441509879E+00   2.3767180829E+00   1.9086107250E-04   2.1257885651E+00   2.3434031501E+00   6.1507451608E-04   2.2370789969E+00   2.3814277298E+00   1.6729530260E-03   2.2587164654E+00   2.3929453537E+00   1.9022885703E-03   2.3680660596E+00   2.4272625022E+00   2.0968749043E-03   2.2203113498E+00   2.3841917504E+00   1.5663759738E-03   3.4289200119E-04
   1  -109   0    0  -8.8420261060E-02   7.9663541319E+00   2.3800235199E-04   2.0437614027E+00   2.3768238703E+00   1.8973714234E-04   2.1253775565E+00   2.3435623993E+00   6.1434890516E-04   2.2369600306E+00   2.3815845609E+00   1.6721466606E-03   2.2591200281E+00   2.3932068477E+00   1.9020988483E-03   2.3684410600E+00   2.4276263231E+00   2.0971653220E-03   2.2207089264E+00   2.3844473516E+00   1.5658959460E-03   3.4291266038E-04
   1  -110   0    0  -9.8362275110E-02   7.9668473516E+00   2.3757712238E-04   2.0433666389E+00   2.3769321776E+00   1.8860009510E-04   2.1249607749E+00   2.3437247511E+00   6.1361501304E-04   2.2368402090E+00   2.3817444699E+00   1.6713312135E-03   2.2595300013E+00   2.3934721715E+00   1.9019064809E-03   2.3688212933E+00   2.4279952213E+00   2.0974592137E-03   2.2211119276E+00   2.3847067040E+00   1.5654096254E-03   3.4293362529E-04
   1  -111   0    0  -1.0830262055E-01   7.9673489038E+00   2.3714745327E-04   2.0429667039E+00   2.3770430377E+00   1.8745005861E-04   2.1245382529E+00   2.3438902305E+00   6.1287292769E-04   2.2367195536E+00   2.3819074822E+00   1.6705067848E-03   2.2599463980E+00   2.3937413249E+00   1.9017114752E-03   2.3692067491E+00   2.4283691867E+00   2.0977565502E-03   2.2215203306E+00   2.3849698076E+00   1.5649170430E-03   3.4295489597E-04
   1  -112   0    0  -1.1824127624E-01   7.9678588207E+00   2.3671341095E-04   2.0425616078E+00   2.3771564822E+00   1.8628717113E-04   2.1241100292E+00   2.3440588612E+00   6.1212274378E-04   2.2365980862E+00   2.3820736217E+00   1.6696734814E-03   2.2603692271E+00   2.3940143050E+00   1.9015138404E-03   2.3695974135E+00   2.4287482058E+00   2.0980572994E-03   2.2219341082E+00   2.3852366599E+00   1.5644182344E-03   3.4297647226E-04
   1  -113   0    0  -1.2817822238E-01   7.9683771290E+00   2.3627506553E-04   2.0421513629E+00   2.3772725412E+00   1.8511158135E-04   2.1236761482E+00   2.3442306648E+00   6.1136456259E-04   2.2364758282E+00   2.3822429105E+00   1.6688314179E-03   2.2607984930E+00   2.3942911065E+00   1.9013135874E-03   2.3699932689E+00   2.4291322615E+00   2.0983614265E-03   2.2223532285E+00   2.3855072560E+00   1.5639132399E-03   3.4299835379E-04
   1  -114   0    0  -1.3811344061E-01   7.9689038500E+00   2.3583249094E-04   2.0417359844E+00   2.3773912438E+00   1.8392344828E-04   2.1232366608E+00   2.3444056613E+00   6.1059849197E-04   2.2363528014E+00   2.3824153689E+00   1.6679807157E-03   2.2612341954E+00   2.3945717215E+00   1.9011107289E-03   2.3703942940E+00   2.4295213332E+00   2.0986688943E-03   2.2227776548E+00   2.3857815886E+00   1.5634021043E-03   3.4302053999E-04
   1  -115   0    0  -1.4804691405E-01   7.9694389995E+00   2.3538576485E-04   2.0413154898E+00   2.3775126173E+00   1.8272294116E-04   2.1227916242E+00   2.3445838685E+00   6.0982464626E-04   2.2362290272E+00   2.3825910151E+00   1.6671215034E-03   2.2616763296E+00   2.3948561395E+00   1.9009052797E-03   2.3708004640E+00   2.4299153969E+00   2.0989796628E-03   2.2232073459E+00   2.3860596476E+00   1.5628848769E-03   3.4304303008E-04
   1  -116   0    0  -1.5797862746E-01   7.9699825871E+00   2.3493496860E-04   2.0408898990E+00   2.3776366873E+00   1.8151023933E-04   2.1223411018E+00   2.3447653023E+00   6.0904314617E-04   2.2361045272E+00   2.3827698653E+00   1.6662539164E-03   2.2621248858E+00   2.3951443473E+00   1.9006972563E-03   2.3712117502E+00   2.4303144246E+00   2.0992936895E-03   2.2236422556E+00   2.3863414204E+00   1.5623616115E-03   3.4306582306E-04
   1  -117   0    0  -1.6790856726E-01   7.9705346167E+00   2.3448018710E-04   2.0404592346E+00   2.3777634782E+00   1.8028553209E-04   2.1218851637E+00   2.3449499763E+00   6.0825411873E-04   2.2359793225E+00   2.3829519338E+00   1.6653780971E-03   2.2625798493E+00   2.3954363290E+00   1.9004866771E-03   2.3716281203E+00   2.4307183852E+00   2.0996109292E-03   2.2240823327E+00   2.3866268917E+00   1.5618323668E-03   3.4308891772E-04
   1  -118   0    0  -1.7783672166E-01   7.9710950856E+00   2.3402150876E-04   2.0400235215E+00   2.3778930122E+00   1.7904901851E-04   2.1214238863E+00   2.3451379021E+00   6.0745769712E-04   2.2358534340E+00   2.3831372324E+00   1.6644941943E-03   2.2630412008E+00   2.3957320658E+00   1.9002735626E-03   2.3720495381E+00   2.4311272434E+00   2.0999313344E-03   2.2245275214E+00   2.3869160435E+00   1.5612972056E-03   3.4311231263E-04
   1  -119   0    0  -1.8776308073E-01   7.9716639853E+00   2.3355902537E-04   2.0395827872E+00   2.3780253099E+00   1.7780090727E-04   2.1209573526E+00   2.3453290889E+00   6.0665402055E-04   2.2357268821E+00   2.3833257708E+00   1.6636023635E-03   2.2635089154E+00   2.3960315364E+00   1.9000579349E-03   2.3724759637E+00   2.4315409605E+00   2.1002548549E-03   2.2249777607E+00   2.3872088551E+00   1.5607561953E-03   3.4313600612E-04
   1  -120   0    0  -1.9768763646E-01   7.9722413003E+00   2.3309283203E-04   2.0391370614E+00   2.3781603899E+00   1.7654141640E-04   2.1204856524E+00   2.3455235436E+00   6.0584323411E-04   2.2355996871E+00   2.3835175565E+00   1.6627027665E-03   2.2639829634E+00   2.3963347165E+00   1.8998398180E-03   2.3729073534E+00   2.4319594942E+00   2.1005814383E-03   2.2254329849E+00   2.3875053032E+00   1.5602094079E-03   3.4315999633E-04
   1  -121   0    0  -2.0761038287E-01   7.9728270088E+00   2.3262302698E-04   2.0386863763E+00   2.3782982688E+00   1.7527077308E-04   2.1200088819E+00   2.3457212707E+00   6.0502548862E-04   2.2354718686E+00   2.3837125943E+00   1.6617955712E-03   2.2644633095E+00   2.3966415791E+00   1.8996192379E-03   2.3733436597E+00   2.4323827983E+00   2.1009110297E-03   2.2258931232E+00   2.3878053615E+00   1.5596569196E-03   3.4318428116E-04
   1  -122   0    0  -2.1753131604E-01   7.9734210822E+00   2.3214971154E-04   2.0382307664E+00   2.3784389612E+00   1.7398921337E-04   2.1195271439E+00   2.3459222723E+00   6.0420094042E-04   2.2353434456E+00   2.3839108868E+00   1.6608809515E-03   2.2649499135E+00   2.3969520943E+00   1.8993962224E-03   2.3737848313E+00   2.4328108231E+00   2.1012435717E-03   2.2263580998E+00   2.3881090010E+00   1.5590988110E-03   3.4320885826E-04
   1  -123   0    0  -2.2745043421E-01   7.9740234852E+00   2.3167298993E-04   2.0377702687E+00   2.3785824794E+00   1.7269698194E-04   2.1190405478E+00   2.3461265477E+00   6.0336975122E-04   2.2352144366E+00   2.3841124340E+00   1.6599590870E-03   2.2654427295E+00   2.3972662293E+00   1.8991708010E-03   2.3742308131E+00   2.4332435152E+00   2.1015790051E-03   2.2268278343E+00   2.3884161900E+00   1.5585351667E-03   3.4323372510E-04
   1  -124   0    0  -2.3736773783E-01   7.9746341755E+00   2.3119296917E-04   2.0373049221E+00   2.3787288337E+00   1.7139433178E-04   2.1185492094E+00   2.3463340940E+00   6.0253208792E-04   2.2350848595E+00   2.3843172334E+00   1.6590301628E-03   2.2659417065E+00   2.3975839487E+00   1.8989430051E-03   2.3746815464E+00   2.4336808175E+00   2.1019172682E-03   2.2273022410E+00   2.3887268940E+00   1.5579660757E-03   3.4325887889E-04
   1  -125   0    0  -2.4728322962E-01   7.9752531038E+00   2.3070975893E-04   2.0368347682E+00   2.3788780320E+00   1.7008152392E-04   2.1180532511E+00   2.3465449054E+00   6.0168812235E-04   2.2349547315E+00   2.3845252797E+00   1.6580943695E-03   2.2664467878E+00   2.3979052140E+00   1.8987128679E-03   2.3751369686E+00   2.4341226693E+00   2.1022582972E-03   2.2277812297E+00   2.3890410757E+00   1.5573916308E-03   3.4328431661E-04
   1  -126   0    0  -2.5719691459E-01   7.9758802137E+00   2.3022347139E-04   2.0363598506E+00   2.3790300798E+00   1.6875882711E-04   2.1175528016E+00   2.3467589736E+00   6.0083803112E-04   2.2348240689E+00   2.3847365651E+00   1.6571519025E-03   2.2669579113E+00   2.3982299841E+00   1.8984804241E-03   2.3755970135E+00   2.4345690063E+00   2.1026020264E-03   2.2282647053E+00   2.3893586948E+00   1.5568119291E-03   3.4331003505E-04
   1  -127   0    0  -2.6710880016E-01   7.9765154420E+00   2.2973422110E-04   2.0358802150E+00   2.3791849804E+00   1.6742651748E-04   2.1170479957E+00   2.3469762875E+00   5.9998199537E-04   2.2346928874E+00   2.3849510791E+00   1.6562029621E-03   2.2674750098E+00   2.3985582149E+00   1.8982457103E-03   2.3760616113E+00   2.4350197609E+00   2.1029483880E-03   2.2287525680E+00   2.3896797086E+00   1.5562270713E-03   3.4333603073E-04
   1  -128   0    0  -2.7701889610E-01   7.9771587181E+00   2.2924212484E-04   2.0353959096E+00   2.3793427344E+00   1.6608487825E-04   2.1165389744E+00   2.3471968334E+00   5.9912020059E-04   2.2345612019E+00   2.3851688085E+00   1.6552477534E-03   2.2679980101E+00   2.3988898595E+00   1.8980087648E-03   2.3765306883E+00   2.4354748616E+00   2.1032973124E-03   2.2292447133E+00   2.3900040714E+00   1.5556371619E-03   3.4336229997E-04
   1  -129   0    0  -2.8692721466E-01   7.9778099644E+00   2.2874730146E-04   2.0349069845E+00   2.3795033401E+00   1.6473419936E-04   2.1160258847E+00   2.3474205947E+00   5.9825283633E-04   2.2344290263E+00   2.3853897374E+00   1.6542864855E-03   2.2685268340E+00   2.3992248684E+00   1.8977696274E-03   2.3770041677E+00   2.4359342337E+00   2.1036487282E-03   2.2297410323E+00   2.3903317349E+00   1.5550423089E-03   3.4338883888E-04
   1  -130   0    0  -2.9683377051E-01   7.9784690960E+00   2.2824987172E-04   2.0344134919E+00   2.3796667934E+00   1.6337477714E-04   2.1155088792E+00   2.3476475520E+00   5.9738009607E-04   2.2342963739E+00   2.3856138468E+00   1.6533193719E-03   2.2690613979E+00   2.3995631892E+00   1.8975283396E-03   2.3774819689E+00   2.4363977990E+00   2.1040025623E-03   2.2302414115E+00   2.3906626478E+00   1.5544426242E-03   3.4341564332E-04
   1  -131   0    0  -3.0673858083E-01   7.9791360211E+00   2.2774995818E-04   2.0339154863E+00   2.3798330873E+00   1.6200691400E-04   2.1149881163E+00   2.3478776832E+00   5.9650217690E-04   2.2341632571E+00   2.3858411153E+00   1.6523466297E-03   2.2696016125E+00   2.3999047667E+00   1.8972849443E-03   2.3779640079E+00   2.4368654761E+00   2.1043587398E-03   2.2307457331E+00   2.3909967566E+00   1.5538382227E-03   3.4344270895E-04
   1  -132   0    0  -3.1664166528E-01   7.9798106407E+00   2.2724768504E-04   2.0334130243E+00   2.3800022125E+00   1.6063091806E-04   2.1144637597E+00   2.3481109635E+00   5.9561927937E-04   2.2340296872E+00   2.3860715185E+00   1.6513684799E-03   2.2701473835E+00   2.4002495431E+00   1.8970394861E-03   2.3784501973E+00   2.4373371801E+00   2.1047171844E-03   2.2312538753E+00   2.3913340047E+00   1.5532292229E-03   3.4347003122E-04
   1  -133   0    0  -3.2654304602E-01   7.9804928485E+00   2.2674317796E-04   2.0329061643E+00   2.3801741569E+00   1.5924710282E-04   2.1139359783E+00   2.3483473650E+00   5.9473160724E-04   2.2338956750E+00   2.3863050293E+00   1.6503851465E-03   2.2706986112E+00   2.4005974580E+00   1.8967920109E-03   2.3789404465E+00   2.4378128231E+00   2.1050778183E-03   2.2317657120E+00   2.3916743330E+00   1.5526157464E-03   3.4349760536E-04
   1  -134   0    0  -3.3644274770E-01   7.9811825315E+00   2.2623656397E-04   2.0323949672E+00   2.3803489060E+00   1.5785578683E-04   2.1134049457E+00   2.3485868573E+00   5.9383936726E-04   2.2337612302E+00   2.3865416178E+00   1.6493968568E-03   2.2712551910E+00   2.4009484483E+00   1.8965425662E-03   2.3794346615E+00   2.4382923139E+00   2.1054405623E-03   2.2322811133E+00   2.3920176800E+00   1.5519979178E-03   3.4352542638E-04
   1  -135   0    0  -3.4634079747E-01   7.9818795696E+00   2.2572797129E-04   2.0318794957E+00   2.3805264425E+00   1.5645729339E-04   2.1128708404E+00   2.3488294069E+00   5.9294276895E-04   2.2336263619E+00   2.3867812511E+00   1.6484038411E-03   2.2718170128E+00   2.4013024483E+00   1.8962912006E-03   2.3799327452E+00   2.4387755583E+00   2.1058053357E-03   2.2327999453E+00   2.3923639815E+00   1.5513758646E-03   3.4355348911E-04
   1  -136   0    0  -3.5623722495E-01   7.9825838358E+00   2.2521752922E-04   2.0313598147E+00   2.3807067465E+00   1.5505195016E-04   2.1123338452E+00   2.3490749778E+00   5.9204202442E-04   2.2334910784E+00   2.3870238937E+00   1.6474063323E-03   2.2723839618E+00   2.4016593898E+00   1.8960379645E-03   2.3804345976E+00   2.4392624590E+00   2.1061720569E-03   2.2333220708E+00   2.3927131708E+00   1.5507497173E-03   3.4358178816E-04
   1  -137   0    0  -3.6613206221E-01   7.9832951963E+00   2.2470536799E-04   2.0308359912E+00   2.3808897954E+00   1.5364008894E-04   2.1117941470E+00   2.3493235311E+00   5.9113734814E-04   2.2333553869E+00   2.3872695074E+00   1.6464045655E-03   2.2729559182E+00   2.4020192022E+00   1.8957829092E-03   2.3809401153E+00   2.4397529160E+00   2.1065406429E-03   2.2338473488E+00   2.3930651788E+00   1.5501196092E-03   3.4361031794E-04
   1  -138   0    0  -3.7602534373E-01   7.9840135106E+00   2.2419161866E-04   2.0303080943E+00   2.3810755640E+00   1.5222204530E-04   2.1112519364E+00   2.3495750250E+00   5.9022895675E-04   2.2332192944E+00   2.3875180511E+00   1.6453987783E-03   2.2735327575E+00   2.4023818124E+00   1.8955260874E-03   2.3814491923E+00   2.4402468261E+00   2.1069110096E-03   2.2343756352E+00   2.3934199340E+00   1.5494856758E-03   3.4363907269E-04
   1  -139   0    0  -3.8591710641E-01   7.9847386318E+00   2.2367641295E-04   2.0297761955E+00   2.3812640247E+00   1.5079815830E-04   2.1107074075E+00   2.3498294153E+00   5.8931706889E-04   2.2330828069E+00   2.3877694810E+00   1.6443892103E-03   2.2741143504E+00   2.4027471449E+00   1.8952675531E-03   2.3819617196E+00   2.4407440837E+00   2.1072830718E-03   2.2349067829E+00   2.3937773626E+00   1.5488480557E-03   3.4366804643E-04
   1  -140   0    0  -3.9580738947E-01   7.9854704063E+00   2.2315988316E-04   2.0292403680E+00   2.3814551470E+00   1.4936877024E-04   2.1101607576E+00   2.3500866549E+00   5.8840190499E-04   2.2329459299E+00   2.3880237506E+00   1.6433761028E-03   2.2747005633E+00   2.4031151220E+00   1.8950073613E-03   2.3824775856E+00   2.4412445804E+00   2.1076567436E-03   2.2354406415E+00   2.3941373885E+00   1.5482068893E-03   3.4369723303E-04
   1  -141   0    0  -4.0569623443E-01   7.9862086742E+00   2.2264216208E-04   2.0287006877E+00   2.3816488979E+00   1.4793422638E-04   2.1096121868E+00   2.3503466939E+00   5.8748368711E-04   2.2328086684E+00   2.3882808108E+00   1.6423596989E-03   2.2752912579E+00   2.4034856636E+00   1.8947455685E-03   2.3829966757E+00   2.4417482050E+00   2.1080319380E-03   2.2359770583E+00   2.3944999334E+00   1.5475623198E-03   3.4372662614E-04
   1  -142   0    0  -4.1558368507E-01   7.9869532697E+00   2.2212338280E-04   2.0281572324E+00   2.3818452418E+00   1.4649487466E-04   2.1090618976E+00   2.3506094802E+00   5.8656263879E-04   2.2326710269E+00   2.3885406100E+00   1.6413402431E-03   2.2758862919E+00   2.4038586875E+00   1.8944822319E-03   2.3835188731E+00   2.4422548441E+00   2.1084085671E-03   2.2365158777E+00   2.3948649168E+00   1.5469144923E-03   3.4375621928E-04
   1  -143   0    0  -4.2546978734E-01   7.9877040206E+00   2.2160367870E-04   2.0276100824E+00   2.3820441409E+00   1.4505106547E-04   2.1085100946E+00   2.3508749588E+00   5.8563898487E-04   2.2325330095E+00   2.3888030937E+00   1.6403179811E-03   2.2764855188E+00   2.4042341095E+00   1.8942174101E-03   2.3840440582E+00   2.4427643817E+00   2.1087865425E-03   2.2370569418E+00   2.3952322561E+00   1.5462635543E-03   3.4378600576E-04
   1  -144   0    0  -4.3535458932E-01   7.9884607492E+00   2.2108318330E-04   2.0270593203E+00   2.3822455544E+00   1.4360315144E-04   2.1079569841E+00   2.3511430721E+00   5.8471295136E-04   2.2323946199E+00   2.3890682053E+00   1.6392931600E-03   2.2770887882E+00   2.4046118431E+00   1.8939511625E-03   2.3845721091E+00   2.4432766995E+00   2.1091657747E-03   2.2376000908E+00   2.3956018668E+00   1.5456096551E-03   3.4381597876E-04
   1  -145   0    0  -4.4523814113E-01   7.9892232720E+00   2.2056203020E-04   2.0265050310E+00   2.3824494394E+00   1.4215148719E-04   2.1074027740E+00   2.3514137605E+00   5.8378476528E-04   2.2322558618E+00   2.3893358852E+00   1.6382660277E-03   2.2776959458E+00   2.4049918001E+00   1.8936835497E-03   2.3851029018E+00   2.4437916770E+00   2.1095461739E-03   2.2381451627E+00   2.3959736623E+00   1.5449529459E-03   3.4384613127E-04
   1  -146   0    0  -4.5512049487E-01   7.9899913997E+00   2.2004035296E-04   2.0259473018E+00   2.3826557506E+00   1.4069642914E-04   2.1068476731E+00   2.3516869614E+00   5.8285465455E-04   2.2321167383E+00   2.3896060720E+00   1.6372368330E-03   2.2783068339E+00   2.4053738902E+00   1.8934146331E-03   2.3856363096E+00   2.4443091914E+00   2.1099276494E-03   2.2386919937E+00   2.3963475542E+00   1.5442935801E-03   3.4387645616E-04
   1  -147   0    0  -4.6500170453E-01   7.9907649383E+00   2.1951828505E-04   2.0253862228E+00   2.3828644402E+00   1.3923833531E-04   2.1062918907E+00   2.3519626102E+00   5.8192284787E-04   2.2319772530E+00   2.3898787014E+00   1.6362058255E-03   2.2789212911E+00   2.4057580213E+00   1.8931444754E-03   2.3861722042E+00   2.4448291179E+00   2.1103101100E-03   2.2392404187E+00   2.3967234523E+00   1.5436317126E-03   3.4390694612E-04
   1  -148   0    0  -4.7488182592E-01   7.9915436881E+00   2.1899595975E-04   2.0248218863E+00   2.3830754581E+00   1.3777756511E-04   2.1057356366E+00   2.3522406400E+00   5.8098957456E-04   2.2318374090E+00   2.3901537071E+00   1.6351732555E-03   2.2795391530E+00   2.4061440994E+00   1.8928731397E-03   2.3867104548E+00   2.4453513299E+00   2.1106934639E-03   2.2397902710E+00   2.3971012645E+00   1.5429675001E-03   3.4393759372E-04
   1  -149   0    0  -4.8476091657E-01   7.9923274449E+00   2.1847351012E-04   2.0242543874E+00   2.3832887520E+00   1.3631447919E-04   2.1051791206E+00   2.3525209814E+00   5.8005506448E-04   2.2316972099E+00   2.3904310205E+00   1.6341393734E-03   2.2801602519E+00   2.4065320292E+00   1.8926006905E-03   2.3872509290E+00   2.4458756986E+00   2.1110776191E-03   2.2403413829E+00   2.3974808973E+00   1.5423011010E-03   3.4396839138E-04
   1  -150   0    0  -4.9463903563E-01   7.9931159995E+00   2.1795106887E-04   2.0236838237E+00   2.3835042676E+00   1.3484943926E-04   2.1046225519E+00   2.3528035632E+00   5.7911954794E-04   2.2315566593E+00   2.3907105709E+00   1.6331044305E-03   2.2807844174E+00   2.4069217134E+00   1.8923271928E-03   2.3877934923E+00   2.4464020937E+00   2.1114624827E-03   2.2408935858E+00   2.3978622554E+00   1.5416326753E-03   3.4399933140E-04
   1  -151   0    0  -5.0451624378E-01   7.9939091386E+00   2.1742876834E-04   2.0231102957E+00   2.3837219481E+00   1.3338280790E-04   2.1040661390E+00   2.3530883119E+00   5.7818325553E-04   2.2314157612E+00   2.3909922853E+00   1.6320686781E-03   2.2814114761E+00   2.4073130532E+00   1.8920527126E-03   2.3883380087E+00   2.4469303829E+00   2.1118479617E-03   2.2414467101E+00   2.3982452421E+00   1.5409623843E-03   3.4403040596E-04
   1  -152   0    0  -5.1439260315E-01   7.9947066442E+00   2.1690674042E-04   2.0225339064E+00   2.3839417349E+00   1.3191494844E-04   2.1035100892E+00   2.3533751519E+00   5.7724641811E-04   2.2312745199E+00   2.3912760889E+00   1.6310323676E-03   2.2820412523E+00   2.4077059486E+00   1.8917773167E-03   2.3888843402E+00   2.4474604326E+00   2.1122339627E-03   2.2420005861E+00   2.3986297591E+00   1.5402903910E-03   3.4406160710E-04
   1  -153   0    0  -5.2426817719E-01   7.9955082945E+00   2.1638511650E-04   2.0219547618E+00   2.3841635675E+00   1.3044622474E-04   2.1029546087E+00   2.3536640058E+00   5.7630926662E-04   2.2311329403E+00   2.3915619049E+00   1.6299957508E-03   2.2826735680E+00   2.4081002981E+00   1.8915010726E-03   2.3894323475E+00   2.4479921074E+00   2.1126203918E-03   2.2425550434E+00   2.3990157069E+00   1.5396168595E-03   3.4409292677E-04
   1  -154   0    0  -5.3414303059E-01   7.9963138640E+00   2.1586402739E-04   2.0213729706E+00   2.3843873831E+00   1.2897700112E-04   2.1023999014E+00   2.3539547943E+00   5.7537203205E-04   2.2309910278E+00   2.3918496545E+00   1.6289590792E-03   2.2833082429E+00   2.4084959987E+00   1.8912240487E-03   2.3899818898E+00   2.4485252707E+00   2.1130071549E-03   2.2431099115E+00   2.3994029848E+00   1.5389419556E-03   3.4412435681E-04
   1  -155   0    0  -5.4401722915E-01   7.9971231233E+00   2.1534360328E-04   2.0207886445E+00   2.3846131174E+00   1.2750764210E-04   2.1018461695E+00   2.3542474363E+00   5.7443494532E-04   2.2308487884E+00   2.3921392573E+00   1.6279226042E-03   2.2839450947E+00   2.4088929465E+00   1.8909463139E-03   2.3905328248E+00   2.4490597844E+00   2.1133941576E-03   2.2436650202E+00   2.3997914907E+00   1.5382658460E-03   3.4415588894E-04
   1  -156   0    0  -5.5389083968E-01   7.9979358399E+00   2.1482397369E-04   2.0202018980E+00   2.3848407042E+00   1.2603851235E-04   2.1012936127E+00   2.3545418490E+00   5.7349823718E-04   2.2307062290E+00   2.3924306311E+00   1.6268865772E-03   2.2845839396E+00   2.4092910363E+00   1.8906679380E-03   2.3910850092E+00   2.4495955093E+00   2.1137813054E-03   2.2442201992E+00   2.4001811215E+00   1.5375886986E-03   3.4418751481E-04
   1  -157   0    0  -5.6376392990E-01   7.9987517783E+00   2.1430526737E-04   2.0196128486E+00   2.3850700755E+00   1.2456997642E-04   2.1007424278E+00   2.3548379480E+00   5.7256213813E-04   2.2305633570E+00   2.3927236921E+00   1.6258512491E-03   2.2852245920E+00   2.4096901619E+00   1.8903889914E-03   2.3916382983E+00   2.4501323051E+00   2.1141685034E-03   2.2447752790E+00   2.4005717731E+00   1.5369106824E-03   3.4421922599E-04
   1  -158   0    0  -5.7363656831E-01   7.9995706998E+00   2.1378761228E-04   2.0190216165E+00   2.3853011620E+00   1.2310239867E-04   2.1001928088E+00   2.3551356472E+00   5.7162687827E-04   2.2304201812E+00   2.3930183549E+00   1.6248168704E-03   2.2858668650E+00   2.4100902162E+00   1.8901095449E-03   2.3921925463E+00   2.4506700303E+00   2.1145556567E-03   2.2453300905E+00   2.4009633404E+00   1.5362319677E-03   3.4425101394E-04
   1  -159   0    0  -5.8350882408E-01   8.0003923634E+00   2.1327113555E-04   2.0184283251E+00   2.3855338924E+00   1.2163614304E-04   2.0996449464E+00   2.3554348593E+00   5.7069268727E-04   2.2302767108E+00   2.3933145326E+00   1.6237836912E-03   2.2865105707E+00   2.4104910910E+00   1.8898296703E-03   2.3927476068E+00   2.4512085428E+00   2.1149426703E-03   2.2458844653E+00   2.4013557175E+00   1.5355527253E-03   3.4428287008E-04
   1  -160   0    0  -5.9338076695E-01   8.0012165256E+00   2.1275596334E-04   2.0178331006E+00   2.3857681943E+00   1.2017157289E-04   2.0990990278E+00   2.3557354955E+00   5.6975979421E-04   2.2301329564E+00   2.3936121372E+00   1.6227519609E-03   2.2871555199E+00   2.4108926778E+00   1.8895494397E-03   2.3933033323E+00   2.4517476994E+00   2.1153294490E-03   2.2464382363E+00   2.4017487977E+00   1.5348731271E-03   3.4431478575E-04
   1  -161   0    0  -6.0325246707E-01   8.0020429410E+00   2.1224222086E-04   2.0172360721E+00   2.3860039938E+00   1.1870905082E-04   2.0985552364E+00   2.3560374656E+00   5.6882842746E-04   2.2299889294E+00   2.3939110792E+00   1.6217219282E-03   2.2878015229E+00   2.4112948670E+00   1.8892689256E-03   2.3938595745E+00   2.4522873563E+00   2.1157158977E-03   2.2469912373E+00   2.4021424738E+00   1.5341933456E-03   3.4434675222E-04
   1  -162   0    0  -6.1312399494E-01   8.0028713620E+00   2.1173003227E-04   2.0166373716E+00   2.3862412157E+00   1.1724893848E-04   2.0980137516E+00   2.3563406786E+00   5.6789881462E-04   2.2298446427E+00   2.3942112680E+00   1.6206938409E-03   2.2884483893E+00   2.4116975485E+00   1.8889882011E-03   2.3944161849E+00   2.4528273692E+00   2.1161019213E-03   2.2475433036E+00   2.4025366378E+00   1.5335135542E-03   3.4437876074E-04
   1  -163   0    0  -6.2299542126E-01   8.0037015398E+00   2.1121952061E-04   2.0160371338E+00   2.3864797836E+00   1.1579159634E-04   2.0974747485E+00   2.3566450420E+00   5.6697118232E-04   2.2297001098E+00   2.3945126118E+00   1.6196679457E-03   2.2890959282E+00   2.4121006119E+00   1.8887073399E-03   2.3949730141E+00   2.4533675933E+00   2.1164874249E-03   2.2480942718E+00   2.4029311814E+00   1.5328339267E-03   3.4441080249E-04
   1  -164   0    0  -6.3286681679E-01   8.0045332239E+00   2.1071080772E-04   2.0154354964E+00   2.3867196200E+00   1.1433738350E-04   2.0969383981E+00   2.3569504625E+00   5.6604575617E-04   2.2295553460E+00   2.3948150181E+00   1.6186444884E-03   2.2897439489E+00   2.4125039463E+00   1.8884264157E-03   2.3955299126E+00   2.4539078834E+00   2.1168723134E-03   2.2486439804E+00   2.4033259958E+00   1.5321546371E-03   3.4444286863E-04
   1  -165   0    0  -6.4273825229E-01   8.0053661632E+00   2.1020401421E-04   2.0148325996E+00   2.3869606464E+00   1.1288665747E-04   2.0964048665E+00   2.3572568460E+00   5.6512276053E-04   2.2294103673E+00   2.3951183931E+00   1.6176237133E-03   2.2903922602E+00   2.4129074404E+00   1.8881455029E-03   2.3960867305E+00   2.4544480942E+00   2.1172564923E-03   2.2491922695E+00   2.4037209721E+00   1.5314758603E-03   3.4447495028E-04
   1  -166   0    0  -6.5260979833E-01   8.0062001054E+00   2.0969925935E-04   2.0142285863E+00   2.3872027832E+00   1.1143977392E-04   2.0958743153E+00   2.3575640975E+00   5.6420241847E-04   2.2292651912E+00   2.3954226426E+00   1.6166058636E-03   2.2910406714E+00   2.4133109830E+00   1.8878646758E-03   2.3966433179E+00   2.4549880801E+00   2.1176398671E-03   2.2497389812E+00   2.4041160009E+00   1.5307977708E-03   3.4450703855E-04
   1  -167   0    0  -6.6248152523E-01   8.0070347979E+00   2.0919666100E-04   2.0136236019E+00   2.3874459502E+00   1.0999708644E-04   2.0953469009E+00   2.3578721212E+00   5.6328495153E-04   2.2291198366E+00   2.3957276715E+00   1.6155911806E-03   2.2916889922E+00   2.4137144624E+00   1.8875840091E-03   2.3971995250E+00   2.4555276957E+00   2.1180223438E-03   2.2502839599E+00   2.4045109732E+00   1.5301205436E-03   3.4453912455E-04
   1  -168   0    0  -6.7235350292E-01   8.0078699877E+00   2.0869633553E-04   2.0130177944E+00   2.3876900661E+00   1.0855894627E-04   2.0948227749E+00   2.3581808210E+00   5.6237057963E-04   2.2289743233E+00   2.3960333840E+00   1.6145799040E-03   2.2923370327E+00   2.4141177674E+00   1.8873035777E-03   2.3977552020E+00   2.4560667958E+00   2.1184038286E-03   2.2508270521E+00   2.4049057795E+00   1.5294443535E-03   3.4457119936E-04
   1  -169   0    0  -6.8222580082E-01   8.0087054218E+00   2.0819839774E-04   2.0124113139E+00   2.3879350493E+00   1.0712570205E-04   2.0943020838E+00   2.3584901000E+00   5.6145952084E-04   2.2288286726E+00   2.3963396842E+00   1.6135722716E-03   2.2929846039E+00   2.4145207865E+00   1.8870234566E-03   2.3983101994E+00   2.4566052352E+00   2.1187842283E-03   2.2513681067E+00   2.4053003108E+00   1.5287693750E-03   3.4460325409E-04
   1  -170   0    0  -6.9209848772E-01   8.0095408477E+00   2.0770296077E-04   2.0118043126E+00   2.3881808174E+00   1.0569769955E-04   2.0937849686E+00   2.3587998611E+00   5.6055199128E-04   2.2286829070E+00   2.3966464754E+00   1.6125685190E-03   2.2936315177E+00   2.4149234088E+00   1.8867437206E-03   2.3988643683E+00   2.4571428695E+00   2.1191634503E-03   2.2519069753E+00   2.4056944583E+00   1.5280957825E-03   3.4463527984E-04
   1  -171   0    0  -7.0197163168E-01   8.0103760130E+00   2.0721013603E-04   2.0111969451E+00   2.3884272876E+00   1.0427528134E-04   2.0932715651E+00   2.3591100070E+00   5.5964820491E-04   2.2285370501E+00   2.3969536609E+00   1.6115688797E-03   2.2942775872E+00   2.4153255234E+00   1.8864644447E-03   2.3994175602E+00   2.4576795547E+00   2.1195414023E-03   2.2524435119E+00   2.4060881133E+00   1.5274237496E-03   3.4466726776E-04
   1  -172   0    0  -7.1184529991E-01   8.0112106667E+00   2.0672003308E-04   2.0105893675E+00   2.3886743766E+00   1.0285878654E-04   2.0927620038E+00   2.3594204400E+00   5.5874837332E-04   2.2283911269E+00   2.3972611437E+00   1.6105735845E-03   2.2949226268E+00   2.4157270202E+00   1.8861857036E-03   2.3999696275E+00   2.4582151473E+00   2.1199179931E-03   2.2529775735E+00   2.4064811678E+00   1.5267534495E-03   3.4469920902E-04
   1  -173   0    0  -7.2171955864E-01   8.0120445582E+00   2.0623275957E-04   2.0099817378E+00   2.3889220009E+00   1.0144855050E-04   2.0922564096E+00   2.3597310624E+00   5.5785270561E-04   2.2282451635E+00   2.3975688267E+00   1.6095828618E-03   2.2955664522E+00   2.4161277892E+00   1.8859075718E-03   2.4005204232E+00   2.4587495050E+00   2.1202931320E-03   2.2535090200E+00   2.4068735142E+00   1.5260850543E-03   3.4473109481E-04
   1  -174   0    0  -7.3159447305E-01   8.0128774388E+00   2.0574842114E-04   2.0093742155E+00   2.3891700769E+00   1.0004490447E-04   2.0917549019E+00   2.3600417767E+00   5.5696140814E-04   2.2280991870E+00   2.3978766128E+00   1.6085969369E-03   2.2962088812E+00   2.4165277216E+00   1.8856301238E-03   2.4010698015E+00   2.4592824862E+00   2.1206667293E-03   2.2540377143E+00   2.4072650457E+00   1.5254187353E-03   3.4476291641E-04
   1  -175   0    0  -7.4147010713E-01   8.0137090610E+00   2.0526712131E-04   2.0087669614E+00   2.3894185206E+00   9.8648175325E-05   2.0912575944E+00   2.3603524853E+00   5.5607468437E-04   2.2279532258E+00   2.3981844054E+00   1.6076160320E-03   2.2968497331E+00   2.4169267090E+00   1.8853534333E-03   2.4016176177E+00   2.4598139505E+00   2.1210386961E-03   2.2545635224E+00   2.4076556562E+00   1.5247546625E-03   3.4479466512E-04
   1  -176   0    0  -7.5134652360E-01   8.0145391794E+00   2.0478896141E-04   2.0081601374E+00   2.3896672482E+00   9.7258685199E-05   2.0907645957E+00   2.3606630911E+00   5.5519273466E-04   2.2278073092E+00   2.3984921076E+00   1.6066403662E-03   2.2974888293E+00   2.4173246441E+00   1.8850775740E-03   2.4021637284E+00   2.4603437588E+00   2.1214089448E-03   2.2550863135E+00   2.4080452403E+00   1.5240930048E-03   3.4482633234E-04
   1  -177   0    0  -7.6122378380E-01   8.0153675506E+00   2.0431404048E-04   2.0075539066E+00   2.3899161760E+00   9.5876751192E-05   2.0902760083E+00   2.3609734972E+00   5.5431575607E-04   2.2276614676E+00   2.3987996234E+00   1.6056701550E-03   2.2981259935E+00   2.4177214203E+00   1.8848026188E-03   2.4027079916E+00   2.4608717734E+00   2.1217773886E-03   2.2556059603E+00   2.4084336938E+00   1.5234339290E-03   3.4485790950E-04
   1  -178   0    0  -7.7110194757E-01   8.0161939336E+00   2.0384245516E-04   2.0069484325E+00   2.3901652205E+00   9.4502685038E-05   2.0897919296E+00   2.3612836073E+00   5.5344394215E-04   2.2275157322E+00   2.3991068568E+00   1.6047056100E-03   2.2987610516E+00   2.4181169324E+00   1.8845286401E-03   2.4032502671E+00   2.4613978581E+00   2.1221439422E-03   2.2561223387E+00   2.4088209136E+00   1.5227776008E-03   3.4488938817E-04
   1  -179   0    0  -7.8098107320E-01   8.0170180900E+00   2.0337429965E-04   2.0063438792E+00   2.3904142982E+00   9.3136792778E-05   2.0893124512E+00   2.3615933254E+00   5.5257748275E-04   2.2273701350E+00   2.3994137126E+00   1.6037469392E-03   2.2993938323E+00   2.4185110764E+00   1.8842557097E-03   2.4037904160E+00   2.4619218785E+00   2.1225085215E-03   2.2566353285E+00   2.4092067977E+00   1.5221241837E-03   3.4492075998E-04
   1  -180   0    0  -7.9086121731E-01   8.0178397843E+00   2.0290966555E-04   2.0057404112E+00   2.3906633262E+00   9.1779374441E-05   2.0888376592E+00   2.3619025566E+00   5.5171656383E-04   2.2272247090E+00   2.3997200963E+00   1.6027943460E-03   2.3000241667E+00   2.4189037495E+00   1.8839838984E-03   2.4043283018E+00   2.4624437018E+00   2.1228710438E-03   2.2571448127E+00   2.4095912453E+00   1.5214738389E-03   3.4495201666E-04
   1  -181   0    0  -8.0074243480E-01   8.0186587840E+00   2.0244864184E-04   2.0051381929E+00   2.3909122221E+00   9.0430723725E-05   2.0883676344E+00   2.3622112063E+00   5.5086136727E-04   2.2270794879E+00   2.4000259141E+00   1.6018480299E-03   2.3006518889E+00   2.4192948502E+00   1.8837132763E-03   2.4048637895E+00   2.4629631973E+00   2.1232314279E-03   2.2576506781E+00   2.4099741572E+00   1.5208267256E-03   3.4498315006E-04
   1  -182   0    0  -8.1062477870E-01   8.0194748600E+00   2.0199131475E-04   2.0045373885E+00   2.3911609039E+00   8.9091127685E-05   2.0879024522E+00   2.3625191813E+00   5.5001207067E-04   2.2269345058E+00   2.4003310731E+00   1.6009081856E-03   2.3012768359E+00   2.4196842788E+00   1.8834439127E-03   2.4053967468E+00   2.4634802364E+00   2.1235895941E-03   2.2581528153E+00   2.4103554357E+00   1.5201830006E-03   3.4501415215E-04
   1  -183   0    0  -8.2050830018E-01   8.0202877869E+00   2.0153776771E-04   2.0039381619E+00   2.3914092904E+00   8.7760866423E-05   2.0874421825E+00   2.3628263890E+00   5.4916884715E-04   2.2267897977E+00   2.4006354814E+00   1.5999750029E-03   2.3018988478E+00   2.4200719372E+00   1.8831758756E-03   2.4059270431E+00   2.4639946928E+00   2.1239454645E-03   2.2586511188E+00   2.4107349844E+00   1.5195428176E-03   3.4504501504E-04
   1  -184   0    0  -8.3039304843E-01   8.0210973429E+00   2.0108808125E-04   2.0033406762E+00   2.3916573009E+00   8.6440212791E-05   2.0869868900E+00   2.3631327380E+00   5.4833186519E-04   2.2266453988E+00   2.4009390482E+00   1.5990486668E-03   2.3025177680E+00   2.4204577287E+00   1.8829092320E-03   2.4064545508E+00   2.4645064424E+00   2.1242989629E-03   2.2591454867E+00   2.4111127089E+00   1.5189063279E-03   3.4507573094E-04
   1  -185   0    0  -8.4027907059E-01   8.0219033103E+00   2.0064233294E-04   2.0027450936E+00   2.3919048556E+00   8.5129432108E-05   2.0865366343E+00   2.3634381382E+00   5.4750128846E-04   2.2265013448E+00   2.4012416837E+00   1.5981293571E-03   2.3031334434E+00   2.4208415587E+00   1.8826440479E-03   2.4069791444E+00   2.4650153637E+00   2.1246500149E-03   2.2596358212E+00   2.4114885165E+00   1.5182736797E-03   3.4510629224E-04
   1  -186   0    0  -8.5016641173E-01   8.0227054756E+00   2.0020059732E-04   2.0021515752E+00   2.3921518759E+00   8.3828781872E-05   2.0860914697E+00   2.3637425006E+00   5.4667727562E-04   2.2263576718E+00   2.4015432997E+00   1.5972172482E-03   2.3037457243E+00   2.4212233346E+00   1.8823803877E-03   2.4075007014E+00   2.4655213378E+00   2.1249985482E-03   2.2601220285E+00   2.4118623163E+00   1.5176450177E-03   3.4513669146E-04
   1  -187   0    0  -8.6005511477E-01   8.0235036298E+00   1.9976294583E-04   2.0015602807E+00   2.3923982837E+00   8.2538511509E-05   2.0856514458E+00   2.3640457378E+00   5.4585998019E-04   2.2262144162E+00   2.4018438091E+00   1.5963125090E-03   2.3043544647E+00   2.4216029655E+00   1.8821183148E-03   2.4080191020E+00   2.4660242484E+00   2.1253444922E-03   2.2606040186E+00   2.4122340195E+00   1.5170204836E-03   3.4516692128E-04
   1  -188   0    0  -8.6994522042E-01   8.0242975683E+00   1.9932944676E-04   2.0009713682E+00   2.3926440024E+00   8.1258862109E-05   2.0852166070E+00   2.3643477636E+00   5.4504955040E-04   2.2260716142E+00   2.4021431264E+00   1.5954153027E-03   2.3049595223E+00   2.4219803629E+00   1.8818578909E-03   2.4085342293E+00   2.4665239821E+00   2.1256877786E-03   2.2610817056E+00   2.4126035392E+00   1.5164002155E-03   3.4519697457E-04
   1  -189   0    0  -8.7983676718E-01   8.0250870916E+00   1.9890016519E-04   2.0003849938E+00   2.3928889562E+00   7.9990066204E-05   2.0847869930E+00   2.3646484937E+00   5.4424612902E-04   2.2259293025E+00   2.4024411675E+00   1.5945257866E-03   2.3055607587E+00   2.4223554401E+00   1.8815991763E-03   2.4090459694E+00   2.4670204286E+00   2.1260283413E-03   2.2615550078E+00   2.4129707906E+00   1.5157843477E-03   3.4522684433E-04
   1  -190   0    0  -8.8972979126E-01   8.0258720050E+00   1.9847516296E-04   1.9998013117E+00   2.3931330708E+00   7.8732347538E-05   2.0843626388E+00   2.3649478451E+00   5.4344985325E-04   2.2257875175E+00   2.4027378501E+00   1.5936441119E-03   2.3061580394E+00   2.4227281130E+00   1.8813422299E-03   2.4095542116E+00   2.4675134805E+00   2.1263661161E-03   2.2620238474E+00   2.4133356914E+00   1.5151730107E-03   3.4525652377E-04
   1  -191   0    0  -8.9962432658E-01   8.0266521188E+00   1.9805449858E-04   1.9992204737E+00   2.3933762730E+00   7.7485920873E-05   2.0839435747E+00   2.3652457367E+00   5.4266085460E-04   2.2256462956E+00   2.4030330936E+00   1.5927704239E-03   2.3067512341E+00   2.4230982997E+00   1.8810871088E-03   2.4100588485E+00   2.4680030336E+00   2.1267010415E-03   2.2624881507E+00   2.4136981612E+00   1.5145663312E-03   3.4528600628E-04
   1  -192   0    0  -9.0952040476E-01   8.0274272488E+00   1.9763822728E-04   1.9986426291E+00   2.3936184912E+00   7.6250991802E-05   2.0835298268E+00   2.3655420891E+00   5.4187925877E-04   2.2255056732E+00   2.4033268189E+00   1.5919048615E-03   2.3073402165E+00   2.4234659205E+00   1.8808338685E-03   2.4105597759E+00   2.4684889868E+00   2.1270330579E-03   2.2629478482E+00   2.4140581221E+00   1.5139644317E-03   3.4531528544E-04
   1  -193   0    0  -9.1941805505E-01   8.0281972162E+00   1.9722640089E-04   1.9980679244E+00   2.3938596550E+00   7.5027756587E-05   2.0831214166E+00   2.3658368250E+00   5.4110518558E-04   2.2253656862E+00   2.4036189492E+00   1.5910475571E-03   2.3079248647E+00   2.4238308985E+00   1.8805825626E-03   2.4110568930E+00   2.4689712425E+00   2.1273621085E-03   2.2634028742E+00   2.4144154987E+00   1.5133674303E-03   3.4534435502E-04
   1  -194   0    0  -9.2931730439E-01   8.0289618477E+00   1.9681906790E-04   1.9974965033E+00   2.3940996956E+00   7.3816402013E-05   2.0827183615E+00   2.3661298687E+00   5.4033874883E-04   2.2252263702E+00   2.4039094092E+00   1.5901986368E-03   2.3085050608E+00   2.4241931591E+00   1.8803332431E-03   2.4115501027E+00   2.4694497063E+00   2.1276881387E-03   2.2638531675E+00   2.4147702179E+00   1.5127754411E-03   3.4537320900E-04
   1  -195   0    0  -9.3921817735E-01   8.0297209756E+00   1.9641627338E-04   1.9969285063E+00   2.3943385460E+00   7.2617105262E-05   2.0823206746E+00   2.3664211469E+00   5.3958005629E-04   2.2250877606E+00   2.4041981260E+00   1.5893582200E-03   2.3090806915E+00   2.4245526302E+00   1.8800859600E-03   2.4120393112E+00   2.4699242875E+00   2.1280110963E-03   2.2642986706E+00   2.4151222092E+00   1.5121885735E-03   3.4540184156E-04
   1  -196   0    0  -9.4912069617E-01   8.0304744382E+00   1.9601805900E-04   1.9963640705E+00   2.3945761404E+00   7.1430033811E-05   2.0819283654E+00   2.3667105880E+00   5.3882920961E-04   2.2249498922E+00   2.4044850284E+00   1.5885264197E-03   2.3096516478E+00   2.4249092424E+00   1.8798407616E-03   2.4125244287E+00   2.4703948987E+00   2.1283309319E-03   2.2647393302E+00   2.4154714046E+00   1.5116069326E-03   3.4543024708E-04
   1  -197   0    0  -9.5902488074E-01   8.0312220795E+00   1.9562446305E-04   1.9958033298E+00   2.3948124151E+00   7.0255345347E-05   2.0815414393E+00   2.3669981227E+00   5.3808630425E-04   2.2248127991E+00   2.4047700475E+00   1.5877033420E-03   2.3102178253E+00   2.4252629291E+00   1.8795976941E-03   2.4130053686E+00   2.4708614563E+00   2.1286475985E-03   2.2651750970E+00   2.4158177388E+00   1.5110306187E-03   3.4545842018E-04
   1  -198   0    0  -9.6893074863E-01   8.0319637497E+00   1.9523552040E-04   1.9952464141E+00   2.3950473078E+00   6.9093187705E-05   2.0811598980E+00   2.3672836839E+00   5.3735142950E-04   2.2246765152E+00   2.4050531166E+00   1.5868890862E-03   2.3107791239E+00   2.4256136262E+00   1.8793568018E-03   2.4134820484E+00   2.4713238801E+00   2.1289610516E-03   2.2656059256E+00   2.4161611490E+00   1.5104597275E-03   3.4548635567E-04
   1  -199   0    0  -9.7883831514E-01   8.0326993047E+00   1.9485126254E-04   1.9946934499E+00   2.3952807582E+00   6.7943698825E-05   2.0807837396E+00   2.3675672068E+00   5.3662466840E-04   2.2245410733E+00   2.4053341711E+00   1.5860837452E-03   2.3113354482E+00   2.4259612724E+00   1.8791181268E-03   2.4139543894E+00   2.4717820937E+00   2.1292712493E-03   2.2660317748E+00   2.4165015752E+00   1.5098943499E-03   3.4551404861E-04
   1  -200   0    0  -9.8874759326E-01   8.0334286069E+00   1.9447171761E-04   1.9941445595E+00   2.3955127079E+00   6.6807006731E-05   2.0804129588E+00   2.3678486285E+00   5.3590609780E-04   2.2244065059E+00   2.4056131486E+00   1.5852874046E-03   2.3118867073E+00   2.4263058091E+00   1.8788817095E-03   2.4144223165E+00   2.4722360244E+00   2.1295781525E-03   2.2664526069E+00   2.4168389601E+00   1.5093345721E-03   3.4554149424E-04
   1  -201   0    0  -9.9865859376E-01   8.0341515246E+00   1.9409691039E-04   1.9935998611E+00   2.3957431001E+00   6.5683229530E-05   2.0800475471E+00   2.3681278889E+00   5.3519578829E-04   2.2242728443E+00   2.4058899891E+00   1.5845001438E-03   2.3124328148E+00   2.4266471807E+00   1.8786475881E-03   2.4148857585E+00   2.4726856033E+00   2.1298817247E-03   2.2668683885E+00   2.4171732490E+00   1.5087804755E-03   3.4556868807E-04
   1  -202  -4    7  -9.9999989784E-01   8.0342488535E+00   1.9404655607E-04   1.9935264801E+00   2.3957741544E+00   6.5532156444E-05   2.0799985109E+00   2.3681655096E+00   5.3510030633E-04   2.2242548283E+00   2.4059272843E+00   1.5843943119E-03   2.3125063146E+00   2.4266931296E+00   1.8786160848E-03   2.4149481240E+00   2.4727461031E+00   2.1299225467E-03   2.2669242631E+00   2.4172182448E+00   1.5087059350E-03   3.4557234840E-04
