   
   1    -1   0    0   9.9999999788E-01   7.9408266695E+00   2.5537355390E-04   2.0590069814E+00   2.3703639548E+00   2.0695802321E-04   2.1416589276E+00   2.3351047290E+00   6.2586057752E-04   2.2406963506E+00   2.3731884374E+00   1.6856686055E-03   2.2394866504E+00   2.3807203799E+00   1.9051913283E-03   2.3529107338E+00   2.4125385399E+00   2.0918518204E-03   2.2000320855E+00   2.3720489849E+00   1.5733336767E-03   3.4199085546E-04
   1    -2   0    0   9.8000129857E-01   7.9409561766E+00   2.5529263392E-04   2.0589397437E+00   2.3703974837E+00   2.0695713480E-04   2.1415883182E+00   2.3351469957E+00   6.2585727898E-04   2.2406833231E+00   2.3732305266E+00   1.6856597213E-03   2.2395824272E+00   2.3807808217E+00   1.9051895122E-03   2.3529808606E+00   2.4126067209E+00   2.0918583824E-03   2.2001402270E+00   2.3721094303E+00   1.5733321769E-03   3.4199517102E-04
   1    -3   0    0   9.7000199403E-01   7.9410231466E+00   2.5525081217E-04   2.0589049835E+00   2.3704148313E+00   2.0695667556E-04   2.1415518017E+00   2.3351688592E+00   6.2585557393E-04   2.2406765851E+00   2.3732522984E+00   1.6856551290E-03   2.2396319574E+00   2.3808120772E+00   1.9051885732E-03   2.3530171223E+00   2.4126419765E+00   2.0918617746E-03   2.2001961144E+00   2.3721406877E+00   1.5733314015E-03   3.4199740271E-04
   1    -4   0    0   9.6000272136E-01   7.9410916380E+00   2.5520805676E-04   2.0588694403E+00   2.3704325795E+00   2.0695620603E-04   2.1415144534E+00   2.3351912242E+00   6.2585383061E-04   2.2406696930E+00   2.3732745695E+00   1.6856504336E-03   2.2396826146E+00   2.3808440430E+00   1.9051876132E-03   2.3530542065E+00   2.4126780318E+00   2.0918652430E-03   2.2002532474E+00   2.3721726554E+00   1.5733306087E-03   3.4199968514E-04
   1    -5   0    0   9.5000348202E-01   7.9411616842E+00   2.5516434783E-04   2.0588330971E+00   2.3704507374E+00   2.0695572596E-04   2.1414762547E+00   2.3352141019E+00   6.2585204822E-04   2.2406626435E+00   2.3732973513E+00   1.6856456330E-03   2.2397344235E+00   2.3808767345E+00   1.9051866314E-03   2.3530921312E+00   2.4127149041E+00   2.0918687893E-03   2.2003116524E+00   2.3722053488E+00   1.5733297980E-03   3.4200201943E-04
   1    -6   0    0   9.4000427749E-01   7.9412333195E+00   2.5511966518E-04   2.0587959365E+00   2.3704693144E+00   2.0695523515E-04   2.1414371869E+00   2.3352375038E+00   6.2585022590E-04   2.2406554330E+00   2.3733206551E+00   1.6856407248E-03   2.2397874098E+00   2.3809101678E+00   1.9051856276E-03   2.3531309148E+00   2.4127526116E+00   2.0918724152E-03   2.2003713564E+00   2.3722387842E+00   1.5733289690E-03   3.4200440672E-04
   1    -7   0    0   9.3000510935E-01   7.9413065790E+00   2.5507398821E-04   2.0587579410E+00   2.3704883201E+00   2.0695473335E-04   2.1413972307E+00   2.3352614417E+00   6.2584836281E-04   2.2406480580E+00   2.3733444927E+00   1.6856357068E-03   2.2398415995E+00   2.3809443593E+00   1.9051846013E-03   2.3531705762E+00   2.4127911726E+00   2.0918761224E-03   2.2004323869E+00   2.3722729777E+00   1.5733281214E-03   3.4200684817E-04
   1    -8   0    0   9.2000597923E-01   7.9413814982E+00   2.5502729597E-04   2.0587190924E+00   2.3705077641E+00   2.0695422033E-04   2.1413563663E+00   2.3352859276E+00   6.2584645807E-04   2.2406405148E+00   2.3733688761E+00   1.6856305767E-03   2.2398970189E+00   2.3809793255E+00   1.9051835518E-03   2.3532111346E+00   2.4128306055E+00   2.0918799126E-03   2.2004947718E+00   2.3723079460E+00   1.5733272547E-03   3.4200934498E-04
   1    -9   0    0   9.1000688882E-01   7.9414581135E+00   2.5497956709E-04   2.0586793725E+00   2.3705276564E+00   2.0695369586E-04   2.1413145738E+00   2.3353109737E+00   6.2584451080E-04   2.2406327998E+00   2.3733938174E+00   1.6856253320E-03   2.2399536952E+00   2.3810150835E+00   1.9051824788E-03   2.3532526094E+00   2.4128709296E+00   2.0918837876E-03   2.2005585397E+00   2.3723437061E+00   1.5733263686E-03   3.4201189837E-04
   1   -10   0    0   9.0000783991E-01   7.9415364622E+00   2.5493077983E-04   2.0586387625E+00   2.3705480073E+00   2.0695315969E-04   2.1412718327E+00   2.3353365927E+00   6.2584252009E-04   2.2406249091E+00   2.3734193293E+00   1.6856199703E-03   2.2400116559E+00   2.3810516505E+00   1.9051813817E-03   2.3532950208E+00   2.4129121642E+00   2.0918877492E-03   2.2006237195E+00   2.3723802753E+00   1.5733254627E-03   3.4201450957E-04
   1   -11   0    0   8.9000883435E-01   7.9416165821E+00   2.5488091205E-04   2.0585972432E+00   2.3705688271E+00   2.0695261158E-04   2.1412281221E+00   2.3353627972E+00   6.2584048503E-04   2.2406168388E+00   2.3734454243E+00   1.6856144891E-03   2.2400709293E+00   2.3810890444E+00   1.9051802601E-03   2.3533383891E+00   2.4129543292E+00   2.0918917993E-03   2.2006903409E+00   2.3724176714E+00   1.5733245364E-03   3.4201717984E-04
   1   -12   0    0   8.8000987409E-01   7.9416985118E+00   2.5482994122E-04   2.0585547953E+00   2.3705901264E+00   2.0695205126E-04   2.1411834206E+00   2.3353896005E+00   6.2583840468E-04   2.2406085850E+00   2.3734721156E+00   1.6856088860E-03   2.2401315441E+00   2.3811272830E+00   1.9051791133E-03   2.3533827351E+00   2.4129974447E+00   2.0918959397E-03   2.2007584339E+00   2.3724559123E+00   1.5733235894E-03   3.4201991048E-04
   1   -13   0    0   8.7001096112E-01   7.9417822907E+00   2.5477784439E-04   2.0585113990E+00   2.3706119161E+00   2.0695147849E-04   2.1411377066E+00   2.3354170157E+00   6.2583627808E-04   2.2406001437E+00   2.3734994163E+00   1.6856031583E-03   2.2401935297E+00   2.3811663848E+00   1.9051779409E-03   2.3534280799E+00   2.4130415314E+00   2.0919001723E-03   2.2008280292E+00   2.3724950164E+00   1.5733226212E-03   3.4202270281E-04
   1   -14   0    0   8.6001209758E-01   7.9418679591E+00   2.5472459823E-04   2.0584670339E+00   2.3706342073E+00   2.0695089301E-04   2.1410909577E+00   2.3354450565E+00   6.2583410426E-04   2.2405915108E+00   2.3735273401E+00   1.6855973034E-03   2.2402569158E+00   2.3812063685E+00   1.9051767424E-03   2.3534744452E+00   2.4130866102E+00   2.0919044992E-03   2.2008991581E+00   2.3725350025E+00   1.5733216314E-03   3.4202555817E-04
   1   -15   0    0   8.5001328563E-01   7.9419555580E+00   2.5467017898E-04   2.0584216796E+00   2.3706570114E+00   2.0695029453E-04   2.1410431514E+00   2.3354737369E+00   6.2583188223E-04   2.2405826820E+00   2.3735559009E+00   1.6855913187E-03   2.2403217330E+00   2.3812472533E+00   1.9051755170E-03   2.3535218530E+00   2.4131327026E+00   2.0919089222E-03   2.2009718522E+00   2.3725758898E+00   1.5733206195E-03   3.4202847792E-04
   1   -16   0    0   8.4001452759E-01   7.9420451292E+00   2.5461456247E-04   2.0583753150E+00   2.3706803399E+00   2.0694968280E-04   2.1409942645E+00   2.3355030709E+00   6.2582961099E-04   2.2405736531E+00   2.3735851127E+00   1.6855852014E-03   2.2403880125E+00   2.3812890587E+00   1.9051742644E-03   2.3535703258E+00   2.4131798304E+00   2.0919134434E-03   2.2010461440E+00   2.3726176977E+00   1.5733195851E-03   3.4203146346E-04
   1   -17   0    0   8.3001582584E-01   7.9421367153E+00   2.5455772413E-04   2.0583279188E+00   2.3707042046E+00   2.0694905754E-04   2.1409442735E+00   2.3355330732E+00   6.2582728950E-04   2.2405644197E+00   2.3736149900E+00   1.6855789488E-03   2.2404557859E+00   2.3813318046E+00   1.9051729839E-03   2.3536198864E+00   2.4132280158E+00   2.0919180649E-03   2.2011220663E+00   2.3726604461E+00   1.5733185276E-03   3.4203451622E-04
   1   -18   0    0   8.2001718286E-01   7.9422303598E+00   2.5449963895E-04   2.0582794692E+00   2.3707286176E+00   2.0694841847E-04   2.1408931543E+00   2.3355637583E+00   6.2582491672E-04   2.2405549774E+00   2.3736455475E+00   1.6855725580E-03   2.2405250856E+00   2.3813755112E+00   1.9051716749E-03   2.3536705581E+00   2.4132772816E+00   2.0919227887E-03   2.2011996527E+00   2.3727041553E+00   1.5733174466E-03   3.4203763765E-04
   1   -19   0    0   8.1001860126E-01   7.9423261069E+00   2.5444028151E-04   2.0582299440E+00   2.3707535913E+00   2.0694776529E-04   2.1408408824E+00   2.3355951416E+00   6.2582249159E-04   2.2405453217E+00   2.3736768002E+00   1.6855660263E-03   2.2405959446E+00   2.3814201992E+00   1.9051703368E-03   2.3537223648E+00   2.4133276509E+00   2.0919276170E-03   2.2012789371E+00   2.3727488459E+00   1.5733163416E-03   3.4204082922E-04
   1   -20   0    0   8.0002008374E-01   7.9424240020E+00   2.5437962597E-04   2.0581793207E+00   2.3707791383E+00   2.0694709773E-04   2.1407874328E+00   2.3356272382E+00   6.2582001303E-04   2.2405354479E+00   2.3737087634E+00   1.6855593506E-03   2.2406683965E+00   2.3814658896E+00   1.9051689690E-03   2.3537753307E+00   2.4133791471E+00   2.0919325520E-03   2.2013599543E+00   2.3727945391E+00   1.5733152121E-03   3.4204409244E-04
   1   -21   0    0   7.9002163312E-01   7.9425240909E+00   2.5431764605E-04   2.0581275762E+00   2.3708052713E+00   2.0694641547E-04   2.1407327800E+00   2.3356600640E+00   6.2581747994E-04   2.2405253513E+00   2.3737414528E+00   1.6855525281E-03   2.2407424755E+00   2.3815126040E+00   1.9051675710E-03   2.3538294804E+00   2.4134317944E+00   2.0919375958E-03   2.2014427394E+00   2.3728412562E+00   1.5733140576E-03   3.4204742886E-04
   1   -22   0    0   7.8002325233E-01   7.9426264205E+00   2.5425431507E-04   2.0580746872E+00   2.3708320036E+00   2.0694571823E-04   2.1406768980E+00   2.3356936349E+00   6.2581489120E-04   2.2405150272E+00   2.3737748844E+00   1.6855455557E-03   2.2408182166E+00   2.3815603641E+00   1.9051661420E-03   2.3538848392E+00   2.4134856171E+00   2.0919427508E-03   2.2015273284E+00   2.3728890192E+00   1.5733128775E-03   3.4205084003E-04
   1   -23   0    0   7.7002494446E-01   7.9427310388E+00   2.5418960588E-04   2.0580206297E+00   2.3708593486E+00   2.0694500570E-04   2.1406197603E+00   2.3357279674E+00   6.2581224568E-04   2.2405044706E+00   2.3738090745E+00   1.6855384304E-03   2.2408956554E+00   2.3816091923E+00   1.9051646814E-03   2.3539414325E+00   2.4135406402E+00   2.0919480191E-03   2.2016137577E+00   2.3729378504E+00   1.5733116713E-03   3.4205432755E-04
   1   -24   0    0   7.6002671267E-01   7.9428379944E+00   2.5412349093E-04   2.0579653797E+00   2.3708873199E+00   2.0694427756E-04   2.1405613399E+00   2.3357630779E+00   6.2580954221E-04   2.2404936766E+00   2.3738440395E+00   1.6855311489E-03   2.2409748281E+00   2.3816591113E+00   1.9051631886E-03   2.3539992865E+00   2.4135968890E+00   2.0919534031E-03   2.2017020643E+00   2.3729877723E+00   1.5733104385E-03   3.4205789305E-04
   1   -25   0    0   7.5002856031E-01   7.9429473368E+00   2.5405594224E-04   2.0579089123E+00   2.3709159316E+00   2.0694353349E-04   2.1405016092E+00   2.3357989837E+00   6.2580677963E-04   2.2404826401E+00   2.3738797965E+00   1.6855237083E-03   2.2410557718E+00   2.3817101441E+00   1.9051616629E-03   2.3540584277E+00   2.4136543892E+00   2.0919589052E-03   2.2017922859E+00   2.3730388082E+00   1.5733091786E-03   3.4206153819E-04
   1   -26   0    0   7.4003049083E-01   7.9430591166E+00   2.5398693137E-04   2.0578512025E+00   2.3709451978E+00   2.0694277318E-04   2.1404405402E+00   2.3358357019E+00   6.2580395673E-04   2.2404713560E+00   2.3739163628E+00   1.6855161052E-03   2.2411385239E+00   2.3817623144E+00   1.9051601036E-03   2.3541188833E+00   2.4137131674E+00   2.0919645278E-03   2.2018844607E+00   2.3730909816E+00   1.5733078909E-03   3.4206526464E-04
   1   -27   0    0   7.3003250784E-01   7.9431733853E+00   2.5391642947E-04   2.0577922248E+00   2.3709751332E+00   2.0694199630E-04   2.1403781043E+00   2.3358732503E+00   6.2580107231E-04   2.2404598189E+00   2.3739537559E+00   1.6855083364E-03   2.2412231230E+00   2.3818156461E+00   1.9051585101E-03   2.3541806806E+00   2.4137732501E+00   2.0919702733E-03   2.2019786277E+00   2.3731443164E+00   1.5733065750E-03   3.4206907413E-04
   1   -28   0    0   7.2003461510E-01   7.9432901953E+00   2.5384440725E-04   2.0577319530E+00   2.3710057527E+00   2.0694120252E-04   2.1403142723E+00   2.3359116468E+00   6.2579812513E-04   2.2404480236E+00   2.3739919939E+00   1.6855003986E-03   2.2413096079E+00   2.3818701635E+00   1.9051568816E-03   2.3542438478E+00   2.4138346646E+00   2.0919761443E-03   2.2020748264E+00   2.3731988371E+00   1.5733052301E-03   3.4207296841E-04
   1   -29   0    0   7.1003681650E-01   7.9434095998E+00   2.5377083499E-04   2.0576703609E+00   2.3710370712E+00   2.0694039150E-04   2.1402490146E+00   2.3359509100E+00   6.2579511393E-04   2.2404359646E+00   2.3740310949E+00   1.6854922884E-03   2.2413980185E+00   2.3819258916E+00   1.9051552175E-03   2.3543084133E+00   2.4138974386E+00   2.0919821431E-03   2.2021730969E+00   2.3732545685E+00   1.5733038559E-03   3.4207694925E-04
   1   -30   0    0   7.0003911614E-01   7.9435316532E+00   2.5369568254E-04   2.0576074215E+00   2.3710691044E+00   2.0693956289E-04   2.1401823010E+00   2.3359910584E+00   6.2579203745E-04   2.2404236364E+00   2.3740710777E+00   1.6854840023E-03   2.2414883953E+00   2.3819828557E+00   1.9051535169E-03   2.3543744061E+00   2.4139616004E+00   2.0919882724E-03   2.2022734798E+00   2.3733115360E+00   1.5733024515E-03   3.4208101847E-04
   1   -31   0    0   6.9004151824E-01   7.9436564108E+00   2.5361891932E-04   2.0575431075E+00   2.3711018681E+00   2.0693871635E-04   2.1401141005E+00   2.3360321111E+00   6.2578889440E-04   2.2404110332E+00   2.3741119613E+00   1.6854755369E-03   2.2415807795E+00   2.3820410814E+00   1.9051517793E-03   2.3544418558E+00   2.4140271787E+00   2.0919945348E-03   2.2023760168E+00   2.3733697652E+00   1.5733010165E-03   3.4208517791E-04
   1   -32   0    0   6.8004402721E-01   7.9437839288E+00   2.5354051432E-04   2.0574773911E+00   2.3711353782E+00   2.0693785153E-04   2.1400443820E+00   2.3360740877E+00   6.2578568345E-04   2.2403981494E+00   2.3741537650E+00   1.6854668887E-03   2.2416752129E+00   2.3821005950E+00   1.9051500037E-03   2.3545107924E+00   2.4140942025E+00   2.0920009329E-03   2.2024807496E+00   2.3734292823E+00   1.5732995503E-03   3.4208942945E-04
   1   -33   0    0   6.7004664763E-01   7.9439142644E+00   2.5346043610E-04   2.0574102441E+00   2.3711696513E+00   2.0693696806E-04   2.1399731133E+00   2.3361170079E+00   6.2578240329E-04   2.2403849792E+00   2.3741965086E+00   1.6854580540E-03   2.2417717383E+00   2.3821614231E+00   1.9051481895E-03   2.3545812464E+00   2.4141627017E+00   2.0920074694E-03   2.2025877210E+00   2.3734901140E+00   1.5732980521E-03   3.4209377500E-04
   1   -34   0    0   6.6004938429E-01   7.9440474759E+00   2.5337865281E-04   2.0573416378E+00   2.3712047041E+00   2.0693606559E-04   2.1399002622E+00   2.3361608920E+00   6.2577905257E-04   2.2403715165E+00   2.3742402123E+00   1.6854490293E-03   2.2418703991E+00   2.3822235927E+00   1.9051463360E-03   2.3546532488E+00   2.4142327064E+00   2.0920141471E-03   2.2026969743E+00   2.3735522873E+00   1.5732965214E-03   3.4209821651E-04
   1   -35   0    0   6.5005224215E-01   7.9441836225E+00   2.5329513217E-04   2.0572715430E+00   2.3712405537E+00   2.0693514374E-04   2.1398257954E+00   2.3362057604E+00   6.2577562991E-04   2.2403577555E+00   2.3742848964E+00   1.6854398109E-03   2.2419712395E+00   2.3822871315E+00   1.9051444422E-03   2.3547268313E+00   2.4143042472E+00   2.0920209686E-03   2.2028085532E+00   2.3736158299E+00   1.5732949575E-03   3.4210275593E-04
   1   -36   0    0   6.4005522636E-01   7.9443227643E+00   2.5320984151E-04   2.0571999303E+00   2.3712772174E+00   2.0693420215E-04   2.1397496793E+00   2.3362516341E+00   6.2577213392E-04   2.2403436898E+00   2.3743305820E+00   1.6854303949E-03   2.2420743043E+00   2.3823520674E+00   1.9051425075E-03   2.3548020258E+00   2.4143773554E+00   2.0920279368E-03   2.2029225024E+00   2.3736807697E+00   1.5732933598E-03   3.4210739529E-04
   1   -37   0    0   6.3005834230E-01   7.9444649626E+00   2.5312274772E-04   2.0571267693E+00   2.3713147131E+00   2.0693324043E-04   2.1396718796E+00   2.3362985345E+00   6.2576856321E-04   2.2403293134E+00   2.3743772901E+00   1.6854207777E-03   2.2421796394E+00   2.3824184290E+00   1.9051405310E-03   2.3548788650E+00   2.4144520626E+00   2.0920350545E-03   2.2030388670E+00   2.3737471352E+00   1.5732917275E-03   3.4211213663E-04
   1   -38   0    0   6.2006159554E-01   7.9446102797E+00   2.5303381730E-04   2.0570520298E+00   2.3713530587E+00   2.0693225819E-04   2.1395923616E+00   2.3363464832E+00   6.2576491633E-04   2.2403146198E+00   2.3744250425E+00   1.6854109553E-03   2.2422872911E+00   2.3824862451E+00   1.9051385119E-03   2.3549573819E+00   2.4145284010E+00   2.0920423247E-03   2.2031576926E+00   2.3738149554E+00   1.5732900601E-03   3.4211698202E-04
   1   -39   0    0   6.1006499189E-01   7.9447587788E+00   2.5294301637E-04   2.0569756806E+00   2.3713922729E+00   2.0693125506E-04   2.1395110897E+00   2.3363955024E+00   6.2576119186E-04   2.2402996027E+00   2.3744738612E+00   1.6854009240E-03   2.2423973066E+00   2.3825555453E+00   1.9051364494E-03   2.3550376103E+00   2.4146064034E+00   2.0920497501E-03   2.2032790258E+00   2.3738842596E+00   1.5732883569E-03   3.4212193357E-04
   1   -40   0    0   6.0006853737E-01   7.9449105242E+00   2.5285031063E-04   2.0568976904E+00   2.3714323743E+00   2.0693023062E-04   2.1394280278E+00   2.3364456145E+00   6.2575738832E-04   2.2402842555E+00   2.3745237685E+00   1.6853906797E-03   2.2425097340E+00   2.3826263592E+00   1.9051343426E-03   2.3551195843E+00   2.4146861029E+00   2.0920573339E-03   2.2034029135E+00   2.3739550778E+00   1.5732866171E-03   3.4212699342E-04
   1   -41   0    0   5.9007223824E-01   7.9450655811E+00   2.5275566542E-04   2.0568180272E+00   2.3714733820E+00   2.0692918450E-04   2.1393431395E+00   2.3364968425E+00   6.2575350423E-04   2.2402685715E+00   2.3745747874E+00   1.6853802184E-03   2.2426246219E+00   2.3826987174E+00   1.9051321907E-03   2.3552033384E+00   2.4147675333E+00   2.0920650789E-03   2.2035294034E+00   2.3740274402E+00   1.5732848400E-03   3.4213216376E-04
   1   -42   0    0   5.8007610101E-01   7.9452240160E+00   2.5265904571E-04   2.0567366586E+00   2.3715153157E+00   2.0692811628E-04   2.1392563873E+00   2.3365492095E+00   6.2574953810E-04   2.2402525441E+00   2.3746269409E+00   1.6853695362E-03   2.2427420200E+00   2.3827726505E+00   1.9051299928E-03   2.3552889080E+00   2.4148507287E+00   2.0920729882E-03   2.2036585436E+00   2.3741013778E+00   1.5732830250E-03   3.4213744679E-04
   1   -43   0    0   5.7008013242E-01   7.9453858961E+00   2.5256041608E-04   2.0566535519E+00   2.3715581951E+00   2.0692702555E-04   2.1391677335E+00   2.3366027394E+00   6.2574548841E-04   2.2402361663E+00   2.3746802528E+00   1.6853586289E-03   2.2428619785E+00   2.3828481899E+00   1.9051277481E-03   2.3553763288E+00   2.4149357239E+00   2.0920810649E-03   2.2037903829E+00   2.3741769217E+00   1.5732811713E-03   3.4214284475E-04
   1   -44   0    0   5.6008433950E-01   7.9455512899E+00   2.5245974080E-04   2.0565686737E+00   2.3716020405E+00   2.0692591190E-04   2.1390771395E+00   2.3366574562E+00   6.2574135361E-04   2.2402194314E+00   2.3747347470E+00   1.6853474924E-03   2.2429845485E+00   2.3829253674E+00   1.9051254557E-03   2.3554656369E+00   2.4150225541E+00   2.0920893121E-03   2.2039249708E+00   2.3742541037E+00   1.5732792781E-03   3.4214835993E-04
   1   -45   0    0   5.5008872951E-01   7.9457202668E+00   2.5235698375E-04   2.0564819903E+00   2.3716468724E+00   2.0692477491E-04   2.1389845663E+00   2.3367133844E+00   6.2573713217E-04   2.2402023322E+00   2.3747904478E+00   1.6853361225E-03   2.2431097819E+00   2.3830042151E+00   1.9051231146E-03   2.3555568691E+00   2.4151112550E+00   2.0920977329E-03   2.2040623573E+00   2.3743329561E+00   1.5732773448E-03   3.4215399463E-04
   1   -46   0    0   5.4009331000E-01   7.9458928971E+00   2.5225210853E-04   2.0563934675E+00   2.3716927120E+00   2.0692361416E-04   2.1388899742E+00   2.3367705488E+00   6.2573282251E-04   2.2401848615E+00   2.3748473803E+00   1.6853245151E-03   2.2432377312E+00   2.3830847656E+00   1.9051207240E-03   2.3556500627E+00   2.4152018629E+00   2.0921063305E-03   2.2042025929E+00   2.3744135115E+00   1.5732753706E-03   3.4215975121E-04
   1   -47   0    0   5.3009808883E-01   7.9460692523E+00   2.5214507839E-04   2.0563030707E+00   2.3717395803E+00   2.0692242923E-04   2.1387933228E+00   2.3368289749E+00   6.2572842304E-04   2.2401670123E+00   2.3749055694E+00   1.6853126657E-03   2.2433684499E+00   2.3831670523E+00   1.9051182829E-03   2.3557452554E+00   2.4152944144E+00   2.0921151082E-03   2.2043457288E+00   2.3744958030E+00   1.5732733548E-03   3.4216563204E-04
   1   -48   0    0   5.2010307410E-01   7.9462494049E+00   2.5203585629E-04   2.0562107647E+00   2.3717874993E+00   2.0692121967E-04   2.1386945714E+00   2.3368886882E+00   6.2572393217E-04   2.2401487771E+00   2.3749650410E+00   1.6853005702E-03   2.2435019921E+00   2.3832511085E+00   1.9051157904E-03   2.3558424855E+00   2.4153889468E+00   2.0921240691E-03   2.2044918167E+00   2.3745798642E+00   1.5732712965E-03   3.4217163953E-04
   1   -49   0    0   5.1010827424E-01   7.9464334283E+00   2.5192440491E-04   2.0561165142E+00   2.3718364909E+00   2.0691998507E-04   2.1385936782E+00   2.3369497150E+00   6.2571934828E-04   2.2401301485E+00   2.3750258209E+00   1.6852882241E-03   2.2436384127E+00   2.3833369685E+00   1.9051132457E-03   2.3559417918E+00   2.4154854978E+00   2.0921332166E-03   2.2046409089E+00   2.3746657293E+00   1.5732691950E-03   3.4217777613E-04
   1   -50   0    0   5.0011369800E-01   7.9466213971E+00   2.5181068665E-04   2.0560202831E+00   2.3718865777E+00   2.0691872497E-04   2.1384906013E+00   2.3370120817E+00   6.2571466974E-04   2.2401111190E+00   2.3750879357E+00   1.6852756231E-03   2.2437777674E+00   2.3834246666E+00   1.9051106476E-03   2.3560432135E+00   2.4155841056E+00   2.0921425539E-03   2.2047930580E+00   2.3747534326E+00   1.5732670495E-03   3.4218404432E-04
   1   -51   0    0   4.9011935443E-01   7.9468133866E+00   2.5169466368E-04   2.0559220350E+00   2.3719377825E+00   2.0691743893E-04   2.1383852978E+00   2.3370758153E+00   6.2570989491E-04   2.2400916810E+00   2.3751514122E+00   1.6852627627E-03   2.2439201126E+00   2.3835142379E+00   1.9051079954E-03   2.3561467904E+00   2.4156848087E+00   2.0921520844E-03   2.2049483176E+00   2.3748430092E+00   1.5732648592E-03   3.4219044661E-04
   1   -52   0    0   4.8012525289E-01   7.9470094733E+00   2.5157629792E-04   2.0558217332E+00   2.3719901285E+00   2.0691612651E-04   2.1382777245E+00   2.3371409431E+00   6.2570502212E-04   2.2400718268E+00   2.3752162776E+00   1.6852496386E-03   2.2440655055E+00   2.3836057176E+00   1.9051052879E-03   2.3562525627E+00   2.4157876463E+00   2.0921618115E-03   2.2051067413E+00   2.3749344944E+00   1.5732626233E-03   3.4219698553E-04
   1   -53   0    0   4.7013140311E-01   7.9472097345E+00   2.5145555108E-04   2.0557193403E+00   2.3720436392E+00   2.0691478726E-04   2.1381678374E+00   2.3372074928E+00   6.2570004971E-04   2.2400515486E+00   2.3752825596E+00   1.6852362461E-03   2.2442140039E+00   2.3836991417E+00   1.9051025243E-03   2.3563605711E+00   2.4158926579E+00   2.0921717386E-03   2.2052683834E+00   2.3750279240E+00   1.5732603411E-03   3.4220366367E-04
   1   -54   0    0   4.6013781515E-01   7.9474142487E+00   2.5133238469E-04   2.0556148189E+00   2.3720983388E+00   2.0691342073E-04   2.1380555921E+00   2.3372754927E+00   6.2569497600E-04   2.2400308385E+00   2.3753502863E+00   1.6852225807E-03   2.2443656665E+00   2.3837945463E+00   1.9050997035E-03   2.3564708567E+00   2.4159998836E+00   2.0921818691E-03   2.2054332987E+00   2.3751233343E+00   1.5732580116E-03   3.4221048363E-04
   1   -55   0    0   4.5014449941E-01   7.9476230952E+00   2.5120676011E-04   2.0555081309E+00   2.3721542516E+00   2.0691202645E-04   2.1379409435E+00   2.3373449712E+00   6.2568979929E-04   2.2400096886E+00   2.3754194861E+00   1.6852086380E-03   2.2445205525E+00   2.3838919681E+00   1.9050968245E-03   2.3565834611E+00   2.4161093638E+00   2.0921922065E-03   2.2056015425E+00   2.3752207619E+00   1.5732556342E-03   3.4221744804E-04
   1   -56   0    0   4.4015146667E-01   7.9478363541E+00   2.5107863854E-04   2.0553992378E+00   2.3722114023E+00   2.0691060398E-04   2.1378238458E+00   2.3374159573E+00   6.2568451788E-04   2.2399880907E+00   2.3754901878E+00   1.6851944132E-03   2.2446787221E+00   2.3839914443E+00   1.9050938865E-03   2.3566984264E+00   2.4162211393E+00   2.0922027541E-03   2.2057731703E+00   2.3753202439E+00   1.5732532078E-03   3.4222455957E-04
   1   -57   0    0   4.3015872808E-01   7.9480541066E+00   2.5094798109E-04   2.0552881010E+00   2.3722698161E+00   2.0690915284E-04   2.1377042530E+00   2.3374884804E+00   6.2567913005E-04   2.2399660368E+00   2.3755624207E+00   1.6851799019E-03   2.2448402357E+00   2.3840930121E+00   1.9050908882E-03   2.3568157950E+00   2.4163352515E+00   2.0922135156E-03   2.2059482383E+00   2.3754218178E+00   1.5732507318E-03   3.4223182091E-04
   1   -58   0    0   4.2016629514E-01   7.9482764346E+00   2.5081474876E-04   2.0551746811E+00   2.3723295184E+00   2.0690767258E-04   2.1375821182E+00   2.3375625701E+00   6.2567363408E-04   2.2399435187E+00   2.3756362144E+00   1.6851650992E-03   2.2450051549E+00   2.3841967095E+00   1.9050878288E-03   2.3569356099E+00   2.4164517421E+00   2.0922244945E-03   2.2061268029E+00   2.3755255214E+00   1.5732482053E-03   3.4223923479E-04
   1   -59   0    0   4.1017417979E-01   7.9485034210E+00   2.5067890251E-04   2.0550589389E+00   2.3723905352E+00   2.0690616272E-04   2.1374573942E+00   2.3376382565E+00   6.2566802825E-04   2.2399205279E+00   2.3757115989E+00   1.6851500007E-03   2.2451735417E+00   2.3843025748E+00   1.9050847072E-03   2.3570579141E+00   2.4165706530E+00   2.0922356942E-03   2.2063089209E+00   2.3756313929E+00   1.5732456275E-03   3.4224680395E-04
   1   -60   0    0   4.0018239431E-01   7.9487351495E+00   2.5054040323E-04   2.0549408344E+00   2.3724528927E+00   2.0690462281E-04   2.1373300331E+00   2.3377155701E+00   6.2566231082E-04   2.2398970562E+00   2.3757886046E+00   1.6851346016E-03   2.2453454585E+00   2.3844106464E+00   1.9050815223E-03   2.3571827515E+00   2.4166920267E+00   2.0922471184E-03   2.2064946494E+00   2.3757394709E+00   1.5732429974E-03   3.4225453118E-04
   1   -61   0    0   3.9019095143E-01   7.9489717046E+00   2.5039921186E-04   2.0548203274E+00   2.3725166175E+00   2.0690305238E-04   2.1371999866E+00   2.3377945418E+00   6.2565648006E-04   2.2398730951E+00   2.3758672623E+00   1.6851188973E-03   2.2455209688E+00   2.3845209634E+00   1.9050782732E-03   2.3573101660E+00   2.4168159061E+00   2.0922587705E-03   2.2066840459E+00   2.3758497944E+00   1.5732403142E-03   3.4226241926E-04
   1   -62   0    0   3.8019986426E-01   7.9492131714E+00   2.5025528932E-04   2.0546973776E+00   2.3725817366E+00   2.0690145095E-04   2.1370672059E+00   2.3378752028E+00   6.2565053421E-04   2.2398486361E+00   2.3759476031E+00   1.6851028829E-03   2.2457001363E+00   2.3846335649E+00   1.9050749588E-03   2.3574402019E+00   2.4169423342E+00   2.0922706542E-03   2.2068771682E+00   2.3759624026E+00   1.5732375771E-03   3.4227047104E-04
   1   -63   0    0   3.7020914636E-01   7.9494596361E+00   2.5010859663E-04   2.0545719440E+00   2.3726482774E+00   2.0689981805E-04   2.1369316417E+00   2.3379575847E+00   6.2564447153E-04   2.2398236706E+00   2.3760296585E+00   1.6850865540E-03   2.2458830254E+00   2.3847484906E+00   1.9050715781E-03   2.3575729040E+00   2.4170713544E+00   2.0922827731E-03   2.2070740741E+00   2.3760773351E+00   1.5732347853E-03   3.4227868935E-04
   1   -64   0    0   3.6021881170E-01   7.9497111853E+00   2.4995909492E-04   2.0544439858E+00   2.3727162676E+00   2.0689815321E-04   2.1367932442E+00   2.3380417193E+00   6.2563829027E-04   2.2397981899E+00   2.3761134602E+00   1.6850699056E-03   2.2460697009E+00   2.3848657803E+00   1.9050681299E-03   2.3577083171E+00   2.4172030104E+00   2.0922951307E-03   2.2072748218E+00   2.3761946317E+00   1.5732319377E-03   3.4228707708E-04
   1   -65   0    0   3.5022887468E-01   7.9499679064E+00   2.4980674542E-04   2.0543134616E+00   2.3727857353E+00   2.0689645597E-04   2.1366519633E+00   2.3381276389E+00   6.2563198870E-04   2.2397721853E+00   2.3761990404E+00   1.6850529332E-03   2.2462602284E+00   2.3849854741E+00   1.9050646134E-03   2.3578464865E+00   2.4173373464E+00   2.0923077306E-03   2.2074794698E+00   2.3763143327E+00   1.5732290337E-03   3.4229563711E-04
   1   -66   0    0   3.4023935017E-01   7.9502298873E+00   2.4965150959E-04   2.0541803299E+00   2.3728567088E+00   2.0689472585E-04   2.1365077484E+00   2.3382153761E+00   6.2562556505E-04   2.2397456481E+00   2.3762864316E+00   1.6850356320E-03   2.2464546736E+00   2.3851076126E+00   1.9050610273E-03   2.3579874578E+00   2.4174744064E+00   2.0923205765E-03   2.2076880765E+00   2.3764364784E+00   1.5732260723E-03   3.4230437235E-04
   1   -67   0    0   3.3025025345E-01   7.9504972166E+00   2.4949334906E-04   2.0540445489E+00   2.3729292169E+00   2.0689296238E-04   2.1363605485E+00   2.3383049638E+00   6.2561901760E-04   2.2397185694E+00   2.3763756666E+00   1.6850179973E-03   2.2466531029E+00   2.3852322363E+00   1.9050573707E-03   2.3581312765E+00   2.4176142349E+00   2.0923336719E-03   2.2079007006E+00   2.3765611094E+00   1.5732230526E-03   3.4231328573E-04
   1   -68   0    0   3.2026160030E-01   7.9507699834E+00   2.4933222577E-04   2.0539060766E+00   2.3730032886E+00   2.0689116510E-04   2.1362103122E+00   2.3383964351E+00   6.2561234460E-04   2.2396909404E+00   2.3764667785E+00   1.6850000245E-03   2.2468555831E+00   2.3853593860E+00   1.9050536425E-03   2.3582779888E+00   2.4177568766E+00   2.0923470204E-03   2.2081174006E+00   2.3766882667E+00   1.5732199738E-03   3.4232238021E-04
   1   -69   0    0   3.1027340692E-01   7.9510482773E+00   2.4916810193E-04   2.0537648711E+00   2.3730789535E+00   2.0688933354E-04   2.1360569879E+00   2.3384898235E+00   6.2560554432E-04   2.2396627521E+00   2.3765598006E+00   1.6849817089E-03   2.2470621811E+00   2.3854891029E+00   1.9050498417E-03   2.3584276406E+00   2.4179023763E+00   2.0923606256E-03   2.2083382353E+00   2.3768179913E+00   1.5732168351E-03   3.4233165873E-04
   1   -70   0    0   3.0028569001E-01   7.9513321883E+00   2.4900094013E-04   2.0536208900E+00   2.3731562410E+00   2.0688746723E-04   2.1359005236E+00   2.3385851628E+00   6.2559861504E-04   2.2396339956E+00   2.3766547666E+00   1.6849630459E-03   2.2472729645E+00   2.3856214282E+00   1.9050459672E-03   2.3585802781E+00   2.4180507789E+00   2.0923744910E-03   2.2085632632E+00   2.3769503243E+00   1.5732136354E-03   3.4234112428E-04
   1   -71   0    0   2.9029846671E-01   7.9516218068E+00   2.4883070335E-04   2.0534740909E+00   2.3732351813E+00   2.0688556572E-04   2.1357408672E+00   2.3386824869E+00   6.2559155505E-04   2.2396046619E+00   2.3767517104E+00   1.6849440308E-03   2.2474880008E+00   2.3857564031E+00   1.9050420179E-03   2.3587359478E+00   2.4182021295E+00   2.0923886202E-03   2.2087925430E+00   2.3770853072E+00   1.5732103741E-03   3.4235077983E-04
   1   -72   0    0   2.8031175466E-01   7.9519172235E+00   2.4865735500E-04   2.0533244313E+00   2.3733158045E+00   2.0688362855E-04   2.1355779661E+00   2.3387818300E+00   6.2558436265E-04   2.2395747419E+00   2.3768506661E+00   1.6849246590E-03   2.2477073581E+00   2.3858940691E+00   1.9050379929E-03   2.3588946959E+00   2.4183564732E+00   2.0924030168E-03   2.2090261331E+00   2.3772229814E+00   1.5732070501E-03   3.4236062838E-04
   1   -73   0    0   2.7032557197E-01   7.9522185293E+00   2.4848085902E-04   2.0531718687E+00   2.3733981413E+00   2.0688165526E-04   2.1354117677E+00   2.3388832267E+00   6.2557703616E-04   2.2395442265E+00   2.3769516681E+00   1.6849049261E-03   2.2479311044E+00   2.3860344679E+00   1.9050338910E-03   2.3590565690E+00   2.4185138551E+00   2.0924176842E-03   2.2092640918E+00   2.3773633885E+00   1.5732036628E-03   3.4237067292E-04
   1   -74   0    0   2.6033993721E-01   7.9525258155E+00   2.4830117989E-04   2.0530163605E+00   2.3734822225E+00   2.0687964540E-04   2.1352422192E+00   2.3389867115E+00   6.2556957390E-04   2.2395131068E+00   2.3770547509E+00   1.6848848276E-03   2.2481593080E+00   2.3861776409E+00   1.9050297113E-03   2.3592216135E+00   2.4186743205E+00   2.0924326258E-03   2.2095064771E+00   2.3775065699E+00   1.5732002111E-03   3.4238091646E-04
   1   -75   0    0   2.5035486946E-01   7.9528391733E+00   2.4811828270E-04   2.0528578641E+00   2.3735680790E+00   2.0687759854E-04   2.1350692677E+00   2.3390923192E+00   6.2556197423E-04   2.2394813735E+00   2.3771599492E+00   1.6848643589E-03   2.2483920373E+00   2.3863236297E+00   1.9050254527E-03   2.3593898757E+00   2.4188379143E+00   2.0924478453E-03   2.2097533467E+00   2.3776525674E+00   1.5731966942E-03   3.4239136200E-04
   1   -76   0    0   2.4037038827E-01   7.9531586940E+00   2.4793213318E-04   2.0526963369E+00   2.3736557422E+00   2.0687551422E-04   2.1348928602E+00   2.3392000849E+00   6.2555423551E-04   2.2394490176E+00   2.3772672980E+00   1.6848435158E-03   2.2486293605E+00   2.3864724759E+00   1.9050211141E-03   2.3595614021E+00   2.4190046816E+00   2.0924633458E-03   2.2100047581E+00   2.3778014224E+00   1.5731931114E-03   3.4240201254E-04
   1   -77   0    0   2.3038651365E-01   7.9534844690E+00   2.4774269781E-04   2.0525317363E+00   2.3737452436E+00   2.0687339202E-04   2.1347129438E+00   2.3393100436E+00   6.2554635614E-04   2.2394160299E+00   2.3773768322E+00   1.6848222938E-03   2.2488713461E+00   2.3866242211E+00   1.9050166947E-03   2.3597362387E+00   2.4191746674E+00   2.0924791310E-03   2.2102607682E+00   2.3779531765E+00   1.5731894618E-03   3.4241287109E-04
   1   -78   0    0   2.2040326613E-01   7.9538165893E+00   2.4754994382E-04   2.0523640199E+00   2.3738366148E+00   2.0687123151E-04   2.1345294655E+00   2.3394222306E+00   6.2553833454E-04   2.2393824013E+00   2.3774885870E+00   1.6848006887E-03   2.2491180623E+00   2.3867789066E+00   1.9050121933E-03   2.3599144316E+00   2.4193479163E+00   2.0924952039E-03   2.2105214335E+00   2.3781078711E+00   1.5731857445E-03   3.4242394065E-04
   1   -79   0    0   2.1042066669E-01   7.9541551461E+00   2.4735383928E-04   2.0521931454E+00   2.3739298876E+00   2.0686903228E-04   2.1343423724E+00   2.3395366811E+00   6.2553016914E-04   2.2393481226E+00   2.3776025976E+00   1.6847786963E-03   2.2493695772E+00   2.3869365736E+00   1.9050076091E-03   2.3600960266E+00   2.4195244729E+00   2.0925115680E-03   2.2107868101E+00   2.3782655475E+00   1.5731819588E-03   3.4243522418E-04
   1   -80   0    0   2.0043873678E-01   7.9545002299E+00   2.4715435317E-04   2.0520190706E+00   2.3740250941E+00   2.0686679390E-04   2.1341516119E+00   2.3396534305E+00   6.2552185843E-04   2.2393131847E+00   2.3777188992E+00   1.6847563126E-03   2.2496259587E+00   2.3870972634E+00   1.9050029409E-03   2.3602810691E+00   2.4197043815E+00   2.0925282264E-03   2.2110569534E+00   2.3784262467E+00   1.5731781038E-03   3.4244672468E-04
   1   -81   0    0   1.9045749832E-01   7.9548519313E+00   2.4695145541E-04   2.0518417535E+00   2.3741222664E+00   2.0686451599E-04   2.1339571314E+00   2.3397725142E+00   6.2551340091E-04   2.2392775785E+00   2.3778375272E+00   1.6847335334E-03   2.2498872744E+00   2.3872610168E+00   1.9049981880E-03   2.3604696046E+00   2.4198876860E+00   2.0925451823E-03   2.2113319180E+00   2.3785900097E+00   1.5731741787E-03   3.4245844510E-04
   1   -82   0    0   1.8047697371E-01   7.9552103400E+00   2.4674511695E-04   2.0516611523E+00   2.3742214366E+00   2.0686219814E-04   2.1337588786E+00   2.3398939675E+00   6.2550479513E-04   2.2392412948E+00   2.3779585168E+00   1.6847103550E-03   2.2501535914E+00   2.3874278743E+00   1.9049933492E-03   2.3606616777E+00   2.4200744300E+00   2.0925624388E-03   2.2116117579E+00   2.3787568771E+00   1.5731701828E-03   3.4247038838E-04
   1   -83   0    0   1.7049718576E-01   7.9555755454E+00   2.4653530983E-04   2.0514772256E+00   2.3743226371E+00   2.0685983997E-04   2.1335568017E+00   2.3400178257E+00   6.2549603967E-04   2.2392043246E+00   2.3780819032E+00   1.6846867733E-03   2.2504249767E+00   2.3875978763E+00   1.9049884237E-03   2.3608573329E+00   2.4202646568E+00   2.0925799989E-03   2.2118965264E+00   2.3789268891E+00   1.5731661152E-03   3.4248255744E-04
   1   -84   0    0   1.6051815776E-01   7.9559476362E+00   2.4632200722E-04   2.0512899322E+00   2.3744259003E+00   2.0685744112E-04   2.1333508492E+00   2.3401441241E+00   6.2548713314E-04   2.2391666587E+00   2.3782077216E+00   1.6846627848E-03   2.2507014964E+00   2.3877710628E+00   1.9049834106E-03   2.3610566142E+00   2.4204584090E+00   2.0925978656E-03   2.2121862757E+00   2.3791000858E+00   1.5731619754E-03   3.4249495518E-04
   1   -85   0    0   1.5053991342E-01   7.9563267003E+00   2.4610518353E-04   2.0510992313E+00   2.3745312584E+00   2.0685500123E-04   2.1331409700E+00   2.3402728978E+00   6.2547807422E-04   2.2391282882E+00   2.3783360072E+00   1.6846383859E-03   2.2509832163E+00   2.3879474732E+00   1.9049783090E-03   2.3612595650E+00   2.4206557288E+00   2.0926160417E-03   2.2124810570E+00   2.3792765066E+00   1.5731577624E-03   3.4250758447E-04
   1   -86   0    0   1.4056247686E-01   7.9567128247E+00   2.4588481444E-04   2.0509050823E+00   2.3746387439E+00   2.0685251994E-04   2.1329271135E+00   2.3404041818E+00   6.2546886160E-04   2.2390892039E+00   2.3784667948E+00   1.6846135730E-03   2.2512702013E+00   2.3881271467E+00   1.9049731180E-03   2.3614662281E+00   2.4208566580E+00   2.0926345300E-03   2.2127809206E+00   2.3794561906E+00   1.5731534756E-03   3.4252044813E-04
   1   -87   0    0   1.3058587261E-01   7.9571060955E+00   2.4566087697E-04   2.0507074454E+00   2.3747483891E+00   2.0684999692E-04   2.1327092301E+00   2.3405380110E+00   6.2545949406E-04   2.2390493970E+00   2.3786001191E+00   1.6845883428E-03   2.2515625157E+00   2.3883101217E+00   1.9049678368E-03   2.3616766457E+00   2.4210612374E+00   2.0926533332E-03   2.2130859157E+00   2.3796391764E+00   1.5731491143E-03   3.4253354898E-04
   1   -88   0    0   1.2061012558E-01   7.9575065975E+00   2.4543334958E-04   2.0505062810E+00   2.3748602263E+00   2.0684743185E-04   2.1324872704E+00   2.3406744199E+00   6.2544997040E-04   2.2390088584E+00   2.3787360148E+00   1.6845626921E-03   2.2518602229E+00   2.3884964363E+00   1.9049624646E-03   2.3618908592E+00   2.4212695075E+00   2.0926724538E-03   2.2133960902E+00   2.3798255020E+00   1.5731446778E-03   3.4254688977E-04
   1   -89   0    0   1.1063526106E-01   7.9579144146E+00   2.4520221219E-04   2.0503015500E+00   2.3749742876E+00   2.0684482443E-04   2.1322611861E+00   2.3408134429E+00   6.2544028948E-04   2.2389675793E+00   2.3788745160E+00   1.6845366179E-03   2.2521633853E+00   2.3886861280E+00   1.9049570005E-03   2.3621089093E+00   2.4214815077E+00   2.0926918944E-03   2.2137114906E+00   2.3800152048E+00   1.5731401655E-03   3.4256047322E-04
   1   -90   0    0   1.0066130466E-01   7.9583296291E+00   2.4496744630E-04   2.0500932141E+00   2.3750906051E+00   2.0684217436E-04   2.1320309296E+00   2.3409551139E+00   6.2543045023E-04   2.2389255508E+00   2.3790156567E+00   1.6845101173E-03   2.2524720642E+00   2.3888792333E+00   1.9049514438E-03   2.3623308358E+00   2.4216972768E+00   2.0927116574E-03   2.2140321622E+00   2.3802083214E+00   1.5731355767E-03   3.4257430201E-04
   1   -91   0    0   9.0688282345E-02   7.9587523220E+00   2.4472903500E-04   2.0498812354E+00   2.3752092105E+00   2.0683948138E-04   2.1317964545E+00   2.3410994668E+00   6.2542045164E-04   2.2388827641E+00   2.3791594707E+00   1.6844831874E-03   2.2527863199E+00   2.3890757882E+00   1.9049457938E-03   2.3625566778E+00   2.4219168526E+00   2.0927317449E-03   2.2143581487E+00   2.3804048879E+00   1.5731309109E-03   3.4258837874E-04
   1   -92   0    0   8.0716220366E-02   7.9591825724E+00   2.4448696310E-04   2.0496655768E+00   2.3753301357E+00   2.0683674522E-04   2.1315577151E+00   2.3412465347E+00   6.2541029273E-04   2.2388392105E+00   2.3793059910E+00   1.6844558259E-03   2.2531062115E+00   2.3892758280E+00   1.9049400498E-03   2.3627864730E+00   2.4221402720E+00   2.0927521592E-03   2.2146894922E+00   2.3806049394E+00   1.5731261674E-03   3.4260270598E-04
   1   -93   0    0   7.0745145244E-02   7.9596204580E+00   2.4424121715E-04   2.0494462018E+00   2.3754534118E+00   2.0683396565E-04   2.1313146672E+00   2.3413963505E+00   6.2539997264E-04   2.2387948813E+00   2.3794552505E+00   1.6844280301E-03   2.2534317965E+00   2.3894793869E+00   1.9049342111E-03   2.3630202585E+00   2.4223675708E+00   2.0927729022E-03   2.2150262333E+00   2.3808085102E+00   1.5731213457E-03   3.4261728624E-04
   1   -94   0    0   6.0775083747E-02   7.9600660546E+00   2.4399178552E-04   2.0492230748E+00   2.3755790701E+00   2.0683114244E-04   2.1310672676E+00   2.3415489466E+00   6.2538949054E-04   2.2387497678E+00   2.3796072816E+00   1.6843997980E-03   2.2537631312E+00   2.3896864983E+00   1.9049282770E-03   2.3632580699E+00   2.4225987840E+00   2.0927939758E-03   2.2153684107E+00   2.3810156338E+00   1.5731164452E-03   3.4263212196E-04
   1   -95   0    0   5.0806062856E-02   7.9605194358E+00   2.4373865847E-04   2.0489961607E+00   2.3757071414E+00   2.0682827539E-04   2.1308154746E+00   2.3417043548E+00   6.2537884568E-04   2.2387038615E+00   2.3797621160E+00   1.6843711276E-03   2.2541002703E+00   2.3898971947E+00   1.9049222470E-03   2.3634999420E+00   2.4228339450E+00   2.0928153818E-03   2.2157160612E+00   2.3812263425E+00   1.5731114656E-03   3.4264721550E-04
   1   -96   0    0   4.0838109726E-02   7.9609806733E+00   2.4348182823E-04   2.0487654256E+00   2.3758376560E+00   2.0682536433E-04   2.1305592478E+00   2.3418626064E+00   6.2536803740E-04   2.2386571538E+00   2.3799197849E+00   1.6843420170E-03   2.2544432667E+00   2.3901115075E+00   1.9049161206E-03   2.3637459079E+00   2.4230730864E+00   2.0928371217E-03   2.2160692199E+00   2.3814406678E+00   1.5731064063E-03   3.4266256915E-04
   1   -97   0    0   3.0871251658E-02   7.9614498362E+00   2.4322128902E-04   2.0485308363E+00   2.3759706439E+00   2.0682240909E-04   2.1302985484E+00   2.3420237320E+00   6.2535706509E-04   2.2386096364E+00   2.3800803190E+00   1.6843124646E-03   2.2547921717E+00   2.3903294669E+00   1.9049098971E-03   2.3639959999E+00   2.4233162392E+00   2.0928591970E-03   2.2164279196E+00   2.3816586400E+00   1.5731012669E-03   3.4267818515E-04
   1   -98   0    0   2.0905516056E-02   7.9619269916E+00   2.4295703716E-04   2.0482923607E+00   2.3761061347E+00   2.0681940953E-04   2.1300333394E+00   2.3421877615E+00   6.2534592825E-04   2.2385613008E+00   2.3802437481E+00   1.6842824690E-03   2.2551470346E+00   2.3905511020E+00   1.9049035762E-03   2.3642502483E+00   2.4235634331E+00   2.0928816090E-03   2.2167921911E+00   2.3818802881E+00   1.5730960470E-03   3.4269406561E-04
   1   -99   0    0   1.0940930387E-02   7.9624122036E+00   2.4268907111E-04   2.0480499675E+00   2.3762441573E+00   2.0681636555E-04   2.1297635854E+00   2.3423547241E+00   6.2533462644E-04   2.2385121388E+00   2.3804101013E+00   1.6842520292E-03   2.2555079028E+00   2.3907764408E+00   1.9048971573E-03   2.3645086824E+00   2.4238146966E+00   2.0929043587E-03   2.2171620630E+00   2.3821056401E+00   1.5730907462E-03   3.4271021260E-04
   1  -100   0    0   9.7752213758E-04   7.9629055339E+00   2.4241739153E-04   2.0478036266E+00   2.3763847402E+00   2.0681327704E-04   2.1294892529E+00   2.3425246481E+00   6.2532315933E-04   2.2384621421E+00   2.3805794071E+00   1.6842211441E-03   2.2558748216E+00   2.3910055098E+00   1.9048906402E-03   2.3647713298E+00   2.4240700563E+00   2.0929274471E-03   2.2175375613E+00   2.3823347224E+00   1.5730853643E-03   3.4272662806E-04
   1  -101   0    0  -8.9846812315E-03   7.9634070412E+00   2.4214200133E-04   2.0475533089E+00   2.3765279114E+00   2.0681014394E-04   2.1292103105E+00   2.3426975612E+00   6.2531152666E-04   2.2384113025E+00   2.3807516930E+00   1.6841898131E-03   2.2562478338E+00   2.3912383342E+00   1.9048840245E-03   2.3650382164E+00   2.4243295376E+00   2.0929508751E-03   2.2179187099E+00   2.3825675604E+00   1.5730799009E-03   3.4274331386E-04
   1  -102   0    0  -1.8945652332E-02   7.9639167812E+00   2.4186290572E-04   2.0472989865E+00   2.3766736979E+00   2.0680696621E-04   2.1289267289E+00   2.3428734900E+00   6.2529972827E-04   2.2383596121E+00   2.3809269856E+00   1.6841580358E-03   2.2566269804E+00   2.3914749378E+00   1.9048773098E-03   2.3653093664E+00   2.4245931640E+00   2.0929746431E-03   2.2183055300E+00   2.3828041779E+00   1.5730743558E-03   3.4276027174E-04
   1  -103   0    0  -2.8905363900E-02   7.9644348065E+00   2.4158011231E-04   2.0470406327E+00   2.3768221262E+00   2.0680374382E-04   2.1286384808E+00   2.3430524601E+00   6.2528776408E-04   2.2383070626E+00   2.3811053106E+00   1.6841258119E-03   2.2570122993E+00   2.3917153429E+00   1.9048704960E-03   2.3655848024E+00   2.4248609574E+00   2.0929987517E-03   2.2186980403E+00   2.3830445970E+00   1.5730687289E-03   3.4277750336E-04
   1  -104   0    0  -3.8863788846E-02   7.9649611663E+00   2.4129363109E-04   2.0467782220E+00   2.3769732221E+00   2.0680047679E-04   2.1283455414E+00   2.3432344962E+00   6.2527563414E-04   2.2382536463E+00   2.3812866926E+00   1.6840931416E-03   2.2574038264E+00   2.3919595703E+00   1.9048635829E-03   2.3658645450E+00   2.4251329378E+00   2.0930232009E-03   2.2190962565E+00   2.3832888386E+00   1.5730630199E-03   3.4279501026E-04
   1  -105   0    0  -4.8820900313E-02   7.9654959063E+00   2.4100347451E-04   2.0465117302E+00   2.3771270106E+00   2.0679716514E-04   2.1280478885E+00   2.3434196219E+00   6.2526333856E-04   2.2381993552E+00   2.3814711552E+00   1.6840600252E-03   2.2578015946E+00   2.3922076389E+00   1.9048565703E-03   2.3661486129E+00   2.4254091234E+00   2.0930479909E-03   2.2195001918E+00   2.3835369217E+00   1.5730572288E-03   3.4281279386E-04
   1  -106   0    0  -5.8776671730E-02   7.9660390688E+00   2.4070965754E-04   2.0462411344E+00   2.3772835156E+00   2.0679380895E-04   2.1277455023E+00   2.3436078596E+00   6.2525087758E-04   2.2381441814E+00   2.3816587209E+00   1.6840264632E-03   2.2582056340E+00   2.3924595663E+00   1.9048494581E-03   2.3664370229E+00   2.4256895306E+00   2.0930731214E-03   2.2199098564E+00   2.3837888637E+00   1.5730513555E-03   3.4283085547E-04
   1  -107   0    0  -6.8731076871E-02   7.9665906921E+00   2.4041219768E-04   2.0459664130E+00   2.3774427603E+00   2.0679040829E-04   2.1274383657E+00   2.3437992306E+00   6.2523825152E-04   2.2380881173E+00   2.3818494109E+00   1.6839924567E-03   2.2586159719E+00   2.3927153680E+00   1.9048422464E-03   2.3667297896E+00   2.4259741736E+00   2.0930985921E-03   2.2203252574E+00   2.3840446804E+00   1.5730453999E-03   3.4284919625E-04
   1  -108   0    0  -7.8684089920E-02   7.9671508109E+00   2.4011111500E-04   2.0456875461E+00   2.3776047670E+00   2.0678696330E-04   2.1271264644E+00   2.3439937548E+00   6.2522546083E-04   2.2380311551E+00   2.3820432453E+00   1.6839580067E-03   2.2590326326E+00   2.3929750579E+00   1.9048349351E-03   2.3670269256E+00   2.4262630645E+00   2.0931244024E-03   2.2207463989E+00   2.3843043854E+00   1.5730393622E-03   3.4286781727E-04
   1  -109   0    0  -8.8635685527E-02   7.9677194555E+00   2.3980643219E-04   2.0454045150E+00   2.3777695566E+00   2.0678347411E-04   2.1268097871E+00   2.3441914511E+00   6.2521250604E-04   2.2379732873E+00   2.3822402428E+00   1.6839231148E-03   2.2594556370E+00   2.3932386480E+00   1.9048275244E-03   2.3673284414E+00   2.4265562136E+00   2.0931505515E-03   2.2211732819E+00   2.3845679908E+00   1.5730332424E-03   3.4288671942E-04
   1  -110   0    0  -9.8585838877E-02   7.9682966523E+00   2.3949817456E-04   2.0451173025E+00   2.3779371493E+00   2.0677994089E-04   2.1264883255E+00   2.3443923367E+00   6.2519938782E-04   2.2379145062E+00   2.3824404209E+00   1.6838877827E-03   2.2598850032E+00   2.3935061482E+00   1.9048200145E-03   2.3676343449E+00   2.4268536286E+00   2.0931770383E-03   2.2216059039E+00   2.3848355066E+00   1.5730270405E-03   3.4290590348E-04
   1  -111   0    0  -1.0853452575E-01   7.9688824232E+00   2.3918637012E-04   2.0448258932E+00   2.3781075641E+00   2.0677636387E-04   2.1261620743E+00   2.3445964276E+00   6.2518610693E-04   2.2378548044E+00   2.3826437953E+00   1.6838520125E-03   2.2603207454E+00   2.3937775666E+00   1.9048124054E-03   2.3679446421E+00   2.4271553152E+00   2.0932038616E-03   2.2220442593E+00   2.3851069407E+00   1.5730207569E-03   3.4292537009E-04
   1  -112   0    0  -1.1848172261E-01   7.9694767858E+00   2.3887104950E-04   2.0445302729E+00   2.3782808187E+00   2.0677274327E-04   2.1258310318E+00   2.3448037382E+00   6.2517266424E-04   2.2377941743E+00   2.3828503807E+00   1.6838158065E-03   2.2607628748E+00   2.3940529091E+00   1.9048046976E-03   2.3682593363E+00   2.4274612767E+00   2.0932310199E-03   2.2224883391E+00   2.3853822992E+00   1.5730143917E-03   3.4294511972E-04
   1  -113   0    0  -1.2842740662E-01   7.9700797529E+00   2.3855224608E-04   2.0442304295E+00   2.3784569296E+00   2.0676907935E-04   2.1254951994E+00   2.3450142813E+00   6.2515906075E-04   2.2377326086E+00   2.3830601901E+00   1.6837791673E-03   2.2612113987E+00   2.3943321795E+00   1.9047968914E-03   2.3685784285E+00   2.4277715141E+00   2.0932585116E-03   2.2229381305E+00   2.3856615858E+00   1.5730079452E-03   3.4296515271E-04
   1  -114   0    0  -1.3837155579E-01   7.9706913328E+00   2.3822999591E-04   2.0439263521E+00   2.3786359120E+00   2.0676537242E-04   2.1251545820E+00   2.3452280685E+00   6.2514529755E-04   2.2376701000E+00   2.3832732347E+00   1.6837420981E-03   2.2616663210E+00   2.3946153795E+00   1.9047889871E-03   2.3689019171E+00   2.4280860258E+00   2.0932863346E-03   2.2233936175E+00   2.3859448022E+00   1.5730014177E-03   3.4298546924E-04
   1  -115   0    0  -1.4831414898E-01   7.9713115287E+00   2.3790433777E-04   2.0436180318E+00   2.3788177798E+00   2.0676162281E-04   2.1248091881E+00   2.3454451092E+00   6.2513137586E-04   2.2376066411E+00   2.3834895244E+00   1.6837046019E-03   2.2621276416E+00   2.3949025086E+00   1.9047809853E-03   2.3692297981E+00   2.4284048079E+00   2.0933144870E-03   2.2238547803E+00   2.3862319479E+00   1.5729948097E-03   3.4300606931E-04
   1  -116   0    0  -1.5825516598E-01   7.9719403392E+00   2.3757531313E-04   2.0433054613E+00   2.3790025455E+00   2.0675783087E-04   2.1244590300E+00   2.3456654116E+00   6.2511729703E-04   2.2375422247E+00   2.3837090671E+00   1.6836666826E-03   2.2625953567E+00   2.3951935638E+00   1.9047728865E-03   2.3695620648E+00   2.4287278538E+00   2.0933429661E-03   2.2243215954E+00   2.3865230200E+00   1.5729881216E-03   3.4302695280E-04
   1  -117   0    0  -1.6819458764E-01   7.9725777574E+00   2.3724296619E-04   2.0429886352E+00   2.3791902200E+00   2.0675399700E-04   2.1241041235E+00   2.3458889819E+00   6.2510306249E-04   2.2374768435E+00   2.3839318694E+00   1.6836283438E-03   2.2630694585E+00   2.3954885402E+00   1.9047646913E-03   2.3698987078E+00   2.4290551544E+00   2.0933717695E-03   2.2247940356E+00   2.3868180134E+00   1.5729813539E-03   3.4304811937E-04
   1  -118   0    0  -1.7813239586E-01   7.9732237716E+00   2.3690734383E-04   2.0426675497E+00   2.3793808130E+00   2.0675012161E-04   2.1237444886E+00   2.3461158246E+00   6.2508867383E-04   2.2374104905E+00   2.3841579356E+00   1.6835895899E-03   2.2635499351E+00   2.3957874301E+00   1.9047564003E-03   2.3702397152E+00   2.4293866982E+00   2.0934008943E-03   2.2252720699E+00   2.3871169205E+00   1.5729745071E-03   3.4306956856E-04
   1  -119   0    0  -1.8806857371E-01   7.9738783644E+00   2.3656849562E-04   2.0423422031E+00   2.3795743323E+00   2.0674620516E-04   2.1233801488E+00   2.3463459422E+00   6.2507413271E-04   2.2373431585E+00   2.3843872685E+00   1.6835504255E-03   2.2640367708E+00   2.3960902236E+00   1.9047480144E-03   2.3705850721E+00   2.4297224706E+00   2.0934303373E-03   2.2257556635E+00   2.3874197316E+00   1.5729675819E-03   3.4309129971E-04
   1  -120   0    0  -1.9800310550E-01   7.9745415135E+00   2.3622647380E-04   2.0420125953E+00   2.3797707844E+00   2.0674224814E-04   2.1230111320E+00   2.3465793355E+00   6.2505944095E-04   2.2372748404E+00   2.3846198690E+00   1.6835108552E-03   2.2645299453E+00   2.3963969085E+00   1.9047395343E-03   2.3709347610E+00   2.4300624546E+00   2.0934600953E-03   2.2262447774E+00   2.3877264342E+00   1.5729605789E-03   3.4311331198E-04
   1  -121   0    0  -2.0793597683E-01   7.9752131906E+00   2.3588133324E-04   2.0416787282E+00   2.3799701739E+00   2.0673825105E-04   2.1226374699E+00   2.3468160033E+00   6.2504460046E-04   2.2372055292E+00   2.3848557359E+00   1.6834708844E-03   2.2650294343E+00   2.3967074699E+00   1.9047309610E-03   2.3712887615E+00   2.4304066304E+00   2.0934901646E-03   2.2267393692E+00   2.3880370134E+00   1.5729534989E-03   3.4313560437E-04
   1  -122   0    0  -2.1786717467E-01   7.9758933623E+00   2.3553313141E-04   2.0413406058E+00   2.3801725040E+00   2.0673421446E-04   2.1222591985E+00   2.3470559425E+00   6.2502961327E-04   2.2371352179E+00   2.3850948662E+00   1.6834305185E-03   2.2655352091E+00   2.3970218904E+00   1.9047222952E-03   2.3716470504E+00   2.4307549753E+00   2.0935205414E-03   2.2272393921E+00   2.3883514521E+00   1.5729463426E-03   3.4315817570E-04
   1  -123   0    0  -2.2779668742E-01   7.9765819893E+00   2.3518192838E-04   2.0409982338E+00   2.3803777759E+00   2.0673013894E-04   2.1218763580E+00   2.3472991478E+00   6.2501448153E-04   2.2370638997E+00   2.3853372549E+00   1.6833897633E-03   2.2660472367E+00   2.3973401503E+00   1.9047135382E-03   2.3720096016E+00   2.4311074642E+00   2.0935512218E-03   2.2277447955E+00   2.3886697302E+00   1.5729391109E-03   3.4318102459E-04
   1  -124   0    0  -2.3772450499E-01   7.9772790267E+00   2.3482778674E-04   2.0406516199E+00   2.3805859892E+00   2.0672602509E-04   2.1214889928E+00   2.3475456122E+00   6.2499920750E-04   2.2369915675E+00   2.3855828948E+00   1.6833486248E-03   2.2665654797E+00   2.3976622270E+00   1.9047046909E-03   2.3723763862E+00   2.4314640687E+00   2.0935822013E-03   2.2282555248E+00   2.3889918255E+00   1.5729318047E-03   3.4320414949E-04
   1  -125   0    0  -2.4765061887E-01   7.9779844237E+00   2.3447077158E-04   2.0403007739E+00   2.3807971415E+00   2.0672187356E-04   2.1210971515E+00   2.3477953261E+00   6.2498379356E-04   2.2369182147E+00   2.3858317767E+00   1.6833071095E-03   2.2670898962E+00   2.3979880956E+00   1.9046957545E-03   2.3727473723E+00   2.4318247578E+00   2.0936134756E-03   2.2287715214E+00   2.3893177128E+00   1.5729244249E-03   3.4322754865E-04
   1  -126   0    0  -2.5757502217E-01   7.9786981239E+00   2.3411095043E-04   2.0399457077E+00   2.3810112288E+00   2.0671768501E-04   2.1207008871E+00   2.3480482783E+00   6.2496824219E-04   2.2368438344E+00   2.3860838894E+00   1.6832652240E-03   2.2676204398E+00   2.3983177284E+00   1.9046867303E-03   2.3731225251E+00   2.4321894977E+00   2.0936450397E-03   2.2292927227E+00   2.3896473646E+00   1.5729169726E-03   3.4325122015E-04
   1  -127   0    0  -2.6749770968E-01   7.9794200648E+00   2.3374839321E-04   2.0395864350E+00   2.3812282451E+00   2.0671346015E-04   2.1203002569E+00   2.3483044552E+00   6.2495255600E-04   2.2367684200E+00   2.3863392195E+00   1.6832229754E-03   2.2681570595E+00   2.3986510954E+00   1.9046776195E-03   2.3735018067E+00   2.4325582518E+00   2.0936768889E-03   2.2298190620E+00   2.3899807507E+00   1.5729094488E-03   3.4327516186E-04
   1  -128   0    0  -2.7741867795E-01   7.9801501783E+00   2.3338317218E-04   2.0392229718E+00   2.3814481823E+00   2.0670919970E-04   2.1198953225E+00   2.3485638410E+00   6.2493673768E-04   2.2366919649E+00   2.3865977513E+00   1.6831803710E-03   2.2686997000E+00   2.3989881635E+00   1.9046684234E-03   2.3738851767E+00   2.4329309803E+00   2.0937090179E-03   2.2303504686E+00   2.3903178381E+00   1.5729018545E-03   3.4329937149E-04
   1  -129   0    0  -2.8733792535E-01   7.9808883901E+00   2.3301536188E-04   2.0388553361E+00   2.3816710306E+00   2.0670490443E-04   2.1194861500E+00   2.3488264178E+00   6.2492079006E-04   2.2366144626E+00   2.3868594671E+00   1.6831374183E-03   2.2692483011E+00   2.3993288973E+00   1.9046591436E-03   2.3742725912E+00   2.4333076409E+00   2.0937414211E-03   2.2308868679E+00   2.3906585914E+00   1.5728941911E-03   3.4332384653E-04
   1  -130   0    0  -2.9725545207E-01   7.9816346201E+00   2.3264503905E-04   2.0384835479E+00   2.3818967782E+00   2.0670057512E-04   2.1190728096E+00   2.3490921655E+00   6.2490471605E-04   2.2365359068E+00   2.3871243469E+00   1.6830941252E-03   2.2698027983E+00   2.3996732587E+00   1.9046497814E-03   2.3746640039E+00   2.4336881884E+00   2.0937740931E-03   2.2314281813E+00   2.3910029725E+00   1.5728864597E-03   3.4334858430E-04
   1  -131   0    0  -3.0717126023E-01   7.9823887823E+00   2.3227228257E-04   2.0381076295E+00   2.3821254112E+00   2.0669621258E-04   2.1186553761E+00   2.3493610616E+00   6.2488851866E-04   2.2364562910E+00   2.3873923684E+00   1.6830504998E-03   2.2703631225E+00   2.4000212069E+00   1.9046403385E-03   2.3750593650E+00   2.4340725745E+00   2.0938070280E-03   2.2319743263E+00   2.3913509407E+00   1.5728786616E-03   3.4337358191E-04
   1  -132   0    0  -3.1708535390E-01   7.9831507847E+00   2.3189717339E-04   2.0377276053E+00   2.3823569138E+00   2.0669181765E-04   2.1182339282E+00   2.3496330817E+00   6.2487220104E-04   2.2363756093E+00   2.3876635073E+00   1.6830065505E-03   2.2709291999E+00   2.4003726986E+00   1.9046308164E-03   2.3754586224E+00   2.4344607483E+00   2.0938402196E-03   2.2325252163E+00   2.3917024525E+00   1.5728707982E-03   3.4339883630E-04
   1  -133   0    0  -3.2699773913E-01   7.9839205293E+00   2.3151979446E-04   2.0373435018E+00   2.3825912679E+00   2.0668739120E-04   2.1178085492E+00   2.3499081987E+00   6.2485576638E-04   2.2362938556E+00   2.3879377369E+00   1.6829622860E-03   2.2715009522E+00   2.4007276878E+00   1.9046212169E-03   2.3758617205E+00   2.4348526559E+00   2.0938736618E-03   2.2330807611E+00   2.3920574619E+00   1.5728628707E-03   3.4342434422E-04
   1  -134   0    0  -3.3690842399E-01   7.9846979124E+00   2.3114023064E-04   2.0369553479E+00   2.3828284537E+00   2.0668293413E-04   2.1173793264E+00   2.3501863836E+00   6.2483921802E-04   2.2362110240E+00   2.3882150281E+00   1.6829177153E-03   2.2720782967E+00   2.4010861257E+00   1.9046115416E-03   2.3762686013E+00   2.4352482409E+00   2.0939073480E-03   2.2336408666E+00   2.3924159203E+00   1.5728548807E-03   3.4345010220E-04
   1  -135   0    0  -3.4681741861E-01   7.9854828241E+00   2.3075856862E-04   2.0365631744E+00   2.3830684490E+00   2.0667844735E-04   2.1169463513E+00   2.3504676050E+00   6.2482255935E-04   2.2361271091E+00   2.3884953498E+00   1.6828728475E-03   2.2726611462E+00   2.4014479613E+00   1.9046017924E-03   2.3766792035E+00   2.4356474436E+00   2.0939412715E-03   2.2342054348E+00   2.3927777765E+00   1.5728468297E-03   3.4347610662E-04
   1  -136   0    0  -3.5672473522E-01   7.9862751489E+00   2.3037489686E-04   2.0361670145E+00   2.3833112298E+00   2.0667393180E-04   2.1165097195E+00   2.3507518292E+00   6.2480579388E-04   2.2360421053E+00   2.3887786684E+00   1.6828276920E-03   2.2732494088E+00   2.4018131407E+00   1.9045919711E-03   2.3770934634E+00   2.4360502021E+00   2.0939754255E-03   2.2347743642E+00   2.3931429767E+00   1.5728387191E-03   3.4350235365E-04
   1  -137   0    0  -3.6663038816E-01   7.9870747655E+00   2.2998930547E-04   2.0357669037E+00   2.3835567699E+00   2.0666938845E-04   2.1160695304E+00   2.3510390202E+00   6.2478892518E-04   2.2359560075E+00   2.3890649482E+00   1.6827822585E-03   2.2738429884E+00   2.4021816076E+00   1.9045820796E-03   2.3775113142E+00   2.4364564514E+00   2.0940098030E-03   2.2353475495E+00   2.3935114646E+00   1.5728305506E-03   3.4352883928E-04
   1  -138   0    0  -3.7653439387E-01   7.9878815466E+00   2.2960188616E-04   2.0353628797E+00   2.3838050409E+00   2.0666481829E-04   2.1156258875E+00   2.3513291398E+00   6.2477195694E-04   2.2358688109E+00   2.3893541513E+00   1.6827365569E-03   2.2744417845E+00   2.4025533031E+00   1.9045721200E-03   2.3779326864E+00   2.4368661240E+00   2.0940443966E-03   2.2359248821E+00   2.3938831812E+00   1.5728223258E-03   3.4355555933E-04
   1  -139   0    0  -3.8643677097E-01   7.9886953595E+00   2.2921273210E-04   2.0349549823E+00   2.3840560124E+00   2.0666022232E-04   2.1151788980E+00   2.3516221477E+00   6.2475489289E-04   2.2357805108E+00   2.3896462373E+00   1.6826905973E-03   2.2750456923E+00   2.4029281659E+00   1.9045620941E-03   2.3783575078E+00   2.4372791495E+00   2.0940791991E-03   2.2365062496E+00   2.3942580653E+00   1.5728140463E-03   3.4358250942E-04
   1  -140   0    0  -3.9633754020E-01   7.9895160658E+00   2.2882193791E-04   2.0345432540E+00   2.3843096520E+00   2.0665560158E-04   2.1147286727E+00   2.3519180009E+00   6.2473773686E-04   2.2356911030E+00   2.3899411638E+00   1.6826443899E-03   2.2756546029E+00   2.4033061321E+00   1.9045520042E-03   2.3787857034E+00   2.4376954553E+00   2.0941142028E-03   2.2370915364E+00   2.3946360529E+00   1.5728057139E-03   3.4360968500E-04
   1  -141   0    0  -4.0623672448E-01   7.9903435215E+00   2.2842959947E-04   2.0341277391E+00   2.3845659251E+00   2.0665095712E-04   2.1142753260E+00   2.3522166548E+00   6.2472049276E-04   2.2356005835E+00   2.3902388860E+00   1.6825979453E-03   2.2762684029E+00   2.4036871355E+00   1.9045418523E-03   2.3792171958E+00   2.4381149657E+00   2.0941493999E-03   2.2376806237E+00   2.3950170779E+00   1.5727973303E-03   3.4363708134E-04
   1  -142   0    0  -4.1613434885E-01   7.9911775772E+00   2.2803581392E-04   2.0337084848E+00   2.3848247950E+00   2.0664629001E-04   2.1138189757E+00   2.3525180620E+00   6.2470316455E-04   2.2355089489E+00   2.3905393569E+00   1.6825512742E-03   2.2768869751E+00   2.4040711074E+00   1.9045316407E-03   2.3796519048E+00   2.4385376030E+00   2.0941847827E-03   2.2382733891E+00   2.3954010716E+00   1.5727888974E-03   3.4366469354E-04
   1  -143   0    0  -4.2603044052E-01   7.9920180781E+00   2.2764067951E-04   2.0332855402E+00   2.3850862229E+00   2.0664160133E-04   2.1133597429E+00   2.3528221733E+00   6.2468575628E-04   2.2354161961E+00   2.3908425276E+00   1.6825043874E-03   2.2775101982E+00   2.4044579769E+00   1.9045213715E-03   2.3800897477E+00   2.4389632867E+00   2.0942203430E-03   2.2388697076E+00   2.3957879629E+00   1.5727804170E-03   3.4369251653E-04
   1  -144   0    0  -4.3592502884E-01   7.9928648641E+00   2.2724429553E-04   2.0328589570E+00   2.3853501682E+00   2.0663689219E-04   2.1128977519E+00   2.3531289371E+00   6.2466827205E-04   2.2353223224E+00   2.3911483467E+00   1.6824572961E-03   2.2781379471E+00   2.4048476706E+00   1.9045110470E-03   2.3805306393E+00   2.4393919340E+00   2.0942560727E-03   2.2394694509E+00   2.3961776787E+00   1.5727718909E-03   3.4372054507E-04
   1  -145   0    0  -4.4581814526E-01   7.9937177702E+00   2.2684676223E-04   2.0324287892E+00   2.3856165880E+00   2.0663216372E-04   2.1124331298E+00   2.3534382999E+00   6.2465071602E-04   2.2352273259E+00   2.3914567607E+00   1.6824100113E-03   2.2787700928E+00   2.4052401130E+00   1.9045006696E-03   2.3809744922E+00   2.4398234597E+00   2.0942919634E-03   2.2400724877E+00   2.3965701433E+00   1.5727633211E-03   3.4374877375E-04
   1  -146   0    0  -4.5570982332E-01   7.9945766261E+00   2.2644818068E-04   2.0319950931E+00   2.3858854375E+00   2.0662741704E-04   2.1119660065E+00   2.3537502059E+00   6.2463309242E-04   2.2351312048E+00   2.3917677142E+00   1.6823625446E-03   2.2794065026E+00   2.4056352264E+00   1.9044902416E-03   2.3814212162E+00   2.4402577763E+00   2.0943280067E-03   2.2406786843E+00   2.3969652790E+00   1.5727547095E-03   3.4377719700E-04
   1  -147   0    0  -4.6560009865E-01   7.9954412567E+00   2.2604865273E-04   2.0315579278E+00   2.3861566698E+00   2.0662265332E-04   2.1114965148E+00   2.3540645972E+00   6.2461540551E-04   2.2350339584E+00   2.3920811496E+00   1.6823149074E-03   2.2800470401E+00   2.4060329309E+00   1.9044797655E-03   2.3818707191E+00   2.4406947942E+00   2.0943641940E-03   2.2412879040E+00   2.3973630059E+00   1.5727460581E-03   3.4380580912E-04
   1  -148   0    0  -4.7548900890E-01   7.9963114822E+00   2.2564828090E-04   2.0311173543E+00   2.3864302362E+00   2.0661787371E-04   2.1110247895E+00   2.3543814140E+00   6.2459765962E-04   2.2349355862E+00   2.3923970073E+00   1.6822671113E-03   2.2806915658E+00   2.4064331446E+00   1.9044692436E-03   2.3823229066E+00   2.4411344214E+00   2.0944005167E-03   2.2419000077E+00   2.3977632421E+00   1.5727373690E-03   3.4383460422E-04
   1  -149   0    0  -4.8537659370E-01   7.9971871180E+00   2.2524716827E-04   2.0306734365E+00   2.3867060860E+00   2.0661307939E-04   2.1105509681E+00   2.3547005945E+00   6.2457985912E-04   2.2348360886E+00   2.3927152256E+00   1.6822191681E-03   2.2813399363E+00   2.4068357834E+00   1.9044586784E-03   2.3827776818E+00   2.4415765640E+00   2.0944369659E-03   2.2425148539E+00   2.3981659036E+00   1.5727286441E-03   3.4386357628E-04
   1  -150   0    0  -4.9526289466E-01   7.9980679751E+00   2.2484541841E-04   2.0302262404E+00   2.3869841664E+00   2.0660827155E-04   2.1100751899E+00   2.3550220747E+00   6.2456200842E-04   2.2347354666E+00   2.3930357409E+00   1.6821710897E-03   2.2819920054E+00   2.4072407613E+00   1.9044480725E-03   2.3832349461E+00   2.4420211258E+00   2.0944735327E-03   2.2431322988E+00   2.3985709043E+00   1.5727198856E-03   3.4389271914E-04
   1  -151   0    0  -5.0514795529E-01   7.9989538601E+00   2.2444313529E-04   2.0297758347E+00   2.3872644229E+00   2.0660345139E-04   2.1095975963E+00   2.3553457890E+00   6.2454411197E-04   2.2346337221E+00   2.3933584877E+00   1.6821228881E-03   2.2826476236E+00   2.4076479905E+00   1.9044374284E-03   2.3836945986E+00   2.4424680090E+00   2.0945102082E-03   2.2437521962E+00   2.3989781563E+00   1.5727110956E-03   3.4392202648E-04
   1  -152   0    0  -5.1503182095E-01   7.9998445755E+00   2.2404042318E-04   2.0293222906E+00   2.3875467993E+00   2.0659862012E-04   2.1091183301E+00   2.3556716697E+00   6.2452617426E-04   2.2345308576E+00   2.3936833986E+00   1.6820745754E-03   2.2833066385E+00   2.4080573813E+00   1.9044267488E-03   2.3841565368E+00   2.4429171137E+00   2.0945469832E-03   2.2443743983E+00   2.3993875700E+00   1.5727022762E-03   3.4395149188E-04
   1  -153   0    0  -5.2491453880E-01   8.0007399197E+00   2.2363738657E-04   2.0288656816E+00   2.3878312373E+00   2.0659377895E-04   2.1086375359E+00   2.3559996474E+00   6.2450819981E-04   2.2344268766E+00   2.3940104045E+00   1.6820261637E-03   2.2839688947E+00   2.4084688420E+00   1.9044160361E-03   2.3846206559E+00   2.4433683382E+00   2.0945838487E-03   2.2449987550E+00   2.3997990539E+00   1.5726934295E-03   3.4398110875E-04
   1  -154   0    0  -5.3479615773E-01   8.0016396871E+00   2.2323413006E-04   2.0284060837E+00   2.3881176770E+00   2.0658892910E-04   2.1081553594E+00   2.3563296508E+00   6.2449019317E-04   2.2343217835E+00   2.3943394343E+00   1.6819776653E-03   2.2846342342E+00   2.4088822797E+00   1.9044052931E-03   2.3850868497E+00   2.4438215789E+00   2.0946207953E-03   2.2456251147E+00   2.4002125147E+00   1.5726845578E-03   3.4401087040E-04
   1  -155   0    0  -5.4467672831E-01   8.0025436686E+00   2.2283075832E-04   2.0279435755E+00   2.3884060568E+00   2.0658407182E-04   2.1076719474E+00   2.3566616070E+00   6.2447215889E-04   2.2342155834E+00   2.3946704154E+00   1.6819290925E-03   2.2853024966E+00   2.4092975993E+00   1.9043945224E-03   2.3855550101E+00   2.4442767310E+00   2.0946578138E-03   2.2462533241E+00   2.4006278575E+00   1.5726756632E-03   3.4404077001E-04
   1  -156   0    0  -5.5455630270E-01   8.0034516513E+00   2.2242737595E-04   2.0274782381E+00   2.3886963134E+00   2.0657920833E-04   2.1071874476E+00   2.3569954414E+00   6.2445410159E-04   2.2341082826E+00   2.3950032733E+00   1.6818804576E-03   2.2859735187E+00   2.4097147045E+00   1.9043837267E-03   2.3860250273E+00   2.4447336876E+00   2.0946948948E-03   2.2468832283E+00   2.4010449860E+00   1.5726667480E-03   3.4407080065E-04
   1  -157   0    0  -5.6443493460E-01   8.0043634192E+00   2.2202408744E-04   2.0270101550E+00   2.3889883817E+00   2.0657433989E-04   2.1067020084E+00   2.3573310778E+00   6.2443602585E-04   2.2339998882E+00   2.3953379322E+00   1.6818317731E-03   2.2866471354E+00   2.4101334974E+00   1.9043729087E-03   2.3864967902E+00   2.4451923407E+00   2.0947320290E-03   2.2475146712E+00   2.4014638024E+00   1.5726578143E-03   3.4410095529E-04
   1  -158   0    0  -5.7431267914E-01   8.0052787530E+00   2.2162099705E-04   2.0265394121E+00   2.3892821954E+00   2.0656946772E-04   2.1062157786E+00   2.3576684384E+00   6.2441793631E-04   2.2338904085E+00   2.3956743144E+00   1.6817830515E-03   2.2873231792E+00   2.4105538788E+00   1.9043620712E-03   2.3869701861E+00   2.4456525807E+00   2.0947692068E-03   2.2481474954E+00   2.4018842071E+00   1.5726488646E-03   3.4413122677E-04
   1  -159   0    0  -5.8418959286E-01   8.0061974303E+00   2.2121820874E-04   2.0260660980E+00   2.3895776863E+00   2.0656459308E-04   2.1057289073E+00   2.3580074438E+00   6.2439983760E-04   2.2337798529E+00   2.3960123410E+00   1.6817343051E-03   2.2880014808E+00   2.4109757479E+00   1.9043512169E-03   2.3874451010E+00   2.4461142966E+00   2.0948064189E-03   2.2487815424E+00   2.4023060998E+00   1.5726399009E-03   3.4416160786E-04
   1  -160   0    0  -5.9406573353E-01   8.0071192259E+00   2.2081582610E-04   2.0255903035E+00   2.3898747849E+00   2.0655971722E-04   2.1052415438E+00   2.3583480135E+00   6.2438173436E-04   2.2336682317E+00   2.3963519315E+00   1.6816855465E-03   2.2886818690E+00   2.4113990029E+00   1.9043403485E-03   2.3879214195E+00   2.4465773765E+00   2.0948436556E-03   2.2494166529E+00   2.4027293783E+00   1.5726309257E-03   3.4419209121E-04
   1  -161   0    0  -6.0394116017E-01   8.0080439122E+00   2.2041395227E-04   2.0251121220E+00   2.3901734204E+00   2.0655484139E-04   2.1047538371E+00   2.3586900653E+00   6.2436363122E-04   2.2335555563E+00   2.3966930040E+00   1.6816367882E-03   2.2893641710E+00   2.4118235408E+00   1.9043294689E-03   2.3883990251E+00   2.4470417070E+00   2.0948809075E-03   2.2500526667E+00   2.4031539398E+00   1.5726219411E-03   3.4422266940E-04
   1  -162   0    0  -6.1381593287E-01   8.0089712588E+00   2.2001268981E-04   2.0246316491E+00   2.3904735204E+00   2.0654996684E-04   2.1042659359E+00   2.3590335158E+00   6.2434553283E-04   2.2334418396E+00   2.3970354755E+00   1.6815880427E-03   2.2900482125E+00   2.4122492573E+00   1.9043185808E-03   2.3888778004E+00   2.4475071739E+00   2.0949181649E-03   2.2506894230E+00   2.4035796800E+00   1.5726129496E-03   3.4425333493E-04
   1  -163   0    0  -6.2369011275E-01   8.0099010334E+00   2.1961214071E-04   2.0241489830E+00   2.3907750114E+00   2.0654509481E-04   2.1037779884E+00   2.3593782806E+00   6.2432744382E-04   2.2333270954E+00   2.3973792617E+00   1.6815393225E-03   2.2907338177E+00   2.4126760474E+00   1.9043076871E-03   2.3893576267E+00   2.4479736618E+00   2.0949554185E-03   2.2513267604E+00   2.4040064937E+00   1.5726039534E-03   3.4428408023E-04
   1  -164   0    0  -6.3356376184E-01   8.0108330014E+00   2.1921240621E-04   2.0236642240E+00   2.3910778185E+00   2.0654022656E-04   2.1032901422E+00   2.3597242738E+00   6.2430936881E-04   2.2332113387E+00   2.3977242770E+00   1.6814906400E-03   2.2914208097E+00   2.4131038050E+00   1.9042967904E-03   2.3898383846E+00   2.4484410546E+00   2.0949926585E-03   2.2519645173E+00   2.4044342750E+00   1.5725949548E-03   3.4431489764E-04
   1  -165   0    0  -6.4343694301E-01   8.0117669265E+00   2.1881358680E-04   2.0231774749E+00   2.3913818659E+00   2.0653536332E-04   2.1028025438E+00   2.3600714086E+00   6.2429131243E-04   2.2330945858E+00   2.3980704349E+00   1.6814420076E-03   2.2921090107E+00   2.4135324231E+00   1.9042858937E-03   2.3903199539E+00   2.4489092354E+00   2.0950298755E-03   2.2526025318E+00   2.4048629169E+00   1.5725859561E-03   3.4434577945E-04
   1  -166   0    0  -6.5330971983E-01   8.0127025707E+00   2.1841578210E-04   2.0226888407E+00   2.3916870763E+00   2.0653050634E-04   2.1023153388E+00   2.3604195972E+00   6.2427327928E-04   2.2329768541E+00   2.3984176477E+00   1.6813934378E-03   2.2927982419E+00   2.4139617942E+00   1.9042749997E-03   2.3908022136E+00   2.4493780866E+00   2.0950670599E-03   2.2532406418E+00   2.4052923118E+00   1.5725769597E-03   3.4437671790E-04
   1  -167   0    0  -6.6318215650E-01   8.0136396947E+00   2.1801909082E-04   2.0221984284E+00   2.3919933717E+00   2.0652565685E-04   2.1018286716E+00   2.3607687508E+00   6.2425527393E-04   2.2328581625E+00   2.3987658270E+00   1.6813449429E-03   2.2934883238E+00   2.4143918100E+00   1.9042641113E-03   2.3912850422E+00   2.4498474900E+00   2.0951042022E-03   2.2538786855E+00   2.4057223513E+00   1.5725679679E-03   3.4440770518E-04
   1  -168   0    0  -6.7305431773E-01   8.0145780576E+00   2.1762361062E-04   2.0217063474E+00   2.3923006730E+00   2.0652081607E-04   2.1013426851E+00   2.3611187797E+00   6.2423730093E-04   2.2327385308E+00   2.3991148833E+00   1.6812965351E-03   2.2941790764E+00   2.4148223615E+00   1.9042532313E-03   2.3917683177E+00   2.4503173271E+00   2.0951412930E-03   2.2545165011E+00   2.4061529265E+00   1.5725589830E-03   3.4443873342E-04
   1  -169   0    0  -6.8292626864E-01   8.0155174180E+00   2.1722943813E-04   2.0212127090E+00   2.3926089003E+00   2.0651598523E-04   2.1008575207E+00   2.3614695935E+00   6.2421936483E-04   2.2326179803E+00   2.3994647264E+00   1.6812482267E-03   2.2948703192E+00   2.4152533395E+00   1.9042423624E-03   2.3922519175E+00   2.4507874787E+00   2.0951783228E-03   2.2551539272E+00   2.4065839283E+00   1.5725500074E-03   3.4446979474E-04
   1  -170   0    0  -6.9279807467E-01   8.0164575334E+00   2.1683666878E-04   2.0207176266E+00   2.3929179726E+00   2.0651116554E-04   2.1003733180E+00   2.3618211012E+00   6.2420147012E-04   2.2324965336E+00   2.3998152655E+00   1.6812000298E-03   2.2955618717E+00   2.4156846342E+00   1.9042315075E-03   2.3927357191E+00   2.4512578255E+00   2.0952152823E-03   2.2557908030E+00   2.4070152468E+00   1.5725410432E-03   3.4450088121E-04
   1  -171   0    0  -7.0266980143E-01   8.0173981607E+00   2.1644539679E-04   2.0202212154E+00   2.3932278085E+00   2.0650635819E-04   2.0998902147E+00   2.3621732108E+00   6.2418362126E-04   2.2323742142E+00   2.4001664091E+00   1.6811519564E-03   2.2962535532E+00   2.4161161356E+00   1.9042206693E-03   2.3932195994E+00   2.4517282481E+00   2.0952521621E-03   2.2564269680E+00   2.4074467720E+00   1.5725320929E-03   3.4453198488E-04
   1  -172   0    0  -7.1254151467E-01   8.0183390566E+00   2.1605571507E-04   2.0197235925E+00   2.3935383256E+00   2.0650156439E-04   2.0994083469E+00   2.3625258302E+00   6.2416582269E-04   2.2322510471E+00   2.4005180651E+00   1.6811040184E-03   2.2969451831E+00   2.4165477337E+00   1.9042098506E-03   2.3937034356E+00   2.4521986268E+00   2.0952889529E-03   2.2570622629E+00   2.4078783937E+00   1.5725231587E-03   3.4456309779E-04
   1  -173   0    0  -7.2241328006E-01   8.0192799774E+00   2.1566771516E-04   2.0192248769E+00   2.3938494412E+00   2.0649678532E-04   2.0989278480E+00   2.3628788666E+00   6.2414807880E-04   2.2321270585E+00   2.4008701410E+00   1.6810562277E-03   2.2976365811E+00   2.4169793180E+00   1.9041990542E-03   2.3941871046E+00   2.4526688421E+00   2.0953256456E-03   2.2576965288E+00   2.4083100017E+00   1.5725142429E-03   3.4459421197E-04
   1  -174   0    0  -7.3228516321E-01   8.0202206796E+00   2.1528148716E-04   2.0187251890E+00   2.3941610718E+00   2.0649202214E-04   2.0984488496E+00   2.3632322268E+00   6.2413039392E-04   2.2320022757E+00   2.4012225439E+00   1.6810085959E-03   2.2983275674E+00   2.4174107783E+00   1.9041882829E-03   2.3946704836E+00   2.4531387747E+00   2.0953622310E-03   2.2583296082E+00   2.4087414857E+00   1.5725053477E-03   3.4462531945E-04
   1  -175   0    0  -7.4215722947E-01   8.0211609201E+00   2.1489711966E-04   2.0182246508E+00   2.3944731336E+00   2.0648727602E-04   2.0979714808E+00   2.3635858176E+00   6.2411277234E-04   2.2318767273E+00   2.4015751806E+00   1.6809611347E-03   2.2990179626E+00   2.4178420045E+00   1.9041775392E-03   2.3951534499E+00   2.4536083052E+00   2.0953987002E-03   2.2589613446E+00   2.4091727355E+00   1.5724964755E-03   3.4465641226E-04
   1  -176   0    0  -7.5202954384E-01   8.0221004561E+00   2.1451469967E-04   2.0177233860E+00   2.3947855425E+00   2.0648254808E-04   2.0974958680E+00   2.3639395452E+00   6.2409521832E-04   2.2317504429E+00   2.4019279578E+00   1.6809138553E-03   2.2997075882E+00   2.4182728865E+00   1.9041668260E-03   2.3956358815E+00   2.4540773149E+00   2.0954350441E-03   2.2595915828E+00   2.4096036410E+00   1.5724876284E-03   3.4468748245E-04
   1  -177   0    0  -7.6190217091E-01   8.0230390457E+00   2.1413431254E-04   2.0172215194E+00   2.3950982138E+00   2.0647783947E-04   2.0970221353E+00   2.3642933159E+00   6.2407773604E-04   2.2316234533E+00   2.4022807820E+00   1.6808667692E-03   2.3003962666E+00   2.4187033146E+00   1.9041561460E-03   2.3961176564E+00   2.4545456853E+00   2.0954712540E-03   2.2602201689E+00   2.4100340927E+00   1.5724788086E-03   3.4471852207E-04
   1  -178   0    0  -7.7177517470E-01   8.0239764476E+00   2.1375604194E-04   2.0167191770E+00   2.3954110630E+00   2.0647315129E-04   2.0965504040E+00   2.3646470361E+00   6.2406032962E-04   2.2314957904E+00   2.4026335596E+00   1.6808198875E-03   2.3010838212E+00   2.4191331796E+00   1.9041455017E-03   2.3965986534E+00   2.4550132986E+00   2.0955073211E-03   2.2608469508E+00   2.4104639811E+00   1.5724700184E-03   3.4474952322E-04
   1  -179   0    0  -7.8164861860E-01   8.0249124220E+00   2.1337996973E-04   2.0162164859E+00   2.3957240051E+00   2.0646848464E-04   2.0960807928E+00   2.3650006119E+00   6.2404300313E-04   2.2313674873E+00   2.4029861972E+00   1.6807732210E-03   2.3017700768E+00   2.4195623726E+00   1.9041348958E-03   2.3970787520E+00   2.4554800376E+00   2.0955432367E-03   2.2614717779E+00   2.4108931976E+00   1.5724612599E-03   3.4478047803E-04
   1  -180   0    0  -7.9152256524E-01   8.0258467303E+00   2.1300617598E-04   2.0157135744E+00   2.3960369553E+00   2.0646384059E-04   2.0956134172E+00   2.3653539499E+00   6.2402576056E-04   2.2312385777E+00   2.4033386015E+00   1.6807267805E-03   2.3024548592E+00   2.4199907854E+00   1.9041243309E-03   2.3975578323E+00   2.4559457857E+00   2.0955789926E-03   2.2620945013E+00   2.4113216337E+00   1.5724525353E-03   3.4481137865E-04
   1  -181   0    0  -8.0139707638E-01   8.0267791356E+00   2.1263473884E-04   2.0152105714E+00   2.3963498288E+00   2.0645922021E-04   2.0951483902E+00   2.3657069568E+00   6.2400860585E-04   2.2311090966E+00   2.4036906793E+00   1.6806805767E-03   2.3031379961E+00   2.4204183105E+00   1.9041138095E-03   2.3980357754E+00   2.4564104275E+00   2.0956145802E-03   2.2627149741E+00   2.4117491821E+00   1.5724438466E-03   3.4484221729E-04
   1  -182   0    0  -8.1127221286E-01   8.0277094027E+00   2.1226573450E-04   2.0147076065E+00   2.3966625407E+00   2.0645462452E-04   2.0946858215E+00   2.3660595396E+00   6.2399154284E-04   2.2309790800E+00   2.4040423380E+00   1.6806346198E-03   2.3038193168E+00   2.4208448412E+00   1.9041033342E-03   2.3985124635E+00   2.4568738482E+00   2.0956499913E-03   2.2633330516E+00   2.4121757359E+00   1.5724351959E-03   3.4487298624E-04
   1  -183   0    0  -8.2114803447E-01   8.0286372983E+00   2.1189923718E-04   2.0142048100E+00   2.3969750067E+00   2.0645005456E-04   2.0942258179E+00   2.3664116057E+00   6.2397457533E-04   2.2308485644E+00   2.4043934851E+00   1.6805889202E-03   2.3044986521E+00   2.4212702714E+00   1.9040929074E-03   2.3989877796E+00   2.4573359343E+00   2.0956852180E-03   2.2639485909E+00   2.4126011892E+00   1.5724265854E-03   3.4490367780E-04
   1  -184   0    0  -8.3102459986E-01   8.0295625916E+00   2.1153531902E-04   2.0137023125E+00   2.3972871423E+00   2.0644551130E-04   2.0937684831E+00   2.3667630632E+00   6.2395770700E-04   2.2307175875E+00   2.4047440288E+00   1.6805434877E-03   2.3051758352E+00   2.4216944964E+00   1.9040825317E-03   2.3994616082E+00   2.4577965733E+00   2.0957202523E-03   2.2645614517E+00   2.4130254372E+00   1.5724180169E-03   3.4493428438E-04
   1  -185   0    0  -8.4090196644E-01   8.0304850540E+00   2.1117405005E-04   2.0132002448E+00   2.3975988638E+00   2.0644099574E-04   2.0933139176E+00   2.3671138204E+00   6.2394094147E-04   2.2305861875E+00   2.4050938779E+00   1.6804983320E-03   2.3058507012E+00   2.4221174122E+00   1.9040722093E-03   2.3999338350E+00   2.4582556542E+00   2.0957550864E-03   2.2651714958E+00   2.4134483759E+00   1.5724094925E-03   3.4496479846E-04
   1  -186   0    0  -8.5078019034E-01   8.0314044596E+00   2.1081549816E-04   2.0126987381E+00   2.3979100876E+00   2.0643650882E-04   2.0928622189E+00   2.3674637868E+00   6.2392428228E-04   2.2304544033E+00   2.4054429418E+00   1.6804534628E-03   2.3065230874E+00   2.4225389163E+00   1.9040619426E-03   2.4004043469E+00   2.4587130672E+00   2.0957897128E-03   2.2657785876E+00   2.4138699028E+00   1.5724010142E-03   3.4499521258E-04
   1  -187   0    0  -8.6065932628E-01   8.0323205853E+00   2.1045972904E-04   2.0121979231E+00   2.3982207310E+00   2.0643205147E-04   2.0924134811E+00   2.3678128721E+00   6.2390773288E-04   2.2303222748E+00   2.4057911305E+00   1.6804088893E-03   2.3071928336E+00   2.4229589071E+00   1.9040517340E-03   2.4008730326E+00   2.4591687038E+00   2.0958241240E-03   2.2663825941E+00   2.4142899163E+00   1.5723925838E-03   3.4502551940E-04
   1  -188   0    0  -8.7053942750E-01   8.0332332110E+00   2.1010680611E-04   2.0116979309E+00   2.3985307115E+00   2.0642762458E-04   2.0919677950E+00   2.3681609873E+00   6.2389129660E-04   2.2301898420E+00   2.4061383553E+00   1.6803646205E-03   2.3078597820E+00   2.4233772847E+00   1.9040415857E-03   2.4013397822E+00   2.4596224575E+00   2.0958583129E-03   2.2669833849E+00   2.4147083164E+00   1.5723842032E-03   3.4505571164E-04
   1  -189   0    0  -8.8042054571E-01   8.0341421201E+00   2.0975679055E-04   2.0111988917E+00   2.3988399476E+00   2.0642322905E-04   2.0915252484E+00   2.3685080442E+00   6.2387497672E-04   2.2300571458E+00   2.4064845279E+00   1.6803206651E-03   2.3085237776E+00   2.4237939502E+00   1.9040315000E-03   2.4018044877E+00   2.4600742231E+00   2.0958922723E-03   2.2675808324E+00   2.4151250044E+00   1.5723758742E-03   3.4508578216E-04
   1  -190   0    0  -8.9030273097E-01   8.0350470990E+00   2.0940974119E-04   2.0107009356E+00   2.3991483584E+00   2.0641886571E-04   2.0910859257E+00   2.3688539556E+00   6.2385877639E-04   2.2299242273E+00   2.4068295614E+00   1.6802770318E-03   2.3091846681E+00   2.4242088068E+00   1.9040214789E-03   2.4022670427E+00   2.4605238972E+00   2.0959259955E-03   2.2681748119E+00   2.4155398833E+00   1.5723675986E-03   3.4511572391E-04
   1  -191   0    0  -9.0018603170E-01   8.0359479379E+00   2.0906571454E-04   2.0102041918E+00   2.3994558639E+00   2.0641453540E-04   2.0906499078E+00   2.3691986352E+00   6.2384269867E-04   2.2297911282E+00   2.4071733699E+00   1.6802337287E-03   2.3098423039E+00   2.4246217587E+00   1.9040115245E-03   2.4027273427E+00   2.4609713783E+00   2.0959594758E-03   2.2687652017E+00   2.4159528574E+00   1.5723593782E-03   3.4514552995E-04
   1  -192   0    0  -9.1007049455E-01   8.0368444308E+00   2.0872476472E-04   2.0097087888E+00   2.3997623851E+00   2.0641023891E-04   2.0902172727E+00   2.3695419983E+00   6.2382674654E-04   2.2296578903E+00   2.4075158685E+00   1.6801907638E-03   2.3104965386E+00   2.4250327122E+00   1.9040016390E-03   2.4031852853E+00   2.4614165667E+00   2.0959927067E-03   2.2693518829E+00   2.4163638329E+00   1.5723512146E-03   3.4517519346E-04
   1  -193   0    0  -9.1995616434E-01   8.0377363756E+00   2.0838694345E-04   2.0092148542E+00   2.4000678438E+00   2.0640597702E-04   2.0897880949E+00   2.3698839612E+00   6.2381092286E-04   2.2295245559E+00   2.4078569738E+00   1.6801481449E-03   2.3111472289E+00   2.4254415752E+00   1.9039918242E-03   2.4036407701E+00   2.4618593650E+00   2.0960256820E-03   2.2699347401E+00   2.4167727178E+00   1.5723431094E-03   3.4520470777E-04
   1  -194   0    0  -9.2984308409E-01   8.0386235742E+00   2.0805230001E-04   2.0087225143E+00   2.4003721632E+00   2.0640175047E-04   2.0893624455E+00   2.3702244414E+00   6.2379523037E-04   2.2293911673E+00   2.4081966036E+00   1.6801058794E-03   2.3117942348E+00   2.4258482575E+00   1.9039820822E-03   2.4040936988E+00   2.4622996775E+00   2.0960583957E-03   2.2705136608E+00   2.4171794219E+00   1.5723350643E-03   3.4523406632E-04
   1  -195   0    0  -9.3973129486E-01   8.0395058330E+00   2.0772088126E-04   2.0082318944E+00   2.4006752673E+00   2.0639755996E-04   2.0889403926E+00   2.3705633582E+00   6.2377967172E-04   2.2292577670E+00   2.4085346772E+00   1.6800639743E-03   2.3124374194E+00   2.4262526708E+00   1.9039724147E-03   2.4045439753E+00   2.4627374109E+00   2.0960908419E-03   2.2710885358E+00   2.4175838568E+00   1.5723270808E-03   3.4526326269E-04
   1  -196   0    0  -9.4962083579E-01   8.0403829626E+00   2.0739273160E-04   2.0077431182E+00   2.4009770816E+00   2.0639340619E-04   2.0885220007E+00   2.3709006321E+00   6.2376424947E-04   2.2291243975E+00   2.4088711152E+00   1.6800224367E-03   2.3130766494E+00   2.4266547288E+00   1.9039628236E-03   2.4049915059E+00   2.4631724741E+00   2.0961230150E-03   2.2716592595E+00   2.4179859363E+00   1.5723191603E-03   3.4529229061E-04
   1  -197   0    0  -9.5951174405E-01   8.0412547783E+00   2.0706789293E-04   2.0072563078E+00   2.4012775326E+00   2.0638928981E-04   2.0881073314E+00   2.3712361852E+00   6.2374896604E-04   2.2289911014E+00   2.4092058398E+00   1.6799812729E-03   2.3137117949E+00   2.4270543472E+00   1.9039533106E-03   2.4054361992E+00   2.4636047782E+00   2.0961549097E-03   2.2722257293E+00   2.4183855760E+00   1.5723113043E-03   3.4532114396E-04
   1  -198   0    0  -9.6940405475E-01   8.0421211000E+00   2.0674640472E-04   2.0067715839E+00   2.4015765485E+00   2.0638521145E-04   2.0876964428E+00   2.3715699413E+00   6.2373382376E-04   2.2288579212E+00   2.4095387751E+00   1.6799404892E-03   2.3143427298E+00   2.4274514440E+00   1.9039438773E-03   2.4058779662E+00   2.4640342368E+00   2.0961865209E-03   2.2727878463E+00   2.4187826940E+00   1.5723035142E-03   3.4534981676E-04
   1  -199   0    0  -9.7929780101E-01   8.0429817526E+00   2.0642830392E-04   2.0062890649E+00   2.4018740585E+00   2.0638117169E-04   2.0872893899E+00   2.3719018257E+00   6.2371882483E-04   2.2287248991E+00   2.4098698464E+00   1.6799000917E-03   2.3149693313E+00   2.4278459392E+00   1.9039345254E-03   2.4063167205E+00   2.4644607659E+00   2.0962178435E-03   2.2733455152E+00   2.4191772101E+00   1.5722957913E-03   3.4537830320E-04
   1  -200   0    0  -9.8919301383E-01   8.0438365658E+00   2.0611362503E-04   2.0058088678E+00   2.4021699937E+00   2.0637717111E-04   2.0868862246E+00   2.3722317657E+00   6.2370397135E-04   2.2285920772E+00   2.4101989811E+00   1.6798600859E-03   2.3155914808E+00   2.4282377551E+00   1.9039252565E-03   2.4067523781E+00   2.4648842838E+00   2.0962488730E-03   2.2738986440E+00   2.4195690468E+00   1.5722881368E-03   3.4540659762E-04
   1  -201   0    0  -9.9908972217E-01   8.0446853745E+00   2.0580240006E-04   2.0053311070E+00   2.4024642865E+00   2.0637321024E-04   2.0864869955E+00   2.3725596902E+00   6.2368926531E-04   2.2284594974E+00   2.4105261084E+00   1.6798204772E-03   2.3162090631E+00   2.4286268163E+00   1.9039160718E-03   2.4071848579E+00   2.4653047116E+00   2.0962796048E-03   2.2744471444E+00   2.4199581286E+00   1.5722805521E-03   3.4543469455E-04
   1  -202  -4    4  -9.9999993521E-01   8.0447631269E+00   2.0577395316E-04   2.0052872966E+00   2.4024912659E+00   2.0637284800E-04   2.0864504802E+00   2.3725897437E+00   6.2368792036E-04   2.2284473185E+00   2.4105560889E+00   1.6798168548E-03   2.3162656250E+00   2.4286624549E+00   1.9039152315E-03   2.4072244680E+00   2.4653432179E+00   2.0962824159E-03   2.2744973511E+00   2.4199937691E+00   1.5722798581E-03   3.4543726834E-04
