
   1    -1   0    0   9.9999999791E-01   7.9409325002E+00   2.5527630098E-04   2.0589641356E+00   2.3704033308E+00   2.0683628564E-04   2.1416270781E+00   2.3351589715E+00   6.2540858640E-04   2.2404172892E+00   2.3732183358E+00   1.6844512301E-03   2.2394588207E+00   2.3807442130E+00   1.9049390847E-03   2.3531919418E+00   2.4128090327E+00   2.0927555885E-03   2.2000160191E+00   2.3720733263E+00   1.5731253703E-03   3.4199933232E-04
   1    -2   0    0   9.8000128441E-01   7.9410617469E+00   2.5519658991E-04   2.0588976614E+00   2.3704367791E+00   2.0683628564E-04   2.1415562269E+00   2.3352009955E+00   6.2540858640E-04   2.2404073787E+00   2.3732603598E+00   1.6844512301E-03   2.2395549867E+00   2.3808042912E+00   1.9049390847E-03   2.3532597961E+00   2.4128750253E+00   2.0927555885E-03   2.2001251902E+00   2.3721334045E+00   1.5731253703E-03   3.4200357648E-04
   1    -3   0    0   9.7000197224E-01   7.9411285792E+00   2.5515539027E-04   2.0588632937E+00   2.3704540838E+00   2.0683628564E-04   2.1415195890E+00   2.3352227327E+00   6.2540858640E-04   2.2404022452E+00   2.3732820970E+00   1.6844512301E-03   2.2396047169E+00   2.3808353599E+00   1.9049390847E-03   2.3532948845E+00   2.4129091509E+00   2.0927555885E-03   2.2001816025E+00   2.3721644733E+00   1.5731253703E-03   3.4200577133E-04
   1    -4   0    0   9.6000269157E-01   7.9411969273E+00   2.5511326892E-04   2.0588281503E+00   2.3704717874E+00   2.0683628564E-04   2.1414821191E+00   2.3352449679E+00   6.2540858640E-04   2.2403969891E+00   2.3733043322E+00   1.6844512301E-03   2.2396555777E+00   2.3808671354E+00   1.9049390847E-03   2.3533307699E+00   2.4129440517E+00   2.0927555885E-03   2.2002392669E+00   2.3721962488E+00   1.5731253703E-03   3.4200801613E-04
   1    -5   0    0   9.5000344382E-01   7.9412668248E+00   2.5507020622E-04   2.0587922142E+00   2.3704898988E+00   2.0683628564E-04   2.1414437988E+00   2.3352677123E+00   6.2540858640E-04   2.2403916073E+00   2.3733270766E+00   1.6844512301E-03   2.2397075940E+00   2.3808996333E+00   1.9049390847E-03   2.3533674699E+00   2.4129797447E+00   2.0927555885E-03   2.2002982099E+00   2.3722287467E+00   1.5731253703E-03   3.4201031199E-04
   1    -6   0    0   9.4000423048E-01   7.9413383055E+00   2.5502618211E-04   2.0587554683E+00   2.3705084275E+00   2.0683628564E-04   2.1414046093E+00   2.3352909772E+00   6.2540858640E-04   2.2403860968E+00   2.3733503416E+00   1.6844512301E-03   2.2397607915E+00   2.3809328696E+00   1.9049390847E-03   2.3534050023E+00   2.4130162474E+00   2.0927555885E-03   2.2003584583E+00   2.3722619829E+00   1.5731253703E-03   3.4201266002E-04
   1    -7   0    0   9.3000505309E-01   7.9414114043E+00   2.5498117617E-04   2.0587178949E+00   2.3705273827E+00   2.0683628564E-04   2.1413645315E+00   2.3353147744E+00   6.2540858640E-04   2.2403804546E+00   2.3733741388E+00   1.6844512301E-03   2.2398151960E+00   2.3809668604E+00   1.9049390847E-03   2.3534433856E+00   2.4130535775E+00   2.0927555885E-03   2.2004200395E+00   2.3722959738E+00   1.5731253703E-03   3.4201506139E-04
   1    -8   0    0   9.2000591325E-01   7.9414861565E+00   2.5493516759E-04   2.0586794761E+00   2.3705467741E+00   2.0683628564E-04   2.1413235459E+00   2.3353391157E+00   6.2540858640E-04   2.2403746774E+00   2.3733984801E+00   1.6844512301E-03   2.2398708341E+00   2.3810016224E+00   1.9049390847E-03   2.3534826384E+00   2.4130917532E+00   2.0927555885E-03   2.2004829814E+00   2.3723307358E+00   1.5731253703E-03   3.4201751727E-04
   1    -9   0    0   9.1000681265E-01   7.9415625983E+00   2.5488813518E-04   2.0586401936E+00   2.3705666117E+00   2.0683628564E-04   2.1412816325E+00   2.3353640133E+00   6.2540858640E-04   2.2403687619E+00   2.3734233777E+00   1.6844512301E-03   2.2399277330E+00   2.3810371727E+00   1.9049390847E-03   2.3535227797E+00   2.4131307931E+00   2.0927555885E-03   2.2005473124E+00   2.3723662860E+00   1.5731253703E-03   3.4202002886E-04
   1   -10   0    0   9.0000775304E-01   7.9416407665E+00   2.5484005736E-04   2.0586000288E+00   2.3705869055E+00   2.0683628564E-04   2.1412387711E+00   2.3353894796E+00   6.2540858640E-04   2.2403627049E+00   2.3734488440E+00   1.6844512301E-03   2.2399859202E+00   2.3810735284E+00   1.9049390847E-03   2.3535638289E+00   2.4131707160E+00   2.0927555885E-03   2.2006130613E+00   2.3724026417E+00   1.5731253703E-03   3.4202259738E-04
   1   -11   0    0   8.9000873625E-01   7.9417206988E+00   2.5479091215E-04   2.0585589626E+00   2.3706076659E+00   2.0683628564E-04   2.1411949409E+00   2.3354155273E+00   6.2540858640E-04   2.2403565029E+00   2.3734748916E+00   1.6844512301E-03   2.2400454240E+00   2.3811107072E+00   1.9049390847E-03   2.3536058059E+00   2.4132115413E+00   2.0927555885E-03   2.2006802576E+00   2.3724398206E+00   1.5731253703E-03   3.4202522408E-04
   1   -12   0    0   8.8000976419E-01   7.9418024334E+00   2.5474067716E-04   2.0585169756E+00   2.3706289033E+00   2.0683628564E-04   2.1411501206E+00   2.3354421692E+00   6.2540858640E-04   2.2403501524E+00   2.3735015335E+00   1.6844512301E-03   2.2401062731E+00   2.3811487271E+00   1.9049390847E-03   2.3536487309E+00   2.4132532885E+00   2.0927555885E-03   2.2007489312E+00   2.3724778405E+00   1.5731253703E-03   3.4202791024E-04
   1   -13   0    0   8.7001083886E-01   7.9418860096E+00   2.5468932960E-04   2.0584740481E+00   2.3706506284E+00   2.0683628564E-04   2.1411042888E+00   2.3354694186E+00   6.2540858640E-04   2.2403436498E+00   2.3735287830E+00   1.6844512301E-03   2.2401684969E+00   2.3811876065E+00   1.9049390847E-03   2.3536926245E+00   2.4132959777E+00   2.0927555885E-03   2.2008191126E+00   2.3725167199E+00   1.5731253703E-03   3.4203065715E-04
   1   -14   0    0   8.6001196232E-01   7.9419714673E+00   2.5463684629E-04   2.0584301599E+00   2.3706728524E+00   2.0683628564E-04   2.1410574234E+00   2.3354972890E+00   6.2540858640E-04   2.2403369914E+00   2.3735566534E+00   1.6844512301E-03   2.2402321254E+00   2.3812273642E+00   1.9049390847E-03   2.3537375077E+00   2.4133396295E+00   2.0927555885E-03   2.2008908329E+00   2.3725564775E+00   1.5731253703E-03   3.4203346613E-04
   1   -15   0    0   8.5001313675E-01   7.9420588469E+00   2.5458320362E-04   2.0583852904E+00   2.3706955863E+00   2.0683628564E-04   2.1410095018E+00   2.3355257941E+00   6.2540858640E-04   2.2403301736E+00   2.3735851585E+00   1.6844512301E-03   2.2402971889E+00   2.3812680191E+00   1.9049390847E-03   2.3537834020E+00   2.4133842645E+00   2.0927555885E-03   2.2009641236E+00   2.3725971325E+00   1.5731253703E-03   3.4203633855E-04
   1   -16   0    0   8.4001436440E-01   7.9421481902E+00   2.5452837755E-04   2.0583394188E+00   2.3707188417E+00   2.0683628564E-04   2.1409605014E+00   2.3355549480E+00   6.2540858640E-04   2.2403231923E+00   2.3736143124E+00   1.6844512301E-03   2.2403637187E+00   2.3813095909E+00   1.9049390847E-03   2.3538303293E+00   2.4134299042E+00   2.0927555885E-03   2.2010390169E+00   2.3726387042E+00   1.5731253703E-03   3.4203927578E-04
   1   -17   0    0   8.3001564762E-01   7.9422395393E+00   2.5447234366E-04   2.0582925237E+00   2.3707426303E+00   2.0683628564E-04   2.1409103985E+00   2.3355847650E+00   6.2540858640E-04   2.2403160438E+00   2.3736441293E+00   1.6844512301E-03   2.2404317466E+00   2.3813520993E+00   1.9049390847E-03   2.3538783118E+00   2.4134765701E+00   2.0927555885E-03   2.2011155453E+00   2.3726812126E+00   1.5731253703E-03   3.4204227922E-04
   1   -18   0    0   8.2001698888E-01   7.9423329372E+00   2.5441507706E-04   2.0582445833E+00   2.3707669639E+00   2.0683628564E-04   2.1408591695E+00   2.3356152597E+00   6.2540858640E-04   2.2403087238E+00   2.3736746240E+00   1.6844512301E-03   2.2405013047E+00   2.3813955646E+00   1.9049390847E-03   2.3539273722E+00   2.4135242844E+00   2.0927555885E-03   2.2011937422E+00   2.3727246779E+00   1.5731253703E-03   3.4204535031E-04
   1   -19   0    0   8.1001839073E-01   7.9424284281E+00   2.5435655246E-04   2.0581955755E+00   2.3707918548E+00   2.0683628564E-04   2.1408067900E+00   2.3356464470E+00   6.2540858640E-04   2.2403012285E+00   2.3737058113E+00   1.6844512301E-03   2.2405724263E+00   2.3814400074E+00   1.9049390847E-03   2.3539775337E+00   2.4135730696E+00   2.0927555885E-03   2.2012736413E+00   2.3727691208E+00   1.5731253703E-03   3.4204849051E-04
   1   -20   0    0   8.0001985584E-01   7.9425260565E+00   2.5429674414E-04   2.0581454778E+00   2.3708173155E+00   2.0683628564E-04   2.1407532353E+00   2.3356783421E+00   6.2540858640E-04   2.2402935534E+00   2.3737377064E+00   1.6844512301E-03   2.2406451448E+00   2.3814854489E+00   1.9049390847E-03   2.3540288200E+00   2.4136229486E+00   2.0927555885E-03   2.2013552770E+00   2.3728145622E+00   1.5731253703E-03   3.4205170131E-04
   1   -21   0    0   7.9002138699E-01   7.9426258681E+00   2.5423562596E-04   2.0580942671E+00   2.3708433585E+00   2.0683628564E-04   2.1406984801E+00   2.3357109606E+00   6.2540858640E-04   2.2402856943E+00   2.3737703249E+00   1.6844512301E-03   2.2407194945E+00   2.3815319104E+00   1.9049390847E-03   2.3540812550E+00   2.4136739449E+00   2.0927555885E-03   2.2014386843E+00   2.3728610237E+00   1.5731253703E-03   3.4205498423E-04
   1   -22   0    0   7.8002298708E-01   7.9427279093E+00   2.5417317130E-04   2.0580419201E+00   2.3708699970E+00   2.0683628564E-04   2.1406424987E+00   2.3357443183E+00   6.2540858640E-04   2.2402776467E+00   2.3738036826E+00   1.6844512301E-03   2.2407955105E+00   2.3815794138E+00   1.9049390847E-03   2.3541348632E+00   2.4137260823E+00   2.0927555885E-03   2.2015238986E+00   2.3729085271E+00   1.5731253703E-03   3.4205834081E-04
   1   -23   0    0   7.7002465912E-01   7.9428322276E+00   2.5410935316E-04   2.0579884130E+00   2.3708972442E+00   2.0683628564E-04   2.1405852648E+00   2.3357784314E+00   6.2540858640E-04   2.2402694061E+00   2.3738377957E+00   1.6844512301E-03   2.2408732282E+00   2.3816279814E+00   1.9049390847E-03   2.3541896697E+00   2.4137793849E+00   2.0927555885E-03   2.2016109561E+00   2.3729570947E+00   1.5731253703E-03   3.4206177263E-04
   1   -24   0    0   7.6002640626E-01   7.9429388712E+00   2.5404414405E-04   2.0579337214E+00   2.3709251135E+00   2.0683628564E-04   2.1405267518E+00   2.3358133162E+00   6.2540858640E-04   2.2402609678E+00   2.3738726806E+00   1.6844512301E-03   2.2409526839E+00   2.3816776358E+00   1.9049390847E-03   2.3542456998E+00   2.4138338777E+00   2.0927555885E-03   2.2016998934E+00   2.3730067492E+00   1.5731253703E-03   3.4206528130E-04
   1   -25   0    0   7.5002823178E-01   7.9430478891E+00   2.5397751608E-04   2.0578778206E+00   2.3709536188E+00   2.0683628564E-04   2.1404669324E+00   2.3358489897E+00   6.2540858640E-04   2.2402523272E+00   2.3739083541E+00   1.6844512301E-03   2.2410339146E+00   2.3817284002E+00   1.9049390847E-03   2.3543029795E+00   2.4138895857E+00   2.0927555885E-03   2.2017907478E+00   2.3730575136E+00   1.5731253703E-03   3.4206886845E-04
   1   -26   0    0   7.4003013909E-01   7.9431593313E+00   2.5390944090E-04   2.0578206856E+00   2.3709827741E+00   2.0683628564E-04   2.1404057789E+00   2.3358854690E+00   6.2540858640E-04   2.2402434794E+00   2.3739448333E+00   1.6844512301E-03   2.2411169578E+00   2.3817802982E+00   1.9049390847E-03   2.3543615351E+00   2.4139465346E+00   2.0927555885E-03   2.2018835572E+00   2.3731094116E+00   1.5731253703E-03   3.4207253576E-04
   1   -27   0    0   7.3003213173E-01   7.9432732488E+00   2.5383988972E-04   2.0577622906E+00   2.3710125939E+00   2.0683628564E-04   2.1403432629E+00   2.3359227714E+00   6.2540858640E-04   2.2402344193E+00   2.3739821357E+00   1.6844512301E-03   2.2412018520E+00   2.3818333537E+00   1.9049390847E-03   2.3544213935E+00   2.4140047506E+00   2.0927555885E-03   2.2019783601E+00   2.3731624670E+00   1.5731253703E-03   3.4207628491E-04
   1   -28   0    0   7.2003421342E-01   7.9433896935E+00   2.5376883331E-04   2.0577026097E+00   2.3710430927E+00   2.0683628564E-04   2.1402793558E+00   2.3359609148E+00   6.2540858640E-04   2.2402251420E+00   2.3740202792E+00   1.6844512301E-03   2.2412886361E+00   2.3818875911E+00   1.9049390847E-03   2.3544825820E+00   2.4140642601E+00   2.0927555885E-03   2.2020751954E+00   2.3732167044E+00   1.5731253703E-03   3.4208011764E-04
   1   -29   0    0   7.1003638800E-01   7.9435087181E+00   2.5369624198E-04   2.0576416164E+00   2.3710742855E+00   2.0683628564E-04   2.1402140281E+00   2.3359999174E+00   6.2540858640E-04   2.2402156421E+00   2.3740592818E+00   1.6844512301E-03   2.2413773498E+00   2.3819430353E+00   1.9049390847E-03   2.3545451284E+00   2.4141250904E+00   2.0927555885E-03   2.2021741028E+00   2.3732721486E+00   1.5731253703E-03   3.4208403571E-04
   1   -30   0    0   7.0003865948E-01   7.9436303762E+00   2.5362208563E-04   2.0575792837E+00   2.3711061876E+00   2.0683628564E-04   2.1401472501E+00   2.3360397976E+00   6.2540858640E-04   2.2402059145E+00   2.3740991620E+00   1.6844512301E-03   2.2414680336E+00   2.3819997116E+00   1.9049390847E-03   2.3546090611E+00   2.4141872689E+00   2.0927555885E-03   2.2022751226E+00   2.3733288249E+00   1.5731253703E-03   3.4208804092E-04
   1   -31   0    0   6.9004103203E-01   7.9437547227E+00   2.5354633369E-04   2.0575155842E+00   2.3711388145E+00   2.0683628564E-04   2.1400789913E+00   2.3360805743E+00   6.2540858640E-04   2.2401959535E+00   2.3741399387E+00   1.6844512301E-03   2.2415607287E+00   2.3820576457E+00   1.9049390847E-03   2.3546744089E+00   2.4142508236E+00   2.0927555885E-03   2.2023782957E+00   2.3733867591E+00   1.5731253703E-03   3.4209213508E-04
   1   -32   0    0   6.8004351000E-01   7.9438818130E+00   2.5346895515E-04   2.0574504899E+00   2.3711721820E+00   2.0683628564E-04   2.1400092208E+00   2.3361222667E+00   6.2540858640E-04   2.2401857538E+00   2.3741816310E+00   1.6844512301E-03   2.2416554769E+00   2.3821168640E+00   1.9049390847E-03   2.3547412011E+00   2.4143157830E+00   2.0927555885E-03   2.2024836634E+00   2.3734459773E+00   1.5731253703E-03   3.4209632005E-04
   1   -33   0    0   6.7004609790E-01   7.9440117038E+00   2.5338991858E-04   2.0573839725E+00   2.3712063064E+00   2.0683628564E-04   2.1399379071E+00   2.3361648942E+00   6.2540858640E-04   2.2401753096E+00   2.3742242586E+00   1.6844512301E-03   2.2417523209E+00   2.3821773929E+00   1.9049390847E-03   2.3548094675E+00   2.4143821763E+00   2.0927555885E-03   2.2025912678E+00   2.3735065063E+00   1.5731253703E-03   3.4210059773E-04
   1   -34   0    0   6.6004880043E-01   7.9441444525E+00   2.5330919210E-04   2.0573160033E+00   2.3712412041E+00   2.0683628564E-04   2.1398650181E+00   2.3362084769E+00   6.2540858640E-04   2.2401646150E+00   2.3742678412E+00   1.6844512301E-03   2.2418513040E+00   2.3822392598E+00   1.9049390847E-03   2.3548792384E+00   2.4144500328E+00   2.0927555885E-03   2.2027011516E+00   2.3735683732E+00   1.5731253703E-03   3.4210497003E-04
   1   -35   0    0   6.5005162249E-01   7.9442801177E+00   2.5322674340E-04   2.0572465528E+00   2.3712768919E+00   2.0683628564E-04   2.1397905213E+00   2.3362530350E+00   6.2540858640E-04   2.2401536642E+00   2.3743123993E+00   1.6844512301E-03   2.2419524704E+00   2.3823024922E+00   1.9049390847E-03   2.3549505448E+00   2.4145193826E+00   2.0927555885E-03   2.2028133580E+00   2.3736316055E+00   1.5731253703E-03   3.4210943891E-04
   1   -36   0    0   6.4005456914E-01   7.9444187589E+00   2.5314253974E-04   2.0571755912E+00   2.3713133870E+00   2.0683628564E-04   2.1397143833E+00   2.3362985891E+00   6.2540858640E-04   2.2401424510E+00   2.3743579535E+00   1.6844512301E-03   2.2420558648E+00   2.3823671181E+00   1.9049390847E-03   2.3550234179E+00   2.4145902561E+00   2.0927555885E-03   2.2029279308E+00   2.3736962314E+00   1.5731253703E-03   3.4211400636E-04
   1   -37   0    0   6.3005764568E-01   7.9445604365E+00   2.5305654794E-04   2.0571030884E+00   2.3713507067E+00   2.0683628564E-04   2.1396365706E+00   2.3363451604E+00   6.2540858640E-04   2.2401309693E+00   2.3744045247E+00   1.6844512301E-03   2.2421615329E+00   2.3824331661E+00   1.9049390847E-03   2.3550978896E+00   2.4146626844E+00   2.0927555885E-03   2.2030449145E+00   2.3737622794E+00   1.5731253703E-03   3.4211867440E-04
   1   -38   0    0   6.2006085760E-01   7.9447052120E+00   2.5296873441E-04   2.0570290136E+00   2.3713888690E+00   2.0683628564E-04   2.1395570488E+00   2.3363927701E+00   6.2540858640E-04   2.2401192127E+00   2.3744521344E+00   1.6844512301E-03   2.2422695211E+00   2.3825006651E+00   1.9049390847E-03   2.3551739924E+00   2.4147366990E+00   2.0927555885E-03   2.2031643541E+00   2.3738297785E+00   1.5731253703E-03   3.4212344509E-04
   1   -39   0    0   6.1006421061E-01   7.9448531478E+00   2.5287906516E-04   2.0569533355E+00   2.3714278919E+00   2.0683628564E-04   2.1394757829E+00   2.3364414401E+00   6.2540858640E-04   2.2401071747E+00   2.3745008044E+00   1.6844512301E-03   2.2423798764E+00   2.3825696448E+00   1.9049390847E-03   2.3552517591E+00   2.4148123318E+00   2.0927555885E-03   2.2032862953E+00   2.3738987582E+00   1.5731253703E-03   3.4212832051E-04
   1   -40   0    0   6.0006771063E-01   7.9450043074E+00   2.5278750574E-04   2.0568760224E+00   2.3714677938E+00   2.0683628564E-04   2.1393927374E+00   2.3364911925E+00   6.2540858640E-04   2.2400948486E+00   2.3745505568E+00   1.6844512301E-03   2.2424926468E+00   2.3826401350E+00   1.9049390847E-03   2.3553312232E+00   2.4148896155E+00   2.0927555885E-03   2.2034107842E+00   2.3739692484E+00   1.5731253703E-03   3.4213330280E-04
   1   -41   0    0   5.9007136384E-01   7.9451587551E+00   2.5269402136E-04   2.0567970421E+00   2.3715085936E+00   2.0683628564E-04   2.1393078764E+00   2.3365420498E+00   6.2540858640E-04   2.2400822278E+00   2.3746014142E+00   1.6844512301E-03   2.2426078809E+00   2.3827121662E+00   1.9049390847E-03   2.3554124186E+00   2.4149685829E+00   2.0927555885E-03   2.2035378675E+00   2.3740412795E+00   1.5731253703E-03   3.4213839410E-04
   1   -42   0    0   5.8007517662E-01   7.9453165565E+00   2.5259857677E-04   2.0567163619E+00   2.3715503105E+00   2.0683628564E-04   2.1392211631E+00   2.3365940351E+00   6.2540858640E-04   2.2400693053E+00   2.3746533995E+00   1.6844512301E-03   2.2427256281E+00   2.3827857692E+00   1.9049390847E-03   2.3554953797E+00   2.4150492676E+00   2.0927555885E-03   2.2036675928E+00   2.3741148826E+00   1.5731253703E-03   3.4214359661E-04
   1   -43   0    0   5.7007915563E-01   7.9454777779E+00   2.5250113638E-04   2.0566339487E+00   2.3715929638E+00   2.0683628564E-04   2.1391325603E+00   2.3366471716E+00   6.2540858640E-04   2.2400560741E+00   2.3747065360E+00   1.6844512301E-03   2.2428459386E+00   2.3828609756E+00   1.9049390847E-03   2.3555801417E+00   2.4151317037E+00   2.0927555885E-03   2.2038000079E+00   2.3741900889E+00   1.5731253703E-03   3.4214891255E-04
   1   -44   0    0   5.6008330777E-01   7.9456424867E+00   2.5240166420E-04   2.0565497687E+00   2.3716365736E+00   2.0683628564E-04   2.1390420302E+00   2.3367014831E+00   6.2540858640E-04   2.2400425268E+00   2.3747608475E+00   1.6844512301E-03   2.2429688633E+00   2.3829378171E+00   1.9049390847E-03   2.3556667399E+00   2.4152159257E+00   2.0927555885E-03   2.2039351612E+00   2.3742669304E+00   1.5731253703E-03   3.4215434418E-04
   1   -45   0    0   5.5008764020E-01   7.9458107514E+00   2.5230012386E-04   2.0564637878E+00   2.3716811598E+00   2.0683628564E-04   2.1389495343E+00   2.3367569936E+00   6.2540858640E-04   2.2400286563E+00   2.3748163580E+00   1.6844512301E-03   2.2430944539E+00   2.3830163260E+00   1.9049390847E-03   2.3557552104E+00   2.4153019687E+00   2.0927555885E-03   2.2040731019E+00   2.3743454394E+00   1.5731253703E-03   3.4215989381E-04
   1   -46   0    0   5.4009216034E-01   7.9459826413E+00   2.5219647866E-04   2.0563759714E+00   2.3717267432E+00   2.0683628564E-04   2.1388550337E+00   2.3368137277E+00   6.2540858640E-04   2.2400144549E+00   2.3748730921E+00   1.6844512301E-03   2.2432227629E+00   2.3830965353E+00   1.9049390847E-03   2.3558455898E+00   2.4153898681E+00   2.0927555885E-03   2.2042138794E+00   2.3744256486E+00   1.5731253703E-03   3.4216556374E-04
   1   -47   0    0   5.3009687591E-01   7.9461582269E+00   2.5209069154E-04   2.0562862844E+00   2.3717733446E+00   2.0683628564E-04   2.1387584887E+00   2.3368717103E+00   6.2540858640E-04   2.2399999150E+00   2.3749310746E+00   1.6844512301E-03   2.2433538435E+00   2.3831784781E+00   1.9049390847E-03   2.3559379152E+00   2.4154796600E+00   2.0927555885E-03   2.2043575440E+00   2.3745075915E+00   1.5731253703E-03   3.4217135635E-04
   1   -48   0    0   5.2010179491E-01   7.9463375794E+00   2.5198272509E-04   2.0561946911E+00   2.3718209853E+00   2.0683628564E-04   2.1386598592E+00   2.3369309666E+00   6.2540858640E-04   2.2399850288E+00   2.3749903309E+00   1.6844512301E-03   2.2434877497E+00   2.3832621883E+00   1.9049390847E-03   2.3560322240E+00   2.4155713810E+00   2.0927555885E-03   2.2045041463E+00   2.3745913017E+00   1.5731253703E-03   3.4217727404E-04
   1   -49   0    0   5.1010692563E-01   7.9465207713E+00   2.5187254161E-04   2.0561011556E+00   2.3718696869E+00   2.0683628564E-04   2.1385591044E+00   2.3369915223E+00   6.2540858640E-04   2.2399697883E+00   2.3750508866E+00   1.6844512301E-03   2.2436245363E+00   2.3833477001E+00   1.9049390847E-03   2.3561285544E+00   2.4156650680E+00   2.0927555885E-03   2.2046537375E+00   2.3746768135E+00   1.5731253703E-03   3.4218331921E-04
   1   -50   0    0   5.0011227665E-01   7.9467078759E+00   2.5176010307E-04   2.0560056412E+00   2.3719194714E+00   2.0683628564E-04   2.1384561829E+00   2.3370534035E+00   6.2540858640E-04   2.2399541853E+00   2.3751127679E+00   1.6844512301E-03   2.2437642586E+00   2.3834350482E+00   1.9049390847E-03   2.3562269449E+00   2.4157607587E+00   2.0927555885E-03   2.2048063691E+00   2.3747641616E+00   1.5731253703E-03   3.4218949435E-04
   1   -51   0    0   4.9011785690E-01   7.9468989673E+00   2.5164537116E-04   2.0559081109E+00   2.3719703611E+00   2.0683628564E-04   2.1383510528E+00   2.3371166368E+00   6.2540858640E-04   2.2399382116E+00   2.3751760011E+00   1.6844512301E-03   2.2439069729E+00   2.3835242677E+00   1.9049390847E-03   2.3563274346E+00   2.4158584909E+00   2.0927555885E-03   2.2049620933E+00   2.3748533811E+00   1.5731253703E-03   3.4219580194E-04
   1   -52   0    0   4.8012367559E-01   7.9470941209E+00   2.5152830732E-04   2.0558085273E+00   2.3720223789E+00   2.0683628564E-04   2.1382436716E+00   2.3371812489E+00   6.2540858640E-04   2.2399218586E+00   2.3752406132E+00   1.6844512301E-03   2.2440527362E+00   2.3836153943E+00   1.9049390847E-03   2.3564300631E+00   2.4159583032E+00   2.0927555885E-03   2.2051209629E+00   2.3749445076E+00   1.5731253703E-03   3.4220224452E-04
   1   -53   0    0   4.7012974229E-01   7.9472934127E+00   2.5140887269E-04   2.0557068524E+00   2.3720755477E+00   2.0683628564E-04   2.1381339962E+00   2.3372472671E+00   6.2540858640E-04   2.2399051179E+00   2.3753066315E+00   1.6844512301E-03   2.2442016062E+00   2.3837084639E+00   1.9049390847E-03   2.3565348704E+00   2.4160602346E+00   2.0927555885E-03   2.2052830307E+00   2.3750375773E+00   1.5731253703E-03   3.4220882463E-04
   1   -54   0    0   4.6013606690E-01   7.9474969198E+00   2.5128702822E-04   2.0556030478E+00   2.3721298910E+00   2.0683628564E-04   2.1380219830E+00   2.3373147191E+00   6.2540858640E-04   2.2398879804E+00   2.3753740835E+00   1.6844512301E-03   2.2443536411E+00   2.3838035132E+00   1.9049390847E-03   2.3566418970E+00   2.4161643243E+00   2.0927555885E-03   2.2054483504E+00   2.3751326265E+00   1.5731253703E-03   3.4221554487E-04
   1   -55   0    0   4.5014265965E-01   7.9477047202E+00   2.5116273463E-04   2.0554970747E+00   2.3721854327E+00   2.0683628564E-04   2.1379075877E+00   2.3373836330E+00   6.2540858640E-04   2.2398704374E+00   2.3754429973E+00   1.6844512301E-03   2.2445089001E+00   2.3839005789E+00   1.9049390847E-03   2.3567511839E+00   2.4162706122E+00   2.0927555885E-03   2.2056169759E+00   2.3752296923E+00   1.5731253703E-03   3.4222240786E-04
   1   -56   0    0   4.4014953116E-01   7.9479168927E+00   2.5103595244E-04   2.0553888939E+00   2.3722421969E+00   2.0683628564E-04   2.1377907656E+00   2.3374540370E+00   6.2540858640E-04   2.2398524796E+00   2.3755134014E+00   1.6844512301E-03   2.2446674430E+00   2.3839996986E+00   1.9049390847E-03   2.3568627725E+00   2.4163791387E+00   2.0927555885E-03   2.2057889615E+00   2.3753288120E+00   1.5731253703E-03   3.4222941626E-04
   1   -57   0    0   4.3015669239E-01   7.9481335171E+00   2.5090664201E-04   2.0552784655E+00   2.3723002080E+00   2.0683628564E-04   2.1376714713E+00   2.3375259601E+00   6.2540858640E-04   2.2398340978E+00   2.3755853245E+00   1.6844512301E-03   2.2448293301E+00   2.3841009099E+00   1.9049390847E-03   2.3569767047E+00   2.4164899445E+00   2.0927555885E-03   2.2059643620E+00   2.3754300233E+00   1.5731253703E-03   3.4223657275E-04
   1   -58   0    0   4.2016415468E-01   7.9483546739E+00   2.5077476357E-04   2.0551657495E+00   2.3723594912E+00   2.0683628564E-04   2.1375496592E+00   2.3375994315E+00   6.2540858640E-04   2.2398152825E+00   2.3756587958E+00   1.6844512301E-03   2.2449946226E+00   2.3842042511E+00   1.9049390847E-03   2.3570930228E+00   2.4166030707E+00   2.0927555885E-03   2.2061432323E+00   2.3755333645E+00   1.5731253703E-03   3.4224388003E-04
   1   -59   0    0   4.1017192976E-01   7.9485804444E+00   2.5064027722E-04   2.0550507053E+00   2.3724200715E+00   2.0683628564E-04   2.1374252827E+00   2.3376744805E+00   6.2540858640E-04   2.2397960240E+00   2.3757338449E+00   1.6844512301E-03   2.2451633823E+00   2.3843097608E+00   1.9049390847E-03   2.3572117695E+00   2.4167185588E+00   2.0927555885E-03   2.2063256280E+00   2.3756388742E+00   1.5731253703E-03   3.4225134086E-04
   1   -60   0    0   4.0018002975E-01   7.9488109110E+00   2.5050314296E-04   2.0549332919E+00   2.3724819746E+00   2.0683628564E-04   2.1372982951E+00   2.3377511373E+00   6.2540858640E-04   2.2397763126E+00   2.3758105016E+00   1.6844512301E-03   2.2453356714E+00   2.3844174778E+00   1.9049390847E-03   2.3573329879E+00   2.4168364507E+00   2.0927555885E-03   2.2065116047E+00   2.3757465912E+00   1.5731253703E-03   3.4225895799E-04
   1   -61   0    0   3.9018846715E-01   7.9490461565E+00   2.5036332076E-04   2.0548134682E+00   2.3725452265E+00   2.0683628564E-04   2.1371686489E+00   2.3378294320E+00   6.2540858640E-04   2.2397561381E+00   2.3758887963E+00   1.6844512301E-03   2.2455115530E+00   2.3845274416E+00   1.9049390847E-03   2.3574567215E+00   2.4169567889E+00   2.0927555885E-03   2.2067012184E+00   2.3758565550E+00   1.5731253703E-03   3.4226673423E-04
   1   -62   0    0   3.8019725489E-01   7.9492862645E+00   2.5022077052E-04   2.0546911922E+00   2.3726098534E+00   2.0683628564E-04   2.1370362964E+00   2.3379093952E+00   6.2540858640E-04   2.2397354906E+00   2.3759687596E+00   1.6844512301E-03   2.2456910905E+00   2.3846396919E+00   1.9049390847E-03   2.3575830142E+00   2.4170796159E+00   2.0927555885E-03   2.2068945254E+00   2.3759688053E+00   1.5731253703E-03   3.4227467239E-04
   1   -63   0    0   3.7020640633E-01   7.9495313197E+00   2.5007545218E-04   2.0545664221E+00   2.3726758821E+00   2.0683628564E-04   2.1369011893E+00   2.3379910580E+00   6.2540858640E-04   2.2397143596E+00   2.3760504224E+00   1.6844512301E-03   2.2458743481E+00   2.3847542686E+00   1.9049390847E-03   2.3577119103E+00   2.4172049748E+00   2.0927555885E-03   2.2070915822E+00   2.3760833820E+00   1.5731253703E-03   3.4228277532E-04
   1   -64   0    0   3.6021593521E-01   7.9497814069E+00   2.4992732568E-04   2.0544391152E+00   2.3727433394E+00   2.0683628564E-04   2.1367632787E+00   2.3380744516E+00   6.2540858640E-04   2.2396927347E+00   2.3761338160E+00   1.6844512301E-03   2.2460613903E+00   2.3848712122E+00   1.9049390847E-03   2.3578434543E+00   2.4173329089E+00   2.0927555885E-03   2.2072924454E+00   2.3762003256E+00   1.5731253703E-03   3.4229104588E-04
   1   -65   0    0   3.5022585575E-01   7.9500366119E+00   2.4977635106E-04   2.0543092290E+00   2.3728122528E+00   2.0683628564E-04   2.1366225156E+00   2.3381596077E+00   6.2540858640E-04   2.2396706051E+00   2.3762189720E+00   1.6844512301E-03   2.2462522823E+00   2.3849905633E+00   1.9049390847E-03   2.3579776910E+00   2.4174634619E+00   2.0927555885E-03   2.2074971719E+00   2.3763196767E+00   1.5731253703E-03   3.4229948698E-04
   1   -66   0    0   3.4023618257E-01   7.9502970211E+00   2.4962248845E-04   2.0541767202E+00   2.3728826499E+00   2.0683628564E-04   2.1364788503E+00   2.3382465581E+00   6.2540858640E-04   2.2396479600E+00   2.3763059224E+00   1.6844512301E-03   2.2464470897E+00   2.3851123630E+00   1.9049390847E-03   2.3581146657E+00   2.4175966776E+00   2.0927555885E-03   2.2077058187E+00   2.3764414763E+00   1.5731253703E-03   3.4230810152E-04
   1   -67   0    0   3.3024693076E-01   7.9505627212E+00   2.4946569813E-04   2.0540415456E+00   2.3729545586E+00   2.0683628564E-04   2.1363322328E+00   2.3383353351E+00   6.2540858640E-04   2.2396247883E+00   2.3763946995E+00   1.6844512301E-03   2.2466458785E+00   2.3852366523E+00   1.9049390847E-03   2.3582544238E+00   2.4177326003E+00   2.0927555885E-03   2.2079184428E+00   2.3765657657E+00   1.5731253703E-03   3.4231689244E-04
   1   -68   0    0   3.2025811586E-01   7.9508337998E+00   2.4930594056E-04   2.0539036614E+00   2.3730280072E+00   2.0683628564E-04   2.1361826130E+00   2.3384259713E+00   6.2540858640E-04   2.2396010789E+00   2.3764853357E+00   1.6844512301E-03   2.2468487151E+00   2.3853634729E+00   1.9049390847E-03   2.3583970108E+00   2.4178712744E+00   2.0927555885E-03   2.2081351013E+00   2.3766925863E+00   1.5731253703E-03   3.4232586269E-04
   1   -69   0    0   3.1026975387E-01   7.9511103445E+00   2.4914317642E-04   2.0537630238E+00   2.3731030243E+00   2.0683628564E-04   2.1360299400E+00   2.3385184995E+00   6.2540858640E-04   2.2395768204E+00   2.3765778638E+00   1.6844512301E-03   2.2470556663E+00   2.3854928664E+00   1.9049390847E-03   2.3585424729E+00   2.4180127445E+00   2.0927555885E-03   2.2083558513E+00   2.3768219797E+00   1.5731253703E-03   3.4233501522E-04
   1   -70   0    0   3.0028186124E-01   7.9513924438E+00   2.4897736667E-04   2.0536195886E+00   2.3731796387E+00   2.0683628564E-04   2.1358741630E+00   2.3386129526E+00   6.2540858640E-04   2.2395520012E+00   2.3766723170E+00   1.6844512301E-03   2.2472667992E+00   2.3856248747E+00   1.9049390847E-03   2.3586908559E+00   2.4181570554E+00   2.0927555885E-03   2.2085807500E+00   2.3769539881E+00   1.5731253703E-03   3.4234435304E-04
   1   -71   0    0   2.9029445491E-01   7.9516801862E+00   2.4880847257E-04   2.0534733114E+00   2.3732578797E+00   2.0683628564E-04   2.1357152307E+00   2.3387093641E+00   6.2540858640E-04   2.2395266096E+00   2.3767687285E+00   1.6844512301E-03   2.2474821813E+00   2.3857595400E+00   1.9049390847E-03   2.3588422061E+00   2.4183042520E+00   2.0927555885E-03   2.2088098543E+00   2.3770886533E+00   1.5731253703E-03   3.4235387913E-04
   1   -72   0    0   2.8030755228E-01   7.9519736606E+00   2.4863645575E-04   2.0533241477E+00   2.3733377766E+00   2.0683628564E-04   2.1355530916E+00   2.3388077675E+00   6.2540858640E-04   2.2395006336E+00   2.3768671319E+00   1.6844512301E-03   2.2477018802E+00   2.3858969044E+00   1.9049390847E-03   2.3589965700E+00   2.4184543795E+00   2.0927555885E-03   2.2090432213E+00   2.3772260178E+00   1.5731253703E-03   3.4236359650E-04
   1   -73   0    0   2.7032117123E-01   7.9522729562E+00   2.4846127824E-04   2.0531720526E+00   2.3734193591E+00   2.0683628564E-04   2.1353876940E+00   2.3389081965E+00   6.2540858640E-04   2.2394740614E+00   2.3769675609E+00   1.6844512301E-03   2.2479259638E+00   2.3860370104E+00   1.9049390847E-03   2.3591539940E+00   2.4186074831E+00   2.0927555885E-03   2.2092809075E+00   2.3773661237E+00   1.5731253703E-03   3.4237350816E-04
   1   -74   0    0   2.6033533014E-01   7.9525781625E+00   2.4828290251E-04   2.0530169813E+00   2.3735026571E+00   2.0683628564E-04   2.1352189862E+00   2.3390106852E+00   6.2540858640E-04   2.2394468805E+00   2.3770700495E+00   1.6844512301E-03   2.2481545001E+00   2.3861799003E+00   1.9049390847E-03   2.3593145245E+00   2.4187636080E+00   2.0927555885E-03   2.2095229696E+00   2.3775090137E+00   1.5731253703E-03   3.4238361715E-04
   1   -75   0    0   2.5035004785E-01   7.9528893688E+00   2.4810129155E-04   2.0528588887E+00   2.3735877008E+00   2.0683628564E-04   2.1350469160E+00   2.3391152676E+00   6.2540858640E-04   2.2394190786E+00   2.3771746319E+00   1.6844512301E-03   2.2483875571E+00   2.3863256168E+00   1.9049390847E-03   2.3594782081E+00   2.4189227994E+00   2.0927555885E-03   2.2097694639E+00   2.3776547301E+00   1.5731253703E-03   3.4239392649E-04
   1   -76   0    0   2.4036534369E-01   7.9532066647E+00   2.4791640892E-04   2.0526977298E+00   2.3736745205E+00   2.0683628564E-04   2.1348714314E+00   2.3392219780E+00   6.2540858640E-04   2.2393906431E+00   2.3772813423E+00   1.6844512301E-03   2.2486252031E+00   2.3864742023E+00   1.9049390847E-03   2.3596450914E+00   2.4190851026E+00   2.0927555885E-03   2.2100204462E+00   2.3778033156E+00   1.5731253703E-03   3.4240443921E-04
   1   -77   0    0   2.3038123750E-01   7.9535301397E+00   2.4772821877E-04   2.0525334594E+00   2.3737631469E+00   2.0683628564E-04   2.1346924802E+00   2.3393308509E+00   6.2540858640E-04   2.2393615614E+00   2.3773902152E+00   1.6844512301E-03   2.2488675062E+00   2.3866256994E+00   1.9049390847E-03   2.3598152209E+00   2.4192505628E+00   2.0927555885E-03   2.2102759723E+00   2.3779548128E+00   1.5731253703E-03   3.4241515834E-04
   1   -78   0    0   2.2039774958E-01   7.9538598833E+00   2.4753668591E-04   2.0523660322E+00   2.3738536106E+00   2.0683628564E-04   2.1345100104E+00   2.3394419208E+00   6.2540858640E-04   2.2393318205E+00   2.3775012851E+00   1.6844512301E-03   2.2491145345E+00   2.3867801506E+00   1.9049390847E-03   2.3599886429E+00   2.4194192252E+00   2.0927555885E-03   2.2105360971E+00   2.3781092640E+00   1.5731253703E-03   3.4242608691E-04
   1   -79   0    0   2.1041490071E-01   7.9541959846E+00   2.4734177590E-04   2.0521954031E+00   2.3739459427E+00   2.0683628564E-04   2.1343239697E+00   2.3395552223E+00   6.2540858640E-04   2.2393014074E+00   2.3776145866E+00   1.6844512301E-03   2.2493663560E+00   2.3869375984E+00   1.9049390847E-03   2.3601654036E+00   2.4195911346E+00   2.0927555885E-03   2.2108008756E+00   2.3782667117E+00   1.5731253703E-03   3.4243722796E-04
   1   -80   0    0   2.0043271219E-01   7.9545385328E+00   2.4714345505E-04   2.0520215268E+00   2.3740401740E+00   2.0683628564E-04   2.1341343061E+00   2.3396707900E+00   6.2540858640E-04   2.2392703088E+00   2.3777301544E+00   1.6844512301E-03   2.2496230385E+00   2.3870980849E+00   1.9049390847E-03   2.3603455493E+00   2.4197663360E+00   2.0927555885E-03   2.2110703617E+00   2.3784271983E+00   1.5731253703E-03   3.4244858449E-04
   1   -81   0    0   1.9045120576E-01   7.9548876164E+00   2.4694169052E-04   2.0518443582E+00   2.3741363359E+00   2.0683628564E-04   2.1339409679E+00   2.3397886589E+00   6.2540858640E-04   2.2392385114E+00   2.3778480232E+00   1.6844512301E-03   2.2498846495E+00   2.3872616525E+00   1.9049390847E-03   2.3605291256E+00   2.4199448739E+00   2.0927555885E-03   2.2113446090E+00   2.3785907659E+00   1.5731253703E-03   3.4246015952E-04
   1   -82   0    0   1.8047040365E-01   7.9552433237E+00   2.4673645039E-04   2.0516638523E+00   2.3742344596E+00   2.0683628564E-04   2.1337439032E+00   2.3399088634E+00   6.2540858640E-04   2.2392060017E+00   2.3779682277E+00   1.6844512301E-03   2.2501512562E+00   2.3874283430E+00   1.9049390847E-03   2.3607161783E+00   2.4201267925E+00   2.0927555885E-03   2.2116236703E+00   2.3787574564E+00   1.5731253703E-03   3.4247195605E-04
   1   -83   0    0   1.7049032856E-01   7.9556057424E+00   2.4652770367E-04   2.0514799641E+00   2.3743345765E+00   2.0683628564E-04   2.1335430606E+00   2.3400314384E+00   6.2540858640E-04   2.2391727661E+00   2.3780908027E+00   1.6844512301E-03   2.2504229254E+00   2.3875981982E+00   1.9049390847E-03   2.3609067525E+00   2.4203121361E+00   2.0927555885E-03   2.2119075979E+00   2.3789273116E+00   1.5731253703E-03   3.4248397704E-04
   1   -84   0    0   1.6051100365E-01   7.9559749596E+00   2.4631542042E-04   2.0512926490E+00   2.3744367180E+00   2.0683628564E-04   2.1333383891E+00   2.3401564184E+00   6.2540858640E-04   2.2391387907E+00   2.3782157828E+00   1.6844512301E-03   2.2506997235E+00   2.3877712595E+00   1.9049390847E-03   2.3611008931E+00   2.4205009481E+00   2.0927555885E-03   2.2121964430E+00   2.3791003729E+00   1.5731253703E-03   3.4249622546E-04
   1   -85   0    0   1.5053245252E-01   7.9563510617E+00   2.4609957175E-04   2.0511018624E+00   2.3745409156E+00   2.0683628564E-04   2.1331298379E+00   2.3402838381E+00   6.2540858640E-04   2.2391040616E+00   2.3783432025E+00   1.6844512301E-03   2.2509817163E+00   2.3879475679E+00   1.9049390847E-03   2.3612986446E+00   2.4206932718E+00   2.0927555885E-03   2.2124902560E+00   2.3792766813E+00   1.5731253703E-03   3.4250870425E-04
   1   -86   0    0   1.4055469924E-01   7.9567341343E+00   2.4588012996E-04   2.0509075601E+00   2.3746472006E+00   2.0683628564E-04   2.1329173567E+00   2.3404137319E+00   6.2540858640E-04   2.2390685647E+00   2.3784730963E+00   1.6844512301E-03   2.2512689689E+00   2.3881271643E+00   1.9049390847E-03   2.3615000511E+00   2.4208891501E+00   2.0927555885E-03   2.2127890864E+00   2.3794562777E+00   1.5731253703E-03   3.4252141631E-04
   1   -87   0    0   1.3057776827E-01   7.9571242621E+00   2.4565706855E-04   2.0507096979E+00   2.3747556046E+00   2.0683628564E-04   2.1327008957E+00   2.3405461340E+00   6.2540858640E-04   2.2390322858E+00   2.3786054984E+00   1.6844512301E-03   2.2515615460E+00   2.3883100889E+00   1.9049390847E-03   2.3617051559E+00   2.4210886251E+00   2.0927555885E-03   2.2130929828E+00   2.3796392022E+00   1.5731253703E-03   3.4253436454E-04
   1   -88   0    0   1.2060168451E-01   7.9575215287E+00   2.4543036231E-04   2.0505082323E+00   2.3748661589E+00   2.0683628564E-04   2.1324804057E+00   2.3406810786E+00   6.2540858640E-04   2.2389952106E+00   2.3787404430E+00   1.6844512301E-03   2.2518595111E+00   2.3884963814E+00   1.9049390847E-03   2.3619140018E+00   2.4212917385E+00   2.0927555885E-03   2.2134019925E+00   2.3798254948E+00   1.5731253703E-03   3.4254755177E-04
   1   -89   0    0   1.1062647327E-01   7.9579260166E+00   2.4519998736E-04   2.0503031200E+00   2.3749788948E+00   2.0683628564E-04   2.1322558381E+00   2.3408185995E+00   6.2540858640E-04   2.2389573245E+00   2.3788779639E+00   1.6844512301E-03   2.2521629272E+00   2.3886860812E+00   1.9049390847E-03   2.3621266312E+00   2.4214985314E+00   2.0927555885E-03   2.2137161618E+00   2.3800151946E+00   1.5731253703E-03   3.4256098082E-04
   1   -90   0    0   1.0065216022E-01   7.9583378072E+00   2.4496592126E-04   2.0500943180E+00   2.3750938436E+00   2.0683628564E-04   2.1320271452E+00   2.3409587304E+00   6.2540858640E-04   2.2389186130E+00   2.3790180947E+00   1.6844512301E-03   2.2524718560E+00   2.3888792270E+00   1.9049390847E-03   2.3623430855E+00   2.4217090441E+00   2.0927555885E-03   2.2140355355E+00   2.3802083403E+00   1.5731253703E-03   3.4257465445E-04
   1   -91   0    0   9.0678771398E-02   7.9587569803E+00   2.4472814303E-04   2.0498817840E+00   2.3752110361E+00   2.0683628564E-04   2.1317942798E+00   2.3411015044E+00   6.2540858640E-04   2.2388790614E+00   2.3791608688E+00   1.6844512301E-03   2.2527863585E+00   2.3890758567E+00   1.9049390847E-03   2.3625634054E+00   2.4219233162E+00   2.0927555885E-03   2.2143601574E+00   2.3804049701E+00   1.5731253703E-03   3.4258857540E-04
   1   -92   0    0   8.0706333195E-02   7.9591836144E+00   2.4448663325E-04   2.0496654760E+00   2.3753305034E+00   2.0683628564E-04   2.1315571958E+00   2.3412469546E+00   6.2540858640E-04   2.2388386549E+00   2.3793063190E+00   1.6844512301E-03   2.2531064943E+00   2.3892760078E+00   1.9049390847E-03   2.3627876308E+00   2.4221413866E+00   2.0927555885E-03   2.2146900696E+00   2.3806051212E+00   1.5731253703E-03   3.4260274635E-04
   1   -93   0    0   7.0734872314E-02   7.9596177864E+00   2.4424137413E-04   2.0494453526E+00   2.3754522761E+00   2.0683628564E-04   2.1313158482E+00   2.3413951136E+00   6.2540858640E-04   2.2387973784E+00   2.3794544779E+00   1.6844512301E-03   2.2534323217E+00   2.3894797169E+00   1.9049390847E-03   2.3630158008E+00   2.4223632931E+00   2.0927555885E-03   2.2150253130E+00   2.3808088302E+00   1.5731253703E-03   3.4261716991E-04
   1   -94   0    0   6.0764415755E-02   7.9600595712E+00   2.4399234955E-04   2.0492213731E+00   2.3755763845E+00   2.0683628564E-04   2.1310701927E+00   2.3415460134E+00   6.2540858640E-04   2.2387552170E+00   2.3796053777E+00   1.6844512301E-03   2.2537638980E+00   2.3896870196E+00   1.9049390847E-03   2.3632479532E+00   2.4225890727E+00   2.0927555885E-03   2.2153659266E+00   2.3810161330E+00   1.5731253703E-03   3.4263184865E-04
   1   -95   0    0   5.0794990784E-02   7.9605090424E+00   2.4373954513E-04   2.0489934974E+00   2.3757028587E+00   2.0683628564E-04   2.1308201865E+00   2.3416996857E+00   6.2540858640E-04   2.2387121556E+00   2.3797590500E+00   1.6844512301E-03   2.2541012788E+00   2.3898979510E+00   1.9049390847E-03   2.3634841252E+00   2.4228187613E+00   2.0927555885E-03   2.2157119480E+00   2.3812270644E+00   1.5731253703E-03   3.4264678510E-04
   1   -96   0    0   4.0826624905E-02   7.9609662710E+00   2.4348294833E-04   2.0487616858E+00   2.3758317286E+00   2.0683628564E-04   2.1305657877E+00   2.3418561616E+00   6.2540858640E-04   2.2386681789E+00   2.3799155260E+00   1.6844512301E-03   2.2544445182E+00   2.3901125450E+00   1.9049390847E-03   2.3637243527E+00   2.4230523940E+00   2.0927555885E-03   2.2160634130E+00   2.3814416584E+00   1.5731253703E-03   3.4266198168E-04
   1   -97   0    0   3.0859345830E-02   7.9614313263E+00   2.4322254847E-04   2.0485258999E+00   2.3759630235E+00   2.0683628564E-04   2.1303069560E+00   2.3420154718E+00   6.2540858640E-04   2.2386232716E+00   2.3800748361E+00   1.6844512301E-03   2.2547936686E+00   2.3903308345E+00   1.9049390847E-03   2.3639686702E+00   2.4232900044E+00   2.0927555885E-03   2.2164203555E+00   2.3816599479E+00   1.5731253703E-03   3.4267744077E-04
   1   -98   0    0   2.0893181441E-02   7.9619042752E+00   2.4295833684E-04   2.0482861015E+00   2.3760967725E+00   2.0683628564E-04   2.1300436525E+00   2.3421776461E+00   6.2540858640E-04   2.2385774183E+00   2.3802370104E+00   1.6844512301E-03   2.2551487809E+00   2.3905528516E+00   1.9049390847E-03   2.3642171115E+00   2.4235316251E+00   2.0927555885E-03   2.2167828075E+00   2.3818819650E+00   1.5731253703E-03   3.4269316466E-04
   1   -99   0    0   1.0928159759E-02   7.9623851823E+00   2.4269030672E-04   2.0480422538E+00   2.3762330042E+00   2.0683628564E-04   2.1297758396E+00   2.3423427138E+00   6.2540858640E-04   2.2385306035E+00   2.3804020782E+00   1.6844512301E-03   2.2555099039E+00   2.3907786270E+00   1.9049390847E-03   2.3644697086E+00   2.4237772875E+00   2.0927555885E-03   2.2171507991E+00   2.3821077404E+00   1.5731253703E-03   3.4270915559E-04
   1  -100   0    0   9.6430890272E-04   7.9628741097E+00   2.4241845346E-04   2.0477943204E+00   2.3763717465E+00   2.0683628564E-04   2.1295034816E+00   2.3425107036E+00   6.2540858640E-04   2.2384828118E+00   2.3805700679E+00   1.6844512301E-03   2.2558770845E+00   2.3910081903E+00   1.9049390847E-03   2.3647264924E+00   2.4240270214E+00   2.0927555885E-03   2.2175243582E+00   2.3823373037E+00   1.5731253703E-03   3.4272541569E-04
   1  -101   0    0  -8.9983429517E-03   7.9633711167E+00   2.4214277457E-04   2.0475422661E+00   2.3765130270E+00   2.0683628564E-04   2.1292265443E+00   2.3426816432E+00   6.2540858640E-04   2.2384340274E+00   2.3807410075E+00   1.6844512301E-03   2.2562503676E+00   2.3912415699E+00   1.9049390847E-03   2.3649874922E+00   2.4242808555E+00   2.0927555885E-03   2.2179035105E+00   2.3825706833E+00   1.5731253703E-03   3.4274194701E-04
   1  -102   0    0  -1.8959767612E-02   7.9638762600E+00   2.4186326971E-04   2.0472860567E+00   2.3766568728E+00   2.0683628564E-04   2.1289449953E+00   2.3428555596E+00   6.2540858640E-04   2.2383842348E+00   2.3809149239E+00   1.6844512301E-03   2.2566297958E+00   2.3914787929E+00   1.9049390847E-03   2.3652527360E+00   2.4245388169E+00   2.0927555885E-03   2.2182882796E+00   2.3828079063E+00   1.5731253703E-03   3.4275875150E-04
   1  -103   0    0  -2.8919936916E-02   7.9643895933E+00   2.4157994082E-04   2.0470256589E+00   2.3768033101E+00   2.0683628564E-04   2.1286588044E+00   2.3430324789E+00   6.2540858640E-04   2.2383334182E+00   2.3810918432E+00   1.6844512301E-03   2.2570154096E+00   2.3917198850E+00   1.9049390847E-03   2.3655222499E+00   2.4248009311E+00   2.0927555885E-03   2.2186786866E+00   2.3830489983E+00   1.5731253703E-03   3.4277583104E-04
   1  -104   0    0  -3.8878822777E-02   7.9649111672E+00   2.4129279212E-04   2.0467610406E+00   2.3769523645E+00   2.0683628564E-04   2.1283679432E+00   2.3432124264E+00   6.2540858640E-04   2.2382815619E+00   2.3812717907E+00   1.6844512301E-03   2.2574072470E+00   2.3919648703E+00   1.9049390847E-03   2.3657960587E+00   2.4250672220E+00   2.0927555885E-03   2.2190747503E+00   2.3832939837E+00   1.5731253703E-03   3.4279318737E-04
   1  -105   0    0  -4.8836397237E-02   7.9654410292E+00   2.4100183021E-04   2.0464921708E+00   2.3771040612E+00   2.0683628564E-04   2.1280723854E+00   2.3433954262E+00   6.2540858640E-04   2.2382286501E+00   2.3814547906E+00   1.6844512301E-03   2.2578053435E+00   2.3922137718E+00   1.9049390847E-03   2.3660741852E+00   2.4253377119E+00   2.0927555885E-03   2.2194764868E+00   2.3835428852E+00   1.5731253703E-03   3.4281082216E-04
   1  -106   0    0  -5.8792632513E-02   7.9659792235E+00   2.4070706407E-04   2.0462190198E+00   2.3772584241E+00   2.0683628564E-04   2.1277721071E+00   2.3435815017E+00   6.2540858640E-04   2.2381746670E+00   2.3816408660E+00   1.6844512301E-03   2.2582097320E+00   2.3924666105E+00   1.9049390847E-03   2.3663566505E+00   2.4256124212E+00   2.0927555885E-03   2.2198839098E+00   2.3837957238E+00   1.5731253703E-03   3.4282873695E-04
   1  -107   0    0  -6.8747501055E-02   7.9665257906E+00   2.4040850514E-04   2.0459415590E+00   2.3774154767E+00   2.0683628564E-04   2.1274670866E+00   2.3437706749E+00   6.2540858640E-04   2.2381195967E+00   2.3818300393E+00   1.6844512301E-03   2.2586204427E+00   2.3927234060E+00   1.9049390847E-03   2.3666434739E+00   2.4258913689E+00   2.0927555885E-03   2.2202970301E+00   2.3840525193E+00   1.5731253703E-03   3.4284693317E-04
   1  -108   0    0  -7.8700975598E-02   7.9670807676E+00   2.4010616737E-04   2.0456597612E+00   2.3775752416E+00   2.0683628564E-04   2.1271573046E+00   2.3439629669E+00   6.2540858640E-04   2.2380634235E+00   2.3820223312E+00   1.6844512301E-03   2.2590375029E+00   2.3929841761E+00   1.9049390847E-03   2.3669346726E+00   2.4261745715E+00   2.0927555885E-03   2.2207158559E+00   2.3843132895E+00   1.5731253703E-03   3.4286541213E-04
   1  -109   0    0  -8.8653029224E-02   7.9676441879E+00   2.3980006721E-04   2.0453736004E+00   2.3777377403E+00   2.0683628564E-04   2.1268427446E+00   2.3441583975E+00   6.2540858640E-04   2.2380061314E+00   2.3822177618E+00   1.6844512301E-03   2.2594609371E+00   2.3932489370E+00   1.9049390847E-03   2.3672302621E+00   2.4264620441E+00   2.0927555885E-03   2.2211403926E+00   2.3845780504E+00   1.5731253703E-03   3.4288417502E-04
   1  -110   0    0  -9.8603635415E-02   7.9682160809E+00   2.3949022373E-04   2.0450830523E+00   2.3779029934E+00   2.0683628564E-04   2.1265233925E+00   2.3443569852E+00   6.2540858640E-04   2.2379477046E+00   2.3824163496E+00   1.6844512301E-03   2.2598907666E+00   2.3935177029E+00   1.9049390847E-03   2.3675302555E+00   2.4267537994E+00   2.0927555885E-03   2.2215706424E+00   2.3848468163E+00   1.5731253703E-03   3.4290322290E-04
   1  -111   0    0  -1.0855276812E-01   7.9687964719E+00   2.3917665858E-04   2.0447880936E+00   2.3780710207E+00   2.0683628564E-04   2.1261992370E+00   2.3445587475E+00   6.2540858640E-04   2.2378881273E+00   2.3826181119E+00   1.6844512301E-03   2.2603270097E+00   2.3937904863E+00   1.9049390847E-03   2.3678346639E+00   2.4270498483E+00   2.0927555885E-03   2.2220066048E+00   2.3851195997E+00   1.5731253703E-03   3.4292255669E-04
   1  -112   0    0  -1.1850040182E-01   7.9693853824E+00   2.3885939606E-04   2.0444887030E+00   2.3782418406E+00   2.0683628564E-04   2.1258702697E+00   2.3447637003E+00   6.2540858640E-04   2.2378273837E+00   2.3828230646E+00   1.6844512301E-03   2.2607696814E+00   2.3940672976E+00   1.9049390847E-03   2.3681434964E+00   2.4273501995E+00   2.0927555885E-03   2.2224482760E+00   2.3853964110E+00   1.5731253703E-03   3.4294217718E-04
   1  -113   0    0  -1.2844651157E-01   7.9699828294E+00   2.3853846313E-04   2.0441848603E+00   2.3784154707E+00   2.0683628564E-04   2.1255364852E+00   2.3449718581E+00   6.2540858640E-04   2.2377654580E+00   2.3830312224E+00   1.6844512301E-03   2.2612187934E+00   2.3943481453E+00   1.9049390847E-03   2.3684567594E+00   2.4276548594E+00   2.0927555885E-03   2.2228956492E+00   2.3856772587E+00   1.5731253703E-03   3.4296208503E-04
   1  -114   0    0  -1.3839107311E-01   7.9705888256E+00   2.3821388944E-04   2.0438765473E+00   2.3785919274E+00   2.0683628564E-04   2.1251978810E+00   2.3451832341E+00   6.2540858640E-04   2.2377023345E+00   2.3832425985E+00   1.6844512301E-03   2.2616743538E+00   2.3946330359E+00   1.9049390847E-03   2.3687744575E+00   2.4279638323E+00   2.0927555885E-03   2.2233487143E+00   2.3859621492E+00   1.5731253703E-03   3.4298228073E-04
   1  -115   0    0  -1.4833406288E-01   7.9712033790E+00   2.3788570735E-04   2.0435637470E+00   2.3787712256E+00   2.0683628564E-04   2.1248544579E+00   2.3453978400E+00   6.2540858640E-04   2.2376379976E+00   2.3834572043E+00   1.6844512301E-03   2.2621363675E+00   2.3949219735E+00   1.9049390847E-03   2.3690965926E+00   2.4282771200E+00   2.0927555885E-03   2.2238074580E+00   2.3862510869E+00   1.5731253703E-03   3.4300276464E-04
   1  -116   0    0  -1.5827545812E-01   7.9718264934E+00   2.3755395194E-04   2.0432464446E+00   2.3789533794E+00   2.0683628564E-04   2.1245062200E+00   2.3456156858E+00   6.2540858640E-04   2.2375724316E+00   2.3836750501E+00   1.6844512301E-03   2.2626048354E+00   2.3952149604E+00   1.9049390847E-03   2.3694231642E+00   2.4285947221E+00   2.0927555885E-03   2.2242718636E+00   2.3865440738E+00   1.5731253703E-03   3.4302353696E-04
   1  -117   0    0  -1.6821523693E-01   7.9724581676E+00   2.3721866103E-04   2.0429246265E+00   2.3791384013E+00   2.0683628564E-04   2.1241531744E+00   2.3458367801E+00   6.2540858640E-04   2.2375056211E+00   2.3838961444E+00   1.6844512301E-03   2.2630797549E+00   2.3955119966E+00   1.9049390847E-03   2.3697541695E+00   2.4289166358E+00   2.0927555885E-03   2.2247419110E+00   2.3868411100E+00   1.5731253703E-03   3.4304459774E-04
   1  -118   0    0  -1.7815337834E-01   7.9730983956E+00   2.3687987516E-04   2.0425982813E+00   2.3793263025E+00   2.0683628564E-04   2.1237953319E+00   2.3460611297E+00   6.2540858640E-04   2.2374375506E+00   2.3841204940E+00   1.6844512301E-03   2.2635611195E+00   2.3958130797E+00   1.9049390847E-03   2.3700896029E+00   2.4292428557E+00   2.0927555885E-03   2.2252175767E+00   2.3871421931E+00   1.5731253703E-03   3.4306594687E-04
   1  -119   0    0  -1.8808986237E-01   7.9737471665E+00   2.3653763764E-04   2.0422673993E+00   2.3795170929E+00   2.0683628564E-04   2.1234327067E+00   2.3462887398E+00   6.2540858640E-04   2.2373682048E+00   2.3843481042E+00   1.6844512301E-03   2.2640489191E+00   2.3961182051E+00   1.9049390847E-03   2.3704294565E+00   2.4295733741E+00   2.0927555885E-03   2.2256988336E+00   2.3874473185E+00   1.5731253703E-03   3.4308758406E-04
   1  -120   0    0  -1.9802467012E-01   7.9744044644E+00   2.3619199447E-04   2.0419319725E+00   2.3797107809E+00   2.0683628564E-04   2.1230653166E+00   2.3465196140E+00   6.2540858640E-04   2.2372975686E+00   2.3845789783E+00   1.6844512301E-03   2.2645431392E+00   2.3964273659E+00   1.9049390847E-03   2.3707737195E+00   2.4299081804E+00   2.0927555885E-03   2.2261856511E+00   2.3877564793E+00   1.5731253703E-03   3.4310950887E-04
   1  -121   0    0  -2.0795778383E-01   7.9750702682E+00   2.3584299443E-04   2.0415919951E+00   2.3799073734E+00   2.0683628564E-04   2.1226931829E+00   2.3467537538E+00   6.2540858640E-04   2.2372256269E+00   2.3848131181E+00   1.6844512301E-03   2.2650437617E+00   2.3967405526E+00   1.9049390847E-03   2.3711223787E+00   2.4302472619E+00   2.0927555885E-03   2.2266779950E+00   2.3880696660E+00   1.5731253703E-03   3.4313172070E-04
   1  -122   0    0  -2.1788918692E-01   7.9757445518E+00   2.3549068898E-04   2.0412474631E+00   2.3801068758E+00   2.0683628564E-04   2.1223163309E+00   2.3469911591E+00   6.2540858640E-04   2.2371523648E+00   2.3850505234E+00   1.6844512301E-03   2.2655507642E+00   2.3970577536E+00   1.9049390847E-03   2.3714754181E+00   2.4305906028E+00   2.0927555885E-03   2.2271758276E+00   2.3883868670E+00   1.5731253703E-03   3.4315421874E-04
   1  -123   0    0  -2.2781886413E-01   7.9764272835E+00   2.3513513228E-04   2.0408983744E+00   2.3803092920E+00   2.0683628564E-04   2.1219347893E+00   2.3472318280E+00   6.2540858640E-04   2.2370777676E+00   2.3852911924E+00   1.6844512301E-03   2.2660641202E+00   2.3973789545E+00   1.9049390847E-03   2.3718328188E+00   2.4309381849E+00   2.0927555885E-03   2.2276791073E+00   2.3887080679E+00   1.5731253703E-03   3.4317700205E-04
   1  -124   0    0  -2.3774680150E-01   7.9771184267E+00   2.3477638117E-04   2.0405447292E+00   2.3805146242E+00   2.0683628564E-04   2.1215485910E+00   2.3474757566E+00   6.2540858640E-04   2.2370018209E+00   2.3855351210E+00   1.6844512301E-03   2.2665837989E+00   2.3977041387E+00   1.9049390847E-03   2.3721945594E+00   2.4312899873E+00   2.0927555885E-03   2.2281877891E+00   2.3890332521E+00   1.5731253703E-03   3.4320006949E-04
   1  -125   0    0  -2.4767298651E-01   7.9778179390E+00   2.3441449515E-04   2.0401865295E+00   2.3807228731E+00   2.0683628564E-04   2.1211577723E+00   2.3477229392E+00   6.2540858640E-04   2.2369245103E+00   2.3857823035E+00   1.6844512301E-03   2.2671097655E+00   2.3980332868E+00   1.9049390847E-03   2.3725606155E+00   2.4316459861E+00   2.0927555885E-03   2.2287018239E+00   2.3893624001E+00   1.5731253703E-03   3.4322341974E-04
   1  -126   0    0  -2.5759740811E-01   7.9785257726E+00   2.3404953634E-04   2.0398237795E+00   2.3809340376E+00   2.0683628564E-04   2.1207623739E+00   2.3479733678E+00   6.2540858640E-04   2.2368458217E+00   2.3860327322E+00   1.6844512301E-03   2.2676419807E+00   2.3983663770E+00   1.9049390847E-03   2.3729309599E+00   2.4320061551E+00   2.0927555885E-03   2.2292211592E+00   2.3896954904E+00   1.5731253703E-03   3.4324705129E-04
   1  -127   0    0  -2.6752005678E-01   7.9792418744E+00   2.3368156941E-04   2.0394564858E+00   2.3811481148E+00   2.0683628564E-04   2.1203624401E+00   2.3482270329E+00   6.2540858640E-04   2.2367657414E+00   2.3862863972E+00   1.6844512301E-03   2.2681804009E+00   2.3987033849E+00   1.9049390847E-03   2.3733055626E+00   2.4323704650E+00   2.0927555885E-03   2.2297457388E+00   2.3900324983E+00   1.5731253703E-03   3.4327096247E-04
   1  -128   0    0  -2.7744092462E-01   7.9799661855E+00   2.3331066161E-04   2.0390846569E+00   2.3813651002E+00   2.0683628564E-04   2.1199580192E+00   2.3484839226E+00   6.2540858640E-04   2.2366842559E+00   2.3865432869E+00   1.6844512301E-03   2.2687249781E+00   2.3990442836E+00   1.9049390847E-03   2.3736843908E+00   2.4327388839E+00   2.0927555885E-03   2.2302755024E+00   2.3903733969E+00   1.5731253703E-03   3.4329515142E-04
   1  -129   0    0  -2.8736000540E-01   7.9806986415E+00   2.3293688268E-04   2.0387083036E+00   2.3815849875E+00   2.0683628564E-04   2.1195491637E+00   2.3487440230E+00   6.2540858640E-04   2.2366013518E+00   2.3868033874E+00   1.6844512301E-03   2.2692756602E+00   2.3993890433E+00   1.9049390847E-03   2.3740674088E+00   2.4331113768E+00   2.0927555885E-03   2.2308103863E+00   2.3907181567E+00   1.5731253703E-03   3.4331961607E-04
   1  -130   0    0  -2.9727729459E-01   7.9814391724E+00   2.3256030479E-04   2.0383274390E+00   2.3818077686E+00   2.0683628564E-04   2.1191359299E+00   2.3490073184E+00   6.2540858640E-04   2.2365170164E+00   2.3870666828E+00   1.6844512301E-03   2.2698323903E+00   2.3997376319E+00   1.9049390847E-03   2.3744545777E+00   2.4334879063E+00   2.0927555885E-03   2.2313503229E+00   2.3910667453E+00   1.5731253703E-03   3.4334435420E-04
   1  -131   0    0  -3.0719278946E-01   7.9821877024E+00   2.3218100255E-04   2.0379420785E+00   2.3820334335E+00   2.0683628564E-04   2.1187183782E+00   2.3492737907E+00   6.2540858640E-04   2.2364312371E+00   2.3873331550E+00   1.6844512301E-03   2.2703951072E+00   2.4000900144E+00   1.9049390847E-03   2.3748458562E+00   2.4338684318E+00   2.0927555885E-03   2.2318952409E+00   2.3914191278E+00   1.5731253703E-03   3.4336936336E-04
   1  -132   0    0  -3.1710648910E-01   7.9829441503E+00   2.3179905286E-04   2.0375522397E+00   2.3822619704E+00   2.0683628564E-04   2.1182965729E+00   2.3495434198E+00   6.2540858640E-04   2.2363440018E+00   2.3876027841E+00   1.6844512301E-03   2.2709637455E+00   2.4004461534E+00   1.9049390847E-03   2.3752411998E+00   2.4342529103E+00   2.0927555885E-03   2.2324450653E+00   2.3917752668E+00   1.5731253703E-03   3.4339464096E-04
   1  -133   0    0  -3.2701839449E-01   7.9837084289E+00   2.3141453494E-04   2.0371579429E+00   2.3824933655E+00   2.0683628564E-04   2.1178705823E+00   2.3498161834E+00   6.2540858640E-04   2.2362552986E+00   2.3878755478E+00   1.6844512301E-03   2.2715382351E+00   2.4008060087E+00   1.9049390847E-03   2.3756405612E+00   2.4346412955E+00   2.0927555885E-03   2.2329997174E+00   2.3921351220E+00   1.5731253703E-03   3.4342018418E-04
   1  -134   0    0  -3.3692850853E-01   7.9844804456E+00   2.3102753022E-04   2.0367592104E+00   2.3827276033E+00   2.0683628564E-04   2.1174404786E+00   2.3500920573E+00   6.2540858640E-04   2.2361651165E+00   2.3881514216E+00   1.6844512301E-03   2.2721185017E+00   2.4011695374E+00   1.9049390847E-03   2.3760438900E+00   2.4350335387E+00   2.0927555885E-03   2.2335591148E+00   2.3924986507E+00   1.5731253703E-03   3.4344599002E-04
   1  -135   0    0  -3.4683683611E-01   7.9852601020E+00   2.3063812228E-04   2.0363560673E+00   2.3829646662E+00   2.0683628564E-04   2.1170063381E+00   2.3503710148E+00   6.2540858640E-04   2.2360734445E+00   2.3884303791E+00   1.6844512301E-03   2.2727044663E+00   2.4015366940E+00   1.9049390847E-03   2.3764511334E+00   2.4354295882E+00   2.0927555885E-03   2.2341231715E+00   2.3928658074E+00   1.5731253703E-03   3.4347205532E-04
   1  -136   0    0  -3.5674338412E-01   7.9860472942E+00   2.3024639678E-04   2.0359485408E+00   2.3832045347E+00   2.0683628564E-04   2.1165682409E+00   2.3506530272E+00   6.2540858640E-04   2.2359802723E+00   2.3887123916E+00   1.6844512301E-03   2.2732960459E+00   2.4019074305E+00   1.9049390847E-03   2.3768622351E+00   2.4358293895E+00   2.0927555885E-03   2.2346917980E+00   2.3932365439E+00   1.5731253703E-03   3.4349837669E-04
   1  -137   0    0  -3.6664816150E-01   7.9868419126E+00   2.2985244139E-04   2.0355366609E+00   2.3834471874E+00   2.0683628564E-04   2.1161262708E+00   2.3509380637E+00   6.2540858640E-04   2.2358855903E+00   2.3889974281E+00   1.6844512301E-03   2.2738931529E+00   2.4022816962E+00   1.9049390847E-03   2.3772771365E+00   2.4362328854E+00   2.0927555885E-03   2.2352649011E+00   2.3936108096E+00   1.5731253703E-03   3.4352495058E-04
   1  -138   0    0  -3.7655117928E-01   7.9876438419E+00   2.2945634572E-04   2.0351204599E+00   2.3836926009E+00   2.0683628564E-04   2.1156805154E+00   2.3512260913E+00   6.2540858640E-04   2.2357893893E+00   2.3892854556E+00   1.6844512301E-03   2.2744956954E+00   2.4026594377E+00   1.9049390847E-03   2.3776957758E+00   2.4366400159E+00   2.0927555885E-03   2.2358423841E+00   2.3939885510E+00   1.5731253703E-03   3.4355177326E-04
   1  -139   0    0  -3.8645245058E-01   7.9884529616E+00   2.2905820123E-04   2.0346999728E+00   2.3839407497E+00   2.0683628564E-04   2.1152310663E+00   2.3515170747E+00   6.2540858640E-04   2.2356916607E+00   2.3895764390E+00   1.6844512301E-03   2.2751035773E+00   2.4030405990E+00   1.9049390847E-03   2.3781180887E+00   2.4370507183E+00   2.0927555885E-03   2.2364241470E+00   2.3943697124E+00   1.5731253703E-03   3.4357884078E-04
   1  -140   0    0  -3.9635199069E-01   7.9892691453E+00   2.2865810115E-04   2.0342752372E+00   2.3841916066E+00   2.0683628564E-04   2.1147780183E+00   2.3518109765E+00   6.2540858640E-04   2.2355923967E+00   2.3898703409E+00   1.6844512301E-03   2.2757166982E+00   2.4034251217E+00   1.9049390847E-03   2.3785440078E+00   2.4374649272E+00   2.0927555885E-03   2.2370100863E+00   2.3947542351E+00   1.5731253703E-03   3.4360614904E-04
   1  -141   0    0  -4.0624981700E-01   7.9900922615E+00   2.2825614041E-04   2.0338462932E+00   2.3844451422E+00   2.0683628564E-04   2.1143214699E+00   2.3521077573E+00   6.2540858640E-04   2.2354915900E+00   2.3901671216E+00   1.6844512301E-03   2.2763349537E+00   2.4038129448E+00   1.9049390847E-03   2.3789734631E+00   2.4378825745E+00   2.0927555885E-03   2.2376000952E+00   2.3951420581E+00   1.5731253703E-03   3.4363369374E-04
   1  -142   0    0  -4.1614594911E-01   7.9909221733E+00   2.2785241555E-04   2.0334131835E+00   2.3847013253E+00   2.0683628564E-04   2.1138615232E+00   2.3524073752E+00   6.2540858640E-04   2.2353892343E+00   2.3904667395E+00   1.6844512301E-03   2.2769582350E+00   2.4042040046E+00   1.9049390847E-03   2.3794063821E+00   2.4383035893E+00   2.0927555885E-03   2.2381940636E+00   2.3955331179E+00   1.5731253703E-03   3.4366147041E-04
   1  -143   0    0  -4.2604040878E-01   7.9917587382E+00   2.2744702461E-04   2.0329759537E+00   2.3849601224E+00   2.0683628564E-04   2.1133982835E+00   2.3527097864E+00   6.2540858640E-04   2.2352853239E+00   2.3907691508E+00   1.6844512301E-03   2.2775864294E+00   2.4045982351E+00   1.9049390847E-03   2.3798426892E+00   2.4387278986E+00   2.0927555885E-03   2.2387918783E+00   2.3959273484E+00   1.5731253703E-03   3.4368947440E-04
   1  -144   0    0  -4.3593321995E-01   7.9926018090E+00   2.2704006708E-04   2.0325346517E+00   2.3852214983E+00   2.0683628564E-04   2.1129318594E+00   2.3530149450E+00   6.2540858640E-04   2.2351798539E+00   2.3910743094E+00   1.6844512301E-03   2.2782194204E+00   2.4049955677E+00   1.9049390847E-03   2.3802823064E+00   2.4391554262E+00   2.0927555885E-03   2.2393934231E+00   2.3963246811E+00   1.5731253703E-03   3.4371770087E-04
   1  -145   0    0  -4.4582440874E-01   7.9934512328E+00   2.2663164380E-04   2.0320893285E+00   2.3854854158E+00   2.0683628564E-04   2.1124623624E+00   2.3533228029E+00   6.2540858640E-04   2.2350728204E+00   2.3913821672E+00   1.6844512301E-03   2.2788570873E+00   2.4053959317E+00   1.9049390847E-03   2.3807251532E+00   2.4395860938E+00   2.0927555885E-03   2.2399985784E+00   2.3967250450E+00   1.5731253703E-03   3.4374614483E-04
   1  -146   0    0  -4.5571400345E-01   7.9943068521E+00   2.2622185684E-04   2.0316400377E+00   2.3857518357E+00   2.0683628564E-04   2.1119899074E+00   2.3536333099E+00   6.2540858640E-04   2.2349642203E+00   2.3916926742E+00   1.6844512301E-03   2.2794993057E+00   2.4057992536E+00   1.9049390847E-03   2.3811711464E+00   2.4400198206E+00   2.0927555885E-03   2.2406072221E+00   2.3971283669E+00   1.5731253703E-03   3.4377480110E-04
   1  -147   0    0  -4.6560203455E-01   7.9951685043E+00   2.2581080943E-04   2.0311868354E+00   2.3860207168E+00   2.0683628564E-04   2.1115146119E+00   2.3539464137E+00   6.2540858640E-04   2.2348540515E+00   2.3920057780E+00   1.6844512301E-03   2.2801459475E+00   2.4062054578E+00   1.9049390847E-03   2.3816202004E+00   2.4404565232E+00   2.0927555885E-03   2.2412192290E+00   2.3975345711E+00   1.5731253703E-03   3.4380366434E-04
   1  -148   0    0  -4.7548853466E-01   7.9960360220E+00   2.2539860590E-04   2.0307297808E+00   2.3862920160E+00   2.0683628564E-04   2.1110365961E+00   2.3542620600E+00   6.2540858640E-04   2.2347423129E+00   2.3923214243E+00   1.6844512301E-03   2.2807968810E+00   2.4066144663E+00   1.9049390847E-03   2.3820722271E+00   2.4408961160E+00   2.0927555885E-03   2.2418344712E+00   2.3979435797E+00   1.5731253703E-03   3.4383272905E-04
   1  -149   0    0  -4.8537353852E-01   7.9969092330E+00   2.2498535150E-04   2.0302689357E+00   2.3865656884E+00   2.0683628564E-04   2.1105559829E+00   2.3545801925E+00   6.2540858640E-04   2.2346290043E+00   2.3926395568E+00   1.6844512301E-03   2.2814519710E+00   2.4070261991E+00   1.9049390847E-03   2.3825271361E+00   2.4413385109E+00   2.0927555885E-03   2.2424528183E+00   2.3983553125E+00   1.5731253703E-03   3.4386198957E-04
   1  -150   0    0  -4.9525708301E-01   7.9977879606E+00   2.2457115241E-04   2.0298043649E+00   2.3868416870E+00   2.0683628564E-04   2.1100728977E+00   2.3549007529E+00   6.2540858640E-04   2.2345141267E+00   2.3929601172E+00   1.6844512301E-03   2.2821110786E+00   2.4074405738E+00   1.9049390847E-03   2.3829848346E+00   2.4417836178E+00   2.0927555885E-03   2.2430741371E+00   2.3987696872E+00   1.5731253703E-03   3.4389144007E-04
   1  -151   0    0  -5.0513920705E-01   7.9986720236E+00   2.2415611557E-04   2.0293361356E+00   2.3871199632E+00   2.0683628564E-04   2.1095874681E+00   2.3552236809E+00   6.2540858640E-04   2.2343976822E+00   2.3932830453E+00   1.6844512301E-03   2.2827740620E+00   2.4078575058E+00   1.9049390847E-03   2.3834452276E+00   2.4422313443E+00   2.0927555885E-03   2.2436982922E+00   2.3991866192E+00   1.5731253703E-03   3.4392107457E-04
   1  -152   0    0  -5.1501995163E-01   7.9995612363E+00   2.2374034860E-04   2.0288643183E+00   2.3874004662E+00   2.0683628564E-04   2.1090998237E+00   2.3555489144E+00   6.2540858640E-04   2.2342796741E+00   2.3936082787E+00   1.6844512301E-03   2.2834407758E+00   2.4082769086E+00   1.9049390847E-03   2.3839082178E+00   2.4426815957E+00   2.0927555885E-03   2.2443251456E+00   2.3996060220E+00   1.5731253703E-03   3.4395088695E-04
   1  -153   0    0  -5.2489935974E-01   8.0004554090E+00   2.2332395974E-04   2.0283889861E+00   2.3876831436E+00   2.0683628564E-04   2.1086100963E+00   2.3558763892E+00   6.2540858640E-04   2.2341601069E+00   2.3939357535E+00   1.6844512301E-03   2.2841110718E+00   2.4086986937E+00   1.9049390847E-03   2.3843737060E+00   2.4431342755E+00   2.0927555885E-03   2.2449545572E+00   2.4000278070E+00   1.5731253703E-03   3.4398087095E-04
   1  -154   0    0  -5.3477747632E-01   8.0013543479E+00   2.2290705770E-04   2.0279102147E+00   2.3879679413E+00   2.0683628564E-04   2.1081184195E+00   2.3562060394E+00   6.2540858640E-04   2.2340389861E+00   2.3942654038E+00   1.6844512301E-03   2.2847847987E+00   2.4091227704E+00   1.9049390847E-03   2.3848415907E+00   2.4435892850E+00   2.0927555885E-03   2.2455863850E+00   2.4004518837E+00   1.5731253703E-03   3.4401102014E-04
   1  -155   0    0  -5.4465434823E-01   8.0022578550E+00   2.2248975161E-04   2.0274280831E+00   2.3882548032E+00   2.0683628564E-04   2.1076249285E+00   2.3565377974E+00   6.2540858640E-04   2.2339163188E+00   2.3945971617E+00   1.6844512301E-03   2.2854618023E+00   2.4095490463E+00   1.9049390847E-03   2.3853117687E+00   2.4440465236E+00   2.0927555885E-03   2.2462204846E+00   2.4008781597E+00   1.5731253703E-03   3.4404132798E-04
   1  -156   0    0  -5.5453002419E-01   8.0031657289E+00   2.2207215090E-04   2.0269426728E+00   2.3885436716E+00   2.0683628564E-04   2.1071297598E+00   2.3568715935E+00   6.2540858640E-04   2.2337921132E+00   2.3949309579E+00   1.6844512301E-03   2.2861419259E+00   2.4099774271E+00   1.9049390847E-03   2.3857841346E+00   2.4445058892E+00   2.0927555885E-03   2.2468567100E+00   2.4013065405E+00   1.5731253703E-03   3.4407178780E-04
   1  -157   0    0  -5.6440455470E-01   8.0040777642E+00   2.2165436522E-04   2.0264540682E+00   2.3888344872E+00   2.0683628564E-04   2.1066330514E+00   2.3572073567E+00   6.2540858640E-04   2.2336663789E+00   2.3952667211E+00   1.6844512301E-03   2.2868250100E+00   2.4104078169E+00   1.9049390847E-03   2.3862585813E+00   2.4449672773E+00   2.0927555885E-03   2.2474949133E+00   2.4017369303E+00   1.5731253703E-03   3.4410239278E-04
   1  -158   0    0  -5.7427799201E-01   8.0049937523E+00   2.2123650433E-04   2.0259623566E+00   2.3891271889E+00   2.0683628564E-04   2.1061349425E+00   2.3575450141E+00   6.2540858640E-04   2.2335391270E+00   2.3956043785E+00   1.6844512301E-03   2.2875108926E+00   2.4108401179E+00   1.9049390847E-03   2.3867350001E+00   2.4454305823E+00   2.0927555885E-03   2.2481349449E+00   2.4021692313E+00   1.5731253703E-03   3.4413313599E-04
   1  -159   0    0  -5.8415039005E-01   8.0059134811E+00   2.2081867801E-04   2.0254676279E+00   2.3894217139E+00   2.0683628564E-04   2.1056355731E+00   2.3578844912E+00   6.2540858640E-04   2.2334103698E+00   2.3959438555E+00   1.6844512301E-03   2.2881994097E+00   2.4112742308E+00   1.9049390847E-03   2.3872132804E+00   2.4458956965E+00   2.0927555885E-03   2.2487766540E+00   2.4026033442E+00   1.5731253703E-03   3.4416401040E-04
   1  -160   0    0  -5.9402180434E-01   8.0068367356E+00   2.2040099597E-04   2.0249699749E+00   2.3897179982E+00   2.0683628564E-04   2.1051350840E+00   2.3582257119E+00   6.2540858640E-04   2.2332801211E+00   2.3962850763E+00   1.6844512301E-03   2.2888903949E+00   2.4117100547E+00   1.9049390847E-03   2.3876933100E+00   2.4463625111E+00   2.0927555885E-03   2.2494198880E+00   2.4030391681E+00   1.5731253703E-03   3.4419500883E-04
   1  -161   0    0  -6.0389229190E-01   8.0077632975E+00   2.1998356773E-04   2.0244694933E+00   2.3900159759E+00   2.0683628564E-04   2.1046336167E+00   2.3585685988E+00   6.2540858640E-04   2.2331483962E+00   2.3966279632E+00   1.6844512301E-03   2.2895836798E+00   2.4121474872E+00   1.9049390847E-03   2.3881749756E+00   2.4468309155E+00   2.0927555885E-03   2.2500644933E+00   2.4034766006E+00   1.5731253703E-03   3.4422612403E-04
   1  -162   0    0  -6.1376191123E-01   8.0086929459E+00   2.1956650259E-04   2.0239662812E+00   2.3903155799E+00   2.0683628564E-04   2.1041313131E+00   2.3589130729E+00   6.2540858640E-04   2.2330152120E+00   2.3969724372E+00   1.6844512301E-03   2.2902790942E+00   2.4125864247E+00   1.9049390847E-03   2.3886581619E+00   2.4473007978E+00   2.0927555885E-03   2.2507103150E+00   2.4039155381E+00   1.5731253703E-03   3.4425734863E-04
   1  -163   0    0  -6.2363072217E-01   8.0096254572E+00   2.1914990944E-04   2.0234604396E+00   2.3906167414E+00   2.0683628564E-04   2.1036283155E+00   2.3592590538E+00   6.2540858640E-04   2.2328805865E+00   2.3973184181E+00   1.6844512301E-03   2.2909764659E+00   2.4130267621E+00   1.9049390847E-03   2.3891427529E+00   2.4477720451E+00   2.0927555885E-03   2.2513571972E+00   2.4043558754E+00   1.5731253703E-03   3.4428867518E-04
   1  -164   0    0  -6.3349878584E-01   8.0105606055E+00   2.1873389677E-04   2.0229520721E+00   2.3909193905E+00   2.0683628564E-04   2.1031247661E+00   2.3596064598E+00   6.2540858640E-04   2.2327445396E+00   2.3976658241E+00   1.6844512301E-03   2.2916756215E+00   2.4134683931E+00   1.9049390847E-03   2.3896286309E+00   2.4482445429E+00   2.0927555885E-03   2.2520049832E+00   2.4047975064E+00   1.5731253703E-03   3.4432009612E-04
   1  -165   0    0  -6.4336616453E-01   8.0114981625E+00   2.1831857248E-04   2.0224412850E+00   2.3912234559E+00   2.0683628564E-04   2.1026208073E+00   2.3599552080E+00   6.2540858640E-04   2.2326070927E+00   2.3980145723E+00   1.6844512301E-03   2.2923763859E+00   2.4139112104E+00   1.9049390847E-03   2.3901156773E+00   2.4487181759E+00   2.0927555885E-03   2.2526535155E+00   2.4052403237E+00   1.5731253703E-03   3.4435160382E-04
   1  -166   0    0  -6.5323292165E-01   8.0124378977E+00   2.1790404387E-04   2.0219281870E+00   2.3915288649E+00   2.0683628564E-04   2.1021165810E+00   2.3603052142E+00   6.2540858640E-04   2.2324682684E+00   2.3983645785E+00   1.6844512301E-03   2.2930785828E+00   2.4143551054E+00   1.9049390847E-03   2.3906037724E+00   2.4491928277E+00   2.0927555885E-03   2.2533026359E+00   2.4056842188E+00   1.5731253703E-03   3.4438319057E-04
   1  -167   0    0  -6.6309912158E-01   8.0133795791E+00   2.1749041751E-04   2.0214128893E+00   2.3918355437E+00   2.0683628564E-04   2.1016122290E+00   2.3606563931E+00   6.2540858640E-04   2.2323280911E+00   2.3987157575E+00   1.6844512301E-03   2.2937820347E+00   2.4147999689E+00   1.9049390847E-03   2.3910927955E+00   2.4496683810E+00   2.0927555885E-03   2.2539521857E+00   2.4061290823E+00   1.5731253703E-03   3.4441484860E-04
   1  -168   0    0  -6.7296482962E-01   8.0143229727E+00   2.1707779912E-04   2.0208955058E+00   2.3921434174E+00   2.0683628564E-04   2.1011078923E+00   2.3610086585E+00   6.2540858640E-04   2.2321865868E+00   2.3990680228E+00   1.6844512301E-03   2.2944865633E+00   2.4152456905E+00   1.9049390847E-03   2.3915826253E+00   2.4501447176E+00   2.0927555885E-03   2.2546020060E+00   2.4065748039E+00   1.5731253703E-03   3.4444657006E-04
   1  -169   0    0  -6.8283011184E-01   8.0152678430E+00   2.1666629353E-04   2.0203761525E+00   2.3924524099E+00   2.0683628564E-04   2.1006037116E+00   2.3613619230E+00   6.2540858640E-04   2.2320437829E+00   2.3994212873E+00   1.6844512301E-03   2.2951919893E+00   2.4156921592E+00   1.9049390847E-03   2.3920731395E+00   2.4506217186E+00   2.0927555885E-03   2.2552519376E+00   2.4070212726E+00   1.5731253703E-03   3.4447834704E-04
   1  -170   0    0  -6.9269503502E-01   8.0162139535E+00   2.1625600460E-04   2.0198549478E+00   2.3927624441E+00   2.0683628564E-04   2.1000998265E+00   2.3617160984E+00   6.2540858640E-04   2.2318997082E+00   2.3997754627E+00   1.6844512301E-03   2.2958981328E+00   2.4161392632E+00   1.9049390847E-03   2.3925642152E+00   2.4510992648E+00   2.0927555885E-03   2.2559018210E+00   2.4074683766E+00   1.5731253703E-03   3.4451017161E-04
   1  -171   0    0  -7.0255966652E-01   8.0171610663E+00   2.1584703505E-04   2.0193320122E+00   2.3930734422E+00   2.0683628564E-04   2.0995963756E+00   2.3620710955E+00   6.2540858640E-04   2.2317543933E+00   2.4001304599E+00   1.6844512301E-03   2.2966048133E+00   2.4165868901E+00   1.9049390847E-03   2.3930557292E+00   2.4515772359E+00   2.0927555885E-03   2.2565514970E+00   2.4079160035E+00   1.5731253703E-03   3.4454203574E-04
   1  -172   0    0  -7.1242407420E-01   8.0181089428E+00   2.1543948647E-04   2.0188074685E+00   2.3933853250E+00   2.0683628564E-04   2.0990934965E+00   2.3624268246E+00   6.2540858640E-04   2.2316078701E+00   2.4004861890E+00   1.6844512301E-03   2.2973118502E+00   2.4170349272E+00   1.9049390847E-03   2.3935475576E+00   2.4520555118E+00   2.0927555885E-03   2.2572008064E+00   2.4083640406E+00   1.5731253703E-03   3.4457393143E-04
   1  -173   0    0  -7.2228832626E-01   8.0190573436E+00   2.1503345917E-04   2.0182814415E+00   2.3936980129E+00   2.0683628564E-04   2.0985913256E+00   2.3627831952E+00   6.2540858640E-04   2.2314601720E+00   2.4008425595E+00   1.6844512301E-03   2.2980190626E+00   2.4174832611E+00   1.9049390847E-03   2.3940395764E+00   2.4525339716E+00   2.0927555885E-03   2.2578495903E+00   2.4088123745E+00   1.5731253703E-03   3.4460585058E-04
   1  -174   0    0  -7.3215249118E-01   8.0200060289E+00   2.1462905212E-04   2.0177540578E+00   2.3940114254E+00   2.0683628564E-04   2.0980899978E+00   2.3631401159E+00   6.2540858640E-04   2.2313113340E+00   2.4011994803E+00   1.6844512301E-03   2.2987262693E+00   2.4179317783E+00   1.9049390847E-03   2.3945316611E+00   2.4530124945E+00   2.0927555885E-03   2.2584976904E+00   2.4092608916E+00   1.5731253703E-03   3.4463778513E-04
   1  -175   0    0  -7.4201663760E-01   8.0209547586E+00   2.1422636287E-04   2.0172254460E+00   2.3943254813E+00   2.0683628564E-04   2.0975896466E+00   2.3634974953E+00   6.2540858640E-04   2.2311613922E+00   2.4015568597E+00   1.6844512301E-03   2.2994332897E+00   2.4183803650E+00   1.9049390847E-03   2.3950236874E+00   2.4534909595E+00   2.0927555885E-03   2.2591449487E+00   2.4097094784E+00   1.5731253703E-03   3.4466972695E-04
   1  -176   0    0  -7.5188083417E-01   8.0219032925E+00   2.1382548743E-04   2.0166957364E+00   2.3946400989E+00   2.0683628564E-04   2.0970904038E+00   2.3638552412E+00   6.2540858640E-04   2.2310103845E+00   2.4019146055E+00   1.6844512301E-03   2.3001399432E+00   2.4188289074E+00   1.9049390847E-03   2.3955155308E+00   2.4539692455E+00   2.0927555885E-03   2.2597912082E+00   2.4101580207E+00   1.5731253703E-03   3.4470166794E-04
   1  -177   0    0  -7.6174514950E-01   8.0228513907E+00   2.1342652027E-04   2.0161650608E+00   2.3949551957E+00   2.0683628564E-04   2.0965923996E+00   2.3642132611E+00   6.2540858640E-04   2.2308583499E+00   2.4022726254E+00   1.6844512301E-03   2.3008460497E+00   2.4192772915E+00   1.9049390847E-03   2.3960070671E+00   2.4544472318E+00   2.0927555885E-03   2.2604363124E+00   2.4106064049E+00   1.5731253703E-03   3.4473359997E-04
   1  -178   0    0  -7.7160965199E-01   8.0237988135E+00   2.1302955415E-04   2.0156335526E+00   2.3952706890E+00   2.0683628564E-04   2.0960957623E+00   2.3645714621E+00   6.2540858640E-04   2.2307053287E+00   2.4026308265E+00   1.6844512301E-03   2.3015514297E+00   2.4197254036E+00   1.9049390847E-03   2.3964981721E+00   2.4549247975E+00   2.0927555885E-03   2.2610801061E+00   2.4110545170E+00   1.5731253703E-03   3.4476551494E-04
   1  -179   0    0  -7.8147440975E-01   8.0247453219E+00   2.1263468010E-04   2.0151013464E+00   2.3955864957E+00   2.0683628564E-04   2.0956006182E+00   2.3649297515E+00   6.2540858640E-04   2.2305513626E+00   2.4029891158E+00   1.6844512301E-03   2.3022559045E+00   2.4201731302E+00   1.9049390847E-03   2.3969887221E+00   2.4554018225E+00   2.0927555885E-03   2.2617224348E+00   2.4115022435E+00   1.5731253703E-03   3.4479740473E-04
   1  -180   0    0  -7.9133949049E-01   8.0256906777E+00   2.1224198733E-04   2.0145685783E+00   2.3959025322E+00   2.0683628564E-04   2.0951070917E+00   2.3652880360E+00   6.2540858640E-04   2.2303964944E+00   2.4033474003E+00   1.6844512301E-03   2.3029592964E+00   2.4206203578E+00   1.9049390847E-03   2.3974785938E+00   2.4558781867E+00   2.0927555885E-03   2.2623631456E+00   2.4119494712E+00   1.5731253703E-03   3.4482926126E-04
   1  -181   0    0  -8.0120496140E-01   8.0266346435E+00   2.1185156317E-04   2.0140353852E+00   2.3962187148E+00   2.0683628564E-04   2.0946153049E+00   2.3656462225E+00   6.2540858640E-04   2.2302407683E+00   2.4037055869E+00   1.6844512301E-03   2.3036614285E+00   2.4210669737E+00   1.9049390847E-03   2.3979676644E+00   2.4563537708E+00   2.0927555885E-03   2.2630020866E+00   2.4123960871E+00   1.5731253703E-03   3.4486107649E-04
   1  -182   0    0  -8.1107088903E-01   8.0275769833E+00   2.1146349296E-04   2.0135019052E+00   2.3965349597E+00   2.0683628564E-04   2.0941253777E+00   2.3660042181E+00   6.2540858640E-04   2.2300842293E+00   2.4040635825E+00   1.6844512301E-03   2.3043621256E+00   2.4215128655E+00   1.9049390847E-03   2.3984558119E+00   2.4568284562E+00   2.0927555885E-03   2.2636391077E+00   2.4128419789E+00   1.5731253703E-03   3.4489284238E-04
   1  -183   0    0  -8.2093733921E-01   8.0285174625E+00   2.1107786004E-04   2.0129682770E+00   2.3968511830E+00   2.0683628564E-04   2.0936374279E+00   2.3663619299E+00   6.2540858640E-04   2.2299269237E+00   2.4044212942E+00   1.6844512301E-03   2.3050612134E+00   2.4219579214E+00   1.9049390847E-03   2.3989429150E+00   2.4573021248E+00   2.0927555885E-03   2.2642740601E+00   2.4132870348E+00   1.5731253703E-03   3.4492455096E-04
   1  -184   0    0  -8.3080437692E-01   8.0294558482E+00   2.1069474564E-04   2.0124346401E+00   2.3971673006E+00   2.0683628564E-04   2.0931515707E+00   2.3667192651E+00   6.2540858640E-04   2.2297688986E+00   2.4047786294E+00   1.6844512301E-03   2.3057585194E+00   2.4224020303E+00   1.9049390847E-03   2.3994288532E+00   2.4577746595E+00   2.0927555885E-03   2.2649067969E+00   2.4137311436E+00   1.5731253703E-03   3.4495619429E-04
   1  -185   0    0  -8.4067206618E-01   8.0303919091E+00   2.1031422885E-04   2.0119011344E+00   2.3974832289E+00   2.0683628564E-04   2.0926679190E+00   2.3670761314E+00   6.2540858640E-04   2.2296102023E+00   2.4051354957E+00   1.6844512301E-03   2.3064538727E+00   2.4228450820E+00   1.9049390847E-03   2.3999135071E+00   2.4582459444E+00   2.0927555885E-03   2.2655371729E+00   2.4141741953E+00   1.5731253703E-03   3.4498776450E-04
   1  -186   0    0  -8.5054047000E-01   8.0313254162E+00   2.0993638653E-04   2.0113679002E+00   2.3977988842E+00   2.0683628564E-04   2.0921865830E+00   2.3674324369E+00   6.2540858640E-04   2.2294508838E+00   2.4054918013E+00   1.6844512301E-03   2.3071471045E+00   2.4232869671E+00   1.9049390847E-03   2.4003967585E+00   2.4587158642E+00   2.0927555885E-03   2.2661650451E+00   2.4146160805E+00   1.5731253703E-03   3.4501925378E-04
   1  -187   0    0  -8.6040965020E-01   8.0322561426E+00   2.0956129329E-04   2.0108350781E+00   2.3981141829E+00   2.0683628564E-04   2.0917076706E+00   2.3677880902E+00   6.2540858640E-04   2.2292909928E+00   2.4058474546E+00   1.6844512301E-03   2.3078380475E+00   2.4237275774E+00   1.9049390847E-03   2.4008784902E+00   2.4591843052E+00   2.0927555885E-03   2.2667902724E+00   2.4150566907E+00   1.5731253703E-03   3.4505065437E-04
   1  -188   0    0  -8.7027966738E-01   8.0331838640E+00   2.0918902140E-04   2.0103028086E+00   2.3984290421E+00   2.0683628564E-04   2.0912312868E+00   2.3681430005E+00   6.2540858640E-04   2.2291305800E+00   2.4062023648E+00   1.6844512301E-03   2.3085265369E+00   2.4241668055E+00   1.9049390847E-03   2.4013585864E+00   2.4596511547E+00   2.0927555885E-03   2.2674127158E+00   2.4154959189E+00   1.5731253703E-03   3.4508195863E-04
   1  -189   0    0  -8.8015058081E-01   8.0341083585E+00   2.0881964077E-04   2.0097712320E+00   2.3987433792E+00   2.0683628564E-04   2.0907575341E+00   2.3684970775E+00   6.2540858640E-04   2.2289696965E+00   2.4065564418E+00   1.6844512301E-03   2.3092124100E+00   2.4246045456E+00   1.9049390847E-03   2.4018369328E+00   2.4601163017E+00   2.0927555885E-03   2.2680322388E+00   2.4159336590E+00   1.5731253703E-03   3.4511315895E-04
   1  -190   0    0  -8.9002244832E-01   8.0350294074E+00   2.0845321890E-04   2.0092404886E+00   2.3990571119E+00   2.0683628564E-04   2.0902865121E+00   2.3688502318E+00   6.2540858640E-04   2.2288083941E+00   2.4069095962E+00   1.6844512301E-03   2.3098955065E+00   2.4250406929E+00   1.9049390847E-03   2.4023134166E+00   2.4605796363E+00   2.0927555885E-03   2.2686487072E+00   2.4163698063E+00   1.5731253703E-03   3.4514424786E-04
   1  -191   0    0  -8.9989532623E-01   8.0359467948E+00   2.0808982081E-04   2.0087107180E+00   2.3993701587E+00   2.0683628564E-04   2.0898183178E+00   2.3692023750E+00   6.2540858640E-04   2.2286467252E+00   2.4072617393E+00   1.6844512301E-03   2.3105756688E+00   2.4254751441E+00   1.9049390847E-03   2.4027879265E+00   2.4610410505E+00   2.0927555885E-03   2.2692619892E+00   2.4168042574E+00   1.5731253703E-03   3.4517521797E-04
   1  -192   0    0  -9.0976926928E-01   8.0368603080E+00   2.0772950906E-04   2.0081820592E+00   2.3996824387E+00   2.0683628564E-04   2.0893530452E+00   2.3695534193E+00   6.2540858640E-04   2.2284847425E+00   2.4076127836E+00   1.6844512301E-03   2.3112527418E+00   2.4259077974E+00   1.9049390847E-03   2.4032603531E+00   2.4615004377E+00   2.0927555885E-03   2.2698719560E+00   2.4172369107E+00   1.5731253703E-03   3.4520606198E-04
   1  -193   0    0  -9.1964433053E-01   8.0377697379E+00   2.0737234365E-04   2.0076546506E+00   2.3999938717E+00   2.0683628564E-04   2.0888907856E+00   2.3699032780E+00   6.2540858640E-04   2.2283224990E+00   2.4079626424E+00   1.6844512301E-03   2.3119265731E+00   2.4263385525E+00   1.9049390847E-03   2.4037305887E+00   2.4619576934E+00   2.0927555885E-03   2.2704784811E+00   2.4176676659E+00   1.5731253703E-03   3.4523677272E-04
   1  -194   0    0  -9.2952056130E-01   8.0386748787E+00   2.0701838204E-04   2.0071286296E+00   2.4003043784E+00   2.0683628564E-04   2.0884316274E+00   2.3702518658E+00   6.2540858640E-04   2.2281600480E+00   2.4083112301E+00   1.6844512301E-03   2.3125970133E+00   2.4267673110E+00   1.9049390847E-03   2.4041985276E+00   2.4624127147E+00   2.0927555885E-03   2.2710814409E+00   2.4180964244E+00   1.5731253703E-03   3.4526734313E-04
   1  -195   0    0  -9.3939801111E-01   8.0395755287E+00   2.0666767909E-04   2.0066041323E+00   2.4006138802E+00   2.0683628564E-04   2.0879756559E+00   2.3705990981E+00   6.2540858640E-04   2.2279974433E+00   2.4086584625E+00   1.6844512301E-03   2.3132639162E+00   2.4271939760E+00   1.9049390847E-03   2.4046640660E+00   2.4628654008E+00   2.0927555885E-03   2.2716807150E+00   2.4185230894E+00   1.5731253703E-03   3.4529776628E-04
   1  -196   0    0  -9.4927672761E-01   8.0404714899E+00   2.0632028706E-04   2.0060812939E+00   2.4009222997E+00   2.0683628564E-04   2.0875229538E+00   2.3709448919E+00   6.2540858640E-04   2.2278347383E+00   2.4090042563E+00   1.6844512301E-03   2.3139271384E+00   2.4276184525E+00   1.9049390847E-03   2.4051271022E+00   2.4633156527E+00   2.0927555885E-03   2.2722761857E+00   2.4189475659E+00   1.5731253703E-03   3.4532803536E-04
   1  -197   0    0  -9.5915675649E-01   8.0413625685E+00   2.0597625560E-04   2.0055602480E+00   2.4012295604E+00   2.0683628564E-04   2.0870736007E+00   2.3712891654E+00   6.2540858640E-04   2.2276719868E+00   2.4093485297E+00   1.6844512301E-03   2.3145865400E+00   2.4280406476E+00   1.9049390847E-03   2.4055875367E+00   2.4637633738E+00   2.0927555885E-03   2.2728677383E+00   2.4193697610E+00   1.5731253703E-03   3.4535814371E-04
   1  -198   0    0  -9.6903814149E-01   8.0422485748E+00   2.0563563169E-04   2.0050411266E+00   2.4015355870E+00   2.0683628564E-04   2.0866276731E+00   2.3716318381E+00   6.2540858640E-04   2.2275092425E+00   2.4096912024E+00   1.6844512301E-03   2.3152419843E+00   2.4284604701E+00   1.9049390847E-03   2.4060452724E+00   2.4642084695E+00   2.0927555885E-03   2.2734552615E+00   2.4197895835E+00   1.5731253703E-03   3.4538808479E-04
   1  -199   0    0  -9.7892092430E-01   8.0431293236E+00   2.0529845969E-04   2.0045240601E+00   2.4018403052E+00   2.0683628564E-04   2.0861852447E+00   2.3719728311E+00   6.2540858640E-04   2.2273465589E+00   2.4100321955E+00   1.6844512301E-03   2.3158933381E+00   2.4288778311E+00   1.9049390847E-03   2.4065002143E+00   2.4646508476E+00   2.0927555885E-03   2.2740386471E+00   2.4202069445E+00   1.5731253703E-03   3.4541785222E-04
   1  -200   0    0  -9.8880514455E-01   8.0440046342E+00   2.0496478127E-04   2.0040091771E+00   2.4021436423E+00   2.0683628564E-04   2.0857463862E+00   2.3723120671E+00   6.2540858640E-04   2.2271839893E+00   2.4103714315E+00   1.6844512301E-03   2.3165404718E+00   2.4292926437E+00   1.9049390847E-03   2.4069522699E+00   2.4650904181E+00   2.0927555885E-03   2.2746177902E+00   2.4206217571E+00   1.5731253703E-03   3.4544743977E-04
   1  -201   0    0  -9.9869083976E-01   8.0448743306E+00   2.0463463548E-04   2.0034966039E+00   2.4024455265E+00   2.0683628564E-04   2.0853111653E+00   2.3726494702E+00   6.2540858640E-04   2.2270215869E+00   2.4107088346E+00   1.6844512301E-03   2.3171832592E+00   2.4297048234E+00   1.9049390847E-03   2.4074013491E+00   2.4655270935E+00   2.0927555885E-03   2.2751925893E+00   2.4210339368E+00   1.5731253703E-03   3.4547684137E-04
   1  -202  -4    4  -9.9999991172E-01   8.0449890566E+00   2.0459118788E-04   2.0034289143E+00   2.4024853862E+00   2.0683628564E-04   2.0852538141E+00   2.3726940042E+00   6.2540858640E-04   2.2270000987E+00   2.4107533685E+00   1.6844512301E-03   2.3172680379E+00   2.4297591981E+00   1.9049390847E-03   2.4074605836E+00   2.4655846919E+00   2.0927555885E-03   2.2752683672E+00   2.4210883114E+00   1.5731253703E-03   3.4548072016E-04
