    
   1    -1   0    0   9.9999999796E-01   7.9461685966E+00   2.5613724881E-04   2.0623627585E+00   2.3738647100E+00   2.6319947298E-04   2.1441142010E+00   2.3375372542E+00   6.3399648368E-04   2.2403093296E+00   2.3758436134E+00   1.6999640766E-03   2.2407425895E+00   2.3817016638E+00   1.9033929137E-03   2.3531441353E+00   2.4127745206E+00   2.0863070486E-03   2.2011897541E+00   2.3728986425E+00   1.5716125589E-03   3.4206054221E-04
   1    -2   0    0   9.8000127295E-01   7.9463051469E+00   2.5606377703E-04   2.0623038381E+00   2.3739000364E+00   2.6321348578E-04   2.1440484878E+00   2.3375837031E+00   6.3410004670E-04   2.2403037366E+00   2.3758868443E+00   1.6999780894E-03   2.2408409508E+00   2.3817614034E+00   1.9034008650E-03   2.3532108487E+00   2.4128394086E+00   2.0863065778E-03   2.2013012422E+00   2.3729589881E+00   1.5716373543E-03   3.4206474813E-04
   1    -3   0    0   9.7000195444E-01   7.9463757462E+00   2.5602580902E-04   2.0622733801E+00   2.3739183094E+00   2.6322072850E-04   2.1440145109E+00   2.3376077241E+00   6.3415357047E-04   2.2403008408E+00   2.3759092021E+00   1.6999853321E-03   2.2408918082E+00   2.3817922913E+00   1.9034049745E-03   2.3532453408E+00   2.4128729570E+00   2.0863063345E-03   2.2013588518E+00   2.3729901891E+00   1.5716501697E-03   3.4206692281E-04
   1    -4   0    0   9.6000266703E-01   7.9464479402E+00   2.5598699638E-04   2.0622422375E+00   2.3739370011E+00   2.6322813327E-04   2.1439797653E+00   2.3376322917E+00   6.3420828878E-04   2.2402978765E+00   2.3759320695E+00   1.6999927369E-03   2.2409438162E+00   2.3818238777E+00   1.9034091759E-03   2.3532806120E+00   2.4129072631E+00   2.0863060856E-03   2.2014177402E+00   2.3730220958E+00   1.5716632714E-03   3.4206914670E-04
   1    -5   0    0   9.5000341209E-01   7.9465217636E+00   2.5594732128E-04   2.0622103958E+00   2.3739561210E+00   2.6323570355E-04   2.1439442340E+00   2.3376574182E+00   6.3426422702E-04   2.2402948423E+00   2.3759554578E+00   1.7000003072E-03   2.2409969999E+00   2.3818561780E+00   1.9034134710E-03   2.3533166792E+00   2.4129423435E+00   2.0863058312E-03   2.2014779343E+00   2.3730547233E+00   1.5716766656E-03   3.4207142089E-04
   1    -6   0    0   9.4000419108E-01   7.9465972518E+00   2.5590676560E-04   2.0621778397E+00   2.3739756786E+00   2.6324344288E-04   2.1439079001E+00   2.3376831158E+00   6.3432141105E-04   2.2402917364E+00   2.3759793786E+00   1.7000080465E-03   2.2410513850E+00   2.3818892076E+00   1.9034178619E-03   2.3533535597E+00   2.4129782149E+00   2.0863055710E-03   2.2015394614E+00   2.3730880876E+00   1.5716903584E-03   3.4207374647E-04
   1    -7   0    0   9.3000500550E-01   7.9466744411E+00   2.5586531084E-04   2.0621445540E+00   2.3739956837E+00   2.6325135483E-04   2.1438707458E+00   2.3377093972E+00   6.3437986720E-04   2.2402885572E+00   2.3760038436E+00   1.7000159584E-03   2.2411069978E+00   2.3819229825E+00   1.9034223505E-03   2.3533912712E+00   2.4130148946E+00   2.0863053051E-03   2.2016023496E+00   2.3731222046E+00   1.5717043564E-03   3.4207612455E-04
   1    -8   0    0   9.2000585695E-01   7.9467533684E+00   2.5582293819E-04   2.0621105229E+00   2.3740161464E+00   2.6325944309E-04   2.1438327534E+00   2.3377362752E+00   6.3443962230E-04   2.2402853029E+00   2.3760288650E+00   1.7000240467E-03   2.2411638649E+00   2.3819575189E+00   1.9034269390E-03   2.3534298317E+00   2.4130524000E+00   2.0863050331E-03   2.2016666272E+00   2.3731570907E+00   1.5717186657E-03   3.4207855629E-04
   1    -9   0    0   9.1000674706E-01   7.9468340713E+00   2.5577962850E-04   2.0620757304E+00   2.3740370768E+00   2.6326771137E-04   2.1437939047E+00   2.3377637631E+00   6.3450070367E-04   2.2402819719E+00   2.3760544549E+00   1.7000323150E-03   2.2412220135E+00   2.3819928333E+00   1.9034316295E-03   2.3534692596E+00   2.4130907491E+00   2.0863047551E-03   2.2017323233E+00   2.3731927625E+00   1.5717332932E-03   3.4208104286E-04
   1   -10   0    0   9.0000767755E-01   7.9469165882E+00   2.5573536228E-04   2.0620401604E+00   2.3740584855E+00   2.6327616347E-04   2.1437541809E+00   2.3377918741E+00   6.3456313913E-04   2.2402785621E+00   2.3760806260E+00   1.7000407671E-03   2.2412814715E+00   2.3820289425E+00   1.9034364240E-03   2.3535095736E+00   2.4131299600E+00   2.0863044709E-03   2.2017994673E+00   2.3732292372E+00   1.5717482453E-03   3.4208358543E-04
   1   -11   0    0   8.9000865020E-01   7.9470009581E+00   2.5569011966E-04   2.0620037962E+00   2.3740803831E+00   2.6328480328E-04   2.1437135633E+00   2.3378206219E+00   6.3462695701E-04   2.2402750719E+00   2.3761073910E+00   1.7000494069E-03   2.2413422671E+00   2.3820658638E+00   1.9034413249E-03   2.3535507928E+00   2.4131700514E+00   2.0863041803E-03   2.2018680892E+00   2.3732665320E+00   1.5717635290E-03   3.4208618522E-04
   1   -12   0    0   8.8000966689E-01   7.9470872210E+00   2.5564388047E-04   2.0619666208E+00   2.3741027804E+00   2.6329363472E-04   2.1436720323E+00   2.3378500206E+00   6.3469218613E-04   2.2402714993E+00   2.3761347630E+00   1.7000582383E-03   2.2414044294E+00   2.3821036146E+00   1.9034463343E-03   2.3535929366E+00   2.4132110422E+00   2.0863038833E-03   2.2019382195E+00   2.3733046646E+00   1.5717791512E-03   3.4208884347E-04
   1   -13   0    0   8.7001072956E-01   7.9471754175E+00   2.5559662415E-04   2.0619286172E+00   2.3741256886E+00   2.6330266181E-04   2.1436295684E+00   2.3378800843E+00   6.3475885587E-04   2.2402678423E+00   2.3761627553E+00   1.7000672654E-03   2.2414679877E+00   2.3821422129E+00   1.9034514544E-03   2.3536360250E+00   2.4132529516E+00   2.0863035796E-03   2.2020098894E+00   2.3733436531E+00   1.5717951190E-03   3.4209156145E-04
   1   -14   0    0   8.6001184023E-01   7.9472655891E+00   2.5554832980E-04   2.0618897676E+00   2.3741491190E+00   2.6331188863E-04   2.1435861515E+00   2.3379108276E+00   6.3482699608E-04   2.2402640990E+00   2.3761913814E+00   1.7000764922E-03   2.2415329720E+00   2.3821816768E+00   1.9034566876E-03   2.3536800781E+00   2.4132957993E+00   2.0863032692E-03   2.2020831305E+00   2.3733835158E+00   1.5718114395E-03   3.4209434042E-04
   1   -15   0    0   8.5001300102E-01   7.9473577779E+00   2.5549897615E-04   2.0618500542E+00   2.3741730832E+00   2.6332131935E-04   2.1435417609E+00   2.3379422653E+00   6.3489663717E-04   2.2402602673E+00   2.3762206554E+00   1.7000859230E-03   2.2415994130E+00   2.3822220248E+00   1.9034620363E-03   2.3537251165E+00   2.4133396054E+00   2.0863029519E-03   2.2021579750E+00   2.3734242715E+00   1.5718281200E-03   3.4209718172E-04
   1   -16   0    0   8.4001421413E-01   7.9474520271E+00   2.5544854159E-04   2.0618094588E+00   2.3741975931E+00   2.6333095819E-04   2.1434963759E+00   2.3379744124E+00   6.3496781006E-04   2.2402563453E+00   2.3762505913E+00   1.7000955618E-03   2.2416673419E+00   2.3822632759E+00   1.9034675027E-03   2.3537711613E+00   2.4133843903E+00   2.0863026275E-03   2.2022344556E+00   2.3734659393E+00   1.5718451681E-03   3.4210008666E-04
   1   -17   0    0   8.3001548186E-01   7.9475483805E+00   2.5539700411E-04   2.0617679629E+00   2.3742226606E+00   2.6334080947E-04   2.1434499751E+00   2.3380072844E+00   6.3504054623E-04   2.2402523306E+00   2.3762812035E+00   1.7001054131E-03   2.2417367905E+00   2.3823054494E+00   1.9034730894E-03   2.3538182338E+00   2.4134301748E+00   2.0863022959E-03   2.2023126056E+00   2.3735085386E+00   1.5718625912E-03   3.4210305661E-04
   1   -18   0    0   8.2001680660E-01   7.9476468828E+00   2.5534434137E-04   2.0617255475E+00   2.3742482981E+00   2.6335087755E-04   2.1434025369E+00   2.3380408970E+00   6.3511487767E-04   2.2402482212E+00   2.3763125067E+00   1.7001154812E-03   2.2418077910E+00   2.3823485649E+00   1.9034787988E-03   2.3538663558E+00   2.4134769801E+00   2.0863019570E-03   2.2023924589E+00   2.3735520893E+00   1.5718803972E-03   3.4210609296E-04
   1   -19   0    0   8.1001819084E-01   7.9477475795E+00   2.5529053064E-04   2.0616821933E+00   2.3742745181E+00   2.6336116691E-04   2.1433540392E+00   2.3380752662E+00   6.3519083692E-04   2.2402440149E+00   2.3763445160E+00   1.7001257705E-03   2.2418803767E+00   2.3823926424E+00   1.9034846333E-03   2.3539155495E+00   2.4135248278E+00   2.0863016106E-03   2.2024740498E+00   2.3735966114E+00   1.5718985937E-03   3.4210919712E-04
   1   -20   0    0   8.0001963718E-01   7.9478505169E+00   2.5523554884E-04   2.0616378809E+00   2.3743013336E+00   2.6337168207E-04   2.1433044593E+00   2.3381104084E+00   6.3526845709E-04   2.2402397093E+00   2.3763772467E+00   1.7001362857E-03   2.2419545810E+00   2.3824377022E+00   1.9034905957E-03   2.3539658376E+00   2.4135737399E+00   2.0863012566E-03   2.2025574136E+00   2.3736421257E+00   1.5719171889E-03   3.4211237053E-04
   1   -21   0    0   7.9002114831E-01   7.9479557424E+00   2.5517937249E-04   2.0615925901E+00   2.3743287574E+00   2.6338242765E-04   2.1432537745E+00   2.3381463401E+00   6.3534777179E-04   2.2402353022E+00   2.3764107143E+00   1.7001470312E-03   2.2420304382E+00   2.3824837652E+00   1.9034966884E-03   2.3540172430E+00   2.4136237388E+00   2.0863008947E-03   2.2026425856E+00   2.3736886531E+00   1.5719361908E-03   3.4211561465E-04
   1   -22   0    0   7.8002272707E-01   7.9480633038E+00   2.5512197775E-04   2.0615463008E+00   2.3743568031E+00   2.6339340833E-04   2.1432019612E+00   2.3381830783E+00   6.3542881524E-04   2.2402307912E+00   2.3764449348E+00   1.7001580119E-03   2.2421079833E+00   2.3825308524E+00   1.9035029141E-03   2.3540697893E+00   2.4136748472E+00   2.0863005249E-03   2.2027296021E+00   2.3737362149E+00   1.5719556076E-03   3.4211893098E-04
   1   -23   0    0   7.7002437637E-01   7.9481732503E+00   2.5506334043E-04   2.0614989923E+00   2.3743854841E+00   2.6340462888E-04   2.1431489958E+00   2.3382206403E+00   6.3551162216E-04   2.2402261738E+00   2.3764799243E+00   1.7001692325E-03   2.2421872516E+00   2.3825789854E+00   1.9035092755E-03   2.3541235002E+00   2.4137270885E+00   2.0863001469E-03   2.2028184998E+00   2.3737848328E+00   1.5719754478E-03   3.4212232104E-04
   1   -24   0    0   7.6002609927E-01   7.9482856317E+00   2.5500343592E-04   2.0614506435E+00   2.3744148143E+00   2.6341609414E-04   2.1430948539E+00   2.3382590438E+00   6.3559622787E-04   2.2402214475E+00   2.3765156994E+00   1.7001806977E-03   2.2422682795E+00   2.3826281861E+00   1.9035157754E-03   2.3541784001E+00   2.4137804862E+00   2.0862997607E-03   2.2029093162E+00   2.3738345289E+00   1.5719957198E-03   3.4212578638E-04
   1   -25   0    0   7.5002789896E-01   7.9484004986E+00   2.5494223927E-04   2.0614012329E+00   2.3744448080E+00   2.6342780904E-04   2.1430395108E+00   2.3382983066E+00   6.3568266822E-04   2.2402166099E+00   2.3765522769E+00   1.7001924126E-03   2.2423511036E+00   2.3826784768E+00   1.9035224164E-03   2.3542345137E+00   2.4138350644E+00   2.0862993659E-03   2.2030020890E+00   2.3738853258E+00   1.5720164323E-03   3.4212932856E-04
   1   -26   0    0   7.4002977872E-01   7.9485179028E+00   2.5487972514E-04   2.0613507390E+00   2.3744754795E+00   2.6343977859E-04   2.1429829415E+00   2.3383384471E+00   6.3577097963E-04   2.2402116583E+00   2.3765896740E+00   1.7002043822E-03   2.2424357615E+00   2.3827298802E+00   1.9035292014E-03   2.3542918661E+00   2.4138908475E+00   2.0862989625E-03   2.2030968568E+00   2.3739372464E+00   1.5720375940E-03   3.4213294921E-04
   1   -27   0    0   7.3003174202E-01   7.9486378967E+00   2.5481586782E-04   2.0612991394E+00   2.3745068435E+00   2.6345200785E-04   2.1429251203E+00   2.3383794839E+00   6.3586119909E-04   2.2402065901E+00   2.3766279082E+00   1.7002166114E-03   2.2425222914E+00   2.3827824194E+00   1.9035361332E-03   2.3543504830E+00   2.4139478605E+00   2.0862985503E-03   2.2031936589E+00   2.3739903140E+00   1.5720592139E-03   3.4213664994E-04
   1   -28   0    0   7.2003379243E-01   7.9487605339E+00   2.5475064122E-04   2.0612464116E+00   2.3745389151E+00   2.6346450199E-04   2.1428660212E+00   2.3384214359E+00   6.3595336413E-04   2.2402014026E+00   2.3766669971E+00   1.7002291056E-03   2.2426107320E+00   2.3828361179E+00   1.9035432148E-03   2.3544103904E+00   2.4140061287E+00   2.0862981291E-03   2.2032925347E+00   2.3740445523E+00   1.5720813011E-03   3.4214043242E-04
   1   -29   0    0   7.1003593367E-01   7.9488858686E+00   2.5468401889E-04   2.0611925328E+00   2.3745717094E+00   2.6347726625E-04   2.1428056178E+00   2.3384643225E+00   6.3604751286E-04   2.2401960929E+00   2.3767069591E+00   1.7002418699E-03   2.2427011228E+00   2.3828909996E+00   1.9035504491E-03   2.3544716148E+00   2.4140656779E+00   2.0862976987E-03   2.2033935248E+00   2.3740999855E+00   1.5721038648E-03   3.4214429835E-04
   1   -30   0    0   7.0003816962E-01   7.9490139563E+00   2.5461597398E-04   2.0611374797E+00   2.3746052422E+00   2.6349030595E-04   2.1427438830E+00   2.3385081633E+00   6.3614368393E-04   2.2401906583E+00   2.3767478125E+00   1.7002549096E-03   2.2427935040E+00   2.3829470889E+00   1.9035578391E-03   2.3545341831E+00   2.4141265341E+00   2.0862972590E-03   2.2034966699E+00   2.3741566381E+00   1.5721269142E-03   3.4214824943E-04
   1   -31   0    0   6.9004050431E-01   7.9491448531E+00   2.5454647930E-04   2.0610812286E+00   2.3746395293E+00   2.6350362650E-04   2.1426807894E+00   2.3385529783E+00   6.3624191658E-04   2.2401850959E+00   2.3767895762E+00   1.7002682301E-03   2.2428879164E+00   2.3830044104E+00   1.9035653878E-03   2.3545981228E+00   2.4141887242E+00   2.0862968097E-03   2.2036020116E+00   2.3742145350E+00   1.5721504589E-03   3.4215228742E-04
   1   -32   0    0   6.8004294194E-01   7.9492786162E+00   2.5447550728E-04   2.0610237553E+00   2.3746745868E+00   2.6351723336E-04   2.1426163091E+00   2.3385987880E+00   6.3634225058E-04   2.2401794027E+00   2.3768322692E+00   1.7002818370E-03   2.2429844016E+00   2.3830629893E+00   1.9035730982E-03   2.3546634615E+00   2.4142522751E+00   2.0862963506E-03   2.2037095920E+00   2.3742737017E+00   1.5721745084E-03   3.4215641410E-04
   1   -33   0    0   6.7004548685E-01   7.9494153038E+00   2.5440302997E-04   2.0609650356E+00   2.3747104312E+00   2.6353113210E-04   2.1425504138E+00   2.3386456130E+00   6.3644472627E-04   2.2401735757E+00   2.3768759112E+00   1.7002957357E-03   2.2430830019E+00   2.3831228512E+00   1.9035809736E-03   2.3547302278E+00   2.4143172145E+00   2.0862958817E-03   2.2038194537E+00   2.3743341640E+00   1.5721990726E-03   3.4216063128E-04
   1   -34   0    0   6.6004814358E-01   7.9495549750E+00   2.5432901909E-04   2.0609050444E+00   2.3747470794E+00   2.6354532835E-04   2.1424830747E+00   2.3386934745E+00   6.3654938452E-04   2.2401676118E+00   2.3769205218E+00   1.7003099319E-03   2.2431837601E+00   2.3831840221E+00   1.9035890171E-03   2.3547984502E+00   2.4143835701E+00   2.0862954026E-03   2.2039316402E+00   2.3743959481E+00   1.5722241612E-03   3.4216494078E-04
   1   -35   0    0   6.5005091683E-01   7.9496976897E+00   2.5425344597E-04   2.0608437567E+00   2.3747845483E+00   2.6355982783E-04   2.1424142623E+00   2.3387423939E+00   6.3665626678E-04   2.2401615079E+00   2.3769661214E+00   1.7003244314E-03   2.2432867199E+00   2.3832465284E+00   1.9035972319E-03   2.3548681581E+00   2.4144513706E+00   2.0862949131E-03   2.2040461951E+00   2.3744590806E+00   1.5722497844E-03   3.4216934449E-04
   1   -36   0    0   6.4005381150E-01   7.9498435090E+00   2.5417628161E-04   2.0607811467E+00   2.3748228556E+00   2.6357463633E-04   2.1423439470E+00   2.3387923930E+00   6.3676541502E-04   2.2401552607E+00   2.3770127304E+00   1.7003392399E-03   2.2433919257E+00   2.3833103969E+00   1.9036056212E-03   2.3549393810E+00   2.4145206446E+00   2.0862944132E-03   2.2041631631E+00   2.3745235887E+00   1.5722759522E-03   3.4217384430E-04
   1   -37   0    0   6.3005683265E-01   7.9499924948E+00   2.5409749664E-04   2.0607171884E+00   2.3748620188E+00   2.6358975973E-04   2.1422720984E+00   2.3388434942E+00   6.3687687176E-04   2.2401488671E+00   2.3770603697E+00   1.7003543633E-03   2.2434994224E+00   2.3833756548E+00   1.9036141883E-03   2.3550121492E+00   2.4145914216E+00   2.0862939025E-03   2.2042825892E+00   2.3745894998E+00   1.5723026749E-03   3.4217844214E-04
   1   -38   0    0   6.2005998557E-01   7.9501447101E+00   2.5401706137E-04   2.0606518554E+00   2.3749020560E+00   2.6360520397E-04   2.1421986857E+00   2.3388957198E+00   6.3699068005E-04   2.2401423235E+00   2.3771090605E+00   1.7003698076E-03   2.2436092559E+00   2.3834423299E+00   1.9036229366E-03   2.3550864932E+00   2.4146637312E+00   2.0862933809E-03   2.2044045189E+00   2.3746568418E+00   1.5723299630E-03   3.4218313997E-04
   1   -39   0    0   6.1006327573E-01   7.9503002187E+00   2.5393494574E-04   2.0605851208E+00   2.3749429856E+00   2.6362097508E-04   2.1421236778E+00   2.3389490930E+00   6.3710688345E-04   2.2401356267E+00   2.3771588246E+00   1.7003855787E-03   2.2437214726E+00   2.3835104502E+00   1.9036318694E-03   2.3551624440E+00   2.4147376038E+00   2.0862928481E-03   2.2045289986E+00   2.3747256432E+00   1.5723578270E-03   3.4218793977E-04
   1   -40   0    0   6.0006670882E-01   7.9504590854E+00   2.5385111939E-04   2.0605169575E+00   2.3749848263E+00   2.6363707915E-04   2.1420470429E+00   2.3390036370E+00   6.3722552608E-04   2.2401287731E+00   2.3772096838E+00   1.7004016828E-03   2.2438361196E+00   2.3835800443E+00   1.9036409902E-03   2.3552400332E+00   2.4148130698E+00   2.0862923039E-03   2.2046560750E+00   2.3747959327E+00   1.5723862776E-03   3.4219284356E-04
   1   -41   0    0   5.9007029074E-01   7.9506213761E+00   2.5376555162E-04   2.0604473379E+00   2.3750275971E+00   2.6365352237E-04   2.1419687487E+00   2.3390593755E+00   6.3734665251E-04   2.2401217591E+00   2.3772616604E+00   1.7004181260E-03   2.2439532449E+00   2.3836511412E+00   1.9036503023E-03   2.3553192927E+00   2.4148901605E+00   2.0862917482E-03   2.2047857955E+00   2.3748677395E+00   1.5724153256E-03   3.4219785340E-04
   1   -42   0    0   5.8007402761E-01   7.9507871576E+00   2.5367821142E-04   2.0603762338E+00   2.3750713174E+00   2.6367031098E-04   2.1418887627E+00   2.3391163326E+00   6.3747030787E-04   2.2401145811E+00   2.3773147772E+00   1.7004349146E-03   2.2440728970E+00   2.3837237701E+00   1.9036598094E-03   2.3554002550E+00   2.4149689074E+00   2.0862911807E-03   2.2049182079E+00   2.3749410933E+00   1.5724449818E-03   3.4220297136E-04
   1   -43   0    0   5.7007792579E-01   7.9509564974E+00   2.5358906747E-04   2.0603036169E+00   2.3751160068E+00   2.6368745130E-04   2.1418070516E+00   2.3391745329E+00   6.3759653773E-04   2.2401072354E+00   2.3773690572E+00   1.7004520549E-03   2.2441951252E+00   2.3837979609E+00   1.9036695149E-03   2.3554829530E+00   2.4150493424E+00   2.0862906011E-03   2.2050533607E+00   2.3750160241E+00   1.5724752575E-03   3.4220819955E-04
   1   -44   0    0   5.6008199185E-01   7.9511294644E+00   2.5349808815E-04   2.0602294585E+00   2.3751616854E+00   2.6370494973E-04   2.1417235817E+00   2.3392340010E+00   6.3772538816E-04   2.2400997183E+00   2.3774245239E+00   1.7004695533E-03   2.2443199794E+00   2.3838737438E+00   1.9036794224E-03   2.3555674199E+00   2.4151314980E+00   2.0862900094E-03   2.2051913029E+00   2.3750925624E+00   1.5725061636E-03   3.4221354012E-04
   1   -45   0    0   5.5008623264E-01   7.9513061281E+00   2.5340524157E-04   2.0601537292E+00   2.3752083735E+00   2.6372281271E-04   2.1416383190E+00   2.3392947623E+00   6.3785690569E-04   2.2400920258E+00   2.3774812009E+00   1.7004874163E-03   2.2444475105E+00   2.3839511495E+00   1.9036895356E-03   2.3556536897E+00   2.4152154070E+00   2.0862894051E-03   2.2053320841E+00   2.3751707392E+00   1.5725377116E-03   3.4221899524E-04
   1   -46   0    0   5.4009065523E-01   7.9514865591E+00   2.5331049554E-04   2.0600763995E+00   2.3752560918E+00   2.6374104679E-04   2.1415512288E+00   2.3393568424E+00   6.3799113731E-04   2.2400841540E+00   2.3775391125E+00   1.7005056504E-03   2.2445777696E+00   2.3840302089E+00   1.9036998580E-03   2.3557417964E+00   2.4153011028E+00   2.0862887881E-03   2.2054757543E+00   2.3752505857E+00   1.5725699127E-03   3.4222456709E-04
   1   -47   0    0   5.3009526697E-01   7.9516708289E+00   2.5321381763E-04   2.0599974394E+00   2.3753048614E+00   2.6375965855E-04   2.1414622761E+00   2.3394202672E+00   6.3812813044E-04   2.2400760988E+00   2.3775982832E+00   1.7005242622E-03   2.2447108090E+00   2.3841109536E+00   1.9037103934E-03   2.3558317748E+00   2.4153886190E+00   2.0862881582E-03   2.2056223639E+00   2.3753321337E+00   1.5726027786E-03   3.4223025792E-04
   1   -48   0    0   5.2010007544E-01   7.9518590098E+00   2.5311517514E-04   2.0599168186E+00   2.3753547035E+00   2.6377865465E-04   2.1413714253E+00   2.3394850631E+00   6.3826793291E-04   2.2400678563E+00   2.3776587379E+00   1.7005432583E-03   2.2448466813E+00   2.3841934154E+00   1.9037211454E-03   2.3559236601E+00   2.4154779898E+00   2.0862875152E-03   2.2057719642E+00   2.3754154153E+00   1.5726363208E-03   3.4223606998E-04
   1   -49   0    0   5.1010508854E-01   7.9520511753E+00   2.5301453515E-04   2.0598345063E+00   2.3754056400E+00   2.6379804181E-04   2.1412786404E+00   2.3395512569E+00   6.3841059296E-04   2.2400594222E+00   2.3777205017E+00   1.7005626454E-03   2.2449854399E+00   2.3842776265E+00   1.9037321178E-03   2.3560174876E+00   2.4155692497E+00   2.0862868587E-03   2.2059246066E+00   2.3755004631E+00   1.5726705511E-03   3.4224200555E-04
   1   -50   0    0   5.0011031440E-01   7.9522473995E+00   2.5291186450E-04   2.0597504714E+00   2.3754576927E+00   2.6381782681E-04   2.1411838849E+00   2.3396188755E+00   6.3855615922E-04   2.2400507922E+00   2.3777836003E+00   1.7005824304E-03   2.2451271390E+00   2.3843636197E+00   1.9037433145E-03   2.3561132934E+00   2.4156624338E+00   2.0862861886E-03   2.2060803430E+00   2.3755873101E+00   1.5727054812E-03   3.4224806696E-04
   1   -51   0    0   4.9011576147E-01   7.9524477576E+00   2.5280712984E-04   2.0596646824E+00   2.3755108842E+00   2.6383801648E-04   2.1410871220E+00   2.3396879466E+00   6.3870468068E-04   2.2400419620E+00   2.3778480597E+00   1.7006026201E-03   2.2452718333E+00   2.3844514279E+00   1.9037547391E-03   2.3562111139E+00   2.4157575775E+00   2.0862855046E-03   2.2062392260E+00   2.3756759895E+00   1.5727411231E-03   3.4225425655E-04
   1   -52   0    0   4.8012143848E-01   7.9526523256E+00   2.5270029763E-04   2.0595771073E+00   2.3755652371E+00   2.6385861772E-04   2.1409883142E+00   2.3397584979E+00   6.3885620665E-04   2.2400329272E+00   2.3779139062E+00   1.7006232213E-03   2.2454195781E+00   2.3845410847E+00   1.9037663956E-03   2.3563109859E+00   2.4158547164E+00   2.0862848064E-03   2.2064013084E+00   2.3757665352E+00   1.5727774888E-03   3.4226057668E-04
   1   -53   0    0   4.7012735446E-01   7.9528611802E+00   2.5259133414E-04   2.0594877141E+00   2.3756207744E+00   2.6387963745E-04   2.1408874239E+00   2.3398305577E+00   6.3901078680E-04   2.2400236833E+00   2.3779811663E+00   1.7006442411E-03   2.2455704294E+00   2.3846326238E+00   1.9037782877E-03   2.3564129465E+00   2.4159538868E+00   2.0862840939E-03   2.2065666435E+00   2.3758589812E+00   1.5728145903E-03   3.4226702976E-04
   1   -54   0    0   4.6013351876E-01   7.9530743993E+00   2.5248020551E-04   2.0593964700E+00   2.3756775195E+00   2.6390108267E-04   2.1407844127E+00   2.3399041545E+00   6.3916847106E-04   2.2400142256E+00   2.3780498673E+00   1.7006656863E-03   2.2457244440E+00   2.3847260794E+00   1.9037904195E-03   2.3565170333E+00   2.4160551252E+00   2.0862833668E-03   2.2067352849E+00   2.3759533620E+00   1.5728524399E-03   3.4227361821E-04
   1   -55   0    0   4.5013994103E-01   7.9532920612E+00   2.5236687773E-04   2.0593033421E+00   2.3757354962E+00   2.6392296042E-04   2.1406792421E+00   2.3399793173E+00   6.3932930965E-04   2.2400045495E+00   2.3781200364E+00   1.7006875640E-03   2.2458816790E+00   2.3848214861E+00   1.9038027947E-03   2.3566232843E+00   2.4161584685E+00   2.0862826248E-03   2.2069072868E+00   2.3760497124E+00   1.5728910497E-03   3.4228034449E-04
   1   -56   0    0   4.4014663125E-01   7.9535142454E+00   2.5225131668E-04   2.0592082972E+00   2.3757947284E+00   2.6394527777E-04   2.1405718730E+00   2.3400560752E+00   6.3949335302E-04   2.2399946501E+00   2.3781917013E+00   1.7007098814E-03   2.2460421922E+00   2.3849188787E+00   1.9038154174E-03   2.3567317378E+00   2.4162639541E+00   2.0862818676E-03   2.2070827034E+00   2.3761480677E+00   1.5729304321E-03   3.4228721106E-04
   1   -57   0    0   4.3015359974E-01   7.9537410318E+00   2.5213348816E-04   2.0591113016E+00   2.3758552405E+00   2.6396804183E-04   2.1404622661E+00   2.3401344580E+00   6.3966065184E-04   2.2399845227E+00   2.3782648900E+00   1.7007326454E-03   2.2462060421E+00   2.3850182924E+00   1.9038282915E-03   2.3568424324E+00   2.4163716194E+00   2.0862810951E-03   2.2072615896E+00   2.3762484633E+00   1.5729705993E-03   3.4229422044E-04
   1   -58   0    0   4.2016085713E-01   7.9539725013E+00   2.5201335790E-04   2.0590123214E+00   2.3759170573E+00   2.6399125974E-04   2.1403503815E+00   2.3402144954E+00   6.3983125696E-04   2.2399741623E+00   2.3783396311E+00   1.7007558633E-03   2.2463732875E+00   2.3851197629E+00   1.9038414209E-03   2.3569554073E+00   2.4164815025E+00   2.0862803069E-03   2.2074440004E+00   2.3763509352E+00   1.5730115639E-03   3.4230137514E-04
   1   -59   0    0   4.1016841443E-01   7.9542087354E+00   2.5189089157E-04   2.0589113223E+00   2.3759802037E+00   2.6401493869E-04   2.1402361792E+00   2.3402962179E+00   6.4000521939E-04   2.2399635638E+00   2.3784159530E+00   1.7007795423E-03   2.2465439880E+00   2.3852233260E+00   1.9038548096E-03   2.3570707016E+00   2.4165936416E+00   2.0862795028E-03   2.2076299909E+00   2.3764555194E+00   1.5730533383E-03   3.4230867771E-04
   1   -60   0    0   4.0017628296E-01   7.9544498164E+00   2.5176605485E-04   2.0588082696E+00   2.3760447049E+00   2.6403908588E-04   2.1401196185E+00   2.3403796560E+00   6.4018259023E-04   2.2399527221E+00   2.3784938849E+00   1.7008036895E-03   2.2467182035E+00   2.3853290179E+00   1.9038684617E-03   2.3571883551E+00   2.4167080753E+00   2.0862786826E-03   2.2078196168E+00   2.3765622525E+00   1.5730959349E-03   3.4231613073E-04
   1   -61   0    0   3.9018447442E-01   7.9546958272E+00   2.5163881341E-04   2.0587031286E+00   2.3761105868E+00   2.6406370852E-04   2.1400006588E+00   2.3404648406E+00   6.4036342070E-04   2.2399416319E+00   2.3785734560E+00   1.7008283121E-03   2.2468959945E+00   2.3854368749E+00   1.9038823810E-03   2.3573084077E+00   2.4168248425E+00   2.0862778459E-03   2.2080129338E+00   2.3766711712E+00   1.5731393663E-03   3.4232373678E-04
   1   -62   0    0   3.8019300089E-01   7.9549468511E+00   2.5150913296E-04   2.0585958640E+00   2.3761778751E+00   2.6408881387E-04   2.1398792589E+00   2.3405518029E+00   6.4054776203E-04   2.2399302879E+00   2.3786546961E+00   1.7008534175E-03   2.2470774220E+00   2.3855469339E+00   1.9038965717E-03   2.3574308997E+00   2.4169439822E+00   2.0862769926E-03   2.2082099978E+00   2.3767823127E+00   1.5731836450E-03   3.4233149847E-04
   1   -63   0    0   3.7020187477E-01   7.9552029724E+00   2.5137697928E-04   2.0584864404E+00   2.3762465960E+00   2.6411440916E-04   2.1397553773E+00   2.3406405744E+00   6.4073566547E-04   2.2399186848E+00   2.3787376349E+00   1.7008790128E-03   2.2472625472E+00   2.3856592319E+00   1.9039110377E-03   2.3575558714E+00   2.4170655338E+00   2.0862761223E-03   2.2084108649E+00   2.3768957140E+00   1.5732287835E-03   3.4233941844E-04
   1   -64   0    0   3.6021110889E-01   7.9554642756E+00   2.5124231824E-04   2.0583748222E+00   2.3763167762E+00   2.6414050166E-04   2.1396289725E+00   2.3407311868E+00   6.4092718224E-04   2.2399068169E+00   2.3788223026E+00   1.7009051053E-03   2.2474514319E+00   2.3857738059E+00   1.9039257830E-03   2.3576833637E+00   2.4171895369E+00   2.0862752348E-03   2.2086155913E+00   2.3770114128E+00   1.5732747945E-03   3.4234749932E-04
   1   -65   0    0   3.5022071642E-01   7.9557308458E+00   2.5110511586E-04   2.0582609732E+00   2.3763884424E+00   2.6416709861E-04   2.1395000025E+00   2.3408236721E+00   6.4112236347E-04   2.2398946786E+00   2.3789087297E+00   1.7009317022E-03   2.2476441382E+00   2.3858906936E+00   1.9039408117E-03   2.3578134175E+00   2.4173160313E+00   2.0862743298E-03   2.2088242332E+00   2.3771294469E+00   1.5733216904E-03   3.4235574379E-04
   1   -66   0    0   3.4023071092E-01   7.9560027687E+00   2.5096533829E-04   2.0581448574E+00   2.3764616216E+00   2.6419420728E-04   2.1393684251E+00   2.3409180627E+00   6.4132126019E-04   2.2398822643E+00   2.3789969470E+00   1.7009588109E-03   2.2478407287E+00   2.3860099324E+00   1.9039561277E-03   2.3579460738E+00   2.4174450570E+00   2.0862734071E-03   2.2090368468E+00   2.3772498541E+00   1.5733694838E-03   3.4236415452E-04
   1   -67   0    0   3.3024110636E-01   7.9562801303E+00   2.5082295189E-04   2.0580264382E+00   2.3765363412E+00   2.6422183490E-04   2.1392341982E+00   2.3410143910E+00   6.4152392323E-04   2.2398695681E+00   2.3790869852E+00   1.7009864385E-03   2.2480412660E+00   2.3861315603E+00   1.9039717350E-03   2.3580813739E+00   2.4175766542E+00   2.0862724664E-03   2.2092534886E+00   2.3773726726E+00   1.5734181872E-03   3.4237273420E-04
   1   -68   0    0   3.2025191710E-01   7.9565630168E+00   2.5067792326E-04   2.0579056792E+00   2.3766126287E+00   2.6424998868E-04   2.1390972792E+00   2.3411126898E+00   6.4173040322E-04   2.2398565840E+00   2.3791788757E+00   1.7010145923E-03   2.2482458132E+00   2.3862556152E+00   1.9039876376E-03   2.3582193593E+00   2.4177108632E+00   2.0862715075E-03   2.2094742146E+00   2.3774979406E+00   1.5734678130E-03   3.4238148553E-04
   1   -69   0    0   3.1026315786E-01   7.9568515150E+00   2.5053021926E-04   2.0577825434E+00   2.3766905120E+00   2.6427867584E-04   2.1389576254E+00   2.3412129920E+00   6.4194075054E-04   2.2398433061E+00   2.3792726498E+00   1.7010432794E-03   2.2484544335E+00   2.3863821351E+00   1.9040038395E-03   2.3583600715E+00   2.4178477242E+00   2.0862705300E-03   2.2096990811E+00   2.3776256966E+00   1.5735183735E-03   3.4239041124E-04
   1   -70   0    0   3.0027484382E-01   7.9571457117E+00   2.5037980703E-04   2.0576569939E+00   2.3767700191E+00   2.6430790352E-04   2.1388151944E+00   2.3413153307E+00   6.4215501522E-04   2.2398297282E+00   2.3793683391E+00   1.7010725071E-03   2.2486671904E+00   2.3865111583E+00   1.9040203445E-03   2.3585035522E+00   2.4179872780E+00   2.0862695337E-03   2.2099281441E+00   2.3777559790E+00   1.5735698813E-03   3.4239951403E-04
   1   -71   0    0   2.9028699051E-01   7.9574456941E+00   2.5022665411E-04   2.0575289936E+00   2.3768511783E+00   2.6433767887E-04   2.1386699432E+00   2.3414197392E+00   6.4237324694E-04   2.2398158440E+00   2.3794659753E+00   1.7011022825E-03   2.2488841475E+00   2.3866427231E+00   1.9040371567E-03   2.3586498430E+00   2.4181295649E+00   2.0862685183E-03   2.2101614593E+00   2.3778888264E+00   1.5736223483E-03   3.4240879664E-04
   1   -72   0    0   2.8029961389E-01   7.9577515494E+00   2.5007072836E-04   2.0573985051E+00   2.3769340181E+00   2.6436800895E-04   2.1385218290E+00   2.3415262510E+00   6.4259549496E-04   2.2398016472E+00   2.3795655904E+00   1.7011326126E-03   2.2491053683E+00   2.3867768678E+00   1.9040542798E-03   2.3587989857E+00   2.4182746255E+00   2.0862674836E-03   2.2103990823E+00   2.3780242775E+00   1.5736757870E-03   3.4241826180E-04
   1   -73   0    0   2.7031273033E-01   7.9580633649E+00   2.4991199812E-04   2.0572654910E+00   2.3770185671E+00   2.6439890081E-04   2.1383708092E+00   2.3416348997E+00   6.4282180804E-04   2.2397871314E+00   2.3796672164E+00   1.7011635044E-03   2.2493309166E+00   2.3869136307E+00   1.9040717177E-03   2.3589510219E+00   2.4184225005E+00   2.0862664294E-03   2.2106410686E+00   2.3781623709E+00   1.5737302092E-03   3.4242791224E-04
   1   -74   0    0   2.6032635659E-01   7.9583812279E+00   2.4975043216E-04   2.0571299140E+00   2.3771048541E+00   2.6443036140E-04   2.1382168411E+00   2.3417457188E+00   6.4305223440E-04   2.2397722899E+00   2.3797708856E+00   1.7011949650E-03   2.2495608562E+00   2.3870530502E+00   1.9040894742E-03   2.3591059934E+00   2.4185732303E+00   2.0862653553E-03   2.2108874728E+00   2.3783031453E+00   1.5737856269E-03   3.4243775071E-04
   1   -75   0    0   2.5034050984E-01   7.9587052256E+00   2.4958599978E-04   2.0569917363E+00   2.3771929081E+00   2.6446239763E-04   2.1380598819E+00   2.3418587422E+00   6.4328682168E-04   2.2397571162E+00   2.3798766302E+00   1.7012270012E-03   2.2497952506E+00   2.3871951647E+00   1.9041075531E-03   2.3592639416E+00   2.4187268554E+00   2.0862642611E-03   2.2111383498E+00   2.3784466393E+00   1.5738420520E-03   3.4244777994E-04
   1   -76   0    0   2.4035520765E-01   7.9590354452E+00   2.4941867084E-04   2.0568509205E+00   2.3772827584E+00   2.6449501631E-04   2.1378998892E+00   2.3419740037E+00   6.4352561682E-04   2.2397416032E+00   2.3799844825E+00   1.7012596199E-03   2.2500341634E+00   2.3873400124E+00   1.9041259580E-03   2.3594249082E+00   2.4188834162E+00   2.0862631465E-03   2.2113937535E+00   2.3785928914E+00   1.5738994961E-03   3.4245800266E-04
   1   -77   0    0   2.3037046802E-01   7.9593719734E+00   2.4924841579E-04   2.0567074288E+00   2.3773744340E+00   2.6452822418E-04   2.1377368208E+00   2.3420915371E+00   6.4376866606E-04   2.2397257442E+00   2.3800944751E+00   1.7012928278E-03   2.2502776580E+00   2.3874876314E+00   1.9041446927E-03   2.3595889344E+00   2.4190429527E+00   2.0862620113E-03   2.2116537375E+00   2.3787419400E+00   1.5739579707E-03   3.4246842160E-04
   1   -78   0    0   2.2038630930E-01   7.9597148968E+00   2.4907520574E-04   2.0565612235E+00   2.3774679644E+00   2.6456202789E-04   2.1375706344E+00   2.3422113763E+00   6.4401601483E-04   2.2397095321E+00   2.3802066404E+00   1.7013266315E-03   2.2505257975E+00   2.3876380598E+00   1.9041637608E-03   2.3597560614E+00   2.4192055052E+00   2.0862608552E-03   2.2119183549E+00   2.3788938235E+00   1.5740174870E-03   3.4247903947E-04
   1   -79   0    0   2.1040275029E-01   7.9600643016E+00   2.4889901250E-04   2.0564122672E+00   2.3775633790E+00   2.6459643396E-04   2.1374012885E+00   2.3423335551E+00   6.4426770771E-04   2.2396929597E+00   2.3803210109E+00   1.7013610376E-03   2.2507786447E+00   2.3877913354E+00   1.9041831658E-03   2.3599263302E+00   2.4193711133E+00   2.0862596780E-03   2.2121876581E+00   2.3790485799E+00   1.5740780562E-03   3.4248985897E-04
   1   -80   0    0   2.0041981013E-01   7.9604202736E+00   2.4871980861E-04   2.0562605221E+00   2.3776607074E+00   2.6463144883E-04   2.1372287415E+00   2.3424581073E+00   6.4452378836E-04   2.2396760198E+00   2.3804376189E+00   1.7013960524E-03   2.2510362621E+00   2.3879474958E+00   1.9042029111E-03   2.3600997813E+00   2.4195398167E+00   2.0862584795E-03   2.2124616986E+00   2.3792062472E+00   1.5741396893E-03   3.4250088281E-04
   1   -81   0    0   1.9043750836E-01   7.9607828979E+00   2.4853756741E-04   2.0561059508E+00   2.3777599790E+00   2.6466707878E-04   2.1370529524E+00   2.3425850667E+00   6.4478429941E-04   2.2396587048E+00   2.3805564970E+00   1.7014316824E-03   2.2512987118E+00   2.3881065784E+00   1.9042230002E-03   2.3602764552E+00   2.4197116544E+00   2.0862572593E-03   2.2127405275E+00   2.3793668630E+00   1.5742023968E-03   3.4251211365E-04
   1   -82   0    0   1.8045586492E-01   7.9611522589E+00   2.4835226312E-04   2.0559485158E+00   2.3778612234E+00   2.6470333000E-04   2.1368738806E+00   2.3427144668E+00   6.4504928244E-04   2.2396410074E+00   2.3806776775E+00   1.7014679336E-03   2.2515660554E+00   2.3882686204E+00   1.9042434363E-03   2.3604563917E+00   2.4198866655E+00   2.0862560173E-03   2.2130241947E+00   2.3795304647E+00   1.5742661893E-03   3.4252355415E-04
   1   -83   0    0   1.7047490007E-01   7.9615284405E+00   2.4816387080E-04   2.0557881798E+00   2.3779644702E+00   2.6474020851E-04   2.1366914860E+00   2.3428463411E+00   6.4531877790E-04   2.2396229197E+00   2.3808011925E+00   1.7015048121E-03   2.2518383538E+00   2.3884336584E+00   1.9042642227E-03   2.3606396305E+00   2.4200648884E+00   2.0862547532E-03   2.2133127495E+00   2.3796970892E+00   1.5743310769E-03   3.4253520694E-04
   1   -84   0    0   1.6049463447E-01   7.9619115256E+00   2.4797236650E-04   2.0556249057E+00   2.3780697488E+00   2.6477772019E-04   2.1365057292E+00   2.3429807228E+00   6.4559282500E-04   2.2396044340E+00   2.3809270742E+00   1.7015423238E-03   2.2521156675E+00   2.3886017289E+00   1.9042853626E-03   2.3608262106E+00   2.4202463611E+00   2.0862534667E-03   2.2136062401E+00   2.3798667733E+00   1.5743970694E-03   3.4254707464E-04
   1   -85   0    0   1.5051508910E-01   7.9623015961E+00   2.4777772726E-04   2.0554586566E+00   2.3781770887E+00   2.6481587074E-04   2.1363165711E+00   2.3431176451E+00   6.4587146168E-04   2.2395855423E+00   2.3810553544E+00   1.7015804743E-03   2.2523980560E+00   2.3887728678E+00   1.9043068590E-03   2.3610161708E+00   2.4204311212E+00   2.0862521578E-03   2.2139047135E+00   2.3800395530E+00   1.5744641765E-03   3.4255915983E-04
   1   -86   0    0   1.4053628527E-01   7.9626987331E+00   2.4757993117E-04   2.0552893956E+00   2.3782865192E+00   2.6485466571E-04   2.1361239738E+00   2.3432571408E+00   6.4615472449E-04   2.2395662365E+00   2.3811860649E+00   1.7016192693E-03   2.2526855782E+00   2.3889471106E+00   1.9043287148E-03   2.3612095491E+00   2.4206192057E+00   2.0862508260E-03   2.2142082157E+00   2.3802154641E+00   1.5745324075E-03   3.4257146505E-04
   1   -87   0    0   1.3055824461E-01   7.9631030161E+00   2.4737895744E-04   2.0551170862E+00   2.3783980697E+00   2.6489411047E-04   2.1359278997E+00   2.3433992424E+00   6.4644264858E-04   2.2395465084E+00   2.3813192372E+00   1.7016587141E-03   2.2529782921E+00   2.3891244924E+00   1.9043509329E-03   2.3614063828E+00   2.4208106511E+00   2.0862494713E-03   2.2145167917E+00   2.3803945420E+00   1.5746017713E-03   3.4258399281E-04
   1   -88   0    0   1.2058098907E-01   7.9635145239E+00   2.4717478641E-04   2.0549416923E+00   2.3785117691E+00   2.6493421017E-04   2.1357283124E+00   2.3435439821E+00   6.4673526755E-04   2.2395263496E+00   2.3814549025E+00   1.7016988138E-03   2.2532762548E+00   2.3893050476E+00   1.9043735160E-03   2.3616067090E+00   2.4210054931E+00   2.0862480933E-03   2.2148304848E+00   2.3805768211E+00   1.5746722764E-03   3.4259674560E-04
   1   -89   0    0   1.1060454085E-01   7.9639333336E+00   2.4696739967E-04   2.0547631778E+00   2.3786276464E+00   2.6497496977E-04   2.1355251762E+00   2.3436913918E+00   6.4703261340E-04   2.2395057515E+00   2.3815930915E+00   1.7017395734E-03   2.2535795221E+00   2.3894888099E+00   1.9043964667E-03   2.3618105635E+00   2.4212037669E+00   2.0862466920E-03   2.2151493373E+00   2.3807623356E+00   1.5747439312E-03   3.4260972584E-04
   1   -90   0    0   1.0062892244E-01   7.9643595207E+00   2.4675678004E-04   2.0545815072E+00   2.3787457303E+00   2.6501639403E-04   2.1353184566E+00   2.3438415029E+00   6.4733471649E-04   2.2394847055E+00   2.3817338350E+00   1.7017809976E-03   2.2538881491E+00   2.3896758127E+00   1.9044197875E-03   2.3620179818E+00   2.4214055068E+00   2.0862452671E-03   2.2154733898E+00   2.3809511187E+00   1.5748167434E-03   3.4262293593E-04
   1   -91   0    0   9.0654156555E-02   7.9647931594E+00   2.4654291169E-04   2.0543966452E+00   2.3788660492E+00   2.6505848747E-04   2.1351081198E+00   2.3439943465E+00   6.4764160541E-04   2.2394632027E+00   2.3818771630E+00   1.7018230911E-03   2.2542021892E+00   2.3898660884E+00   1.9044434807E-03   2.3622289985E+00   2.4216107463E+00   2.0862438183E-03   2.2158026816E+00   2.3811432033E+00   1.5748907204E-03   3.4263637820E-04
   1   -92   0    0   8.0680266150E-02   7.9652343220E+00   2.4632578015E-04   2.0542085569E+00   2.3789886312E+00   2.6510125437E-04   2.1348941336E+00   2.3441499531E+00   6.4795330693E-04   2.2394412341E+00   2.3820231052E+00   1.7018658580E-03   2.2545216950E+00   2.3900596686E+00   1.9044675485E-03   2.3624436470E+00   2.4218195182E+00   2.0862423456E-03   2.2161372503E+00   2.3813386212E+00   1.5749658693E-03   3.4265005495E-04
   1   -93   0    0   7.0707274360E-02   7.9656830790E+00   2.4610537236E-04   2.0540172081E+00   2.3791135042E+00   2.6514469878E-04   2.1346764668E+00   2.3443083527E+00   6.4826984591E-04   2.2394187906E+00   2.3821716909E+00   1.7019093024E-03   2.2548467172E+00   2.3902565844E+00   1.9044919931E-03   2.3626619601E+00   2.4220318543E+00   2.0862408488E-03   2.2164771317E+00   2.3815374034E+00   1.5750421966E-03   3.4266396841E-04
   1   -94   0    0   6.0735204495E-02   7.9661394989E+00   2.4588167675E-04   2.0538225647E+00   2.3792406958E+00   2.6518882446E-04   2.1344550895E+00   2.3444695747E+00   6.4859124525E-04   2.2393958627E+00   2.3823229488E+00   1.7019534281E-03   2.2551773053E+00   2.3904568657E+00   1.9045168162E-03   2.3628839696E+00   2.4222477854E+00   2.0862393276E-03   2.2168223600E+00   2.3817395801E+00   1.5751197084E-03   3.4267812074E-04
   1   -95   0    0   5.0764080008E-02   7.9666036482E+00   2.4565468328E-04   2.0536245932E+00   2.3793702330E+00   2.6523363495E-04   2.1342299732E+00   2.3446336479E+00   6.4891752576E-04   2.2393724410E+00   2.3824769072E+00   1.7019982385E-03   2.2555135073E+00   2.3906605417E+00   1.9045420197E-03   2.3631097061E+00   2.4224673413E+00   2.0862377819E-03   2.2171729674E+00   2.3819451807E+00   1.5751984103E-03   3.4269251407E-04
   1   -96   0    0   4.0793924461E-02   7.9670755912E+00   2.4542438348E-04   2.0534232609E+00   2.3795021424E+00   2.6527913346E-04   2.1340010911E+00   2.3448006004E+00   6.4924870615E-04   2.2393485157E+00   2.3826335935E+00   1.7020437371E-03   2.2558553692E+00   2.3908676406E+00   1.9045676052E-03   2.3633391992E+00   2.4226905508E+00   2.0862362116E-03   2.2175289844E+00   2.3821542334E+00   1.5752783073E-03   3.4270715042E-04
   1   -97   0    0   3.0824761501E-02   7.9675553897E+00   2.4519077051E-04   2.0532185353E+00   2.3796364503E+00   2.6532532296E-04   2.1337684177E+00   2.3449704597E+00   6.4958480291E-04   2.2393240770E+00   2.3827930348E+00   1.7020899266E-03   2.2562029355E+00   2.3910781895E+00   1.9045935741E-03   2.3635724771E+00   2.4229174415E+00   2.0862346166E-03   2.2178904392E+00   2.3823667655E+00   1.5753594041E-03   3.4272203177E-04
   1   -98   0    0   2.0856614818E-02   7.9680431031E+00   2.4495383919E-04   2.0530103847E+00   2.3797731824E+00   2.6537220608E-04   2.1335319293E+00   2.3451432525E+00   6.4992583027E-04   2.2392991148E+00   2.3829552572E+00   1.7021368097E-03   2.2565562488E+00   2.3912922145E+00   1.9046199276E-03   2.3638095672E+00   2.4231480397E+00   2.0862329966E-03   2.2182573581E+00   2.3825828032E+00   1.5754417047E-03   3.4273716002E-04
   1   -99   0    0   1.0889508118E-02   7.9685387883E+00   2.4471358609E-04   2.0527987781E+00   2.3799123639E+00   2.6541978515E-04   2.1332916039E+00   2.3453190045E+00   6.5027180008E-04   2.2392736189E+00   2.3831202864E+00   1.7021843888E-03   2.2569153495E+00   2.3915097405E+00   1.9046466669E-03   2.3640504952E+00   2.4233823706E+00   2.0862313516E-03   2.2186297650E+00   2.3828023714E+00   1.5755252125E-03   3.4275253697E-04
   1  -100   0    0   9.2346507994E-04   7.9690424993E+00   2.4447000952E-04   2.0525836850E+00   2.3800540192E+00   2.6546806220E-04   2.1330474215E+00   2.3454977408E+00   6.5062272180E-04   2.2392475788E+00   2.3832881470E+00   1.7022326658E-03   2.2572802762E+00   2.3917307912E+00   1.9046737928E-03   2.3642952856E+00   2.4236204580E+00   2.0862296814E-03   2.2190076817E+00   2.3830254940E+00   1.5756099305E-03   3.4276816437E-04
   1  -101   0    0  -9.0414906807E-03   7.9695542875E+00   2.4422310961E-04   2.0523650757E+00   2.3801981723E+00   2.6551703891E-04   2.1327993637E+00   2.3456794856E+00   6.5097860238E-04   2.2392209838E+00   2.3834588629E+00   1.7022816425E-03   2.2576510652E+00   2.3919553892E+00   1.9047013060E-03   2.3645439616E+00   2.4238623244E+00   2.0862279860E-03   2.2193911277E+00   2.3832521935E+00   1.5756958611E-03   3.4278404386E-04
   1  -102   0    0  -1.9005335652E-02   7.9700742011E+00   2.4397288835E-04   2.0521429212E+00   2.3803448464E+00   2.6556671662E-04   2.1325474146E+00   2.3458642619E+00   6.5133944624E-04   2.2391938231E+00   2.3836324572E+00   1.7023313202E-03   2.2580277505E+00   2.3921835557E+00   1.9047292071E-03   2.3647965449E+00   2.4241079909E+00   2.0862262653E-03   2.2197801197E+00   2.3834824913E+00   1.5757830058E-03   3.4280017700E-04
   1  -103   0    0  -2.8968046468E-02   7.9706022853E+00   2.4371934962E-04   2.0519171934E+00   2.3804940641E+00   2.6561709634E-04   2.1322915599E+00   2.3460520918E+00   6.5170525515E-04   2.2391660856E+00   2.3838089520E+00   1.7023816999E-03   2.2584103638E+00   2.3924153105E+00   1.9047574964E-03   2.3650530554E+00   2.4243574770E+00   2.0862245191E-03   2.2201746723E+00   2.3837164071E+00   1.5758713659E-03   3.4281656523E-04
   1  -104   0    0  -3.8929599954E-02   7.9711385819E+00   2.4346249921E-04   2.0516878648E+00   2.3806458472E+00   2.6566817869E-04   2.1320317880E+00   2.3462429966E+00   6.5207602825E-04   2.2391377602E+00   2.3839883684E+00   1.7024327823E-03   2.2587989344E+00   2.3926506721E+00   1.9047861739E-03   2.3653135118E+00   2.4246108007E+00   2.0862227475E-03   2.2205747972E+00   2.3839539594E+00   1.5759609417E-03   3.4283320994E-04
   1  -105   0    0  -4.8889973169E-02   7.9716831295E+00   2.4320234490E-04   2.0514549091E+00   2.3808002165E+00   2.6571996395E-04   2.1317680892E+00   2.3464369961E+00   6.5245176190E-04   2.2391088352E+00   2.3841707265E+00   1.7024845676E-03   2.2591934887E+00   2.3928896574E+00   1.9048152396E-03   2.3655779309E+00   2.4248679783E+00   2.0862209503E-03   2.2209805036E+00   2.3841951652E+00   1.5760517331E-03   3.4285011236E-04
   1  -106   0    0  -5.8849143458E-02   7.9722359633E+00   2.4293889646E-04   2.0512183005E+00   2.3809571923E+00   2.6577245202E-04   2.1315004565E+00   2.3466341091E+00   6.5283244968E-04   2.2390792990E+00   2.3843560455E+00   1.7025370556E-03   2.2595940510E+00   2.3931322819E+00   1.9048446931E-03   2.3658463279E+00   2.4251290247E+00   2.0862191276E-03   2.2213917979E+00   2.3844400400E+00   1.5761437392E-03   3.4286727366E-04
   1  -107   0    0  -6.8807088493E-02   7.9727971145E+00   2.4267216570E-04   2.0509780143E+00   2.3811167937E+00   2.6582564241E-04   2.1312288852E+00   2.3468343534E+00   6.5321808234E-04   2.2390491397E+00   2.3845443432E+00   1.7025902460E-03   2.2600006423E+00   2.3933785595E+00   1.9048745340E-03   2.3661187161E+00   2.4253939529E+00   2.0862172792E-03   2.2218086836E+00   2.3846885976E+00   1.5762369584E-03   3.4288469488E-04
   1  -108   0    0  -7.8763786329E-02   7.9733666108E+00   2.4240216649E-04   2.0507340267E+00   2.3812790390E+00   2.6587953424E-04   2.1309533732E+00   2.3470377453E+00   6.5360864773E-04   2.2390183451E+00   2.3847356365E+00   1.7026441378E-03   2.2604132811E+00   2.3936285024E+00   1.9049047614E-03   2.3663951073E+00   2.4256627741E+00   2.0862154052E-03   2.2222311613E+00   2.3849408502E+00   1.5763313886E-03   3.4290237695E-04
   1  -109   0    0  -8.8719215453E-02   7.9739444762E+00   2.4212891476E-04   2.0504863151E+00   2.3814439455E+00   2.6593412624E-04   2.1306739210E+00   2.3472442999E+00   6.5400413074E-04   2.2389869029E+00   2.3849299408E+00   1.7026987298E-03   2.2608319828E+00   2.3938821213E+00   1.9049353743E-03   2.3666755111E+00   2.4259354977E+00   2.0862135056E-03   2.2226592287E+00   2.3851968083E+00   1.5764270268E-03   3.4292032067E-04
   1  -110   0    0  -9.8673354837E-02   7.9745307305E+00   2.4185242859E-04   2.0502348577E+00   2.3816115294E+00   2.6598941672E-04   2.1303905321E+00   2.3474540308E+00   6.5440451332E-04   2.2389548004E+00   2.3851272706E+00   1.7027540203E-03   2.2612567598E+00   2.3941394250E+00   1.9049663717E-03   2.3669599354E+00   2.4262121315E+00   2.0862115804E-03   2.2230928804E+00   2.3854564808E+00   1.5765238693E-03   3.4293852673E-04
   1  -111   0    0  -1.0862618399E-01   7.9751253893E+00   2.4157272815E-04   2.0499796337E+00   2.3817818060E+00   2.6604540361E-04   2.1301032124E+00   2.3476669505E+00   6.5480977435E-04   2.2389220250E+00   2.3853276389E+00   1.7028100072E-03   2.2616876214E+00   2.3944004207E+00   1.9049977519E-03   2.3672483858E+00   2.4264926810E+00   2.0862096296E-03   2.2235321079E+00   2.3857198746E+00   1.5766219117E-03   3.4295699570E-04
   1  -112   0    0  -1.1857768301E-01   7.9757284642E+00   2.4128983578E-04   2.0497206236E+00   2.3819547892E+00   2.6610208438E-04   2.1298119711E+00   2.3478830698E+00   6.5521988971E-04   2.2388885635E+00   2.3855310573E+00   1.7028666880E-03   2.2621245737E+00   2.3946651136E+00   1.9050295134E-03   2.3675408664E+00   2.4267771498E+00   2.0862076532E-03   2.2239768995E+00   2.3859869948E+00   1.5767211490E-03   3.4297572800E-04
   1  -113   0    0  -1.2852783264E-01   7.9763399624E+00   2.4100377597E-04   2.0494578090E+00   2.3821304921E+00   2.6615945611E-04   2.1295168201E+00   2.3481023981E+00   6.5563483215E-04   2.2388544028E+00   2.3857375360E+00   1.7029240597E-03   2.2625676195E+00   2.3949335070E+00   1.9050616543E-03   2.3678373787E+00   2.4270655398E+00   2.0862056513E-03   2.2244272403E+00   2.3862578449E+00   1.5768215753E-03   3.4299472396E-04
   1  -114   0    0  -1.3847661434E-01   7.9769598867E+00   2.4071457539E-04   2.0491911726E+00   2.3823089264E+00   2.6621751544E-04   2.1292177745E+00   2.3483249434E+00   6.5605457134E-04   2.2388195292E+00   2.3859470840E+00   1.7029821190E-03   2.2630167581E+00   2.3952056027E+00   1.9050941723E-03   2.3681379225E+00   2.4273578504E+00   2.0862036239E-03   2.2248831121E+00   2.3865324260E+00   1.5769231839E-03   3.4301398372E-04
   1  -115   0    0  -1.4842401031E-01   7.9775882353E+00   2.4042226287E-04   2.0489206982E+00   2.3824901024E+00   2.6627625860E-04   2.1289148524E+00   2.3485507118E+00   6.5647907380E-04   2.2387839291E+00   2.3861597086E+00   1.7030408622E-03   2.2634719856E+00   2.3954814000E+00   1.9051270650E-03   2.3684424951E+00   2.4276540793E+00   2.0862015712E-03   2.2253444934E+00   2.3868107376E+00   1.5770259676E-03   3.4303350733E-04
   1  -116   0    0  -1.5837000357E-01   7.9782250020E+00   2.4012686944E-04   2.0486463709E+00   2.3826740294E+00   2.6633568135E-04   2.1286080753E+00   2.3487797081E+00   6.5690830291E-04   2.2387475887E+00   2.3863754156E+00   1.7031002849E-03   2.2639332944E+00   2.3957608966E+00   1.9051603299E-03   2.3687510918E+00   2.4279542217E+00   2.0861994933E-03   2.2258113592E+00   2.3870927770E+00   1.5771299181E-03   3.4305329468E-04
   1  -117   0    0  -1.6831457801E-01   7.9788701755E+00   2.3982842831E-04   2.0483681773E+00   2.3828607152E+00   2.6639577904E-04   2.1282974675E+00   2.3490119353E+00   6.5734221889E-04   2.2387104937E+00   2.3865942093E+00   1.7031603826E-03   2.2644006735E+00   2.3960440879E+00   1.9051939640E-03   2.3690637056E+00   2.4282582708E+00   2.0861973902E-03   2.2262836813E+00   2.3873785396E+00   1.5772350267E-03   3.4307334550E-04
   1  -118   0    0  -1.7825771846E-01   7.9795237400E+00   2.3952697485E-04   2.0480861050E+00   2.3830501664E+00   2.6645654658E-04   2.1279830571E+00   2.3492473947E+00   6.5778077879E-04   2.2386726299E+00   2.3868160925E+00   1.7032211502E-03   2.2648741079E+00   2.3963309675E+00   1.9052279643E-03   2.3693803273E+00   2.4285662176E+00   2.0861952621E-03   2.2267614277E+00   2.3876680186E+00   1.5773412837E-03   3.4309365939E-04
   1  -119   0    0  -1.8819941072E-01   7.9801856747E+00   2.3922254665E-04   2.0478001430E+00   2.3832423879E+00   2.6651797842E-04   2.1276648752E+00   2.3494860858E+00   6.5822393647E-04   2.2386339827E+00   2.3870410660E+00   1.7032825820E-03   2.2653535793E+00   2.3966215267E+00   1.9052623272E-03   2.3697009452E+00   2.4288780507E+00   2.0861931091E-03   2.2272445633E+00   2.3879612051E+00   1.5774486785E-03   3.4311423582E-04
   1  -120   0    0  -1.9813964162E-01   7.9808559539E+00   2.3891518341E-04   2.0475102817E+00   2.3834373835E+00   2.6658006859E-04   2.1273429564E+00   2.3497280066E+00   6.5867164263E-04   2.2385945373E+00   2.3872691294E+00   1.7033446722E-03   2.2658390654E+00   2.3969157548E+00   1.9052970493E-03   2.3700255453E+00   2.4291937567E+00   2.0861909314E-03   2.2277330491E+00   2.3882580880E+00   1.5775572001E-03   3.4313507407E-04
   1  -121   0    0  -2.0807839912E-01   7.9815345467E+00   2.3860492704E-04   2.0472165130E+00   2.3836351552E+00   2.6664281066E-04   2.1270173388E+00   2.3499731529E+00   6.5912384480E-04   2.2385542790E+00   2.3875002802E+00   1.7034074143E-03   2.2663305400E+00   2.3972136387E+00   1.9053321266E-03   2.3703541114E+00   2.4295133196E+00   2.0861887291E-03   2.2282268427E+00   2.3885586542E+00   1.5776668365E-03   3.4315617329E-04
   1  -122   0    0  -2.1801567229E-01   7.9822214174E+00   2.3829182155E-04   2.0469188300E+00   2.3838357038E+00   2.6670619777E-04   2.1266880637E+00   2.3502215190E+00   6.5958048734E-04   2.2385131926E+00   2.3877345143E+00   1.7034708014E-03   2.2668279733E+00   2.3975151634E+00   1.9053675550E-03   2.3706866247E+00   2.4298367211E+00   2.0861865025E-03   2.2287258981E+00   2.3888628881E+00   1.5777775749E-03   3.4317753248E-04
   1  -123   0    0  -2.2795145141E-01   7.9829165249E+00   2.3797591308E-04   2.0466172275E+00   2.3840390282E+00   2.6677022261E-04   2.1263551761E+00   2.3504730970E+00   6.6004151147E-04   2.2384712629E+00   2.3879718259E+00   1.7035348262E-03   2.2673313313E+00   2.3978203116E+00   1.9054033301E-03   2.3710230641E+00   2.4301639407E+00   2.0861842518E-03   2.2292301659E+00   2.3891707722E+00   1.5778894018E-03   3.4319915045E-04
   1  -124   0    0  -2.3788572803E-01   7.9836198229E+00   2.3765724989E-04   2.0463117018E+00   2.3842451261E+00   2.6683487743E-04   2.1260187243E+00   2.3507278775E+00   6.6050685528E-04   2.2384284745E+00   2.3882122073E+00   1.7035994810E-03   2.2678405763E+00   2.3981290636E+00   1.9054394474E-03   2.3713634058E+00   2.4304949554E+00   2.0861819771E-03   2.2297395927E+00   2.3894822864E+00   1.5780023029E-03   3.4322102590E-04
   1  -125   0    0  -2.4781849500E-01   7.9843312599E+00   2.3733588228E-04   2.0460022504E+00   2.3844539934E+00   2.6690015404E-04   2.1256787604E+00   2.3509858488E+00   6.6097645376E-04   2.2383848120E+00   2.3884556490E+00   1.7036647576E-03   2.2683556665E+00   2.3984413976E+00   1.9054759020E-03   2.3717076240E+00   2.4308297397E+00   2.0861796788E-03   2.2302541219E+00   2.3897974087E+00   1.5781162633E-03   3.4324315732E-04
   1  -126   0    0  -2.5774974651E-01   7.9850507792E+00   2.3701186263E-04   2.0456888729E+00   2.3846656242E+00   2.6696604381E-04   2.1253353397E+00   2.3512469975E+00   6.6145023882E-04   2.2383402597E+00   2.3887021396E+00   1.7037306474E-03   2.2688765561E+00   2.3987572895E+00   1.9055126887E-03   2.3720556899E+00   2.4311682659E+00   2.0861773570E-03   2.2307736930E+00   2.3901161144E+00   1.5782312671E-03   3.4326554307E-04
   1  -127   0    0  -2.6767947817E-01   7.9857783186E+00   2.3668524531E-04   2.0453715701E+00   2.3848800113E+00   2.6703253768E-04   2.1249885211E+00   2.3515113080E+00   6.6192813930E-04   2.2382948020E+00   2.3889516659E+00   1.7037971413E-03   2.2694031953E+00   2.3990767129E+00   1.9055498023E-03   2.3724075725E+00   2.4315105038E+00   2.0861750121E-03   2.2312982421E+00   2.3904383767E+00   1.5783472978E-03   3.4328818134E-04
   1  -128   0    0  -2.7760768700E-01   7.9865138106E+00   2.3635608668E-04   2.0450503446E+00   2.3850971455E+00   2.6709962615E-04   2.1246383669E+00   2.3517787630E+00   6.6241008106E-04   2.2382484231E+00   2.3892042128E+00   1.7038642298E-03   2.2699355302E+00   2.3993996391E+00   1.9055872372E-03   2.3727632383E+00   2.4318564206E+00   2.0861726443E-03   2.2318277016E+00   2.3907641667E+00   1.5784643382E-03   3.4331107016E-04
   1  -129   0    0  -2.8753437156E-01   7.9872571824E+00   2.3602444506E-04   2.0447252007E+00   2.3853170161E+00   2.6716729932E-04   2.1242849431E+00   2.3520493428E+00   6.6289598694E-04   2.2382011072E+00   2.3894597632E+00   1.7039319029E-03   2.2704735031E+00   2.3997260370E+00   1.9056249876E-03   2.3731226511E+00   2.4322059813E+00   2.0861702539E-03   2.2323620003E+00   2.3910934527E+00   1.5785823701E-03   3.4333420737E-04
   1  -130   0    0  -2.9745953190E-01   7.9880083556E+00   2.3569038066E-04   2.0443961444E+00   2.3855396105E+00   2.6723554683E-04   2.1239283187E+00   2.3523230261E+00   6.6338577689E-04   2.2381528386E+00   2.3897182980E+00   1.7040001504E-03   2.2710170519E+00   2.4000558734E+00   1.9056630475E-03   2.3734857724E+00   2.4325591483E+00   2.0861678413E-03   2.2329010635E+00   2.3914262011E+00   1.5787013749E-03   3.4335759068E-04
   1  -131   0    0  -3.0738316965E-01   7.9887672468E+00   2.3535395557E-04   2.0440631835E+00   2.3857649144E+00   2.6730435792E-04   2.1235685664E+00   2.3525997893E+00   6.6387936794E-04   2.2381036014E+00   2.3899797964E+00   1.7040689615E-03   2.2715661106E+00   2.4003891127E+00   1.9057014105E-03   2.3738525611E+00   2.4329158815E+00   2.0861654067E-03   2.2334448131E+00   2.3917623757E+00   1.5788213331E-03   3.4338121761E-04
   1  -132   0    0  -3.1730528804E-01   7.9895337668E+00   2.3501523371E-04   2.0437263275E+00   2.3859929119E+00   2.6737372142E-04   2.1232057622E+00   2.3528796067E+00   6.6437667428E-04   2.2380533800E+00   2.3902442353E+00   1.7041383250E-03   2.2721206094E+00   2.4007257168E+00   1.9057400702E-03   2.3742229734E+00   2.4332761386E+00   2.0861629506E-03   2.2339931672E+00   2.3921019380E+00   1.5789422245E-03   3.4340508553E-04
   1  -133   0    0  -3.2722589195E-01   7.9903078213E+00   2.3467428076E-04   2.0433855879E+00   2.3862235850E+00   2.6744362576E-04   2.1228399852E+00   2.3531624507E+00   6.6487760733E-04   2.2380021586E+00   2.3905115900E+00   1.7042082294E-03   2.2726804741E+00   2.4010656455E+00   1.9057790200E-03   2.3745969634E+00   2.4336398746E+00   2.0861604733E-03   2.2345460408E+00   2.3924448473E+00   1.5790640283E-03   3.4342919164E-04
   1  -134   0    0  -3.3714498790E-01   7.9910893104E+00   2.3433116416E-04   2.0430409778E+00   2.3864569142E+00   2.6751405893E-04   2.1224713179E+00   2.3534482917E+00   6.6538207575E-04   2.2379499216E+00   2.3907818336E+00   1.7042786625E-03   2.2732456268E+00   2.4014088562E+00   1.9058182528E-03   2.3749744823E+00   2.4340070423E+00   2.0861579751E-03   2.2351033452E+00   2.3927910606E+00   1.5791867230E-03   3.4345353296E-04
   1  -135   0    0  -3.4706258412E-01   7.9918781290E+00   2.3398595301E-04   2.0426925126E+00   2.3866928781E+00   2.6758500859E-04   2.1220998459E+00   2.3537370977E+00   6.6588998555E-04   2.2378966537E+00   2.3910549372E+00   1.7043496122E-03   2.2738159854E+00   2.4017553041E+00   1.9058577615E-03   2.3753554791E+00   2.4343775918E+00   2.0861554565E-03   2.2356649886E+00   2.3931405323E+00   1.5793102864E-03   3.4347810638E-04
   1  -136   0    0  -3.5697869056E-01   7.9926741668E+00   2.3363871807E-04   2.0423402093E+00   2.3869314534E+00   2.6765646195E-04   2.1217256576E+00   2.3540288351E+00   6.6640124008E-04   2.2378423397E+00   2.3913308699E+00   1.7044210655E-03   2.2743914641E+00   2.4021049420E+00   1.9058975388E-03   2.3757399001E+00   2.4347514711E+00   2.0861529179E-03   2.2362308755E+00   2.3934932147E+00   1.5794346955E-03   3.4350290859E-04
   1  -137   0    0  -3.6689331889E-01   7.9934773079E+00   2.3328953165E-04   2.0419840871E+00   2.3871726151E+00   2.6772840587E-04   2.1213488447E+00   2.3543234677E+00   6.6691574017E-04   2.2377869645E+00   2.3916095990E+00   1.7044930095E-03   2.2749719730E+00   2.4024577203E+00   1.9059375771E-03   2.3761276894E+00   2.4351286256E+00   2.0861503597E-03   2.2368009076E+00   2.3938490578E+00   1.5795599270E-03   3.4352793613E-04
   1  -138   0    0  -3.7680648253E-01   7.9942874314E+00   2.3293846762E-04   2.0416241673E+00   2.3874163364E+00   2.6780082685E-04   2.1209695015E+00   2.3546209577E+00   6.6743338415E-04   2.2377305134E+00   2.3918910895E+00   1.7045654304E-03   2.2755574184E+00   2.4028135875E+00   1.9059778688E-03   2.3765187884E+00   2.4355089985E+00   2.0861477824E-03   2.2373749830E+00   2.3942080094E+00   1.5796859566E-03   3.4355318538E-04
   1  -139   0    0  -3.8671819668E-01   7.9951044112E+00   2.3258560132E-04   2.0412604730E+00   2.3876625884E+00   2.6787371099E-04   2.1205877252E+00   2.3549212651E+00   6.6795406790E-04   2.2376729719E+00   2.3921753049E+00   1.7046383146E-03   2.2761477029E+00   2.4031724896E+00   1.9060184057E-03   2.3769131363E+00   2.4358925304E+00   2.0861451863E-03   2.2379529970E+00   2.3945700148E+00   1.5798127596E-03   3.4357865257E-04
   1  -140   0    0  -3.9662847830E-01   7.9959281159E+00   2.3223100950E-04   2.0408930298E+00   2.3879113408E+00   2.6794704407E-04   2.1202036156E+00   2.3552243477E+00   6.6847768498E-04   2.2376143260E+00   2.3924622062E+00   1.7047116477E-03   2.2767427252E+00   2.4035343704E+00   1.9060591799E-03   2.3773106698E+00   2.4362791599E+00   2.0861425720E-03   2.2385348417E+00   2.3949350174E+00   1.5799403106E-03   3.4360433375E-04
   1  -141   0    0  -4.0653734614E-01   7.9967584094E+00   2.3187477027E-04   2.0405218653E+00   2.3881625612E+00   2.6802081150E-04   2.1198172750E+00   2.3555301614E+00   6.6900412662E-04   2.2375545620E+00   2.3927517527E+00   1.7047854151E-03   2.2773423803E+00   2.4038991716E+00   1.9061001829E-03   2.3777113233E+00   2.4366688232E+00   2.0861399400E-03   2.2391204060E+00   2.3953029580E+00   1.5800685839E-03   3.4363022483E-04
   1  -142   0    0  -4.1644482073E-01   7.9975951501E+00   2.3151696305E-04   2.0401470091E+00   2.3884162155E+00   2.6809499835E-04   2.1194288080E+00   2.3558386601E+00   6.6953328188E-04   2.2374936666E+00   2.3930439018E+00   1.7048596019E-03   2.2779465599E+00   2.4042668325E+00   1.9061414064E-03   2.3781150288E+00   2.4370614540E+00   2.0861372907E-03   2.2397095763E+00   2.3956737756E+00   1.5801975528E-03   3.4365632154E-04
   1  -143   0    0  -4.2635092436E-01   7.9984381917E+00   2.3115766853E-04   2.0397684934E+00   2.3886722677E+00   2.6816958937E-04   2.1190383215E+00   2.3561497957E+00   6.7006503764E-04   2.2374316271E+00   2.3933386088E+00   1.7049341930E-03   2.2785551516E+00   2.4046372906E+00   1.9061828415E-03   2.3785217162E+00   2.4374569841E+00   2.0861346246E-03   2.2403022359E+00   2.3960474067E+00   1.5803271903E-03   3.4368261949E-04
   1  -144   0    0  -4.3625568113E-01   7.9992873833E+00   2.3079696855E-04   2.0393863526E+00   2.3889306800E+00   2.6824456899E-04   2.1186459247E+00   2.3564635180E+00   6.7059927873E-04   2.2373684313E+00   2.3936358272E+00   1.7050091726E-03   2.2791680399E+00   2.4050104811E+00   1.9062244795E-03   2.3789313129E+00   2.4378553430E+00   2.0861319423E-03   2.2408982653E+00   2.3964237859E+00   1.5804574689E-03   3.4370911411E-04
   1  -145   0    0  -4.4615911688E-01   8.0001425687E+00   2.3043494610E-04   2.0390006233E+00   2.3891914131E+00   2.6831992132E-04   2.1182517285E+00   2.3567797750E+00   6.7113588799E-04   2.2373040675E+00   2.3939355086E+00   1.7050845249E-03   2.2797851059E+00   2.4053863371E+00   1.9062663114E-03   2.3793437443E+00   2.4382564579E+00   2.0861292444E-03   2.2414975425E+00   2.3968028458E+00   1.5805883605E-03   3.4373580069E-04
   1  -146   0    0  -4.5606125920E-01   8.0010035875E+00   2.3007168524E-04   2.0386113447E+00   2.3894544255E+00   2.6839563017E-04   2.1178558457E+00   2.3570985126E+00   6.7167474633E-04   2.2372385247E+00   2.3942376026E+00   1.7051602338E-03   2.2804062271E+00   2.4057647896E+00   1.9063083280E-03   2.3797589333E+00   2.4386602541E+00   2.0861265313E-03   2.2420999430E+00   2.3971845165E+00   1.5807198364E-03   3.4376267438E-04
   1  -147   0    0  -4.6596213742E-01   8.0018702745E+00   2.2970727102E-04   2.0382185581E+00   2.3897196743E+00   2.6847167908E-04   2.1174583908E+00   2.3574196749E+00   6.7221573284E-04   2.2371717928E+00   2.3945420570E+00   1.7052362827E-03   2.2810312781E+00   2.4061457678E+00   1.9063505200E-03   2.3801768011E+00   2.4390666547E+00   2.0861238036E-03   2.2427053395E+00   2.3975687266E+00   1.5808518678E-03   3.4378973018E-04
   1  -148   0    0  -4.7586178261E-01   8.0027424600E+00   2.2934178947E-04   2.0378223077E+00   2.3899871146E+00   2.6854805126E-04   2.1170594796E+00   2.3577432041E+00   6.7275872485E-04   2.2371038621E+00   2.3948488178E+00   1.7053126549E-03   2.2816601301E+00   2.4065291987E+00   1.9063928779E-03   2.3805972665E+00   2.4394755808E+00   2.0861210619E-03   2.2433136027E+00   2.3979554024E+00   1.5809844249E-03   3.4381696293E-04
   1  -149   0    0  -4.8576022748E-01   8.0036199701E+00   2.2897532746E-04   2.0374226399E+00   2.3902567000E+00   2.6862472971E-04   2.1166592296E+00   2.3580690403E+00   6.7330359802E-04   2.2370347240E+00   2.3951578291E+00   1.7053893333E-03   2.2822926514E+00   2.4069150077E+00   1.9064353922E-03   2.3810202463E+00   2.4398869515E+00   2.0861183068E-03   2.2439246007E+00   2.3983444684E+00   1.5811174780E-03   3.4384436737E-04
   1  -150   0    0  -4.9565750644E-01   8.0045026263E+00   2.2860797272E-04   2.0370196036E+00   2.3905283823E+00   2.6870169711E-04   2.1162577591E+00   2.3583971223E+00   6.7385022641E-04   2.2369643704E+00   2.3954690334E+00   1.7054663007E-03   2.2829287072E+00   2.4073031179E+00   1.9064780531E-03   2.3814456555E+00   2.4403006840E+00   2.0861155388E-03   2.2445381997E+00   2.3987358472E+00   1.5812509965E-03   3.4387193806E-04
   1  -151   0    0  -5.0555365553E-01   8.0053902463E+00   2.2823981371E-04   2.0366132505E+00   2.3908021116E+00   2.6877893594E-04   2.1158551876E+00   2.3587273865E+00   6.7439848258E-04   2.2368927946E+00   2.3957823713E+00   1.7055435395E-03   2.2835681601E+00   2.4076934508E+00   1.9065208507E-03   2.3818734069E+00   2.4407166935E+00   2.0861127586E-03   2.2451542636E+00   2.3991294594E+00   1.5813849498E-03   3.4389966946E-04
   1  -152   0    0  -5.1544871236E-01   8.0062826437E+00   2.2787093960E-04   2.0362036348E+00   2.3910778365E+00   2.6885642841E-04   2.1154516353E+00   2.3590597679E+00   6.7494823766E-04   2.2368199903E+00   2.3960977816E+00   1.7056210320E-03   2.2842108697E+00   2.4080859262E+00   1.9065637752E-03   2.3823034116E+00   2.4411348936E+00   2.0861099669E-03   2.2457726544E+00   2.3995252240E+00   1.5815193067E-03   3.4392755590E-04
   1  -153   0    0  -5.2534271611E-01   8.0071796279E+00   2.2750144019E-04   2.0357908132E+00   2.3913555038E+00   2.6893415652E-04   2.1150472233E+00   2.3593941998E+00   6.7549936145E-04   2.2367459526E+00   2.3964152017E+00   1.7056987601E-03   2.2848566931E+00   2.4084804619E+00   1.9066068163E-03   2.3827355787E+00   2.4415551958E+00   2.0861071641E-03   2.2463932322E+00   2.3999230582E+00   1.5816540357E-03   3.4395559156E-04
   1  -154   0    0  -5.3523570748E-01   8.0080810050E+00   2.2713140584E-04   2.0353748453E+00   2.3916350589E+00   2.6901210204E-04   2.1146420729E+00   2.3597306137E+00   6.7605172250E-04   2.2366706775E+00   2.3967345670E+00   1.7057767056E-03   2.2855054848E+00   2.4088769743E+00   1.9066499640E-03   2.3831698157E+00   2.4419775102E+00   2.0861043511E-03   2.2470158555E+00   2.4003228774E+00   1.5817891048E-03   3.4398377051E-04
   1  -155   0    0  -5.4512772864E-01   8.0089865771E+00   2.2676092742E-04   2.0349557931E+00   2.3919164455E+00   2.6909024655E-04   2.1142363058E+00   2.3600689393E+00   6.7660518821E-04   2.2365941620E+00   2.3970558117E+00   1.7058548502E-03   2.2861570970E+00   2.4092753780E+00   1.9066932079E-03   2.3836060282E+00   2.4424017449E+00   2.0861015283E-03   2.2476403810E+00   2.4007245954E+00   1.5819244820E-03   3.4401208671E-04
   1  -156   0    0  -5.5501882316E-01   8.0098961430E+00   2.2639009622E-04   2.0345337216E+00   2.3921996058E+00   2.6916857143E-04   2.1138300440E+00   2.3604091051E+00   6.7715962489E-04   2.2365164044E+00   2.3973788680E+00   1.7059331750E-03   2.2868113796E+00   2.4096755859E+00   1.9067365376E-03   2.3840441205E+00   2.4428278067E+00   2.0860986965E-03   2.2482666639E+00   2.4011281247E+00   1.5820601348E-03   3.4404053400E-04
   1  -157   0    0  -5.6490903599E-01   8.0108094979E+00   2.2601900391E-04   2.0341086982E+00   2.3924844806E+00   2.6924705789E-04   2.1134234093E+00   2.3607510377E+00   6.7771489791E-04   2.2364374041E+00   2.3977036669E+00   1.7060116615E-03   2.2874681801E+00   2.4100775097E+00   1.9067799427E-03   2.3844839948E+00   2.4432556007E+00   2.0860958564E-03   2.2488945579E+00   2.4015333757E+00   1.5821960304E-03   3.4406910610E-04
   1  -158   0    0  -5.7479841339E-01   8.0117264340E+00   2.2564774247E-04   2.0336807934E+00   2.3927710092E+00   2.6932568696E-04   2.1130165233E+00   2.3610946624E+00   6.7827087172E-04   2.2363571617E+00   2.3980301379E+00   1.7060902906E-03   2.2881273443E+00   2.4104810594E+00   1.9068234127E-03   2.3849255521E+00   2.4436850305E+00   2.0860930086E-03   2.2495239156E+00   2.4019402579E+00   1.5823321358E-03   3.4409779664E-04
   1  -159   0    0  -5.8468700287E-01   8.0126467405E+00   2.2527640410E-04   2.0332500801E+00   2.3930591296E+00   2.6940443952E-04   2.1126095075E+00   2.3614399029E+00   6.7882741000E-04   2.2362756792E+00   2.3983582088E+00   1.7061690431E-03   2.2887887157E+00   2.4108861436E+00   1.9068669368E-03   2.3853686920E+00   2.4441159984E+00   2.0860901537E-03   2.2501545882E+00   2.4023486790E+00   1.5824684178E-03   3.4412659914E-04
   1  -160   0    0  -5.9457485314E-01   8.0135702035E+00   2.2490508118E-04   2.0328166341E+00   2.3933487782E+00   2.6948329632E-04   2.1122024827E+00   2.3617866817E+00   6.7938437576E-04   2.2361929596E+00   2.3986878063E+00   1.7062478999E-03   2.2894521364E+00   2.4112926697E+00   1.9069105044E-03   2.3858133125E+00   2.4445484053E+00   2.0860872926E-03   2.2507864259E+00   2.4027585456E+00   1.5826048430E-03   3.4415550702E-04
   1  -161   0    0  -6.0446201403E-01   8.0144966063E+00   2.2453386616E-04   2.0323805339E+00   2.3936398902E+00   2.6956223799E-04   2.1117955689E+00   2.3621349196E+00   6.7994163140E-04   2.2361090075E+00   2.3990188557E+00   1.7063268416E-03   2.2901174466E+00   2.4117005437E+00   1.9069541048E-03   2.3862593104E+00   2.4449821507E+00   2.0860844258E-03   2.2514192779E+00   2.4031697629E+00   1.5827413777E-03   3.4418451360E-04
   1  -162   0    0  -6.1434853642E-01   8.0154257300E+00   2.2416285155E-04   2.0319418606E+00   2.3939323997E+00   2.6964124501E-04   2.1113888856E+00   2.3624845365E+00   6.8049903883E-04   2.2360238287E+00   2.3993512809E+00   1.7064058486E-03   2.2907844848E+00   2.4121096705E+00   1.9069977272E-03   2.3867065812E+00   2.4454171330E+00   2.0860815542E-03   2.2520529928E+00   2.4035822349E+00   1.5828779882E-03   3.4421361213E-04
   1  -163   0    0  -6.2423447220E-01   8.0163573528E+00   2.2379212980E-04   2.0315006982E+00   2.3942262393E+00   2.6972029781E-04   2.1109825512E+00   2.3628354509E+00   6.8105645960E-04   2.2359374305E+00   2.3996850047E+00   1.7064849014E-03   2.2914530884E+00   2.4125199539E+00   1.9070413607E-03   2.3871550194E+00   2.4458532495E+00   2.0860786783E-03   2.2526874181E+00   2.4039958645E+00   1.5830146405E-03   3.4424279577E-04
   1  -164   0    0  -6.3411987416E-01   8.0172912509E+00   2.2342179324E-04   2.0310571334E+00   2.3945213405E+00   2.6979937670E-04   2.1105766829E+00   2.3631875800E+00   6.8161375497E-04   2.2358498215E+00   2.4000199488E+00   1.7065639803E-03   2.2921230934E+00   2.4129312963E+00   1.9070849945E-03   2.3876045182E+00   2.4462903965E+00   2.0860757989E-03   2.2533224009E+00   2.4044105536E+00   1.5831513007E-03   3.4427205759E-04
   1  -165   0    0  -6.4400479594E-01   8.0182271985E+00   2.2305193403E-04   2.0306112553E+00   2.3948176338E+00   2.6987846194E-04   2.1101713967E+00   2.3635408400E+00   6.8217078601E-04   2.2357610117E+00   2.4003560335E+00   1.7066430655E-03   2.2927943347E+00   2.4133435996E+00   1.9071286178E-03   2.3880549700E+00   2.4467284692E+00   2.0860729168E-03   2.2539577878E+00   2.4048262029E+00   1.5832879347E-03   3.4430139061E-04
   1  -166   0    0  -6.5388929196E-01   8.0191649677E+00   2.2268264405E-04   2.0301631559E+00   2.3951150484E+00   2.6995753375E-04   2.1097668073E+00   2.3638951462E+00   6.8272741376E-04   2.2356710126E+00   2.4006931783E+00   1.7067221373E-03   2.2934666460E+00   2.4137567645E+00   1.9071722195E-03   2.3885062660E+00   2.4471673619E+00   2.0860700327E-03   2.2545934251E+00   2.4052427123E+00   1.5834245083E-03   3.4433078777E-04
   1  -167   0    0  -6.6377341731E-01   8.0201043291E+00   2.2231401485E-04   2.0297129296E+00   2.3954135127E+00   2.7003657227E-04   2.1093630279E+00   2.3642504127E+00   6.8328349929E-04   2.2355798372E+00   2.4010313017E+00   1.7068011759E-03   2.2941398603E+00   2.4141706908E+00   1.9072157889E-03   2.3889582969E+00   2.4476069681E+00   2.0860671472E-03   2.2552291588E+00   2.4056599810E+00   1.5835609873E-03   3.4436024193E-04
   1  -168   0    0  -6.7365722769E-01   8.0210450515E+00   2.2194613758E-04   2.0292606734E+00   2.3957129540E+00   2.7011555767E-04   2.1089601700E+00   2.3646065526E+00   6.8383890384E-04   2.2354874998E+00   2.4013703212E+00   1.7068801613E-03   2.2948138099E+00   2.4145852777E+00   1.9072593150E-03   2.3894109524E+00   2.4480471807E+00   2.0860642611E-03   2.2558648348E+00   2.4060779072E+00   1.5836973376E-03   3.4438974592E-04
   1  -169   0    0  -6.8354077932E-01   8.0219869027E+00   2.2157910291E-04   2.0288064869E+00   2.3960132986E+00   2.7019447008E-04   2.1085583435E+00   2.3649634785E+00   6.8439348893E-04   2.2353940162E+00   2.4017101534E+00   1.7069590737E-03   2.2954883265E+00   2.4150004237E+00   1.9073027868E-03   2.3898641215E+00   2.4484878918E+00   2.0860613753E-03   2.2565002989E+00   2.4064963885E+00   1.5838335250E-03   3.4441929251E-04
   1  -170   0    0  -6.9342412887E-01   8.0229296489E+00   2.2121300092E-04   2.0283504719E+00   2.3963144722E+00   2.7027328966E-04   2.1081576562E+00   2.3653211019E+00   6.8494711646E-04   2.2352994038E+00   2.4020507142E+00   1.7070378933E-03   2.2961632412E+00   2.4154160265E+00   1.9073461937E-03   2.3903176929E+00   2.4489289929E+00   2.0860584903E-03   2.2571353972E+00   2.4069153220E+00   1.5839695155E-03   3.4444887442E-04
   1  -171   0    0  -7.0330733336E-01   8.0238730557E+00   2.2084792110E-04   2.0278927326E+00   2.3966163995E+00   2.7035199660E-04   2.1077582142E+00   2.3656793337E+00   6.8549964886E-04   2.2352036813E+00   2.4023919187E+00   1.7071166002E-03   2.2968383849E+00   2.4158319837E+00   1.9073895246E-03   2.3907715546E+00   2.4493703753E+00   2.0860556069E-03   2.2577699760E+00   2.4073346042E+00   1.5841052750E-03   3.4447848434E-04
   1  -172   0    0  -7.1319045007E-01   8.0248168879E+00   2.2048395220E-04   2.0274333757E+00   2.3969190044E+00   2.7043057112E-04   2.1073601215E+00   2.3660380842E+00   6.8605094916E-04   2.2351068688E+00   2.4027336814E+00   1.7071951747E-03   2.2975135884E+00   2.4162481919E+00   1.9074327688E-03   2.3912255943E+00   2.4498119296E+00   2.0860527259E-03   2.2584038819E+00   2.4077541311E+00   1.5842407697E-03   3.4450811491E-04
   1  -173   0    0  -7.2307353647E-01   8.0257609096E+00   2.2012118217E-04   2.0269725098E+00   2.3972222105E+00   2.7050899353E-04   2.1069634799E+00   2.3663972630E+00   6.8660088119E-04   2.2350089879E+00   2.4030759162E+00   1.7072735971E-03   2.2981886824E+00   2.4166645480E+00   1.9074759156E-03   2.3916796992E+00   2.4502535463E+00   2.0860498480E-03   2.2590369622E+00   2.4081737986E+00   1.5843759659E-03   3.4453775877E-04
   1  -174   0    0  -7.3295665012E-01   8.0267048846E+00   2.1975969814E-04   2.0265102458E+00   2.3975259404E+00   2.7058724420E-04   2.1065683892E+00   2.3667567795E+00   6.8714930961E-04   2.2349100617E+00   2.4034185365E+00   1.7073518478E-03   2.2988634977E+00   2.4170809480E+00   1.9075189543E-03   2.3921337566E+00   2.4506951156E+00   2.0860469740E-03   2.2596690645E+00   2.4085935020E+00   1.5845108299E-03   3.4456740852E-04
   1  -175   0    0  -7.4283984856E-01   8.0276485766E+00   2.1939958625E-04   2.0260466966E+00   2.3978301163E+00   2.7066530362E-04   2.1061749467E+00   2.3671165424E+00   6.8769610010E-04   2.2348101145E+00   2.4037614552E+00   1.7074299072E-03   2.2995378654E+00   2.4174972882E+00   1.9075618742E-03   2.3925876535E+00   2.4511365277E+00   2.0860441045E-03   2.2603000375E+00   2.4090131367E+00   1.5846453285E-03   3.4459705674E-04
   1  -176   0    0  -7.5272318926E-01   8.0285917492E+00   2.1904093164E-04   2.0255819770E+00   2.3981346600E+00   2.7074315239E-04   2.1057832476E+00   2.3674764603E+00   6.8824111944E-04   2.2347091721E+00   2.4041045850E+00   1.7075077560E-03   2.3002116171E+00   2.4179134647E+00   1.9076046648E-03   2.3930412769E+00   2.4515776728E+00   2.0860412404E-03   2.2609297306E+00   2.4094325979E+00   1.5847794286E-03   3.4462669603E-04
   1  -177   0    0  -7.6260672950E-01   8.0295341663E+00   2.1868381837E-04   2.0251162034E+00   2.3984394930E+00   2.7082077124E-04   2.1053933844E+00   2.3678364414E+00   6.8878423567E-04   2.2346072615E+00   2.4044478380E+00   1.7075853748E-03   2.3008845848E+00   2.4183293734E+00   1.9076473157E-03   2.3934945140E+00   2.4520184411E+00   2.0860383823E-03   2.2615579941E+00   2.4098517810E+00   1.5849130973E-03   3.4465631895E-04
   1  -178   0    0  -7.7249052629E-01   8.0304755925E+00   2.1832832932E-04   2.0246494943E+00   2.3987445361E+00   2.7089814107E-04   2.1050054474E+00   2.3681963938E+00   6.8932531818E-04   2.2345044111E+00   2.4047911266E+00   1.7076627447E-03   2.3015566012E+00   2.4187449106E+00   1.9076898164E-03   2.3939472522E+00   2.4524587229E+00   2.0860355310E-03   2.2621846796E+00   2.4102705812E+00   1.5850463020E-03   3.4468591809E-04
   1  -179   0    0  -7.8237463630E-01   8.0314157927E+00   2.1797454611E-04   2.0241819693E+00   2.3990497101E+00   2.7097524294E-04   2.1046195244E+00   2.3685562255E+00   6.8986423786E-04   2.2344006505E+00   2.4051343625E+00   1.7077398465E-03   2.3022275001E+00   2.4191599727E+00   1.9077321567E-03   2.3943993789E+00   2.4528984092E+00   2.0860326873E-03   2.2628096399E+00   2.4106888943E+00   1.5851790107E-03   3.4471548606E-04
   1  -180   0    0  -7.9225911570E-01   8.0323545330E+00   2.1762254906E-04   2.0237137499E+00   2.3993549357E+00   2.7105205811E-04   2.1042357004E+00   2.3689158446E+00   6.9040086721E-04   2.2342960106E+00   2.4054774579E+00   1.7078166617E-03   2.3028971159E+00   2.4195744564E+00   1.9077743266E-03   2.3948507823E+00   2.4533373908E+00   2.0860298517E-03   2.2634327291E+00   2.4111066160E+00   1.5853111914E-03   3.4474501546E-04
   1  -181   0    0  -8.0214402017E-01   8.0332915804E+00   2.1727241710E-04   2.0232449585E+00   2.3996601334E+00   2.7112856807E-04   2.1038540581E+00   2.3692751593E+00   6.9093508045E-04   2.2341905233E+00   2.4058203246E+00   1.7078931717E-03   2.3035652845E+00   2.4199882586E+00   1.9078163160E-03   2.3953013509E+00   2.4537755595E+00   2.0860270251E-03   2.2640538028E+00   2.4115236427E+00   1.5854428127E-03   3.4477449894E-04
   1  -182   0    0  -8.1202940474E-01   8.0342267032E+00   2.1692422767E-04   2.0227757190E+00   2.3999652235E+00   2.7120475449E-04   2.1034746777E+00   2.3696340778E+00   6.9146675366E-04   2.2340842218E+00   2.4061628749E+00   1.7079693581E-03   2.3042318428E+00   2.4204012770E+00   1.9078581149E-03   2.3957509738E+00   2.4542128074E+00   2.0860242081E-03   2.2646727183E+00   2.4119398711E+00   1.5855738436E-03   3.4480392917E-04
   1  -183   0    0  -8.2191532372E-01   8.0351596714E+00   2.1657805672E-04   2.0223061561E+00   2.4002701266E+00   2.7128059934E-04   2.1030976363E+00   2.3699925087E+00   6.9199576491E-04   2.2339771403E+00   2.4065050209E+00   1.7080452029E-03   2.3048966293E+00   2.4208134096E+00   1.9078997138E-03   2.3961995407E+00   2.4546490274E+00   2.0860214015E-03   2.2652893344E+00   2.4123551987E+00   1.5857042535E-03   3.4483329888E-04
   1  -184   0    0  -8.3180183064E-01   8.0360902566E+00   2.1623397856E-04   2.0218363955E+00   2.4005747633E+00   2.7135608483E-04   2.1027230089E+00   2.3703503610E+00   6.9252199431E-04   2.2338693140E+00   2.4068466753E+00   1.7081206884E-03   2.3055594838E+00   2.4212245553E+00   1.9079411031E-03   2.3966469425E+00   2.4550841131E+00   2.0860186059E-03   2.2659035120E+00   2.4127695234E+00   1.5858340123E-03   3.4486260080E-04
   1  -185   0    0  -8.4168897812E-01   8.0370182324E+00   2.1589206584E-04   2.0213665637E+00   2.4008790543E+00   2.7143119346E-04   2.1023508674E+00   2.3707075440E+00   6.9304532422E-04   2.2337607790E+00   2.4071877512E+00   1.7081957971E-03   2.3062202481E+00   2.4216346137E+00   1.9079822733E-03   2.3970930705E+00   2.4555179590E+00   2.0860158221E-03   2.2665151137E+00   2.4131827442E+00   1.5859630906E-03   3.4489182776E-04
   1  -186   0    0  -8.5157681783E-01   8.0379433743E+00   2.1555238950E-04   2.0208967877E+00   2.4011829208E+00   2.7150590801E-04   2.1019812815E+00   2.3710639677E+00   6.9356563930E-04   2.2336515725E+00   2.4075281619E+00   1.7082705116E-03   2.3068787656E+00   2.4220434850E+00   1.9080232152E-03   2.3975378173E+00   2.4559504607E+00   2.0860130506E-03   2.2671240043E+00   2.4135947607E+00   1.5860914592E-03   3.4492097263E-04
   1  -187   0    0  -8.6146540040E-01   8.0388654606E+00   2.1521501867E-04   2.0204271949E+00   2.4014862841E+00   2.7158021161E-04   2.1016143179E+00   2.3714195426E+00   6.9408282662E-04   2.2335417323E+00   2.4078678214E+00   1.7083448152E-03   2.3075348817E+00   2.4224510708E+00   1.9080639198E-03   2.3979810767E+00   2.4563815148E+00   2.0860102922E-03   2.2677300507E+00   2.4140054736E+00   1.5862190898E-03   3.4495002834E-04
   1  -188   0    0  -8.7135477534E-01   8.0397842718E+00   2.1488002061E-04   2.0199579131E+00   2.4017890662E+00   2.7165408771E-04   2.1012500406E+00   2.3717741798E+00   6.9459677578E-04   2.2334312972E+00   2.4082066443E+00   1.7084186913E-03   2.3081884441E+00   2.4228572734E+00   1.9081043782E-03   2.3984227433E+00   2.4568110190E+00   2.0860075476E-03   2.2683331222E+00   2.4144147846E+00   1.5863459544E-03   3.4497898790E-04
   1  -189   0    0  -8.8124499094E-01   8.0406995912E+00   2.1454746071E-04   2.0194890702E+00   2.4020911892E+00   2.7172752010E-04   2.1008885114E+00   2.3721277915E+00   6.9510737903E-04   2.2333203065E+00   2.4085445459E+00   1.7084921237E-03   2.3088393023E+00   2.4232619964E+00   1.9081445818E-03   2.3988627135E+00   2.4572388724E+00   2.0860048173E-03   2.2689330904E+00   2.4148225966E+00   1.5864720259E-03   3.4500784440E-04
   1  -190   0    0  -8.9113609425E-01   8.0416112053E+00   2.1421740236E-04   2.0190207940E+00   2.4023925762E+00   2.7180049294E-04   2.1005297889E+00   2.3724802905E+00   6.9561453133E-04   2.2332088003E+00   2.4088814424E+00   1.7085650965E-03   2.3094873085E+00   2.4236651446E+00   1.9081845222E-03   2.3993008848E+00   2.4576649753E+00   2.0860021020E-03   2.2695298292E+00   2.4152288138E+00   1.5865972776E-03   3.4503659101E-04
   1  -191   0    0  -9.0102813098E-01   8.0425189033E+00   2.1388990694E-04   2.0185532121E+00   2.4026931507E+00   2.7187299079E-04   2.1001739294E+00   2.3728315907E+00   6.9611813047E-04   2.2330968191E+00   2.4092172506E+00   1.7086375944E-03   2.3101323172E+00   2.4240666240E+00   1.9082241911E-03   2.3997371562E+00   2.4580892297E+00   2.0859994023E-03   2.2701232154E+00   2.4156333416E+00   1.5867216837E-03   3.4506522101E-04
   1  -192   0    0  -9.1092114543E-01   8.0434224781E+00   2.1356503380E-04   2.0180864517E+00   2.4029928369E+00   2.7194499858E-04   2.0998209866E+00   2.3731816069E+00   6.9661807714E-04   2.2329844042E+00   2.4095518884E+00   1.7087096022E-03   2.3107741856E+00   2.4244663422E+00   1.9082635805E-03   2.4001714284E+00   2.4585115389E+00   2.0859967188E-03   2.2707131283E+00   2.4160360869E+00   1.5868452189E-03   3.4509372775E-04
   1  -193   0    0  -9.2081518045E-01   8.0443217261E+00   2.1324284015E-04   2.0176206397E+00   2.4032915601E+00   2.7201650166E-04   2.0994710116E+00   2.3735302551E+00   6.9711427504E-04   2.2328715971E+00   2.4098852749E+00   1.7087811053E-03   2.3114127734E+00   2.4248642082E+00   1.9083026827E-03   2.4006036038E+00   2.4589318079E+00   2.0859940521E-03   2.2712994500E+00   2.4164369580E+00   1.5869678589E-03   3.4512210470E-04
   1  -194   0    0  -9.3071027736E-01   8.0452164471E+00   2.1292338107E-04   2.0171559021E+00   2.4035892461E+00   2.7208748580E-04   2.0991240527E+00   2.3738774525E+00   6.9760663093E-04   2.2327584397E+00   2.4102173301E+00   1.7088520894E-03   2.3120479434E+00   2.4252601324E+00   1.9083414901E-03   2.4010335864E+00   2.4593499437E+00   2.0859914028E-03   2.2718820655E+00   2.4168358650E+00   1.5870895797E-03   3.4515034544E-04
   1  -195   0    0  -9.4060647593E-01   8.0461064451E+00   2.1260670945E-04   2.0166923642E+00   2.4038858219E+00   2.7215793720E-04   2.0987801559E+00   2.3742231177E+00   6.9809505473E-04   2.2326449743E+00   2.4105479751E+00   1.7089225408E-03   2.3126795610E+00   2.4256540272E+00   1.9083799955E-03   2.4014612823E+00   2.4597658546E+00   2.0859887714E-03   2.2724608625E+00   2.4172327195E+00   1.5872103585E-03   3.4517844368E-04
   1  -196   0    0  -9.5050381429E-01   8.0469915279E+00   2.1229287597E-04   2.0162301501E+00   2.4041812153E+00   2.7222784251E-04   2.0984393647E+00   2.3745671704E+00   6.9857945956E-04   2.2325312433E+00   2.4108771324E+00   1.7089924461E-03   2.3133074948E+00   2.4260458064E+00   1.9084181917E-03   2.4018865992E+00   2.4601794511E+00   2.0859861585E-03   2.2730357321E+00   2.4176274349E+00   1.5873301731E-03   3.4520639321E-04
   1  -197   0    0  -9.6040232892E-01   8.0478715076E+00   2.1198192907E-04   2.0157693830E+00   2.4044753555E+00   2.7229718883E-04   2.0981017201E+00   2.3749095319E+00   6.9905976182E-04   2.2324172893E+00   2.4112047259E+00   1.7090617924E-03   2.3139316165E+00   2.4264353857E+00   1.9084560721E-03   2.4023094470E+00   2.4605906457E+00   2.0859835647E-03   2.2736065683E+00   2.4180199263E+00   1.5874490020E-03   3.4523418800E-04
   1  -198   0    0  -9.7030205458E-01   8.0487462006E+00   2.1167391490E-04   2.0153101848E+00   2.4047681725E+00   2.7236596373E-04   2.0977672604E+00   2.3752501250E+00   6.9953588126E-04   2.2323031551E+00   2.4115306807E+00   1.7091305673E-03   2.3145518011E+00   2.4268226828E+00   1.9084936301E-03   2.4027297379E+00   2.4609993528E+00   2.0859809903E-03   2.2741732681E+00   2.4184101109E+00   1.5875668246E-03   3.4526182210E-04
   1  -199   0    0  -9.8020302430E-01   8.0496154280E+00   2.1136887735E-04   2.0148526756E+00   2.4050595977E+00   2.7243415526E-04   2.0974360220E+00   2.3755888739E+00   7.0000774101E-04   2.2321888834E+00   2.4118549235E+00   1.7091987589E-03   2.3151679268E+00   2.4272076173E+00   1.9085308594E-03   2.4031473859E+00   2.4614054888E+00   2.0859784360E-03   2.2747357320E+00   2.4187979077E+00   1.5876836212E-03   3.4528928975E-04
   1  -200   0    0  -9.9010526935E-01   8.0504790151E+00   2.1106685796E-04   2.0143969743E+00   2.4053495638E+00   2.7250175194E-04   2.0971080383E+00   2.3759257046E+00   7.0047526760E-04   2.2320745168E+00   2.4121773825E+00   1.7092663555E-03   2.3157798751E+00   2.4275901106E+00   1.9085677541E-03   2.4035623073E+00   2.4618089726E+00   2.0859759022E-03   2.2752938638E+00   2.4191832378E+00   1.5877993728E-03   3.4531658529E-04
   1  -201  -4    3  -1.0000088192E+00   8.0513367924E+00   2.1076789598E-04   2.0139431980E+00   2.4056380047E+00   2.7256874279E-04   2.0967833410E+00   2.3762605449E+00   7.0093839106E-04   2.2319600979E+00   2.4124979874E+00   1.7093333464E-03   2.3163875311E+00   2.4279700863E+00   1.9086043084E-03   2.4039744209E+00   2.4622097249E+00   2.0859733894E-03   2.2758475703E+00   2.4195660244E+00   1.5879140614E-03   3.4534370322E-04
