       
   1    -1   0    0   9.9999999791E-01   7.9409952473E+00   2.5612945891E-04   2.0587569020E+00   2.3707086149E+00   2.0736857101E-04   2.1414279080E+00   2.3353534976E+00   6.2738487244E-04   2.2412482591E+00   2.3735190209E+00   1.6897740824E-03   2.2400697288E+00   2.3809713823E+00   1.9059923937E-03   2.3522952353E+00   2.4119505226E+00   2.0888712682E-03   2.1997138727E+00   2.3722984789E+00   1.5739952077E-03   3.4198751043E-04
   1    -2   0    0   9.8000126076E-01   7.9411204504E+00   2.5604293826E-04   2.0586906928E+00   2.3707384845E+00   2.0736459868E-04   2.1413605471E+00   2.3353928143E+00   6.2737012388E-04   2.2412283260E+00   2.3735575482E+00   1.6897343592E-03   2.2401594072E+00   2.3810296581E+00   1.9059850029E-03   2.3523694625E+00   2.4120226150E+00   2.0888996183E-03   2.1998225100E+00   2.3723567678E+00   1.5739891043E-03   3.4199181364E-04
   1    -3   0    0   9.7000193620E-01   7.9411852160E+00   2.5599821934E-04   2.0586564670E+00   2.3707539476E+00   2.0736254575E-04   2.1413256989E+00   2.3354131603E+00   6.2736250167E-04   2.2412180348E+00   2.3735774861E+00   1.6897138298E-03   2.2402057971E+00   2.3810597970E+00   1.9059811806E-03   2.3524078476E+00   2.4120598962E+00   2.0889142736E-03   2.1998786685E+00   2.3723869135E+00   1.5739859477E-03   3.4199403924E-04
   1    -4   0    0   9.6000264279E-01   7.9412514678E+00   2.5595250028E-04   2.0586214720E+00   2.3707697740E+00   2.0736044703E-04   2.1412900484E+00   2.3354339788E+00   6.2735470949E-04   2.2412075215E+00   2.3735978875E+00   1.6896928427E-03   2.2402532520E+00   2.3810906231E+00   1.9059772711E-03   2.3524471053E+00   2.4120980249E+00   2.0889292584E-03   2.1999360890E+00   2.3724177466E+00   1.5739827192E-03   3.4199631565E-04
   1    -5   0    0   9.5000338192E-01   7.9413192391E+00   2.5590575975E-04   2.0585856913E+00   2.3707859724E+00   2.0735830157E-04   2.1412535777E+00   2.3354552807E+00   6.2734674374E-04   2.2411967817E+00   2.3736187630E+00   1.6896713880E-03   2.2403017958E+00   2.3811221516E+00   1.9059732725E-03   2.3524872550E+00   2.4121370199E+00   2.0889445796E-03   2.1999947988E+00   2.3724492821E+00   1.5739794172E-03   3.4199864400E-04
   1    -6   0    0   9.4000415508E-01   7.9413885642E+00   2.5585797605E-04   2.0585491081E+00   2.3708025513E+00   2.0735610837E-04   2.1412162680E+00   2.3354770772E+00   6.2733860075E-04   2.2411858110E+00   2.3736401235E+00   1.6896494560E-03   2.2403514531E+00   2.3811543981E+00   1.9059691829E-03   2.3525283163E+00   2.4121769004E+00   2.0889602446E-03   2.2000548256E+00   2.3724815359E+00   1.5739760399E-03   3.4200102543E-04
   1    -7   0    0   9.3000496381E-01   7.9414594780E+00   2.5580912705E-04   2.0585117050E+00   2.3708195199E+00   2.0735386642E-04   2.1411781005E+00   2.3354993797E+00   6.2733027679E-04   2.2411746050E+00   2.3736619803E+00   1.6896270366E-03   2.2404022489E+00   2.3811873785E+00   1.9059650002E-03   2.3525703093E+00   2.4122176857E+00   2.0889762607E-03   2.2001161979E+00   2.3725145237E+00   1.5739725857E-03   3.4200346114E-04
   1    -8   0    0   9.2000580972E-01   7.9415320162E+00   2.5575919021E-04   2.0584734645E+00   2.3708368873E+00   2.0735157471E-04   2.1411390556E+00   2.3355221997E+00   6.2732176805E-04   2.2411631590E+00   2.3736843448E+00   1.6896041195E-03   2.2404542088E+00   2.3812211090E+00   1.9059607223E-03   2.3526132544E+00   2.4122593958E+00   2.0889926354E-03   2.2001789443E+00   2.3725482619E+00   1.5739690530E-03   3.4200595232E-04
   1    -9   0    0   9.1000669448E-01   7.9416062150E+00   2.5570814261E-04   2.0584343687E+00   2.3708546628E+00   2.0734923219E-04   2.1410991137E+00   2.3355455492E+00   6.2731307067E-04   2.2411514685E+00   2.3737072286E+00   1.6895806943E-03   2.2405073588E+00   2.3812556062E+00   1.9059563472E-03   2.3526571726E+00   2.4123020510E+00   2.0890093764E-03   2.2002430945E+00   2.3725827669E+00   1.5739654400E-03   3.4200850020E-04
   1   -10   0    0   9.0000761985E-01   7.9416821118E+00   2.5565596085E-04   2.0583943994E+00   2.3708728562E+00   2.0734683780E-04   2.1410582545E+00   2.3355694404E+00   6.2730418071E-04   2.2411395288E+00   2.3737306438E+00   1.6895567504E-03   2.2405617258E+00   2.3812908871E+00   1.9059518728E-03   2.3527020852E+00   2.4123456720E+00   2.0890264915E-03   2.2003086784E+00   2.3726180557E+00   1.5739617450E-03   3.4201110603E-04
   1   -11   0    0   8.9000858767E-01   7.9417597445E+00   2.5560262116E-04   2.0583535379E+00   2.3708914772E+00   2.0734439046E-04   2.1410164572E+00   2.3355938856E+00   6.2729509415E-04   2.2411273353E+00   2.3737546025E+00   1.6895322770E-03   2.2406173368E+00   2.3813269688E+00   1.9059472968E-03   2.3527480138E+00   2.4123902798E+00   2.0890439886E-03   2.2003757266E+00   2.3726541456E+00   1.5739579660E-03   3.4201377110E-04
   1   -12   0    0   8.8000959984E-01   7.9418391518E+00   2.5554809932E-04   2.0583117654E+00   2.3709105359E+00   2.0734188908E-04   2.1409737009E+00   2.3356188977E+00   6.2728580692E-04   2.2411148830E+00   2.3737791172E+00   1.6895072631E-03   2.2406742197E+00   2.3813638689E+00   1.9059426170E-03   2.3527949807E+00   2.4124358961E+00   2.0890618758E-03   2.2004442703E+00   2.3726910541E+00   1.5739541014E-03   3.4201649670E-04
   1   -13   0    0   8.7001065836E-01   7.9419203733E+00   2.5549237066E-04   2.0582690624E+00   2.3709300426E+00   2.0733933252E-04   2.1409299639E+00   2.3356444895E+00   6.2727631485E-04   2.2411021671E+00   2.3738042008E+00   1.6894816976E-03   2.2407324029E+00   2.3814016055E+00   1.9059378311E-03   2.3528430085E+00   2.4124825427E+00   2.0890801615E-03   2.2005143411E+00   2.3727287993E+00   1.5739501491E-03   3.4201928418E-04
   1   -14   0    0   8.6001176532E-01   7.9420034495E+00   2.5543541010E-04   2.0582254095E+00   2.3709500079E+00   2.0733671965E-04   2.1408852241E+00   2.3356706745E+00   6.2726661373E-04   2.2410891828E+00   2.3738298662E+00   1.6894555690E-03   2.2407919153E+00   2.3814401969E+00   1.9059329368E-03   2.3528921202E+00   2.4125302422E+00   2.0890988538E-03   2.2005859716E+00   2.3727673994E+00   1.5739461074E-03   3.4202213489E-04
   1   -15   0    0   8.5001292288E-01   7.9420884216E+00   2.5537719211E-04   2.0581807865E+00   2.3709704425E+00   2.0733404933E-04   2.1408394592E+00   2.3356974660E+00   6.2725669925E-04   2.2410759250E+00   2.3738561268E+00   1.6894288657E-03   2.2408527867E+00   2.3814796616E+00   1.9059279318E-03   2.3529423394E+00   2.4125790172E+00   2.0891179615E-03   2.2006591945E+00   2.3728068731E+00   1.5739419742E-03   3.4202505022E-04
   1   -16   0    0   8.4001413332E-01   7.9421753317E+00   2.5531769072E-04   2.0581351730E+00   2.3709913575E+00   2.0733132036E-04   2.1407926461E+00   2.3357248781E+00   6.2724656705E-04   2.2410623888E+00   2.3738829963E+00   1.6894015760E-03   2.2409150471E+00   2.3815200189E+00   1.9059228137E-03   2.3529936901E+00   2.4126288912E+00   2.0891374932E-03   2.2007340436E+00   2.3728472395E+00   1.5739377475E-03   3.4202803158E-04
   1   -17   0    0   8.3001539900E-01   7.9422642227E+00   2.5525687950E-04   2.0580885484E+00   2.3710127642E+00   2.0732853155E-04   2.1407447613E+00   2.3357529249E+00   6.2723621268E-04   2.2410485691E+00   2.3739104885E+00   1.6893736880E-03   2.2409787274E+00   2.3815612881E+00   1.9059175799E-03   2.3530461966E+00   2.4126798879E+00   2.0891574579E-03   2.2008105529E+00   2.3728885181E+00   1.5739334254E-03   3.4203108041E-04
   1   -18   0    0   8.2001672240E-01   7.9423551386E+00   2.5519473158E-04   2.0580408914E+00   2.3710346741E+00   2.0732568169E-04   2.1406957810E+00   2.3357816209E+00   6.2722563162E-04   2.2410344606E+00   2.3739386178E+00   1.6893451893E-03   2.2410438591E+00   2.3816034890E+00   1.9059122280E-03   2.3530998840E+00   2.4127320314E+00   2.0891778644E-03   2.2008887573E+00   2.3729307286E+00   1.5739290057E-03   3.4203419819E-04
   1   -19   0    0   8.1001810607E-01   7.9424481240E+00   2.5513121965E-04   2.0579921806E+00   2.3710570990E+00   2.0732276954E-04   2.1406456807E+00   2.3358109809E+00   6.2721481928E-04   2.2410200583E+00   2.3739673986E+00   1.6893160678E-03   2.2411104743E+00   2.3816466419E+00   1.9059067554E-03   2.3531547776E+00   2.4127853465E+00   2.0891987219E-03   2.2009686923E+00   2.3729738914E+00   1.5739244864E-03   3.4203738641E-04
   1   -20   0    0   8.0001955272E-01   7.9425432248E+00   2.5506631591E-04   2.0579423941E+00   2.3710800510E+00   2.0731979383E-04   2.1405944354E+00   2.3358410200E+00   6.2720377099E-04   2.2410053569E+00   2.3739968460E+00   1.6892863108E-03   2.2411786058E+00   2.3816907674E+00   1.9059011595E-03   2.3532109032E+00   2.4128398583E+00   2.0892200399E-03   2.2010503939E+00   2.3730180269E+00   1.5739198652E-03   3.4204064662E-04
   1   -21   0    0   7.9002106514E-01   7.9426404874E+00   2.5499999215E-04   2.0578915096E+00   2.3711035426E+00   2.0731675330E-04   2.1405420196E+00   2.3358717536E+00   6.2719248201E-04   2.2409903511E+00   2.3740269749E+00   1.6892559055E-03   2.2412482869E+00   2.3817358864E+00   1.9058954376E-03   2.3532682874E+00   2.4128955923E+00   2.0892418278E-03   2.2011338989E+00   2.3730631562E+00   1.5739151400E-03   3.4204398035E-04
   1   -22   0    0   7.8002264626E-01   7.9427399594E+00   2.5493221966E-04   2.0578395044E+00   2.3711275862E+00   2.0731364665E-04   2.1404884073E+00   2.3359031976E+00   6.2718094753E-04   2.2409750355E+00   2.3740578011E+00   1.6892248389E-03   2.2413195519E+00   2.3817820204E+00   1.9058895871E-03   2.3533269569E+00   2.4129525748E+00   2.0892640952E-03   2.2012192446E+00   2.3731093008E+00   1.5739103086E-03   3.4204738922E-04
   1   -23   0    0   7.7002429912E-01   7.9428416894E+00   2.5486296930E-04   2.0577863556E+00   2.3711521950E+00   2.0731047255E-04   2.1404335720E+00   2.3359353681E+00   6.2716916264E-04   2.2409594049E+00   2.3740893402E+00   1.6891930980E-03   2.2413924355E+00   2.3818291913E+00   1.9058836052E-03   2.3533869391E+00   2.4130108322E+00   2.0892868521E-03   2.2013064691E+00   2.3731564824E+00   1.5739053686E-03   3.4205087483E-04
   1   -24   0    0   7.6002602689E-01   7.9429457267E+00   2.5479221144E-04   2.0577320395E+00   2.3711773821E+00   2.0730722967E-04   2.1403774867E+00   2.3359682816E+00   6.2715712238E-04   2.2409434537E+00   2.3741216087E+00   1.6891606692E-03   2.2414669733E+00   2.3818774212E+00   1.9058774891E-03   2.3534482619E+00   2.4130703917E+00   2.0893101083E-03   2.2013956111E+00   2.3732047234E+00   1.5739003179E-03   3.4205443884E-04
   1   -25   0    0   7.5002783289E-01   7.9430521219E+00   2.5471991601E-04   2.0576765324E+00   2.3712031610E+00   2.0730391666E-04   2.1403201236E+00   2.3360019548E+00   6.2714482172E-04   2.2409271764E+00   2.3741546229E+00   1.6891275391E-03   2.2415432014E+00   2.3819267328E+00   1.9058712359E-03   2.3535109537E+00   2.4131312809E+00   2.0893338740E-03   2.2014867100E+00   2.3732540463E+00   1.5738951539E-03   3.4205808294E-04
   1   -26   0    0   7.4002972057E-01   7.9431609264E+00   2.5464605247E-04   2.0576198101E+00   2.3712295457E+00   2.0730053213E-04   2.1402614546E+00   2.3360364049E+00   6.2713225552E-04   2.2409105677E+00   2.3741883998E+00   1.6890936938E-03   2.2416211567E+00   2.3819771492E+00   1.9058648426E-03   2.3535750434E+00   2.4131935278E+00   2.0893581595E-03   2.2015798058E+00   2.3733044742E+00   1.5738898742E-03   3.4206180883E-04
   1   -27   0    0   7.3003169352E-01   7.9432721926E+00   2.5457058983E-04   2.0575618479E+00   2.3712565502E+00   2.0729707468E-04   2.1402014510E+00   2.3360716495E+00   6.2711941860E-04   2.2408936218E+00   2.3742229566E+00   1.6890591193E-03   2.2417008769E+00   2.3820286938E+00   1.9058583064E-03   2.3536405605E+00   2.4132571611E+00   2.0893829753E-03   2.2016749393E+00   2.3733560307E+00   1.5738844766E-03   3.4206561827E-04
   1   -28   0    0   7.2003375549E-01   7.9433859741E+00   2.5449349663E-04   2.0575026207E+00   2.3712841890E+00   2.0729354290E-04   2.1401400833E+00   2.3361077066E+00   6.2710630570E-04   2.2408763334E+00   2.3742583110E+00   1.6890238015E-03   2.2417824004E+00   2.3820813908E+00   1.9058516242E-03   2.3537075349E+00   2.4133222098E+00   2.0894083321E-03   2.2017721519E+00   2.3734087397E+00   1.5738789583E-03   3.4206951303E-04
   1   -29   0    0   7.1003591039E-01   7.9435023253E+00   2.5441474094E-04   2.0574421031E+00   2.3713124770E+00   2.0728993535E-04   2.1400773216E+00   2.3361445943E+00   6.2709291146E-04   2.2408586967E+00   2.3742944810E+00   1.6889877260E-03   2.2418657664E+00   2.3821352643E+00   1.9058447930E-03   2.3537759972E+00   2.4133887036E+00   2.0894342407E-03   2.2018714857E+00   2.3734626257E+00   1.5738733170E-03   3.4207349493E-04
   1   -30   0    0   7.0003816228E-01   7.9436213019E+00   2.5433429040E-04   2.0573802692E+00   2.3713414292E+00   2.0728625056E-04   2.1400131355E+00   2.3361823313E+00   6.2707923048E-04   2.2408407061E+00   2.3743314850E+00   1.6889508782E-03   2.2419510146E+00   2.3821903393E+00   1.9058378095E-03   2.3538459783E+00   2.4134566726E+00   2.0894607120E-03   2.2019729835E+00   2.3735177133E+00   1.5738675499E-03   3.4207756581E-04
   1   -31   0    0   6.9004051539E-01   7.9437429604E+00   2.5425211216E-04   2.0573170927E+00   2.3713710611E+00   2.0728248707E-04   2.1399474939E+00   2.3362209368E+00   6.2706525726E-04   2.2408223560E+00   2.3743693416E+00   1.6889132432E-03   2.2420381859E+00   2.3822466410E+00   1.9058306707E-03   2.3539175099E+00   2.4135261475E+00   2.0894877571E-03   2.2020766888E+00   2.3735740280E+00   1.5738616546E-03   3.4208172756E-04
   1   -32   0    0   6.8004297414E-01   7.9438673587E+00   2.5416817295E-04   2.0572525471E+00   2.3714013886E+00   2.0727864337E-04   2.1398803649E+00   2.3362604301E+00   6.2705098625E-04   2.2408036407E+00   2.3744080701E+00   1.6888748063E-03   2.2421273215E+00   2.3823041951E+00   1.9058233732E-03   2.3539906241E+00   2.4135971595E+00   2.0895153875E-03   2.2021826457E+00   2.3736315954E+00   1.5738556282E-03   3.4208598208E-04
   1   -33   0    0   6.7004554312E-01   7.9439945554E+00   2.5408243904E-04   2.0571866051E+00   2.3714324277E+00   2.0727471795E-04   2.1398117163E+00   2.3363008311E+00   6.2703641181E-04   2.2407845545E+00   2.3744476900E+00   1.6888355520E-03   2.2422184637E+00   2.3823630278E+00   1.9058159138E-03   2.3540653535E+00   2.4136697404E+00   2.0895436145E-03   2.2022908992E+00   2.3736904417E+00   1.5738494682E-03   3.4209033133E-04
   1   -34   0    0   6.6004822712E-01   7.9441246105E+00   2.5399487626E-04   2.0571192393E+00   2.3714641951E+00   2.0727070926E-04   2.1397415150E+00   2.3363421600E+00   6.2702152825E-04   2.2407650918E+00   2.3744882212E+00   1.6887954652E-03   2.2423116555E+00   2.3824231658E+00   1.9058082892E-03   2.3541417314E+00   2.4137439223E+00   2.0895724497E-03   2.2024014948E+00   2.3737505936E+00   1.5738431716E-03   3.4209477728E-04
   1   -35   0    0   6.5005103110E-01   7.9442575850E+00   2.5390544999E-04   2.0570504217E+00   2.3714967075E+00   2.0726661577E-04   2.1396697276E+00   2.3363844375E+00   6.2700632978E-04   2.2407452467E+00   2.3745296841E+00   1.6887545302E-03   2.2424069406E+00   2.3824846360E+00   1.9058004958E-03   2.3542197915E+00   2.4138197382E+00   2.0896019051E-03   2.2025144788E+00   2.3738120781E+00   1.5738367357E-03   3.4209932195E-04
   1   -36   0    0   6.4005396025E-01   7.9443935409E+00   2.5381412519E-04   2.0569801242E+00   2.3715299823E+00   2.0726243588E-04   2.1395963198E+00   2.3364276847E+00   6.2699081056E-04   2.2407250138E+00   2.3745720994E+00   1.6887127314E-03   2.2425043638E+00   2.3825474662E+00   1.9057925303E-03   2.3542995682E+00   2.4138972213E+00   2.0896319925E-03   2.2026298983E+00   2.3738749228E+00   1.5738301577E-03   3.4210396739E-04
   1   -37   0    0   6.3005701995E-01   7.9445325417E+00   2.5372086639E-04   2.0569083179E+00   2.3715640370E+00   2.0725816801E-04   2.1395212567E+00   2.3364719231E+00   6.2697496470E-04   2.2407043871E+00   2.3746154883E+00   1.6886700527E-03   2.2426039703E+00   2.3826116842E+00   1.9057843891E-03   2.3543810964E+00   2.4139764056E+00   2.0896627241E-03   2.2027478008E+00   2.3739391557E+00   1.5738234346E-03   3.4210871569E-04
   1   -38   0    0   6.2006021582E-01   7.9446746515E+00   2.5362563771E-04   2.0568349738E+00   2.3715988896E+00   2.0725381056E-04   2.1394445028E+00   2.3365171745E+00   6.2695878620E-04   2.2406833611E+00   2.3746598724E+00   1.6886264782E-03   2.2427058064E+00   2.3826773186E+00   1.9057760687E-03   2.3544644115E+00   2.4140573254E+00   2.0896941121E-03   2.2028682349E+00   2.3740048054E+00   1.5738165635E-03   3.4211356897E-04
   1   -39   0    0   6.1006355367E-01   7.9448199361E+00   2.5352840286E-04   2.0567600622E+00   2.3716345585E+00   2.0724936189E-04   2.1393660220E+00   2.3365634613E+00   6.2694226904E-04   2.2406619301E+00   2.3747052737E+00   1.6885819915E-03   2.2428099192E+00   2.3827443983E+00   1.9057675654E-03   2.3545495495E+00   2.4141400158E+00   2.0897261690E-03   2.2029912495E+00   2.3740719007E+00   1.5738095413E-03   3.4211852938E-04
   1   -40   0    0   6.0006703959E-01   7.9449684620E+00   2.5342912513E-04   2.0566835534E+00   2.3716710626E+00   2.0724482036E-04   2.1392857773E+00   2.3366108063E+00   6.2692540712E-04   2.2406400884E+00   2.3747517147E+00   1.6885365763E-03   2.2429163566E+00   2.3828129527E+00   1.9057588755E-03   2.3546365469E+00   2.4142245122E+00   2.0897589073E-03   2.2031168945E+00   2.3741404710E+00   1.5738023651E-03   3.4212359912E-04
   1   -41   0    0   5.9007067986E-01   7.9451202971E+00   2.5332776745E-04   2.0566054170E+00   2.3717084209E+00   2.0724018432E-04   2.1392037314E+00   2.3366592328E+00   6.2690819427E-04   2.2406178305E+00   2.3747992182E+00   1.6884902159E-03   2.2430251672E+00   2.3828830116E+00   1.9057499953E-03   2.3547254409E+00   2.4143108507E+00   2.0897923398E-03   2.2032452204E+00   2.3742105464E+00   1.5737950317E-03   3.4212878040E-04
   1   -42   0    0   5.8007448104E-01   7.9452755104E+00   2.5322429235E-04   2.0565256222E+00   2.3717466530E+00   2.0723545208E-04   2.1391198460E+00   2.3367087643E+00   6.2689062427E-04   2.2405951508E+00   2.3748478076E+00   1.6884428935E-03   2.2431364006E+00   2.3829546056E+00   1.9057409210E-03   2.3548162692E+00   2.4143990678E+00   2.0898264795E-03   2.2033762782E+00   2.3742821570E+00   1.5737875380E-03   3.4213407550E-04
   1   -43   0    0   5.7007844994E-01   7.9454341722E+00   2.5311866201E-04   2.0564441380E+00   2.3717857789E+00   2.0723062196E-04   2.1390340823E+00   2.3367594250E+00   6.2687269085E-04   2.2405720436E+00   2.3748975066E+00   1.6883945923E-03   2.2432501072E+00   2.3830277653E+00   1.9057316486E-03   2.3549090699E+00   2.4144892008E+00   2.0898613392E-03   2.2035101199E+00   2.3743553338E+00   1.5737798808E-03   3.4213948671E-04
   1   -44   0    0   5.6008259364E-01   7.9455963537E+00   2.5301083826E-04   2.0563609329E+00   2.3718258191E+00   2.0722569226E-04   2.1389464009E+00   2.3368112395E+00   6.2685438768E-04   2.2405485036E+00   2.3749483395E+00   1.6883452953E-03   2.2433663382E+00   2.3831025220E+00   1.9057221744E-03   2.3550038819E+00   2.4145812873E+00   2.0898969323E-03   2.2036467979E+00   2.3744301081E+00   1.5737720568E-03   3.4214501636E-04
   1   -45   0    0   5.5008691947E-01   7.9457621275E+00   2.5290078257E-04   2.0562759750E+00   2.3718667942E+00   2.0722066125E-04   2.1388567616E+00   2.3368642328E+00   6.2683570838E-04   2.2405245252E+00   2.3750003310E+00   1.6882949852E-03   2.2434851458E+00   2.3831789075E+00   1.9057124943E-03   2.3551007444E+00   2.4146753653E+00   2.0899332719E-03   2.2037863654E+00   2.3745065115E+00   1.5737640629E-03   3.4215066682E-04
   1   -46   0    0   5.4009143508E-01   7.9459315673E+00   2.5278845612E-04   2.0561892322E+00   2.3719087256E+00   2.0721552720E-04   2.1387651234E+00   2.3369184303E+00   6.2681664652E-04   2.2405001033E+00   2.3750535061E+00   1.6882436447E-03   2.2436065828E+00   2.3832569540E+00   1.9057026043E-03   2.3551996974E+00   2.4147714738E+00   2.0899703716E-03   2.2039288763E+00   2.3745845763E+00   1.5737558956E-03   3.4215644049E-04
   1   -47   0    0   5.3009614838E-01   7.9461047480E+00   2.5267381978E-04   2.0561006718E+00   2.3719516350E+00   2.0721028837E-04   2.1386714449E+00   2.3369738580E+00   6.2679719564E-04   2.2404752323E+00   2.3751078905E+00   1.6881912564E-03   2.2437307031E+00   2.3833366942E+00   1.9056925003E-03   2.3553007811E+00   2.4148696518E+00   2.0900082449E-03   2.2040743850E+00   2.3746643353E+00   1.5737475515E-03   3.4216233981E-04
   1   -48   0    0   5.2010106759E-01   7.9462817457E+00   2.5255683412E-04   2.0560102609E+00   2.3719955443E+00   2.0720494301E-04   2.1385756839E+00   2.3370305424E+00   6.2677734922E-04   2.2404499072E+00   2.3751635102E+00   1.6881378029E-03   2.2438575613E+00   2.3834181612E+00   1.9056821782E-03   2.3554040365E+00   2.4149699392E+00   2.0900469056E-03   2.2042229467E+00   2.3747458215E+00   1.5737390274E-03   3.4216836726E-04
   1   -49   0    0   5.1010620125E-01   7.9464626376E+00   2.5243745946E-04   2.0559179662E+00   2.3720404762E+00   2.0719948935E-04   2.1384777974E+00   2.3370885102E+00   6.2675710070E-04   2.2404241228E+00   2.3752203918E+00   1.6880832663E-03   2.2439872129E+00   2.3835013886E+00   1.9056716339E-03   2.3555095052E+00   2.4150723763E+00   2.0900863673E-03   2.2043746171E+00   2.3748290685E+00   1.5737303197E-03   3.4217452533E-04
   1   -50   0    0   5.0011155821E-01   7.9466475022E+00   2.5231565588E-04   2.0558237541E+00   2.3720864536E+00   2.0719392563E-04   2.1383777419E+00   2.3371477888E+00   6.2673644351E-04   2.2403978741E+00   2.3752785621E+00   1.6880276290E-03   2.2441197141E+00   2.3835864104E+00   1.9056608629E-03   2.3556172289E+00   2.4151770036E+00   2.0901266442E-03   2.2045294526E+00   2.3749141104E+00   1.5737214250E-03   3.4218081658E-04
   1   -51   0    0   4.9011714764E-01   7.9468364190E+00   2.5219138323E-04   2.0557275907E+00   2.3721334999E+00   2.0718825005E-04   2.1382754731E+00   2.3372084061E+00   6.2671537104E-04   2.2403711561E+00   2.3753380488E+00   1.6879708732E-03   2.2442551222E+00   2.3836732610E+00   1.9056498612E-03   2.3557272502E+00   2.4152838626E+00   2.0901677501E-03   2.2046875101E+00   2.3750009816E+00   1.5737123396E-03   3.4218724356E-04
   1   -52   0    0   4.8012297905E-01   7.9470294687E+00   2.5206460117E-04   2.0556294417E+00   2.3721816391E+00   2.0718246082E-04   2.1381709462E+00   2.3372703902E+00   6.2669387663E-04   2.2403439642E+00   2.3753988795E+00   1.6879129810E-03   2.2443934951E+00   2.3837619755E+00   1.9056386244E-03   2.3558396121E+00   2.4153929949E+00   2.0902096993E-03   2.2048488471E+00   2.3750897171E+00   1.5737030600E-03   3.4219380890E-04
   1   -53   0    0   4.7012906232E-01   7.9472267334E+00   2.5193526920E-04   2.0555292725E+00   2.3722308954E+00   2.0717655617E-04   2.1380641155E+00   2.3373337700E+00   6.2667195363E-04   2.2403162936E+00   2.3754610829E+00   1.6878539345E-03   2.2445348917E+00   2.3838525891E+00   1.9056271480E-03   2.3559543580E+00   2.4155044428E+00   2.0902525059E-03   2.2050135217E+00   2.3751803522E+00   1.5736935827E-03   3.4220051523E-04
   1   -54   0    0   4.6013540765E-01   7.9474282960E+00   2.5180334666E-04   2.0554270483E+00   2.3722812936E+00   2.0717053428E-04   2.1379549348E+00   2.3373985746E+00   6.2664959537E-04   2.2402881398E+00   2.3755246876E+00   1.6877937156E-03   2.2446793716E+00   2.3839451376E+00   1.9056154276E-03   2.3560715318E+00   2.4156182488E+00   2.0902961842E-03   2.2051815925E+00   2.3752729226E+00   1.5736839038E-03   3.4220736522E-04
   1   -55   0    0   4.5014202562E-01   7.9476342406E+00   2.5166879279E-04   2.0553227340E+00   2.3723328588E+00   2.0716439336E-04   2.1378433572E+00   2.3374648338E+00   6.2662679516E-04   2.2402594984E+00   2.3755897230E+00   1.6877323064E-03   2.2448269953E+00   2.3840396571E+00   1.9056034588E-03   2.3561911779E+00   2.4157344562E+00   2.0903407487E-03   2.2053531187E+00   2.3753674647E+00   1.5736740198E-03   3.4221436158E-04
   1   -56   0    0   4.4014892720E-01   7.9478446526E+00   2.5153156675E-04   2.0552162941E+00   2.3723856169E+00   2.0715813160E-04   2.1377293352E+00   2.3375325776E+00   6.2660354630E-04   2.2402303653E+00   2.3756562189E+00   1.6876696888E-03   2.2449778240E+00   2.3841361842E+00   1.9055912371E-03   2.3563133411E+00   2.4158531083E+00   2.0903862137E-03   2.2055281599E+00   2.3754640148E+00   1.5736639270E-03   3.4222150704E-04
   1   -57   0    0   4.3015612371E-01   7.9480596183E+00   2.5139162766E-04   2.0551076931E+00   2.3724395940E+00   2.0715174720E-04   2.1376128207E+00   2.3376018367E+00   6.2657984211E-04   2.2402007364E+00   2.3757242056E+00   1.6876058449E-03   2.2451319197E+00   2.3842347559E+00   1.9055787579E-03   2.3564380665E+00   2.4159742493E+00   2.0904325938E-03   2.2057067761E+00   2.3755626100E+00   1.5736536215E-03   3.4222880436E-04
   1   -58   0    0   4.2016362689E-01   7.9482792251E+00   2.5124893460E-04   2.0549968951E+00   2.3724948165E+00   2.0714523836E-04   2.1374937647E+00   2.3376726422E+00   6.2655567589E-04   2.2401706078E+00   2.3757937137E+00   1.6875407565E-03   2.2452893453E+00   2.3843354094E+00   1.9055660166E-03   2.3565654000E+00   2.4160979232E+00   2.0904799035E-03   2.2058890279E+00   2.3756632876E+00   1.5736430995E-03   3.4223625634E-04
   1   -59   0    0   4.1017144887E-01   7.9485035616E+00   2.5110344670E-04   2.0548838641E+00   2.3725513117E+00   2.0713860329E-04   2.1373721180E+00   2.3377450255E+00   6.2653104097E-04   2.2401399759E+00   2.3758647744E+00   1.6874744058E-03   2.2454501644E+00   2.3844381825E+00   1.9055530085E-03   2.3566953874E+00   2.4162241750E+00   2.0905281574E-03   2.2060749762E+00   2.3757660854E+00   1.5736323573E-03   3.4224386579E-04
   1   -60   0    0   4.0017960219E-01   7.9487327171E+00   2.5095512314E-04   2.0547685637E+00   2.3726091069E+00   2.0713184018E-04   2.1372478305E+00   2.3378190187E+00   6.2650593071E-04   2.2401088372E+00   2.3759374193E+00   1.6874067748E-03   2.2456144411E+00   2.3845431132E+00   1.9055397291E-03   2.3568280751E+00   2.4163530496E+00   2.0905773700E-03   2.2062646824E+00   2.3758710413E+00   1.5736213909E-03   3.4225163557E-04
   1   -61   0    0   3.9018809981E-01   7.9489667823E+00   2.5080392320E-04   2.0546509576E+00   2.3726682302E+00   2.0712494727E-04   2.1371208517E+00   2.3378946541E+00   6.2648033846E-04   2.2400771886E+00   2.3760116805E+00   1.6873378456E-03   2.2457822407E+00   2.3846502399E+00   1.9055261735E-03   2.3569635100E+00   2.4164845925E+00   2.0906275560E-03   2.2064582079E+00   2.3759781937E+00   1.5736101965E-03   3.4225956854E-04
   1   -62   0    0   3.8019695512E-01   7.9492058486E+00   2.5064980631E-04   2.0545310092E+00   2.3727287100E+00   2.0711792276E-04   2.1369911305E+00   2.3379719646E+00   6.2645425764E-04   2.2400450269E+00   2.3760875904E+00   1.6872676005E-03   2.2459536286E+00   2.3847596012E+00   1.9055123372E-03   2.3571017389E+00   2.4166188493E+00   2.0906787300E-03   2.2066556149E+00   2.3760875814E+00   1.5735987703E-03   3.4226766761E-04
   1   -63   0    0   3.7020618193E-01   7.9494500084E+00   2.5049273208E-04   2.0544086819E+00   2.3727905752E+00   2.0711076489E-04   2.1368586151E+00   2.3380509835E+00   6.2642768169E-04   2.2400123496E+00   2.3761651819E+00   1.6871960219E-03   2.2461286714E+00   2.3848712361E+00   1.9054982152E-03   2.3572428094E+00   2.4167558660E+00   2.0907309066E-03   2.2068569655E+00   2.3761992433E+00   1.5735871082E-03   3.4227593569E-04
   1   -64   0    0   3.6021579451E-01   7.9496993550E+00   2.5033266036E-04   2.0542839388E+00   2.3728538549E+00   2.0710347192E-04   2.1367232535E+00   2.3381317445E+00   6.2640060412E-04   2.2399791540E+00   2.3762444885E+00   1.6871230922E-03   2.2463074361E+00   2.3849851839E+00   1.9054838030E-03   2.3573867689E+00   2.4168956888E+00   2.0907841004E-03   2.2070623222E+00   2.3763132186E+00   1.5735752064E-03   3.4228437572E-04
   1   -65   0    0   3.5022580757E-01   7.9499539825E+00   2.5016955129E-04   2.0541567431E+00   2.3729185791E+00   2.0709604210E-04   2.1365849930E+00   2.3382142817E+00   6.2637301846E-04   2.2399454380E+00   2.3763255438E+00   1.6870487940E-03   2.2464899902E+00   2.3851014840E+00   1.9054690956E-03   2.3575336653E+00   2.4170383643E+00   2.0908383257E-03   2.2072717475E+00   2.3764295469E+00   1.5735630608E-03   3.4229299067E-04
   1   -66   0    0   3.4023623627E-01   7.9502139859E+00   2.5000336531E-04   2.0540270578E+00   2.3729847779E+00   2.0708847373E-04   2.1364437804E+00   2.3382986296E+00   6.2634491834E-04   2.2399111996E+00   2.3764083821E+00   1.6869731103E-03   2.2466764021E+00   2.3852201762E+00   1.9054540882E-03   2.3576835466E+00   2.4171839389E+00   2.0908935972E-03   2.2074853043E+00   2.3765482678E+00   1.5735506675E-03   3.4230178351E-04
   1   -67   0    0   3.3024709625E-01   7.9504794609E+00   2.4983406329E-04   2.0538948461E+00   2.3730524819E+00   2.0708076508E-04   2.1362995623E+00   2.3383848231E+00   6.2631629745E-04   2.2398764372E+00   2.3764930378E+00   1.6868960239E-03   2.2468667404E+00   2.3853413004E+00   1.9054387761E-03   2.3578364610E+00   2.4173324597E+00   2.0909499292E-03   2.2077030552E+00   2.3766694214E+00   1.5735380225E-03   3.4231075724E-04
   1   -68   0    0   3.2025840360E-01   7.9507505039E+00   2.4966160650E-04   2.0537600711E+00   2.3731217220E+00   2.0707291450E-04   2.1361522847E+00   2.3384728975E+00   6.2628714957E-04   2.2398411495E+00   2.3765795459E+00   1.6868175181E-03   2.2470610745E+00   2.3854648966E+00   1.9054231544E-03   2.3579924568E+00   2.4174839735E+00   2.0910073359E-03   2.2079250633E+00   2.3767930478E+00   1.5735251219E-03   3.4231991486E-04
   1   -69   0    0   3.1027017489E-01   7.9510272121E+00   2.4948595673E-04   2.0536226958E+00   2.3731925299E+00   2.0706492034E-04   2.1360018933E+00   2.3385628883E+00   6.2625746856E-04   2.2398053354E+00   2.3766679417E+00   1.6867375764E-03   2.2472594741E+00   2.3855910052E+00   1.9054072183E-03   2.3581515824E+00   2.4176385273E+00   2.0910658315E-03   2.2081513913E+00   2.3769191871E+00   1.5735119616E-03   3.4232925941E-04
   1   -70   0    0   3.0028242717E-01   7.9513096829E+00   2.4930707632E-04   2.0534826834E+00   2.3732649372E+00   2.0705678095E-04   2.1358483335E+00   2.3386548316E+00   6.2622724841E-04   2.2397689944E+00   2.3767582607E+00   1.6866561826E-03   2.2474620093E+00   2.3857196665E+00   1.9053909629E-03   2.3583138864E+00   2.4177961682E+00   2.0911254302E-03   2.2083821019E+00   2.3770478799E+00   1.5734985377E-03   3.4233879390E-04
   1   -71   0    0   2.9029517795E-01   7.9515980148E+00   2.4912492820E-04   2.0533399973E+00   2.3733389763E+00   2.0704849477E-04   2.1356915504E+00   2.3387487635E+00   6.2619648319E-04   2.2397321260E+00   2.3768505390E+00   1.6865733208E-03   2.2476687507E+00   2.3858509209E+00   1.9053743834E-03   2.3584794171E+00   2.4179569434E+00   2.0911861456E-03   2.2086172578E+00   2.3771791665E+00   1.5734848462E-03   3.4234852138E-04
   1   -72   0    0   2.8030844526E-01   7.9518923063E+00   2.4893947601E-04   2.0531946008E+00   2.3734146797E+00   2.0704006022E-04   2.1355314889E+00   2.3388447207E+00   6.2616516712E-04   2.2396947304E+00   2.3769448127E+00   1.6864889753E-03   2.2478797692E+00   2.3859848090E+00   1.9053574751E-03   2.3586482231E+00   2.4181208998E+00   2.0912479917E-03   2.2088569214E+00   2.3773130874E+00   1.5734708830E-03   3.4235844490E-04
   1   -73   0    0   2.7032224757E-01   7.9521926565E+00   2.4875068411E-04   2.0530464576E+00   2.3734920804E+00   2.0703147578E-04   2.1353680937E+00   2.3389427401E+00   6.2613329454E-04   2.2396568079E+00   2.3770411185E+00   1.6864031309E-03   2.2480951359E+00   2.3861213713E+00   1.9053402331E-03   2.3588203526E+00   2.4182880844E+00   2.0913109819E-03   2.2091011548E+00   2.3774496833E+00   1.5734566443E-03   3.4236856749E-04
   1   -74   0    0   2.6033660387E-01   7.9524991648E+00   2.4855851766E-04   2.0528955315E+00   2.3735712116E+00   2.0702273996E-04   2.1352013094E+00   2.3390428587E+00   6.2610085994E-04   2.2396183593E+00   2.3771394931E+00   1.6863157728E-03   2.2483149222E+00   2.3862606483E+00   1.9053226526E-03   2.3589958539E+00   2.4184585441E+00   2.0913751295E-03   2.2093500198E+00   2.3775889946E+00   1.5734421261E-03   3.4237889222E-04
   1   -75   0    0   2.5035153362E-01   7.9528119307E+00   2.4836294271E-04   2.0527417865E+00   2.3736521071E+00   2.0701385134E-04   2.1350310803E+00   2.3391451139E+00   6.2606785797E-04   2.2395793858E+00   2.3772399736E+00   1.6862268866E-03   2.2485391997E+00   2.3864026804E+00   1.9053047289E-03   2.3591747751E+00   2.4186323256E+00   2.0914404477E-03   2.2096035777E+00   2.3777310618E+00   1.5734273245E-03   3.4238942211E-04
   1   -76   0    0   2.4036705674E-01   7.9531310540E+00   2.4816392626E-04   2.0525851869E+00   2.3737348006E+00   2.0700480850E-04   2.1348573511E+00   2.3392495432E+00   6.2603428344E-04   2.2395398891E+00   2.3773425972E+00   1.6861364583E-03   2.2487680399E+00   2.3865475081E+00   1.9052864573E-03   2.3593571640E+00   2.4188094754E+00   2.0915069492E-03   2.2098618894E+00   2.3778759253E+00   1.5734122356E-03   3.4240016021E-04
   1   -77   0    0   2.3038319368E-01   7.9534566345E+00   2.4796143629E-04   2.0524256975E+00   2.3738193266E+00   2.0699561011E-04   2.1346800661E+00   2.3393561844E+00   6.2600013135E-04   2.2394998712E+00   2.3774474014E+00   1.6860444743E-03   2.2490015146E+00   2.3866951714E+00   1.9052678331E-03   2.3595430680E+00   2.4189900395E+00   2.0915746466E-03   2.2101250152E+00   2.3780236252E+00   1.5733968555E-03   3.4241110954E-04
   1   -78   0    0   2.2039996531E-01   7.9537887720E+00   2.4775544190E-04   2.0522632832E+00   2.3739057194E+00   2.0698625486E-04   2.1344991701E+00   2.3394650753E+00   6.2596539688E-04   2.2394593344E+00   2.3775544238E+00   1.6859509219E-03   2.2492396954E+00   2.3868457105E+00   1.9052488517E-03   2.3597325344E+00   2.4191740638E+00   2.0916435523E-03   2.2103930147E+00   2.3781742017E+00   1.5733811803E-03   3.4242227313E-04
   1   -79   0    0   2.1041739301E-01   7.9541275661E+00   2.4754591334E-04   2.0520979095E+00   2.3739940137E+00   2.0697674152E-04   2.1343146078E+00   2.3395762539E+00   6.2593007544E-04   2.2394182817E+00   2.3776637021E+00   1.6858557885E-03   2.2494826538E+00   2.3869991651E+00   1.9052295086E-03   2.3599256099E+00   2.4193615938E+00   2.0917136780E-03   2.2106659469E+00   2.3783276945E+00   1.5733652065E-03   3.4243365396E-04
   1   -80   0    0   2.0043549858E-01   7.9544731161E+00   2.4733282211E-04   2.0519295422E+00   2.3740842446E+00   2.0696706890E-04   2.1341263243E+00   2.3396897583E+00   6.2589416263E-04   2.2393767165E+00   2.3777752741E+00   1.6857590623E-03   2.2497304611E+00   2.3871555747E+00   1.9052097991E-03   2.3601223409E+00   2.4195526745E+00   2.0917850355E-03   2.2109438697E+00   2.3784841431E+00   1.5733489301E-03   3.4244525502E-04
   1   -81   0    0   1.9045430432E-01   7.9548255212E+00   2.4711614099E-04   2.0517581477E+00   2.3741764471E+00   2.0695723588E-04   2.1339342649E+00   2.3398056266E+00   6.2585765428E-04   2.2393346424E+00   2.3778891776E+00   1.6856607321E-03   2.2499831884E+00   2.3873149786E+00   1.9051897188E-03   2.3603227731E+00   2.4197473502E+00   2.0918576358E-03   2.2112268403E+00   2.3786435869E+00   1.5733323475E-03   3.4245707927E-04
   1   -82   0    0   1.8047383292E-01   7.9551848797E+00   2.4689584418E-04   2.0515836928E+00   2.3742706565E+00   2.0694724141E-04   2.1337383755E+00   2.3399238968E+00   6.2582054650E-04   2.2392920637E+00   2.3780054507E+00   1.6855607875E-03   2.2502409065E+00   2.3874774156E+00   1.9051692634E-03   2.3605269516E+00   2.4199456649E+00   2.0919314898E-03   2.2115149148E+00   2.3788060645E+00   1.5733154552E-03   3.4246912964E-04
   1   -83   0    0   1.7049410753E-01   7.9555512896E+00   2.4667190736E-04   2.0514061452E+00   2.3743669082E+00   2.0693708450E-04   2.1335386022E+00   2.3400446071E+00   6.2578283560E-04   2.2392489851E+00   2.3781241310E+00   1.6854592184E-03   2.2505036855E+00   2.3876429239E+00   1.9051484287E-03   2.3607349210E+00   2.4201476618E+00   2.0920066079E-03   2.2118081483E+00   2.3789716144E+00   1.5732982496E-03   3.4248140902E-04
   1   -84   0    0   1.6051515171E-01   7.9559248482E+00   2.4644430773E-04   2.0512254727E+00   2.3744652378E+00   2.0692676424E-04   2.1333348922E+00   2.3401677954E+00   6.2574451820E-04   2.2392054118E+00   2.3782452565E+00   1.6853560158E-03   2.2507715953E+00   2.3878115416E+00   1.9051272103E-03   2.3609467250E+00   2.4203533835E+00   2.0920830000E-03   2.2121065944E+00   2.3791402744E+00   1.5732807271E-03   3.4249392027E-04
   1   -85   0    0   1.5053698940E-01   7.9563056519E+00   2.4621302414E-04   2.0510416443E+00   2.3745656807E+00   2.0691627978E-04   2.1331271928E+00   2.3402934997E+00   6.2570559119E-04   2.2391613495E+00   2.3783688649E+00   1.6852511713E-03   2.2510447049E+00   2.3879833058E+00   1.9051056041E-03   2.3611624065E+00   2.4205628715E+00   2.0921606755E-03   2.2124103056E+00   2.3793120820E+00   1.5732628845E-03   3.4250666622E-04
   1   -86   0    0   1.4055964491E-01   7.9566937959E+00   2.4597803714E-04   2.0508546294E+00   2.3746682727E+00   2.0690563038E-04   2.1329154524E+00   2.3404217576E+00   6.2566605175E-04   2.2391168041E+00   2.3784949936E+00   1.6851446773E-03   2.2513230828E+00   2.3881582535E+00   1.9050836063E-03   2.3613820077E+00   2.4207761669E+00   2.0922396433E-03   2.2127193330E+00   2.3794870738E+00   1.5732447183E-03   3.4251964965E-04
   1   -87   0    0   1.3058314294E-01   7.9570893745E+00   2.4573932908E-04   2.0506643982E+00   2.3747730491E+00   2.0689481535E-04   2.1326996204E+00   2.3405526067E+00   6.2562589738E-04   2.2390717822E+00   2.3786236801E+00   1.6850365271E-03   2.2516067964E+00   2.3883364205E+00   1.9050612129E-03   2.3616055696E+00   2.4209933095E+00   2.0923199119E-03   2.2130337259E+00   2.3796652859E+00   1.5732262255E-03   3.4253287329E-04
   1   -88   0    0   1.2060750849E-01   7.9574924807E+00   2.4549688417E-04   2.0504709217E+00   2.3748800456E+00   2.0688383411E-04   2.1324796470E+00   2.3406860841E+00   6.2558512587E-04   2.2390262910E+00   2.3787549614E+00   1.6849267147E-03   2.2518959123E+00   2.3885178422E+00   1.9050384201E-03   2.3618331322E+00   2.4212143382E+00   2.0924014890E-03   2.2133535323E+00   2.3798467537E+00   1.5732074029E-03   3.4254633980E-04
   1   -89   0    0   1.1063276687E-01   7.9579032060E+00   2.4525068858E-04   2.0502741720E+00   2.3749892975E+00   2.0687268616E-04   2.1322554834E+00   2.3408222269E+00   6.2554373538E-04   2.2389803379E+00   2.3788888743E+00   1.6848152351E-03   2.2521904961E+00   2.3887025533E+00   1.9050152243E-03   2.3620647345E+00   2.4214392909E+00   2.0924843819E-03   2.2136787982E+00   2.3800315116E+00   1.5731882475E-03   3.4256005182E-04
   1   -90   0    0   1.0065894366E-01   7.9583216404E+00   2.4500073050E-04   2.0500741217E+00   2.3751008401E+00   2.0686137108E-04   2.1320270823E+00   2.3409610714E+00   6.2550172440E-04   2.2389339309E+00   2.3790254553E+00   1.6847020844E-03   2.2524906122E+00   2.3888905872E+00   1.9049916220E-03   2.3623004142E+00   2.4216682042E+00   2.0925685971E-03   2.2140095676E+00   2.3802195935E+00   1.5731687564E-03   3.4257401189E-04
   1   -91   0    0   9.0686064704E-02   7.9587478719E+00   2.4474700024E-04   2.0498707445E+00   2.3752147084E+00   2.0684988857E-04   2.1317943977E+00   2.3411026540E+00   6.2545909177E-04   2.2388870784E+00   2.3791647404E+00   1.6845872593E-03   2.2527963237E+00   2.3890819768E+00   1.9049676100E-03   2.3625402077E+00   2.4219011135E+00   2.0926541408E-03   2.2143458828E+00   2.3804110319E+00   1.5731489269E-03   3.4258822250E-04
   1   -92   0    0   8.0714156041E-02   7.9591819869E+00   2.4448949026E-04   2.0496640154E+00   2.3753309371E+00   2.0683823842E-04   2.1315573849E+00   2.3412470100E+00   6.2541583672E-04   2.2388397892E+00   2.3793067652E+00   1.6844707578E-03   2.2531076921E+00   2.3892767538E+00   1.9049431849E-03   2.3627841502E+00   2.4221380530E+00   2.0927410180E-03   2.2146877838E+00   2.3806058588E+00   1.5731287564E-03   3.4260268606E-04
   1   -93   0    0   7.0743243888E-02   7.9596240696E+00   2.4422819533E-04   2.0494539099E+00   2.3754495609E+00   2.0682642052E-04   2.1313160009E+00   2.3413941748E+00   6.2537195884E-04   2.2387920727E+00   2.3794515647E+00   1.6843525788E-03   2.2534247777E+00   2.3894749489E+00   1.9049183438E-03   2.3630322752E+00   2.4223790551E+00   2.0928292335E-03   2.2150353083E+00   2.3808041047E+00   1.5731082423E-03   3.4261740491E-04
   1   -94   0    0   6.0773354594E-02   7.9600742019E+00   2.4396311250E-04   2.0492404050E+00   2.3755706138E+00   2.0681443486E-04   2.1310702045E+00   2.3415441826E+00   6.2532745813E-04   2.2387439385E+00   2.3795991734E+00   1.6842327223E-03   2.2537476390E+00   2.3896765917E+00   1.9048930839E-03   2.3632846148E+00   2.4226241512E+00   2.0929187910E-03   2.2153884917E+00   2.3810057993E+00   1.5730873823E-03   3.4263238130E-04
   1   -95   0    0   5.0804514605E-02   7.9605324633E+00   2.4369424125E-04   2.0490234786E+00   2.3756941296E+00   2.0680228157E-04   2.1308199562E+00   2.3416970674E+00   6.2528233500E-04   2.2386953967E+00   2.3797496251E+00   1.6841111894E-03   2.2540763325E+00   2.3898817104E+00   1.9048674025E-03   2.3635411994E+00   2.4228733709E+00   2.0930096938E-03   2.2157473669E+00   2.3812109709E+00   1.5730661742E-03   3.4264761738E-04
   1   -96   0    0   4.0836750413E-02   7.9609989306E+00   2.4342158354E-04   2.0488031098E+00   2.3758201415E+00   2.0678996085E-04   2.1305652187E+00   2.3418528621E+00   6.2523659024E-04   2.2386464579E+00   2.3799029529E+00   1.6839879823E-03   2.2544109131E+00   2.3900903322E+00   1.9048412971E-03   2.3638020579E+00   2.4231267420E+00   2.0931019440E-03   2.2161119641E+00   2.3814196465E+00   1.5730446160E-03   3.4266311524E-04
   1   -97   0    0   3.0870088508E-02   7.9614736780E+00   2.4314514384E-04   2.0485792791E+00   2.3759486823E+00   2.0677747305E-04   2.1303059568E+00   2.3420115991E+00   6.2519022512E-04   2.2385971330E+00   2.3800591890E+00   1.6838631043E-03   2.2547514335E+00   2.3903024827E+00   1.9048147655E-03   2.3640672170E+00   2.4233842907E+00   2.0931955432E-03   2.2164823109E+00   2.3816318519E+00   1.5730227059E-03   3.4267887682E-04
   1   -98   0    0   2.0904555334E-02   7.9619567766E+00   2.4286492923E-04   2.0483519679E+00   2.3760797841E+00   2.0676481860E-04   2.1300421375E+00   2.3421733097E+00   6.2514324129E-04   2.2385474331E+00   2.3802183650E+00   1.6837365598E-03   2.2550979441E+00   2.3905181863E+00   1.9047878057E-03   2.3643367020E+00   2.4236460414E+00   2.0932904922E-03   2.2168584318E+00   2.3818476115E+00   1.5730004420E-03   3.4269490399E-04
   1   -99   0    0   1.0940177229E-02   7.9624482943E+00   2.4258094945E-04   2.0481211593E+00   2.3762134784E+00   2.0675199809E-04   2.1297737303E+00   2.3423380244E+00   6.2509564089E-04   2.2384973699E+00   2.3803805114E+00   1.6836083548E-03   2.2554504931E+00   2.3907374658E+00   1.9047604157E-03   2.3646105359E+00   2.4239120166E+00   2.0933867907E-03   2.2172403485E+00   2.3820669479E+00   1.5729778231E-03   3.4271119851E-04
   1  -100   0    0   9.7698037406E-04   7.9629482956E+00   2.4229321695E-04   2.0478868373E+00   2.3763497960E+00   2.0673901221E-04   2.1295007073E+00   2.3425057725E+00   6.2504742648E-04   2.2384469550E+00   2.3805456577E+00   1.6834784959E-03   2.2558091263E+00   2.3909603424E+00   1.9047325941E-03   2.3648887397E+00   2.4241822366E+00   2.0934844378E-03   2.2176280795E+00   2.3822898825E+00   1.5729548476E-03   3.4272776200E-04
   1  -101   0    0  -8.9850092673E-03   7.9634568417E+00   2.4200174694E-04   2.0476489875E+00   2.3764887669E+00   2.0672586176E-04   2.1292230433E+00   2.3426765825E+00   6.2499860110E-04   2.2383962007E+00   2.3807138324E+00   1.6833469916E-03   2.2561738866E+00   2.3911868356E+00   1.9047043395E-03   2.3651713324E+00   2.4244567200E+00   2.0935834315E-03   2.2180216399E+00   2.3825164349E+00   1.5729315145E-03   3.4274459598E-04
   1  -102   0    0  -1.8945766009E-02   7.9639739899E+00   2.4170655744E-04   2.0474075969E+00   2.3766304202E+00   2.0671254771E-04   2.1289407161E+00   2.3428504816E+00   6.2494916825E-04   2.2383451193E+00   2.3808850630E+00   1.6832138510E-03   2.2565448143E+00   2.3914169634E+00   1.9046756507E-03   2.3654583305E+00   2.4247354828E+00   2.0936837689E-03   2.2184210417E+00   2.3827466229E+00   1.5729078229E-03   3.4276170184E-04
   1  -103   0    0  -2.8905264508E-02   7.9644997934E+00   2.4140766932E-04   2.0471626538E+00   2.3767747842E+00   2.0669907110E-04   2.1286537065E+00   2.3430274956E+00   6.2489913189E-04   2.2382937232E+00   2.3810593755E+00   1.6830790850E-03   2.2569219469E+00   2.3916507419E+00   1.9046465269E-03   2.3657497485E+00   2.4250185390E+00   2.0937854463E-03   2.2188262932E+00   2.3829804627E+00   1.5728837721E-03   3.4277908081E-04
   1  -104   0    0  -3.8863479825E-02   7.9650343017E+00   2.4110510633E-04   2.0469141480E+00   2.3769218861E+00   2.0668543315E-04   2.1283619983E+00   2.3432076493E+00   6.2484849647E-04   2.2382420253E+00   2.3812367949E+00   1.6829427055E-03   2.2573053188E+00   2.3918881854E+00   1.9046169676E-03   2.3660455984E+00   2.4253059004E+00   2.0938884590E-03   2.2192373991E+00   2.3832179685E+00   1.5728593616E-03   3.4279673402E-04
   1  -105   0    0  -4.8820387497E-02   7.9655775595E+00   2.4079889513E-04   2.0466620708E+00   2.3770717521E+00   2.0667163518E-04   2.1280655790E+00   2.3433909660E+00   6.2479726691E-04   2.2381900384E+00   2.3814173446E+00   1.6828047258E-03   2.2576949611E+00   2.3921293061E+00   1.9045869723E-03   2.3663458898E+00   2.4255975762E+00   2.0939928013E-03   2.2196543605E+00   2.3834591527E+00   1.5728345910E-03   3.4281466244E-04
   1  -106   0    0  -5.8775963605E-02   7.9661296075E+00   2.4048906533E-04   2.0464064150E+00   2.3772244073E+00   2.0665767864E-04   2.1277644394E+00   2.3435774674E+00   6.2474544864E-04   2.2381377753E+00   2.3816010469E+00   1.6826651605E-03   2.2580909016E+00   2.3923741145E+00   1.9045565410E-03   2.3666506295E+00   2.4258935731E+00   2.0940984666E-03   2.2200771744E+00   2.3837040256E+00   1.5728094604E-03   3.4283286688E-04
   1  -107   0    0  -6.8730184846E-02   7.9666904813E+00   2.4017564950E-04   2.0461471749E+00   2.3773798755E+00   2.0664356513E-04   2.1274585739E+00   2.3437671740E+00   6.2469304754E-04   2.2380852492E+00   2.3817879223E+00   1.6825240254E-03   2.2584931647E+00   2.3926226187E+00   1.9045256739E-03   2.3669598220E+00   2.4261938956E+00   2.0942054473E-03   2.2205058342E+00   2.3839525956E+00   1.5727839700E-03   3.4285134802E-04
   1  -108   0    0  -7.8683028605E-02   7.9672602120E+00   2.3985868317E-04   2.0458843463E+00   2.3775381794E+00   2.0662929636E-04   2.1271479809E+00   2.3439601045E+00   6.2464007001E-04   2.2380324729E+00   2.3819779899E+00   1.6823813378E-03   2.2589017713E+00   2.3928748251E+00   1.9044943716E-03   2.3672734690E+00   2.4264985452E+00   2.0943137346E-03   2.2209403290E+00   2.3842048688E+00   1.5727581201E-03   3.4287010637E-04
   1  -109   0    0  -8.8634473031E-02   7.9678388254E+00   2.3953820483E-04   2.0456179265E+00   2.3776993402E+00   2.0661487419E-04   2.1268326626E+00   2.3441562759E+00   6.2458652290E-04   2.2379794594E+00   2.3821712672E+00   1.6822371161E-03   2.2593167384E+00   2.3931307376E+00   1.9044626348E-03   2.3675915695E+00   2.4268075210E+00   2.0944233190E-03   2.2213806438E+00   2.3844608493E+00   1.5727319114E-03   3.4288914227E-04
   1  -110   0    0  -9.8584497114E-02   7.9684263423E+00   2.3921425599E-04   2.0453479146E+00   2.3778633778E+00   2.0660030059E-04   2.1265126252E+00   2.3443557035E+00   6.2453241358E-04   2.2379262216E+00   2.3823677698E+00   1.6820913801E-03   2.2597380792E+00   2.3933903581E+00   1.9044304647E-03   2.3679141196E+00   2.4271208192E+00   2.0945341900E-03   2.2218267594E+00   2.3847205388E+00   1.5727053449E-03   3.4290845591E-04
   1  -111   0    0  -1.0853308076E-01   7.9690227779E+00   2.3888688107E-04   2.0450743111E+00   2.3780303106E+00   2.0658557768E-04   2.1261878795E+00   2.3445584010E+00   6.2447774989E-04   2.2378727722E+00   2.3825675117E+00   1.6819441510E-03   2.2601658029E+00   2.3936536859E+00   1.9043978627E-03   2.3682411127E+00   2.4274384335E+00   2.0946463357E-03   2.2222786524E+00   2.3849839369E+00   1.5726784217E-03   3.4292804730E-04
   1  -112   0    0  -1.1848020486E-01   7.9696281421E+00   2.3855612747E-04   2.0447971180E+00   2.3782001554E+00   2.0657070769E-04   2.1258584401E+00   2.3447643799E+00   6.2442254013E-04   2.2378191238E+00   2.3827705050E+00   1.6817954512E-03   2.2605999145E+00   2.3939207182E+00   1.9043648304E-03   2.3685725392E+00   2.4277603544E+00   2.0947597436E-03   2.2227362947E+00   2.3852510406E+00   1.5726511432E-03   3.4294791626E-04
   1  -113   0    0  -1.2842585139E-01   7.9702424390E+00   2.3822204553E-04   2.0445163391E+00   2.3783729273E+00   2.0655569300E-04   2.1255243266E+00   2.3449736501E+00   6.2436679309E-04   2.2377652887E+00   2.3829767599E+00   1.6816453043E-03   2.2610404151E+00   2.3941914499E+00   1.9043313700E-03   2.3689083864E+00   2.4280865697E+00   2.0948744000E-03   2.2231996539E+00   2.3855218448E+00   1.5726235110E-03   3.4296806246E-04
   1  -114   0    0  -1.3837000347E-01   7.9708656668E+00   2.3788468846E-04   2.0442319795E+00   2.3785486400E+00   2.0654053609E-04   2.1251855628E+00   2.3451862192E+00   6.2431051805E-04   2.2377112790E+00   2.3831862846E+00   1.6814937353E-03   2.2614873011E+00   2.3944658731E+00   1.9042974836E-03   2.3692486387E+00   2.4284170644E+00   2.0949902903E-03   2.2236686931E+00   2.3857963417E+00   1.5725955272E-03   3.4298848537E-04
   1  -115   0    0  -1.4831264543E-01   7.9714978178E+00   2.3754411234E-04   2.0439440463E+00   2.3787273053E+00   2.0652523959E-04   2.1248421776E+00   2.3454020929E+00   6.2425372471E-04   2.2376571065E+00   2.3833990853E+00   1.6813407703E-03   2.2619405646E+00   2.3947439778E+00   1.9042631740E-03   2.3695932776E+00   2.4287518202E+00   2.0951073987E-03   2.2241433707E+00   2.3860745212E+00   1.5725671938E-03   3.4300918426E-04
   1  -116   0    0  -1.5825376291E-01   7.9721388782E+00   2.3720037610E-04   2.0436525478E+00   2.3789089331E+00   2.0650980623E-04   2.1244942042E+00   2.3456212748E+00   6.2419642325E-04   2.2376027823E+00   2.3836151661E+00   1.6811864368E-03   2.2624001931E+00   2.3950257513E+00   1.9042284440E-03   2.3699422813E+00   2.4290908162E+00   2.0952257088E-03   2.2246236406E+00   2.3863563706E+00   1.5725385134E-03   3.4303015825E-04
   1  -117   0    0  -1.6819334295E-01   7.9727888279E+00   2.3685354139E-04   2.0433574941E+00   2.3790935315E+00   2.0649423888E-04   2.1241416813E+00   2.3458437663E+00   6.2413862428E-04   2.2375483176E+00   2.3838345289E+00   1.6810307633E-03   2.2628661697E+00   2.3953111783E+00   1.9041932971E-03   2.3702956249E+00   2.4294340282E+00   2.0953452027E-03   2.2251094518E+00   2.3866418746E+00   1.5725094886E-03   3.4305140623E-04
   1  -118   0    0  -1.7813137400E-01   7.9734476405E+00   2.3650367262E-04   2.0430588969E+00   2.3792811067E+00   2.0647854050E-04   2.1237846521E+00   2.3460695665E+00   6.2408033886E-04   2.2374937228E+00   2.3840571735E+00   1.6808737796E-03   2.2633384724E+00   2.3956002409E+00   1.9041577367E-03   2.3706532805E+00   2.4297814290E+00   2.0954658620E-03   2.2256007488E+00   2.3869310155E+00   1.5724801223E-03   3.4307292691E-04
   1  -119   0    0  -1.8806784606E-01   7.9741152832E+00   2.3615083683E-04   2.0427567692E+00   2.3794716629E+00   2.0646271420E-04   2.1234231651E+00   2.3462986722E+00   6.2402157845E-04   2.2374390078E+00   2.3842830973E+00   1.6807155165E-03   2.2638170746E+00   2.3958929188E+00   1.9041217668E-03   2.3710152169E+00   2.4301329884E+00   2.0955876671E-03   2.2260974713E+00   2.3872237728E+00   1.5724504179E-03   3.4309471882E-04
   1  -120   0    0  -1.9800275071E-01   7.9747917166E+00   2.3579510363E-04   2.0424511259E+00   2.3796652022E+00   2.0644676316E-04   2.1230572738E+00   2.3465310782E+00   6.2396235493E-04   2.2373841819E+00   2.3845122956E+00   1.6805560062E-03   2.2643019450E+00   2.3961891889E+00   1.9040853916E-03   2.3713813998E+00   2.4304886730E+00   2.0957105975E-03   2.2265995541E+00   2.3875201234E+00   1.5724203787E-03   3.4311678026E-04
   1  -121   0    0  -2.0793608120E-01   7.9754768946E+00   2.3543654516E-04   2.0421419832E+00   2.3798617248E+00   2.0643069070E-04   2.1226870371E+00   2.3467667764E+00   6.2390268058E-04   2.2373292541E+00   2.3847447611E+00   1.6803952816E-03   2.2647930470E+00   2.3964890254E+00   1.9040486156E-03   2.3717517916E+00   2.4308484464E+00   2.0958346319E-03   2.2271069274E+00   2.3878200415E+00   1.5723900085E-03   3.4313910936E-04
   1  -122   0    0  -2.1786783249E-01   7.9761707645E+00   2.3507523597E-04   2.0418293589E+00   2.3800612285E+00   2.0641450022E-04   2.1223125188E+00   2.3470057568E+00   6.2384256805E-04   2.2372742323E+00   2.3849804844E+00   1.6802333769E-03   2.2652903393E+00   2.3967924000E+00   1.9040114436E-03   2.3721263516E+00   2.4312122691E+00   2.0959597479E-03   2.2276195166E+00   2.3881234989E+00   1.5723593114E-03   3.4316170404E-04
   1  -123   0    0  -2.2779800133E-01   7.9768732668E+00   2.3471125294E-04   2.0415132725E+00   2.3802637090E+00   2.0639819523E-04   2.1219337881E+00   2.3472480066E+00   6.2378203038E-04   2.2372191241E+00   2.3852194534E+00   1.6800703271E-03   2.2657937755E+00   2.3970992816E+00   1.9039738808E-03   2.3725050361E+00   2.4315800984E+00   2.0960859224E-03   2.2281372425E+00   2.3884304644E+00   1.5723282915E-03   3.4318456200E-04
   1  -124   0    0  -2.3772658632E-01   7.9775843353E+00   2.3434467522E-04   2.0411937447E+00   2.3804691600E+00   2.0638177934E-04   2.1215509195E+00   2.3474935108E+00   6.2372108092E-04   2.2371639361E+00   2.3854616538E+00   1.6799061681E-03   2.2663033041E+00   2.3974096364E+00   1.9039359326E-03   2.3728877979E+00   2.4319518887E+00   2.0962131314E-03   2.2286600210E+00   2.3887409042E+00   1.5722969534E-03   3.4320768077E-04
   1  -125   0    0  -2.4765358795E-01   7.9783038969E+00   2.3397558409E-04   2.0408707979E+00   2.3806775726E+00   2.0636525623E-04   2.1211639926E+00   2.3477422518E+00   6.2365973340E-04   2.2371086744E+00   2.3857070688E+00   1.6797409371E-03   2.2668188685E+00   2.3977234281E+00   1.9038976048E-03   2.3732745869E+00   2.4323275912E+00   2.0963413500E-03   2.2291877635E+00   2.3890547820E+00   1.5722653017E-03   3.4323105766E-04
   1  -126   0    0  -2.5757900863E-01   7.9790318716E+00   2.3360406288E-04   2.0405444560E+00   2.3808889358E+00   2.0634862968E-04   2.1207730924E+00   2.3479942094E+00   6.2359800182E-04   2.2370533441E+00   2.3859556788E+00   1.6795746717E-03   2.2673404071E+00   2.3980406176E+00   1.9038589034E-03   2.3736653497E+00   2.4327071541E+00   2.0964705528E-03   2.2297203766E+00   2.3893720587E+00   1.5722333415E-03   3.4325468979E-04
   1  -127   0    0  -2.6750285280E-01   7.9797681725E+00   2.3323019688E-04   2.0402147441E+00   2.3811032362E+00   2.0633190355E-04   2.1203783088E+00   2.3482493609E+00   6.2353590053E-04   2.2369979495E+00   2.3862074620E+00   1.6794074104E-03   2.2678678532E+00   2.3983611630E+00   1.9038198346E-03   2.3740600298E+00   2.4330905226E+00   2.0966007133E-03   2.2302577626E+00   2.3896926924E+00   1.5722010780E-03   3.4327857407E-04
   1  -128   0    0  -2.7742512691E-01   7.9805127061E+00   2.3285407321E-04   2.0398816891E+00   2.3813204583E+00   2.0631508178E-04   2.1199797370E+00   2.3485076812E+00   6.2347344411E-04   2.2369424943E+00   2.3864623941E+00   1.6792391927E-03   2.2684011349E+00   2.3986850201E+00   1.9037804052E-03   2.3744585678E+00   2.4334776388E+00   2.0967318044E-03   2.2307998192E+00   2.3900166389E+00   1.5721685167E-03   3.4330270722E-04
   1  -129   0    0  -2.8734583945E-01   7.9812653718E+00   2.3247578072E-04   2.0395453191E+00   2.3815405838E+00   2.0629816836E-04   2.1195774775E+00   2.3487691425E+00   6.2341064744E-04   2.2368869810E+00   2.3867204480E+00   1.6790700586E-03   2.2689401753E+00   2.3990121419E+00   1.9037406220E-03   2.3748609011E+00   2.4338684421E+00   2.0968637984E-03   2.2313464395E+00   2.3903438511E+00   1.5721356631E-03   3.4332708575E-04
   1  -130   0    0  -2.9726500104E-01   7.9820260622E+00   2.3209540988E-04   2.0392056637E+00   2.3817635925E+00   2.0628116737E-04   2.1191716353E+00   2.3490337145E+00   6.2334752562E-04   2.2368314116E+00   2.3869815942E+00   1.6789000488E-03   2.2694848924E+00   2.3993424786E+00   1.9037004921E-03   2.3752669641E+00   2.4342628686E+00   2.0969966667E-03   2.2318975127E+00   2.3906742794E+00   1.5721025233E-03   3.4335170599E-04
   1  -131   0    0  -3.0718262438E-01   7.9827946634E+00   2.3171305267E-04   2.0388627540E+00   2.3819894614E+00   2.0626408294E-04   2.1187623206E+00   2.3493013644E+00   6.2328409398E-04   2.2367757868E+00   2.3872458008E+00   1.6787292045E-03   2.2700351992E+00   2.3996759782E+00   1.9036600229E-03   2.3756766883E+00   2.4346608519E+00   2.0971303803E-03   2.2324529234E+00   2.3910078716E+00   1.5720691032E-03   3.4337656407E-04
   1  -132   0    0  -3.1709872433E-01   7.9835710545E+00   2.3132880244E-04   2.0385166224E+00   2.3822181654E+00   2.0624691925E-04   2.1183496484E+00   2.3495720567E+00   6.2322036808E-04   2.2367201070E+00   2.3875130331E+00   1.6785575676E-03   2.2705910039E+00   2.4000125859E+00   1.9036192220E-03   2.3760900023E+00   2.4350623225E+00   2.0972649095E-03   2.2330125522E+00   2.3913445729E+00   1.5720354093E-03   3.4340165592E-04
   1  -133   0    0  -3.2701331787E-01   7.9843551080E+00   2.3094275385E-04   2.0381673027E+00   2.3824496769E+00   2.0622968053E-04   2.1179337383E+00   2.3498457536E+00   6.2315636362E-04   2.2366643711E+00   2.3877832540E+00   1.6783851804E-03   2.2711522096E+00   2.4003522446E+00   1.9035780975E-03   2.3765068318E+00   2.4354672085E+00   2.0974002240E-03   2.2335762758E+00   2.3916843261E+00   1.5720014481E-03   3.4342697729E-04
   1  -134   0    0  -3.3692642415E-01   7.9851466899E+00   2.3055500269E-04   2.0378148301E+00   2.3826839658E+00   2.0621237107E-04   2.1175147142E+00   2.3501224144E+00   6.2309209651E-04   2.2366085777E+00   2.3880564240E+00   1.6782120859E-03   2.2717187146E+00   2.4006948944E+00   1.9035366573E-03   2.3769270999E+00   2.4358754348E+00   2.0975362931E-03   2.2341439669E+00   2.3920270716E+00   1.5719672262E-03   3.4345252375E-04
   1  -135   0    0  -3.4683806445E-01   7.9859456598E+00   2.3016564583E-04   2.0374592414E+00   2.3829209998E+00   2.0619499519E-04   2.1170927047E+00   2.3504019964E+00   6.2302758278E-04   2.2365527240E+00   2.3883325009E+00   1.6780383271E-03   2.2722904124E+00   2.4010404734E+00   1.9034949100E-03   2.3773507267E+00   2.4362869240E+00   2.0976730854E-03   2.2347154945E+00   2.3923727472E+00   1.5719327507E-03   3.4347829069E-04
   1  -136   0    0  -3.5674826220E-01   7.9867518708E+00   2.2977478105E-04   2.0371005746E+00   2.3831607441E+00   2.0617755724E-04   2.1166678424E+00   2.3506844540E+00   6.2296283860E-04   2.2364968070E+00   2.3886114402E+00   1.6778639476E-03   2.2728671920E+00   2.4013889171E+00   1.9034528640E-03   2.3777776299E+00   2.4367015960E+00   2.0978105694E-03   2.2352907239E+00   2.3927212885E+00   1.5718980285E-03   3.4350427330E-04
   1  -137   0    0  -3.6665704297E-01   7.9875651698E+00   2.2938250696E-04   2.0367388691E+00   2.3834031616E+00   2.0616006160E-04   2.1162402638E+00   2.3509697394E+00   6.2289788025E-04   2.2364408223E+00   2.3888931949E+00   1.6776889913E-03   2.2734489377E+00   2.4017401586E+00   1.9034105281E-03   2.3782077244E+00   2.4371193684E+00   2.0979487127E-03   2.2358695172E+00   2.3930726286E+00   1.5718630670E-03   3.4353046662E-04
   1  -138   0    0  -3.7656443443E-01   7.9883853975E+00   2.2898892290E-04   2.0363741658E+00   2.3836482129E+00   2.0614251270E-04   2.1158101092E+00   2.3512578023E+00   6.2283272412E-04   2.2363847650E+00   2.3891777156E+00   1.6775135023E-03   2.2740355292E+00   2.4020941290E+00   1.9033679114E-03   2.3786409226E+00   2.4375401559E+00   2.0980874828E-03   2.2364517329E+00   2.3934266985E+00   1.5718278735E-03   3.4355686550E-04
   1  -139   0    0  -3.8647046633E-01   7.9892123887E+00   2.2859412881E-04   2.0360065071E+00   2.3838958562E+00   2.0612491495E-04   2.1153775228E+00   2.3515485899E+00   6.2276738664E-04   2.2363286294E+00   2.3894649505E+00   1.6773375249E-03   2.2746268421E+00   2.4024507570E+00   1.9033250231E-03   2.3790771348E+00   2.4379638713E+00   2.0982268468E-03   2.2370372264E+00   2.3937834269E+00   1.5717924557E-03   3.4358346465E-04
   1  -140   0    0  -3.9637517050E-01   7.9900459722E+00   2.2819822512E-04   2.0356359367E+00   2.3841460474E+00   2.0610727281E-04   2.1149426517E+00   2.3518420474E+00   6.2270188434E-04   2.2362724093E+00   2.3897548454E+00   1.6771611035E-03   2.2752227474E+00   2.4028099692E+00   1.9032818724E-03   2.3795162685E+00   2.4383904249E+00   2.0983667715E-03   2.2376258502E+00   2.3941427404E+00   1.5717568213E-03   3.4361025858E-04
   1  -141   0    0  -4.0627858076E-01   7.9908859713E+00   2.2780131269E-04   2.0352624997E+00   2.3843987403E+00   2.0608959073E-04   2.1145056464E+00   2.3521381173E+00   6.2263623376E-04   2.2362160974E+00   2.3900473439E+00   1.6769842828E-03   2.2758231124E+00   2.4031716901E+00   1.9032384691E-03   2.3799582292E+00   2.4388197248E+00   2.0985072234E-03   2.2382174540E+00   2.3945045634E+00   1.5717209782E-03   3.4363724167E-04
   1  -142   0    0  -4.1618073293E-01   7.9917322034E+00   2.2740349266E-04   2.0348862430E+00   2.3846538864E+00   2.0607187319E-04   2.1140666603E+00   2.3524367401E+00   6.2257045149E-04   2.2361596861E+00   2.3903423874E+00   1.6768071074E-03   2.2764278001E+00   2.4035358421E+00   1.9031948228E-03   2.3804029201E+00   2.4392516769E+00   2.0986481686E-03   2.2388118846E+00   2.3948688186E+00   1.5716849345E-03   3.4366440815E-04
   1  -143   0    0  -4.2608166476E-01   7.9925844809E+00   2.2700486639E-04   2.0345072147E+00   2.3849114349E+00   2.0605412464E-04   2.1136258491E+00   2.3527378541E+00   6.2250455412E-04   2.2361031672E+00   2.3906399151E+00   1.6766296220E-03   2.2770366697E+00   2.4039023460E+00   1.9031509434E-03   2.3808502423E+00   2.4396861852E+00   2.0987895731E-03   2.2394089865E+00   2.3952354264E+00   1.5716486983E-03   3.4369175208E-04
   1  -144   0    0  -4.3598141585E-01   7.9934426107E+00   2.2660553537E-04   2.0341254644E+00   2.3851713331E+00   2.0603634956E-04   2.1131833712E+00   2.3530413954E+00   6.2243855824E-04   2.2360465319E+00   2.3909398639E+00   1.6764518712E-03   2.2776495768E+00   2.4042711202E+00   1.9031068409E-03   2.3813000948E+00   2.4401231516E+00   2.0989314027E-03   2.2400086019E+00   2.3956043053E+00   1.5716122779E-03   3.4371926741E-04
   1  -145   0    0  -4.4588002765E-01   7.9943063948E+00   2.2620560110E-04   2.0337410436E+00   2.3854335260E+00   2.0601855241E-04   2.1127393869E+00   2.3533472979E+00   6.2237248043E-04   2.2359897709E+00   2.3912421687E+00   1.6762738998E-03   2.2782663734E+00   2.4046420817E+00   1.9030625256E-03   2.3817523750E+00   2.4405624762E+00   2.0990736229E-03   2.2406105709E+00   2.3959753724E+00   1.5715756816E-03   3.4374694792E-04
   1  -146   0    0  -4.5577754336E-01   7.9951756303E+00   2.2580516504E-04   2.0333540050E+00   2.3856979568E+00   2.0600073765E-04   2.1122940584E+00   2.3536554937E+00   6.2230633723E-04   2.2359328748E+00   2.3915467625E+00   1.6760957523E-03   2.2788869080E+00   2.4050151456E+00   1.9030180078E-03   2.3822069779E+00   2.4410040573E+00   2.0992161993E-03   2.2412147314E+00   2.3963485425E+00   1.5715389182E-03   3.4377478728E-04
   1  -147   0    0  -4.6567400787E-01   7.9960501098E+00   2.2540432853E-04   2.0329644032E+00   2.3859645664E+00   2.0598290973E-04   2.1118475493E+00   2.3539659128E+00   6.2224014514E-04   2.2358758336E+00   2.3918535761E+00   1.6759174730E-03   2.2795110259E+00   2.4053902252E+00   1.9029732978E-03   2.3826637972E+00   2.4414477914E+00   2.0993590971E-03   2.2418209199E+00   2.3967237292E+00   1.5715019961E-03   3.4380277902E-04
   1  -148   0    0  -4.7556946766E-01   7.9969296211E+00   2.2500319269E-04   2.0325722942E+00   2.3862332942E+00   2.0596507307E-04   2.1114000247E+00   2.3542784833E+00   6.2217392061E-04   2.2358186370E+00   2.3921625386E+00   1.6757391065E-03   2.2801385695E+00   2.4057672325E+00   1.9029284063E-03   2.3831227247E+00   2.4418935734E+00   2.0995022815E-03   2.2424289709E+00   2.3971008443E+00   1.5714649240E-03   3.4383091657E-04
   1  -149   0    0  -4.8546397080E-01   7.9978139481E+00   2.2460185835E-04   2.0321777358E+00   2.3865040773E+00   2.0594723208E-04   2.1109516504E+00   2.3545931314E+00   6.2210768004E-04   2.2357612748E+00   2.3924735770E+00   1.6755606967E-03   2.2807693780E+00   2.4061460777E+00   1.9028833440E-03   2.3835836507E+00   2.4423412968E+00   2.0996457177E-03   2.2430387179E+00   2.3974797979E+00   1.5714277110E-03   3.4385919322E-04
   1  -150   0    0  -4.9535756679E-01   7.9987028705E+00   2.2420042601E-04   2.0317807876E+00   2.3867768512E+00   2.0592939117E-04   2.1105025929E+00   2.3549097817E+00   6.2204143972E-04   2.2357037364E+00   2.3927866169E+00   1.6753822876E-03   2.2814032881E+00   2.4065266697E+00   1.9028381216E-03   2.3840464640E+00   2.4427908534E+00   2.0997893708E-03   2.2436499929E+00   2.3978604991E+00   1.5713903657E-03   3.4388760216E-04
   1  -151   0    0  -5.0525030653E-01   7.9995961640E+00   2.2379899575E-04   2.0313815108E+00   2.3870515497E+00   2.0591155469E-04   2.1100530193E+00   2.3552283570E+00   6.2197521588E-04   2.2356460113E+00   2.3931015818E+00   1.6752039228E-03   2.2820401337E+00   2.4069089160E+00   1.9027927501E-03   2.3845110519E+00   2.4432421338E+00   2.0999332058E-03   2.2442626269E+00   2.3982428552E+00   1.5713528973E-03   3.4391613648E-04
   1  -152   0    0  -5.1514224220E-01   8.0004936010E+00   2.2339766718E-04   2.0309799684E+00   2.3873281049E+00   2.0589372700E-04   2.1096030965E+00   2.3555487784E+00   6.2190902465E-04   2.2355880892E+00   2.3934183939E+00   1.6750256460E-03   2.2826797467E+00   2.4072927228E+00   1.9027472405E-03   2.3849773005E+00   2.4436950274E+00   2.1000771878E-03   2.2448764502E+00   2.3986267724E+00   1.5713153147E-03   3.4394478918E-04
   1  -153   0    0  -5.2503342719E-01   8.0013949503E+00   2.2299653937E-04   2.0305762252E+00   2.3876064472E+00   2.0587591240E-04   2.1091529915E+00   2.3558709655E+00   6.2184288206E-04   2.2355299595E+00   2.3937369736E+00   1.6748475001E-03   2.2833219563E+00   2.4076779951E+00   1.9027016037E-03   2.3854450946E+00   2.4441494223E+00   2.1002212819E-03   2.2454912922E+00   2.3990121558E+00   1.5712776273E-03   3.4397355314E-04
   1  -154   0    0  -5.3492391603E-01   8.0022999775E+00   2.2259571082E-04   2.0301703480E+00   2.3878865054E+00   2.0585811520E-04   2.1087028706E+00   2.3561948365E+00   6.2177680402E-04   2.2354716122E+00   2.3940572400E+00   1.6746695280E-03   2.2839665899E+00   2.4080646368E+00   1.9026558510E-03   2.3859143180E+00   2.4446052054E+00   2.1003654532E-03   2.2461069821E+00   2.3993989091E+00   1.5712398440E-03   3.4400242119E-04
   1  -155   0    0  -5.4481376423E-01   8.0032084452E+00   2.2219527936E-04   2.0297624051E+00   2.3881682070E+00   2.0584033963E-04   2.1082528996E+00   2.3565203082E+00   6.2171080633E-04   2.2354130372E+00   2.3943791105E+00   1.6744917724E-03   2.2846134731E+00   2.4084525508E+00   1.9026099935E-03   2.3863848533E+00   2.4450622627E+00   2.1005096668E-03   2.2467233484E+00   2.3997869352E+00   1.5712019743E-03   3.4403138605E-04
   1  -156   0    0  -5.5470302827E-01   8.0041201133E+00   2.2179534215E-04   2.0293524672E+00   2.3884514781E+00   2.0582258992E-04   2.1078032430E+00   2.3568472958E+00   6.2164490465E-04   2.2353542249E+00   2.3947025016E+00   1.6743142754E-03   2.2852624298E+00   2.4088416388E+00   1.9025640427E-03   2.3868565822E+00   2.4455204794E+00   2.1006538879E-03   2.2473402197E+00   2.4001761359E+00   1.5711640275E-03   3.4406044039E-04
   1  -157   0    0  -5.6459176543E-01   8.0050347393E+00   2.2139599560E-04   2.0289406064E+00   2.3887362433E+00   2.0580487025E-04   2.1073540642E+00   2.3571757136E+00   6.2157911451E-04   2.2352951663E+00   2.3950273282E+00   1.6741370787E-03   2.2859132823E+00   2.4092318018E+00   1.9025180097E-03   2.3873293856E+00   2.4459797397E+00   2.1007980818E-03   2.2479574246E+00   2.4005664121E+00   1.5711260128E-03   3.4408957679E-04
   1  -158   0    0  -5.7448003375E-01   8.0059520782E+00   2.2099733534E-04   2.0285268971E+00   2.3890224260E+00   2.0578718478E-04   2.1069055251E+00   2.3575054746E+00   6.2151345131E-04   2.2352358524E+00   2.3953535040E+00   1.6739602240E-03   2.2865658515E+00   2.4096229400E+00   1.9024719061E-03   2.3878031437E+00   2.4464399270E+00   2.1009422140E-03   2.2485747918E+00   2.4009576639E+00   1.5710879398E-03   3.4411878778E-04
   1  -159   0    0  -5.8436789187E-01   8.0068718830E+00   2.2059945616E-04   2.0281114155E+00   2.3893099486E+00   2.0576953760E-04   2.1064577857E+00   2.3578364906E+00   6.2144793029E-04   2.2351762751E+00   2.3956809420E+00   1.6737837523E-03   2.2872199575E+00   2.4100149529E+00   1.9024257433E-03   2.3882777358E+00   2.4469009244E+00   2.1010862500E-03   2.2491921504E+00   2.4013497908E+00   1.5710498179E-03   3.4414806584E-04
   1  -160   0    0  -5.9425539900E-01   8.0077939049E+00   2.2020245198E-04   2.0276942397E+00   2.3895987321E+00   2.0575193277E-04   2.1060110042E+00   2.3581686725E+00   6.2138256655E-04   2.2351164268E+00   2.3960095536E+00   1.6736077041E-03   2.2878754190E+00   2.4104077391E+00   1.9023795327E-03   2.3887530408E+00   2.4473626140E+00   2.1012301554E-03   2.2498093301E+00   2.4017426915E+00   1.5710116565E-03   3.4417740338E-04
   1  -161   0    0  -6.0414261477E-01   8.0087178935E+00   2.1980641580E-04   2.0272754498E+00   2.3898886967E+00   2.0573437433E-04   2.1055653362E+00   2.3585019303E+00   6.2131737500E-04   2.2350563005E+00   2.3963392499E+00   1.6734321197E-03   2.2885320544E+00   2.4108011970E+00   1.9023332859E-03   2.3892289372E+00   2.4478248778E+00   2.1013738961E-03   2.2504261612E+00   2.4021362642E+00   1.5709734653E-03   3.4420679280E-04
   1  -162   0    0  -6.1402959912E-01   8.0096435970E+00   2.1941143966E-04   2.0268551280E+00   2.3901797615E+00   2.0571686625E-04   2.1051209351E+00   2.3588361731E+00   6.2125237043E-04   2.2349958898E+00   2.3966699405E+00   1.6732570389E-03   2.2891896810E+00   2.4111952243E+00   1.9022870144E-03   2.3897053029E+00   2.4482875972E+00   2.1015174380E-03   2.2510424749E+00   2.4025304066E+00   1.5709352536E-03   3.4423622642E-04
   1  -163   0    0  -6.2391641226E-01   8.0105707624E+00   2.1901761460E-04   2.0264333581E+00   2.3904718449E+00   2.0569941245E-04   2.1046779515E+00   2.3591713092E+00   6.2118756741E-04   2.2349351894E+00   2.3970015348E+00   1.6730825009E-03   2.2898481162E+00   2.4115897184E+00   1.9022407298E-03   2.3901820156E+00   2.4487506533E+00   2.1016607473E-03   2.2516581032E+00   2.4029250162E+00   1.5708970312E-03   3.4426569657E-04
   1  -164   0    0  -6.3380311450E-01   8.0114991359E+00   2.1862503060E-04   2.0260102263E+00   2.3907648644E+00   2.0568201682E-04   2.1042365333E+00   2.3595072463E+00   6.2112298036E-04   2.2348741945E+00   2.3973339412E+00   1.6729085447E-03   2.2905071766E+00   2.4119845763E+00   1.9021944437E-03   2.3906589528E+00   2.4492139273E+00   2.1018037904E-03   2.2522728796E+00   2.4033199898E+00   1.5708588075E-03   3.4429519553E-04
   1  -165   0    0  -6.4368976619E-01   8.0124284630E+00   2.1823377658E-04   2.0255858202E+00   2.3910587368E+00   2.0566468319E-04   2.1037968250E+00   2.3598438915E+00   6.2105862352E-04   2.2348129013E+00   2.3976670676E+00   1.6727352085E-03   2.2911666792E+00   2.4123796949E+00   1.9021481677E-03   2.3911359920E+00   2.4496772999E+00   2.1019465339E-03   2.2528866385E+00   2.4037152244E+00   1.5708205921E-03   3.4432471557E-04
   1  -166   0    0  -6.5357642761E-01   8.0133584885E+00   2.1784394033E-04   2.0251602298E+00   2.3913533783E+00   2.0564741535E-04   2.1033589682E+00   2.3601811515E+00   6.2099451093E-04   2.2347513067E+00   2.3980008213E+00   1.6725625301E-03   2.2918264408E+00   2.4127749709E+00   1.9021019134E-03   2.3916130105E+00   2.4501406520E+00   2.1020889446E-03   2.2534992160E+00   2.4041106165E+00   1.5707823946E-03   3.4435424895E-04
   1  -167   0    0  -6.6346315888E-01   8.0142889575E+00   2.1745560845E-04   2.0247335465E+00   2.3916487046E+00   2.0563021702E-04   2.1029231010E+00   2.3605189323E+00   6.2093065642E-04   2.2346894089E+00   2.3983351093E+00   1.6723905468E-03   2.2924862786E+00   2.4131703009E+00   1.9020556922E-03   2.3920898859E+00   2.4506038648E+00   2.1022309896E-03   2.2541104498E+00   2.4045060629E+00   1.5707442246E-03   3.4438378793E-04
   1  -168   0    0  -6.7335001984E-01   8.0152196146E+00   2.1706886635E-04   2.0243058638E+00   2.3919446307E+00   2.0561309188E-04   2.1024893578E+00   2.3608571399E+00   6.2086707365E-04   2.2346272066E+00   2.3986698382E+00   1.6722192955E-03   2.2931460103E+00   2.4135655816E+00   1.9020095159E-03   2.3925664958E+00   2.4510668192E+00   2.1023726362E-03   2.2547201790E+00   2.4049014602E+00   1.5707060915E-03   3.4441332475E-04
   1  -169   0    0  -6.8323706997E-01   8.0161502050E+00   2.1668379819E-04   2.0238772769E+00   2.3922410717E+00   2.0559604354E-04   2.1020578694E+00   2.3611956797E+00   6.2080377604E-04   2.2345646998E+00   2.3990049143E+00   1.6720488121E-03   2.2938054540E+00   2.4139607099E+00   1.9019633960E-03   2.3930427182E+00   2.4515293969E+00   2.1025138522E-03   2.2553282450E+00   2.4052967051E+00   1.5706680050E-03   3.4444285168E-04
   1  -170   0    0  -6.9312436829E-01   8.0170804742E+00   2.1630048683E-04   2.0234478826E+00   2.3925379418E+00   2.0557907557E-04   2.1016287630E+00   2.3615344574E+00   6.2074077682E-04   2.2345018894E+00   2.3993402438E+00   1.6718791325E-03   2.2944644288E+00   2.4143555828E+00   1.9019173439E-03   2.3935184316E+00   2.4519914796E+00   2.1026546054E-03   2.2559344907E+00   2.4056916947E+00   1.5706299746E-03   3.4447236099E-04
   1  -171   0    0  -7.0301197327E-01   8.0180101686E+00   2.1591901380E-04   2.0230177795E+00   2.3928351556E+00   2.0556219147E-04   2.1012021616E+00   2.3618733782E+00   6.2067808900E-04   2.2344387773E+00   2.3996757329E+00   1.6717102915E-03   2.2951227547E+00   2.4147500976E+00   1.9018713711E-03   2.3939935146E+00   2.4524529496E+00   2.1027948642E-03   2.2565387615E+00   2.4060863263E+00   1.5705920096E-03   3.4450184499E-04
   1  -172   0    0  -7.1289994274E-01   8.0189390354E+00   2.1553945923E-04   2.0225870675E+00   2.3931326271E+00   2.0554539468E-04   2.1007781843E+00   2.3622123476E+00   6.2061572533E-04   2.2343753665E+00   2.4000112875E+00   1.6715423236E-03   2.2957802527E+00   2.4151441520E+00   1.9018254891E-03   2.3944678469E+00   2.4529136898E+00   2.1029345972E-03   2.2571409049E+00   2.4064804975E+00   1.5705541196E-03   3.4453129600E-04
   1  -173   0    0  -7.2278833378E-01   8.0198668231E+00   2.1516190185E-04   2.0221558483E+00   2.3934302704E+00   2.0552868857E-04   2.1003569460E+00   2.3625512710E+00   6.2055369836E-04   2.2343116610E+00   2.4003468141E+00   1.6713752626E-03   2.2964367451E+00   2.4155376442E+00   1.9017797092E-03   2.3949413085E+00   2.4533735837E+00   2.1030737733E-03   2.2577407705E+00   2.4068741065E+00   1.5705163139E-03   3.4456070637E-04
   1  -174   0    0  -7.3267720267E-01   8.0207932814E+00   2.1478641890E-04   2.0217242248E+00   2.3937279998E+00   2.0551207646E-04   2.0999385577E+00   2.3628900543E+00   6.2049202040E-04   2.2342476656E+00   2.4006822189E+00   1.6712091416E-03   2.2970920557E+00   2.4159304730E+00   1.9017340427E-03   2.3954137803E+00   2.4538325158E+00   2.1032123621E-03   2.2583382107E+00   2.4072670521E+00   1.5704786018E-03   3.4459006851E-04
   1  -175   0    0  -7.4256660475E-01   8.0217181619E+00   2.1441308612E-04   2.0212923012E+00   2.3940257296E+00   2.0549556160E-04   2.0995231260E+00   2.3632286034E+00   6.2043070349E-04   2.2341833866E+00   2.4010174087E+00   1.6710439930E-03   2.2977460098E+00   2.4163225378E+00   1.9016885008E-03   2.3958851441E+00   2.4542903710E+00   2.1033503332E-03   2.2589330803E+00   2.4076592335E+00   1.5704409927E-03   3.4461937487E-04
   1  -176   0    0  -7.5245659441E-01   8.0226412179E+00   2.1404197768E-04   2.0208601831E+00   2.3943233742E+00   2.0547914716E-04   2.0991107530E+00   2.3635668248E+00   6.2036975943E-04   2.2341188308E+00   2.4013522904E+00   1.6708798486E-03   2.2983984345E+00   2.4167137386E+00   1.9016430946E-03   2.3963552827E+00   2.4547470356E+00   2.1034876570E-03   2.2595252368E+00   2.4080505509E+00   1.5704034957E-03   3.4464861794E-04
   1  -177   0    0  -7.6234722494E-01   8.0235622049E+00   2.1367316613E-04   2.0204279770E+00   2.3946208484E+00   2.0546283625E-04   2.0987015368E+00   2.3639046252E+00   6.2030919976E-04   2.2340540064E+00   2.4016867717E+00   1.6707167395E-03   2.2990491587E+00   2.4171039766E+00   1.9015978353E-03   2.3968240799E+00   2.4552023968E+00   2.1036243040E-03   2.2601145405E+00   2.4084409053E+00   1.5703661199E-03   3.4467779028E-04
   1  -178   0    0  -7.7223854849E-01   8.0244808806E+00   2.1330672241E-04   2.0199957905E+00   2.3949180675E+00   2.0544663190E-04   2.0982955710E+00   2.3642419120E+00   6.2024903576E-04   2.2339889224E+00   2.4020207605E+00   1.6705546961E-03   2.2996980133E+00   2.4174931535E+00   1.9015527337E-03   2.3972914209E+00   2.4556563428E+00   2.1037602456E-03   2.2607008545E+00   2.4088301984E+00   1.5703288743E-03   3.4470688453E-04
   1  -179   0    0  -7.8213061598E-01   8.0253970053E+00   2.1294271573E-04   2.0195637319E+00   2.3952149471E+00   2.0543053709E-04   2.0978929449E+00   2.3645785934E+00   6.2018927841E-04   2.2339235889E+00   2.4023541655E+00   1.6703937480E-03   2.3003448315E+00   2.4178811721E+00   1.9015078006E-03   2.3977571919E+00   2.4561087633E+00   2.1038954532E-03   2.2612840449E+00   2.4092183331E+00   1.5702917680E-03   3.4473589339E-04
   1  -180   0    0  -7.9202347707E-01   8.0263103420E+00   2.1258121356E-04   2.0191319104E+00   2.3955114032E+00   2.0541455469E-04   2.0974937434E+00   2.3649145781E+00   6.2012993844E-04   2.2338580167E+00   2.4026868961E+00   1.6702339240E-03   2.3009894487E+00   2.4182679365E+00   1.9014630468E-03   2.3982212807E+00   2.4565595492E+00   2.1040298992E-03   2.2618639809E+00   2.4096052134E+00   1.5702548097E-03   3.4476480964E-04
   1  -181   0    0  -8.0191718001E-01   8.0272206568E+00   2.1222228160E-04   2.0187004358E+00   2.3958073528E+00   2.0539868751E-04   2.0970980470E+00   2.3652497757E+00   6.2007102628E-04   2.2337922177E+00   2.4030188625E+00   1.6700752523E-03   2.3016317027E+00   2.4186533518E+00   1.9014184829E-03   2.3986835764E+00   2.4570085929E+00   2.1041635561E-03   2.2624405349E+00   2.4099907442E+00   1.5702180081E-03   3.4479362614E-04
   1  -182   0    0  -8.1181177167E-01   8.0281277187E+00   2.1186598372E-04   2.0182694184E+00   2.3961027132E+00   2.0538293828E-04   2.0967059319E+00   2.3655840967E+00   6.2001255205E-04   2.2337262047E+00   2.4033499756E+00   1.6699177601E-03   2.3022714340E+00   2.4190373243E+00   1.9013741191E-03   2.3991439699E+00   2.4574557882E+00   2.1042963973E-03   2.2630135824E+00   2.4103748319E+00   1.5701813719E-03   3.4482233586E-04
   1  -183   0    0  -8.2170729741E-01   8.0290313002E+00   2.1151238190E-04   2.0178389688E+00   2.3963974028E+00   2.0536730966E-04   2.0963174700E+00   2.3659174526E+00   6.1995452560E-04   2.2336599912E+00   2.4036801477E+00   1.6697614739E-03   2.3029084857E+00   2.4194197617E+00   1.9013299659E-03   2.3996023534E+00   2.4579010306E+00   2.1044283966E-03   2.2635830023E+00   2.4107573842E+00   1.5701449096E-03   3.4485093186E-04
   1  -184   0    0  -8.3160380106E-01   8.0299311775E+00   2.1116153623E-04   2.0174091977E+00   2.3966913407E+00   2.0535180420E-04   2.0959327288E+00   2.3662497558E+00   6.1989695645E-04   2.2335935917E+00   2.4040092916E+00   1.6696064193E-03   2.3035427037E+00   2.4198005730E+00   1.9012860333E-03   2.4000586213E+00   2.4583442174E+00   2.1045595284E-03   2.2641486767E+00   2.4111383101E+00   1.5701086294E-03   3.4487940730E-04
   1  -185   0    0  -8.4150132485E-01   8.0308271304E+00   2.1081350484E-04   2.0169802160E+00   2.3969844468E+00   2.0533642439E-04   2.0955517716E+00   2.3665809201E+00   6.1983985380E-04   2.2335270212E+00   2.4043373216E+00   1.6694526213E-03   2.3041739370E+00   2.4201796690E+00   1.9012423313E-03   2.4005126695E+00   2.4587852475E+00   2.1046897679E-03   2.2647104914E+00   2.4115175202E+00   1.5700725397E-03   3.4490775545E-04
   1  -186   0    0  -8.5139990938E-01   8.0317189426E+00   2.1046834387E-04   2.0165521345E+00   2.3972766424E+00   2.0532117263E-04   2.0951746576E+00   2.3669108604E+00   6.1978322656E-04   2.2334602957E+00   2.4046641532E+00   1.6693001037E-03   2.3048020374E+00   2.4205569616E+00   1.9011988695E-03   2.4009643961E+00   2.4592240219E+00   2.1048190907E-03   2.2652683356E+00   2.4118949265E+00   1.5700366484E-03   3.4493596971E-04
   1  -187   0    0  -8.6129959355E-01   8.0326064020E+00   2.1012610744E-04   2.0161250638E+00   2.3975678494E+00   2.0530605122E-04   2.0948014416E+00   2.3672394929E+00   6.1972708330E-04   2.2333934317E+00   2.4049897030E+00   1.6691488896E-03   2.3054268602E+00   2.4209323647E+00   1.9011556577E-03   2.4014137009E+00   2.4596604435E+00   2.1049474732E-03   2.2658221020E+00   2.4122704429E+00   1.5700009634E-03   3.4496404359E-04
   1  -188   0    0  -8.7120041455E-01   8.0334893008E+00   2.0978684760E-04   2.0156991140E+00   2.3978579912E+00   2.0529106238E-04   2.0944321746E+00   2.3675667351E+00   6.1967143226E-04   2.2333264464E+00   2.4053138890E+00   1.6689990012E-03   2.3060482636E+00   2.4213057938E+00   1.9011127051E-03   2.4018604861E+00   2.4600944170E+00   2.1050748925E-03   2.2663716869E+00   2.4126439848E+00   1.5699654925E-03   3.4499197073E-04
   1  -189   0    0  -8.8110240778E-01   8.0343674357E+00   2.0945061432E-04   2.0152743949E+00   2.3981469922E+00   2.0527620824E-04   2.0940669032E+00   2.3678925061E+00   6.1961628133E-04   2.2332593575E+00   2.4056366307E+00   1.6688504599E-03   2.3066661095E+00   2.4216771662E+00   1.9010700208E-03   2.4023046560E+00   2.4605258496E+00   2.1052013264E-03   2.2669169905E+00   2.4130154695E+00   1.5699302433E-03   3.4501974490E-04
   1  -190   0    0  -8.9100560689E-01   8.0352406081E+00   2.0911745544E-04   2.0148510153E+00   2.3984347784E+00   2.0526149083E-04   2.0937056705E+00   2.3682167265E+00   6.1956163809E-04   2.2331921834E+00   2.4059578492E+00   1.6687032859E-03   2.3072802630E+00   2.4220464009E+00   1.9010276139E-03   2.4027461170E+00   2.4609546505E+00   2.1053267532E-03   2.2674579165E+00   2.4133848159E+00   1.5698952231E-03   3.4504736001E-04
   1  -191   0    0  -9.0091004368E-01   8.0361086238E+00   2.0878741666E-04   2.0144290834E+00   2.3987212768E+00   2.0524691212E-04   2.0933485153E+00   2.3685393183E+00   6.1950750976E-04   2.2331249428E+00   2.4062774669E+00   1.6685574987E-03   2.3078905929E+00   2.4224134189E+00   1.9009854931E-03   2.4031847781E+00   2.4613807311E+00   2.1054511523E-03   2.2679943723E+00   2.4137519452E+00   1.5698604391E-03   3.4507481012E-04
   1  -192   0    0  -9.1081574810E-01   8.0369712941E+00   2.0846054151E-04   2.0140087065E+00   2.3990064159E+00   2.0523247393E-04   2.0929954728E+00   2.3688602054E+00   6.1945390322E-04   2.2330576549E+00   2.4065954081E+00   1.6684131169E-03   2.3084969716E+00   2.4227781434E+00   1.9009436667E-03   2.4036205506E+00   2.4618040053E+00   2.1055745035E-03   2.2685262694E+00   2.4141167802E+00   1.5698258983E-03   3.4510208944E-04
   1  -193   0    0  -9.2072274827E-01   8.0378284349E+00   2.0813687132E-04   2.0135899906E+00   2.3992901259E+00   2.0521817804E-04   2.0926465746E+00   2.3691793132E+00   6.1940082498E-04   2.2329903394E+00   2.4069115986E+00   1.6682701581E-03   2.3090992753E+00   2.4231404992E+00   1.9009021431E-03   2.4040533481E+00   2.4622243893E+00   2.1056967876E-03   2.2690535227E+00   2.4144792460E+00   1.5697916076E-03   3.4512919231E-04
   1  -194   0    0  -9.3063107042E-01   8.0386798676E+00   2.0781644522E-04   2.0131730406E+00   2.3995723383E+00   2.0520402611E-04   2.0923018482E+00   2.3694965691E+00   6.1934828123E-04   2.2329230161E+00   2.4072259661E+00   1.6681286388E-03   2.3096973839E+00   2.4235004136E+00   1.9008609303E-03   2.4044830870E+00   2.4626418018E+00   2.1058179862E-03   2.2695760512E+00   2.4148392697E+00   1.5697575734E-03   3.4515611325E-04
   1  -195   0    0  -9.4054073890E-01   8.0395254187E+00   2.0749930011E-04   2.0127579600E+00   2.3998529862E+00   2.0519001969E-04   2.0919613182E+00   2.3698119022E+00   6.1929627777E-04   2.2328557052E+00   2.4075384399E+00   1.6679885747E-03   2.3102911811E+00   2.4238578157E+00   1.9008200359E-03   2.4049096861E+00   2.4630561640E+00   2.1059380813E-03   2.2700937777E+00   2.4151967805E+00   1.5697238022E-03   3.4518284692E-04
   1  -196   0    0  -9.5045177617E-01   8.0403649202E+00   2.0718547066E-04   2.0123448506E+00   2.4001320046E+00   2.0517616027E-04   2.0916250053E+00   2.3701252435E+00   6.1924482007E-04   2.2327884272E+00   2.4078489515E+00   1.6678499805E-03   2.3108805547E+00   2.4242126370E+00   1.9007794674E-03   2.4053330670E+00   2.4634673996E+00   2.1060570563E-03   2.2706066289E+00   2.4155517097E+00   1.5696903002E-03   3.4520938816E-04
   1  -197   0    0  -9.6036420280E-01   8.0411982098E+00   2.0687498930E-04   2.0119338128E+00   2.4004093297E+00   2.0516244922E-04   2.0912929269E+00   2.3704365259E+00   6.1919391322E-04   2.2327212026E+00   2.4081574341E+00   1.6677128700E-03   2.3114653964E+00   2.4245648112E+00   1.9007392321E-03   2.4057531538E+00   2.4638754352E+00   2.1061748949E-03   2.2711145352E+00   2.4159039911E+00   1.5696570733E-03   3.4523573197E-04
   1  -198   0    0  -9.7027803750E-01   8.0420251306E+00   2.0656788619E-04   2.0115249450E+00   2.4006849001E+00   2.0514888780E-04   2.0909650973E+00   2.3707456843E+00   6.1914356197E-04   2.2326540522E+00   2.4084638229E+00   1.6675772559E-03   2.3120456017E+00   2.4249142741E+00   1.9006993368E-03   2.4061698735E+00   2.4642801996E+00   2.1062915818E-03   2.2716174311E+00   2.4162535605E+00   1.5696241272E-03   3.4526187352E-04
   1  -199   0    0  -9.8019329708E-01   8.0428455315E+00   2.0626418927E-04   2.0111183440E+00   2.4009586555E+00   2.0513547721E-04   2.0906415276E+00   2.3710526558E+00   6.1909377071E-04   2.2325869968E+00   2.4087680550E+00   1.6674431500E-03   2.3126210705E+00   2.4252609640E+00   1.9006597882E-03   2.4065831558E+00   2.4646816248E+00   2.1064071026E-03   2.2721152548E+00   2.4166003561E+00   1.5695914675E-03   3.4528780817E-04
   1  -200   0    0  -9.9010999651E-01   8.0436592672E+00   2.0596392422E-04   2.0107141042E+00   2.4012305379E+00   2.0512221853E-04   2.0903222257E+00   2.3713573792E+00   6.1904454344E-04   2.2325200572E+00   2.4090700698E+00   1.6673105632E-03   2.3131917067E+00   2.4256048215E+00   1.9006205928E-03   2.4069929334E+00   2.4650796451E+00   2.1065214437E-03   2.2726079485E+00   2.4169443185E+00   1.5695590993E-03   3.4531353141E-04
   1  -201  -4    5  -9.9999999793E-01   8.0444639178E+00   2.0566795194E-04   2.0103134549E+00   2.4014997276E+00   2.0510914972E-04   2.0900080848E+00   2.3716589408E+00   6.1899602114E-04   2.2324534435E+00   2.4093689611E+00   1.6671798751E-03   2.3137558197E+00   2.4259448260E+00   1.9005818662E-03   2.4073979937E+00   2.4654730831E+00   2.1066342728E-03   2.2730940819E+00   2.4172844268E+00   1.5695271183E-03   3.4533896688E-04
