
   1    -1   0    0   9.9999999805E-01   7.9066182983E+00   2.5943408061E-04   2.0340104778E+00   2.3348864570E+00   2.0700236160E-04   2.1274881813E+00   2.3156090898E+00   6.2602519850E-04   2.2249587449E+00   2.3496067640E+00   1.6861119892E-03   2.2423023101E+00   2.3815957090E+00   1.9052815068E-03   2.3547763918E+00   2.4143147318E+00   2.0915249526E-03   2.2038479329E+00   2.3739439421E+00   1.5734081473E-03   3.4160189595E-04
   1    -2   0    0   9.8000122687E-01   7.9066924638E+00   2.5936434051E-04   2.0339278977E+00   2.3348837906E+00   2.0700160405E-04   2.1273923410E+00   2.3156089581E+00   6.2602238583E-04   2.2249337702E+00   2.3496223006E+00   1.6861044137E-03   2.2423922205E+00   2.3816464967E+00   1.9052799736E-03   2.3548428876E+00   2.4143792705E+00   2.0915305271E-03   2.2039495737E+00   2.3739965445E+00   1.5734068812E-03   3.4160531969E-04
   1    -3   0    0   9.7000188363E-01   7.9067308028E+00   2.5932830122E-04   2.0338852070E+00   2.3348824171E+00   2.0700121251E-04   2.1273427867E+00   2.3156088924E+00   6.2602093214E-04   2.2249208533E+00   2.3496303362E+00   1.6861004984E-03   2.2424387077E+00   2.3816727532E+00   1.9052791811E-03   2.3548772670E+00   2.4144126380E+00   2.0915334084E-03   2.2040020908E+00   2.3740237376E+00   1.5734062267E-03   3.4160708985E-04
   1    -4   0    0   9.6000257031E-01   7.9067700034E+00   2.5929146043E-04   2.0338415556E+00   2.3348810160E+00   2.0700081224E-04   2.1272921111E+00   2.3156088269E+00   6.2601944598E-04   2.2249076414E+00   2.3496385555E+00   1.6860964956E-03   2.2424862461E+00   2.3816996016E+00   1.9052783708E-03   2.3549124227E+00   2.4144467590E+00   2.0915363541E-03   2.2040557708E+00   2.3740515426E+00   1.5734055576E-03   3.4160890001E-04
   1    -5   0    0   9.5000328824E-01   7.9068100844E+00   2.5925380123E-04   2.0337969225E+00   2.3348795870E+00   2.0700040303E-04   2.1272402896E+00   2.3156087617E+00   6.2601792666E-04   2.2248941280E+00   2.3496469624E+00   1.6860924035E-03   2.2425348586E+00   2.3817270548E+00   1.9052775423E-03   2.3549483716E+00   2.4144816498E+00   2.0915393656E-03   2.2041106381E+00   2.3740799726E+00   1.5734048734E-03   3.4161075105E-04
   1    -6   0    0   9.4000403882E-01   7.9068510646E+00   2.5921530641E-04   2.0337512866E+00   2.3348781296E+00   2.0699998470E-04   2.1271872971E+00   2.3156086968E+00   6.2601637347E-04   2.2248803064E+00   2.3496555612E+00   1.6860882202E-03   2.2425845686E+00   2.3817551257E+00   1.9052766953E-03   2.3549851310E+00   2.4145173271E+00   2.0915424444E-03   2.2041667173E+00   2.3741090411E+00   1.5734041739E-03   3.4161264385E-04
   1    -7   0    0   9.3000482349E-01   7.9068929634E+00   2.5917595845E-04   2.0337046262E+00   2.3348766434E+00   2.0699955706E-04   2.1271331080E+00   2.3156086323E+00   6.2601478570E-04   2.2248661697E+00   2.3496643562E+00   1.6860839438E-03   2.2426354002E+00   2.3817838278E+00   1.9052758293E-03   2.3550227184E+00   2.4145538082E+00   2.0915455919E-03   2.2042240339E+00   2.3741387619E+00   1.5734034588E-03   3.4161457932E-04
   1    -8   0    0   9.2000564378E-01   7.9069358006E+00   2.5913573950E-04   2.0336569193E+00   2.3348751279E+00   2.0699911990E-04   2.1270776964E+00   2.3156085684E+00   6.2601316261E-04   2.2248517110E+00   2.3496733517E+00   1.6860795723E-03   2.2426873777E+00   2.3818131747E+00   1.9052749441E-03   2.3550611519E+00   2.4145911103E+00   2.0915488094E-03   2.2042826135E+00   2.3741691490E+00   1.5734027277E-03   3.4161655839E-04
   1    -9   0    0   9.1000650126E-01   7.9069795962E+00   2.5909463140E-04   2.0336081434E+00   2.3348735827E+00   2.0699867303E-04   2.1270210356E+00   2.3156085052E+00   6.2601150347E-04   2.2248369231E+00   2.3496825521E+00   1.6860751036E-03   2.2427405258E+00   2.3818431803E+00   1.9052740390E-03   2.3551004496E+00   2.4146292513E+00   2.0915520986E-03   2.2043424823E+00   2.3742002168E+00   1.5734019803E-03   3.4161858201E-04
   1   -10   0    0   9.0000739758E-01   7.9070243707E+00   2.5905261566E-04   2.0335582756E+00   2.3348720074E+00   2.0699821625E-04   2.1269630985E+00   2.3156084427E+00   6.2600980751E-04   2.2248217988E+00   2.3496919621E+00   1.6860705357E-03   2.2427948701E+00   2.3818738587E+00   1.9052731138E-03   2.3551406303E+00   2.4146682492E+00   2.0915554609E-03   2.2044036669E+00   2.3742319798E+00   1.5734012163E-03   3.4162065112E-04
   1   -11   0    0   8.9000833445E-01   7.9070701450E+00   2.5900967346E-04   2.0335072924E+00   2.3348704015E+00   2.0699774934E-04   2.1269038574E+00   2.3156083811E+00   6.2600807397E-04   2.2248063306E+00   2.3497015862E+00   1.6860658667E-03   2.2428504364E+00   2.3819052244E+00   1.9052721679E-03   2.3551817130E+00   2.4147081225E+00   2.0915588978E-03   2.2044661945E+00   2.3742644528E+00   1.5734004352E-03   3.4162276673E-04
   1   -12   0    0   8.8000931366E-01   7.9071169404E+00   2.5896578564E-04   2.0334551701E+00   2.3348687645E+00   2.0699727210E-04   2.1268432841E+00   2.3156083204E+00   6.2600630204E-04   2.2247905109E+00   2.3497114292E+00   1.6860610943E-03   2.2429072509E+00   2.3819372922E+00   1.9052712011E-03   2.3552237170E+00   2.4147488899E+00   2.0915624110E-03   2.2045300926E+00   2.3742976510E+00   1.5733996367E-03   3.4162492982E-04
   1   -13   0    0   8.7001033709E-01   7.9071647785E+00   2.5892093272E-04   2.0334018844E+00   2.3348670961E+00   2.0699678431E-04   2.1267813500E+00   2.3156082609E+00   6.2600449095E-04   2.2247743321E+00   2.3497214960E+00   1.6860562163E-03   2.2429653407E+00   2.3819700769E+00   1.9052702127E-03   2.3552666622E+00   2.4147905708E+00   2.0915660020E-03   2.2045953894E+00   2.3743315898E+00   1.5733988205E-03   3.4162714142E-04
   1   -14   0    0   8.6001140667E-01   7.9072136815E+00   2.5887509488E-04   2.0333474106E+00   2.3348653958E+00   2.0699628574E-04   2.1267180255E+00   2.3156082026E+00   6.2600263987E-04   2.2247577863E+00   2.3497317915E+00   1.6860512307E-03   2.2430247331E+00   2.3820035939E+00   1.9052692024E-03   2.3553105686E+00   2.4148331846E+00   2.0915696724E-03   2.2046621134E+00   2.3743662850E+00   1.5733979862E-03   3.4162940256E-04
   1   -15   0    0   8.5001252443E-01   7.9072636719E+00   2.5882825194E-04   2.0332917234E+00   2.3348636631E+00   2.0699577619E-04   2.1266532810E+00   2.3156081457E+00   6.2600074796E-04   2.2247408653E+00   2.3497423206E+00   1.6860461351E-03   2.2430854560E+00   2.3820378588E+00   1.9052681697E-03   2.3553554567E+00   2.4148767512E+00   2.0915734239E-03   2.2047302936E+00   2.3744017525E+00   1.5733971334E-03   3.4163171432E-04
   1   -16   0    0   8.4001369248E-01   7.9073147725E+00   2.5878038342E-04   2.0332347972E+00   2.3348618976E+00   2.0699525541E-04   2.1265870858E+00   2.3156080904E+00   6.2599881440E-04   2.2247235611E+00   2.3497530886E+00   1.6860409273E-03   2.2431475379E+00   2.3820728873E+00   1.9052671142E-03   2.3554013476E+00   2.4149212910E+00   2.0915772582E-03   2.2047999596E+00   2.3744380087E+00   1.5733962617E-03   3.4163407776E-04
   1   -17   0    0   8.3001491303E-01   7.9073670068E+00   2.5873146846E-04   2.0331766059E+00   2.3348600989E+00   2.0699472318E-04   2.1265194090E+00   2.3156080368E+00   6.2599683832E-04   2.2247058652E+00   2.3497641007E+00   1.6860356050E-03   2.2432110078E+00   2.3821086958E+00   1.9052660353E-03   2.3554482625E+00   2.4149668245E+00   2.0915811769E-03   2.2048711415E+00   2.3744750701E+00   1.5733953708E-03   3.4163649400E-04
   1   -18   0    0   8.2001618836E-01   7.9074203985E+00   2.5868148585E-04   2.0331171228E+00   2.3348582666E+00   2.0699417926E-04   2.1264502188E+00   2.3156079850E+00   6.2599481885E-04   2.2246877691E+00   2.3497753622E+00   1.6860301659E-03   2.2432758953E+00   2.3821453006E+00   1.9052649326E-03   2.3554962230E+00   2.4150133730E+00   2.0915851820E-03   2.2049438698E+00   2.3745129538E+00   1.5733944601E-03   3.4163896414E-04
   1   -19   0    0   8.1001752086E-01   7.9074749717E+00   2.5863041406E-04   2.0330563207E+00   2.3348564002E+00   2.0699362342E-04   2.1263794831E+00   2.3156079353E+00   6.2599275511E-04   2.2246692641E+00   2.3497868787E+00   1.6860246075E-03   2.2433422305E+00   2.3821827185E+00   1.9052638056E-03   2.3555452514E+00   2.4150609578E+00   2.0915892750E-03   2.2050181755E+00   2.3745516768E+00   1.5733935294E-03   3.4164148934E-04
   1   -20   0    0   8.0001891303E-01   7.9075307512E+00   2.5857823119E-04   2.0329941721E+00   2.3348544994E+00   2.0699305541E-04   2.1263071690E+00   2.3156078879E+00   6.2599064618E-04   2.2246503413E+00   2.3497986556E+00   1.6860189273E-03   2.2434100440E+00   2.3822209665E+00   1.9052626537E-03   2.3555953701E+00   2.4151096007E+00   2.0915934578E-03   2.2050940902E+00   2.3745912567E+00   1.5733925782E-03   3.4164407075E-04
   1   -21   0    0   7.9002036745E-01   7.9075877620E+00   2.5852491499E-04   2.0329306488E+00   2.3348525636E+00   2.0699247498E-04   2.1262332430E+00   2.3156078428E+00   6.2598849115E-04   2.2246309917E+00   2.3498106986E+00   1.6860131231E-03   2.2434793671E+00   2.3822600621E+00   1.9052614766E-03   2.3556466021E+00   2.4151593241E+00   2.0915977322E-03   2.2051716461E+00   2.3746317115E+00   1.5733916061E-03   3.4164670956E-04
   1   -22   0    0   7.8002188681E-01   7.9076460297E+00   2.5847044286E-04   2.0328657223E+00   2.3348505925E+00   2.0699188189E-04   2.1261576710E+00   2.3156078004E+00   6.2598628909E-04   2.2246112061E+00   2.3498230136E+00   1.6860071921E-03   2.2435502316E+00   2.3823000230E+00   1.9052602735E-03   2.3556989706E+00   2.4152101505E+00   2.0916021002E-03   2.2052508755E+00   2.3746730592E+00   1.5733906126E-03   3.4164940698E-04
   1   -23   0    0   7.7002347393E-01   7.9077055802E+00   2.5841479185E-04   2.0327993633E+00   2.3348485858E+00   2.0699127587E-04   2.1260804184E+00   2.3156077609E+00   6.2598403905E-04   2.2245909751E+00   2.3498356064E+00   1.6860011320E-03   2.2436226700E+00   2.3823408671E+00   1.9052590441E-03   2.3557524995E+00   2.4152621031E+00   2.0916065635E-03   2.2053318118E+00   2.3747153183E+00   1.5733895974E-03   3.4165216423E-04
   1   -24   0    0   7.6002513173E-01   7.9077664400E+00   2.5835793864E-04   2.0327315422E+00   2.3348465430E+00   2.0699065667E-04   2.1260014496E+00   2.3156077245E+00   6.2598174006E-04   2.2245702890E+00   2.3498484831E+00   1.6859949400E-03   2.2436967151E+00   2.3823826127E+00   1.9052577878E-03   2.3558072130E+00   2.4153152054E+00   2.0916111242E-03   2.2054144885E+00   2.3747585077E+00   1.5733885599E-03   3.4165498257E-04
   1   -25   0    0   7.5002686325E-01   7.9078286360E+00   2.5829985957E-04   2.0326622289E+00   2.3348444637E+00   2.0699002402E-04   2.1259207288E+00   2.3156076913E+00   6.2597939115E-04   2.2245491382E+00   2.3498616498E+00   1.6859886135E-03   2.2437724007E+00   2.3824252786E+00   1.9052565040E-03   2.3558631357E+00   2.4153694811E+00   2.0916157841E-03   2.2054989398E+00   2.3748026465E+00   1.5733874997E-03   3.4165786327E-04
   1   -26   0    0   7.4002867165E-01   7.9078921954E+00   2.5824053063E-04   2.0325913926E+00   2.3348423476E+00   2.0698937766E-04   2.1258382193E+00   2.3156076618E+00   6.2597699133E-04   2.2245275127E+00   2.3498751128E+00   1.6859821499E-03   2.2438497609E+00   2.3824688836E+00   1.9052551922E-03   2.3559202925E+00   2.4154249546E+00   2.0916205454E-03   2.2055852002E+00   2.3748477541E+00   1.5733864164E-03   3.4166080763E-04
   1   -27   0    0   7.3003056023E-01   7.9079571462E+00   2.5817992744E-04   2.0325190021E+00   2.3348401943E+00   2.0698871732E-04   2.1257538837E+00   2.3156076361E+00   6.2597453958E-04   2.2245054024E+00   2.3498888783E+00   1.6859755465E-03   2.2439288304E+00   2.3825134472E+00   1.9052538518E-03   2.3559787091E+00   2.4154816508E+00   2.0916254099E-03   2.2056733051E+00   2.3748938504E+00   1.5733853095E-03   3.4166381695E-04
   1   -28   0    0   7.2003253242E-01   7.9080235166E+00   2.5811802526E-04   2.0324450256E+00   2.3348380034E+00   2.0698804271E-04   2.1256676841E+00   2.3156076145E+00   6.2597203488E-04   2.2244827970E+00   2.3499029531E+00   1.6859688004E-03   2.2440096447E+00   2.3825589888E+00   1.9052524823E-03   2.3560384114E+00   2.4155395946E+00   2.0916303797E-03   2.2057632901E+00   2.3749409554E+00   1.5733841785E-03   3.4166689259E-04
   1   -29   0    0   7.1003459177E-01   7.9080913354E+00   2.5805479901E-04   2.0323694309E+00   2.3348357747E+00   2.0698735356E-04   2.1255795818E+00   2.3156075974E+00   6.2596947618E-04   2.2244596859E+00   2.3499173435E+00   1.6859619089E-03   2.2440922398E+00   2.3826055286E+00   1.9052510830E-03   2.3560994256E+00   2.4155988117E+00   2.0916354570E-03   2.2058551915E+00   2.3749890898E+00   1.5733830230E-03   3.4167003591E-04
   1   -30   0    0   7.0003674200E-01   7.9081606318E+00   2.5799022327E-04   2.0322921850E+00   2.3348335078E+00   2.0698664959E-04   2.1254895376E+00   2.3156075850E+00   6.2596686244E-04   2.2244360584E+00   2.3499320565E+00   1.6859548691E-03   2.2441766524E+00   2.3826530867E+00   1.9052496534E-03   2.3561617787E+00   2.4156593282E+00   2.0916406438E-03   2.2059490461E+00   2.3750382742E+00   1.5733818424E-03   3.4167324830E-04
   1   -31   0    0   6.9003898696E-01   7.9082314356E+00   2.5792427225E-04   2.0322132546E+00   2.3348312024E+00   2.0698593050E-04   2.1253975113E+00   2.3156075776E+00   6.2596419257E-04   2.2244119038E+00   2.3499470989E+00   1.6859476782E-03   2.2442629197E+00   2.3827016838E+00   1.9052481929E-03   2.3562254979E+00   2.4157211705E+00   2.0916459423E-03   2.2060448910E+00   2.3750885297E+00   1.5733806363E-03   3.4167653115E-04
   1   -32   0    0   6.8004133064E-01   7.9083037768E+00   2.5785691981E-04   2.0321326058E+00   2.3348288582E+00   2.0698519600E-04   2.1253034624E+00   2.3156075756E+00   6.2596146550E-04   2.2243872108E+00   2.3499624776E+00   1.6859403332E-03   2.2443510795E+00   2.3827513408E+00   1.9052467008E-03   2.3562906109E+00   2.4157843654E+00   2.0916513547E-03   2.2061427643E+00   2.3751398780E+00   1.5733794041E-03   3.4167988592E-04
   1   -33   0    0   6.7004377723E-01   7.9083776862E+00   2.5778813947E-04   2.0320502041E+00   2.3348264749E+00   2.0698444579E-04   2.1252073495E+00   2.3156075793E+00   6.2595868011E-04   2.2243619682E+00   2.3499781999E+00   1.6859328312E-03   2.2444411704E+00   2.3828020791E+00   1.9052451766E-03   2.3563571458E+00   2.4158489404E+00   2.0916568831E-03   2.2062427041E+00   2.3751923407E+00   1.5733781454E-03   3.4168331406E-04
   1   -34   0    0   6.6004633104E-01   7.9084531950E+00   2.5771790442E-04   2.0319660143E+00   2.3348240524E+00   2.0698367958E-04   2.1251091304E+00   2.3156075892E+00   6.2595583530E-04   2.2243361646E+00   2.3499942729E+00   1.6859251691E-03   2.2445332317E+00   2.3828539203E+00   1.9052436196E-03   2.3564251314E+00   2.4159149232E+00   2.0916625299E-03   2.2063447493E+00   2.3752459402E+00   1.5733768596E-03   3.4168681704E-04
   1   -35   0    0   6.5004899656E-01   7.9085303347E+00   2.5764618750E-04   2.0318800010E+00   2.3348215902E+00   2.0698289706E-04   2.1250087625E+00   2.3156076055E+00   6.2595292992E-04   2.2243097881E+00   2.3500107041E+00   1.6859173439E-03   2.2446273030E+00   2.3829068864E+00   1.9052420291E-03   2.3564945967E+00   2.4159823419E+00   2.0916682972E-03   2.2064489394E+00   2.3753006988E+00   1.5733755462E-03   3.4169039638E-04
   1   -36   0    0   6.4005177847E-01   7.9086091375E+00   2.5757296120E-04   2.0317921280E+00   2.3348190883E+00   2.0698209791E-04   2.1249062022E+00   2.3156076287E+00   6.2594996284E-04   2.2242828271E+00   2.3500275010E+00   1.6859093524E-03   2.2447234248E+00   2.3829609997E+00   1.9052404046E-03   2.3565655711E+00   2.4160512254E+00   2.0916741875E-03   2.2065553141E+00   2.3753566394E+00   1.5733742046E-03   3.4169405360E-04
   1   -37   0    0   6.3005468162E-01   7.9086896360E+00   2.5749819771E-04   2.0317023585E+00   2.3348165465E+00   2.0698128184E-04   2.1248014055E+00   2.3156076593E+00   6.2594693288E-04   2.2242552693E+00   2.3500446713E+00   1.6859011916E-03   2.2448216381E+00   2.3830162829E+00   1.9052387454E-03   2.3566380848E+00   2.4161216026E+00   2.0916802029E-03   2.2066639140E+00   2.3754137853E+00   1.5733728344E-03   3.4169779025E-04
   1   -38   0    0   6.2005771103E-01   7.9087718632E+00   2.5742186888E-04   2.0316106552E+00   2.3348139645E+00   2.0698044851E-04   2.1246943274E+00   2.3156076977E+00   6.2594383887E-04   2.2242271025E+00   2.3500622227E+00   1.6858928584E-03   2.2449219848E+00   2.3830727590E+00   1.9052370508E-03   2.3567121681E+00   2.4161935031E+00   2.0916863460E-03   2.2067747798E+00   2.3754721600E+00   1.5733714349E-03   3.4170160792E-04
   1   -39   0    0   6.1006087195E-01   7.9088558528E+00   2.5734394624E-04   2.0315169804E+00   2.3348113422E+00   2.0697959761E-04   2.1245849224E+00   2.3156077442E+00   6.2594067962E-04   2.2241983142E+00   2.3500801632E+00   1.6858843493E-03   2.2450245072E+00   2.3831304512E+00   1.9052353201E-03   2.3567878520E+00   2.4162669569E+00   2.0916926190E-03   2.2068879531E+00   2.3755317873E+00   1.5733700057E-03   3.4170550821E-04
   1   -40   0    0   6.0006416978E-01   7.9089416387E+00   2.5726440101E-04   2.0314212957E+00   2.3348086796E+00   2.0697872881E-04   2.1244731442E+00   2.3156077995E+00   6.2593745391E-04   2.2241688917E+00   2.3500985009E+00   1.6858756614E-03   2.2451292482E+00   2.3831893834E+00   1.9052335527E-03   2.3568651679E+00   2.4163419945E+00   2.0916990245E-03   2.2070034756E+00   2.3755926914E+00   1.5733685462E-03   3.4170949273E-04
   1   -41   0    0   5.9006761017E-01   7.9090292555E+00   2.5718320411E-04   2.0313235620E+00   2.3348059765E+00   2.0697784178E-04   2.1243589458E+00   2.3156078640E+00   6.2593416053E-04   2.2241388220E+00   2.3501172439E+00   1.6858667911E-03   2.2452362515E+00   2.3832495795E+00   1.9052317478E-03   2.3569441474E+00   2.4164186467E+00   2.0917055648E-03   2.2071213899E+00   2.3756548971E+00   1.5733670557E-03   3.4171356314E-04
   1   -42   0    0   5.8007119894E-01   7.9091187382E+00   2.5710032614E-04   2.0312237399E+00   2.3348032328E+00   2.0697693619E-04   2.1242422795E+00   2.3156079383E+00   6.2593079824E-04   2.2241080921E+00   2.3501364006E+00   1.6858577352E-03   2.2453455615E+00   2.3833110639E+00   1.9052299048E-03   2.3570248230E+00   2.4164969448E+00   2.0917122424E-03   2.2072417386E+00   2.3757184290E+00   1.5733655337E-03   3.4171772111E-04
   1   -43   0    0   5.7007494216E-01   7.9092101224E+00   2.5701573744E-04   2.0311217894E+00   2.3348004485E+00   2.0697601171E-04   2.1241230969E+00   2.3156080229E+00   6.2592736580E-04   2.2240766887E+00   2.3501559795E+00   1.6858484904E-03   2.2454572231E+00   2.3833738612E+00   1.9052280230E-03   2.3571072273E+00   2.4165769206E+00   2.0917190599E-03   2.2073645653E+00   2.3757833125E+00   1.5733639796E-03   3.4172196834E-04
   1   -44   0    0   5.6007884610E-01   7.9093034438E+00   2.5692940806E-04   2.0310176697E+00   2.3347976237E+00   2.0697506800E-04   2.1240013490E+00   2.3156081184E+00   6.2592386194E-04   2.2240445982E+00   2.3501759892E+00   1.6858390533E-03   2.2455712818E+00   2.3834379966E+00   1.9052261016E-03   2.3571913936E+00   2.4166586063E+00   2.0917260199E-03   2.2074899137E+00   2.3758495732E+00   1.5733623929E-03   3.4172630654E-04
   1   -45   0    0   5.5008291728E-01   7.9093987390E+00   2.5684130777E-04   2.0309113397E+00   2.3347947584E+00   2.0697410470E-04   2.1238769859E+00   2.3156082253E+00   6.2592028538E-04   2.2240118068E+00   2.3501964385E+00   1.6858294203E-03   2.2456877839E+00   2.3835034954E+00   1.9052241399E-03   2.3572773554E+00   2.4167420344E+00   2.0917331248E-03   2.2076178280E+00   2.3759172370E+00   1.5733607729E-03   3.4173073747E-04
   1   -46   0    0   5.4008716242E-01   7.9094960448E+00   2.5675140609E-04   2.0308027577E+00   2.3347918525E+00   2.0697312148E-04   2.1237499572E+00   2.3156083444E+00   6.2591663484E-04   2.2239783007E+00   2.3502173363E+00   1.6858195881E-03   2.2458067762E+00   2.3835703832E+00   1.9052221372E-03   2.3573651468E+00   2.4168272382E+00   2.0917403772E-03   2.2077483530E+00   2.3759863300E+00   1.5733591191E-03   3.4173526288E-04
   1   -47   0    0   5.3009158854E-01   7.9095953986E+00   2.5665967229E-04   2.0306918815E+00   2.3347889064E+00   2.0697211798E-04   2.1236202116E+00   2.3156084763E+00   6.2591290901E-04   2.2239440657E+00   2.3502386916E+00   1.6858095531E-03   2.2459283061E+00   2.3836386861E+00   1.9052200927E-03   2.3574548023E+00   2.4169142509E+00   2.0917477798E-03   2.2078815338E+00   2.3760568789E+00   1.5733574307E-03   3.4173988457E-04
   1   -48   0    0   5.2009620285E-01   7.9096968382E+00   2.5656607541E-04   2.0305786681E+00   2.3347859200E+00   2.0697109385E-04   2.1234876974E+00   2.3156086216E+00   6.2590910658E-04   2.2239090874E+00   2.3502605136E+00   1.6857993118E-03   2.2460524218E+00   2.3837084304E+00   1.9052180057E-03   2.3575463569E+00   2.4170031066E+00   2.0917553353E-03   2.2080174159E+00   2.3761289104E+00   1.5733557073E-03   3.4174460434E-04
   1   -49   0    0   5.1010101286E-01   7.9098004018E+00   2.5647058425E-04   2.0304630744E+00   2.3347828936E+00   2.0697004873E-04   2.1233523618E+00   2.3156087810E+00   6.2590522624E-04   2.2238733512E+00   2.3502828117E+00   1.6857888606E-03   2.2461791720E+00   2.3837796427E+00   1.9052158755E-03   2.3576398458E+00   2.4170938396E+00   2.0917630463E-03   2.2081560453E+00   2.3762024519E+00   1.5733539481E-03   3.4174942405E-04
   1   -50   0    0   5.0010602632E-01   7.9099061280E+00   2.5637316742E-04   2.0303450564E+00   2.3347798274E+00   2.0696898226E-04   2.1232141518E+00   2.3156089554E+00   6.2590126664E-04   2.2238368424E+00   2.3503055952E+00   1.6857781960E-03   2.2463086060E+00   2.3838523501E+00   1.9052137012E-03   2.3577353050E+00   2.4171864844E+00   2.0917709154E-03   2.2082974685E+00   2.3762775308E+00   1.5733521526E-03   3.4175434553E-04
   1   -51   0    0   4.9011125125E-01   7.9100140560E+00   2.5627379334E-04   2.0302245698E+00   2.3347767217E+00   2.0696789409E-04   2.1230730135E+00   2.3156091454E+00   6.2589722643E-04   2.2237995460E+00   2.3503288738E+00   1.6857673142E-03   2.2464407736E+00   2.3839265798E+00   1.9052114822E-03   2.3578327705E+00   2.4172810764E+00   2.0917789455E-03   2.2084417320E+00   2.3763541749E+00   1.5733503200E-03   3.4175937067E-04
   1   -52   0    0   4.8011669597E-01   7.9101242252E+00   2.5617243023E-04   2.0301015696E+00   2.3347735769E+00   2.0696678384E-04   2.1229288923E+00   2.3156093519E+00   6.2589310428E-04   2.2237614468E+00   2.3503526573E+00   1.6857562118E-03   2.2465757254E+00   2.3840023592E+00   1.9052092176E-03   2.3579322790E+00   2.4173776509E+00   2.0917871392E-03   2.2085888831E+00   2.3764324122E+00   1.5733484499E-03   3.4176450137E-04
   1   -53   0    0   4.7012236906E-01   7.9102366757E+00   2.5606904617E-04   2.0299760104E+00   2.3347703932E+00   2.0696565116E-04   2.1227817330E+00   2.3156095758E+00   6.2588889879E-04   2.2237225294E+00   2.3503769555E+00   1.6857448849E-03   2.2467135125E+00   2.3840797164E+00   1.9052069066E-03   2.3580338675E+00   2.4174762439E+00   2.0917954994E-03   2.2087389691E+00   2.3765122712E+00   1.5733465414E-03   3.4176973956E-04
   1   -54   0    0   4.6012827940E-01   7.9103514477E+00   2.5596360909E-04   2.0298478464E+00   2.3347671711E+00   2.0696449566E-04   2.1226314799E+00   2.3156098178E+00   6.2588460862E-04   2.2236827783E+00   2.3504017784E+00   1.6857333299E-03   2.2468541864E+00   2.3841586794E+00   1.9052045485E-03   2.3581375733E+00   2.4175768917E+00   2.0918040287E-03   2.2088920379E+00   2.3765937805E+00   1.5733445941E-03   3.4177508717E-04
   1   -55   0    0   4.5013443615E-01   7.9104685820E+00   2.5585608679E-04   2.0297170312E+00   2.3347639112E+00   2.0696331697E-04   2.1224780766E+00   2.3156100789E+00   6.2588023237E-04   2.2236421777E+00   2.3504271362E+00   1.6857215431E-03   2.2469977994E+00   2.3842392766E+00   1.9052021424E-03   2.3582434342E+00   2.4176796308E+00   2.0918127300E-03   2.2090481374E+00   2.3766769691E+00   1.5733426071E-03   3.4178054616E-04
   1   -56   0    0   4.4014084881E-01   7.9105881196E+00   2.5574644699E-04   2.0295835180E+00   2.3347606139E+00   2.0696211473E-04   2.1223214660E+00   2.3156103600E+00   6.2587576865E-04   2.2236007116E+00   2.3504530391E+00   1.6857095207E-03   2.2471444042E+00   2.3843215366E+00   1.9051996876E-03   2.3583514883E+00   2.4177844983E+00   2.0918216061E-03   2.2092073161E+00   2.3767618661E+00   1.5733405799E-03   3.4178611853E-04
   1   -57   0    0   4.3014752715E-01   7.9107101019E+00   2.5563465730E-04   2.0294472593E+00   2.3347572797E+00   2.0696088856E-04   2.1221615905E+00   2.3156106621E+00   6.2587121608E-04   2.2235583638E+00   2.3504794976E+00   1.6856972590E-03   2.2472940541E+00   2.3844054886E+00   1.9051971832E-03   2.3584617742E+00   2.4178915314E+00   2.0918306598E-03   2.2093696225E+00   2.3768485010E+00   1.5733385118E-03   3.4179180626E-04
   1   -58   0    0   4.2015448128E-01   7.9108345708E+00   2.5552068529E-04   2.0293082076E+00   2.3347539095E+00   2.0695963808E-04   2.1219983920E+00   2.3156109862E+00   6.2586657325E-04   2.2235151180E+00   2.3505065223E+00   1.6856847541E-03   2.2474468027E+00   2.3844911615E+00   1.9051946285E-03   2.3585743305E+00   2.4180007679E+00   2.0918398940E-03   2.2095351055E+00   2.3769369034E+00   1.5733364020E-03   3.4179761137E-04
   1   -59   0    0   4.1016172163E-01   7.9109615683E+00   2.5540449848E-04   2.0291663146E+00   2.3347505038E+00   2.0695836291E-04   2.1218318118E+00   2.3156113334E+00   6.2586183875E-04   2.2234709576E+00   2.3505341237E+00   1.6856720024E-03   2.2476027043E+00   2.3845785848E+00   1.9051920226E-03   2.3586891964E+00   2.4181122457E+00   2.0918493115E-03   2.2097038142E+00   2.3770271033E+00   1.5733342500E-03   3.4180353591E-04
   1   -60   0    0   4.0016925895E-01   7.9110911368E+00   2.5528606438E-04   2.0290215317E+00   2.3347470634E+00   2.0695706267E-04   2.1216617907E+00   2.3156117047E+00   6.2585701119E-04   2.2234258659E+00   2.3505623127E+00   1.6856590000E-03   2.2477618137E+00   2.3846677881E+00   1.9051893647E-03   2.3588064114E+00   2.4182260029E+00   2.0918589152E-03   2.2098757979E+00   2.3771191307E+00   1.5733320551E-03   3.4180958191E-04
   1   -61   0    0   3.9017710434E-01   7.9112233192E+00   2.5516535052E-04   2.0288738099E+00   2.3347435892E+00   2.0695573698E-04   2.1214882689E+00   2.3156121013E+00   6.2585208913E-04   2.2233798261E+00   2.3505911003E+00   1.6856457432E-03   2.2479241858E+00   2.3847588013E+00   1.9051866540E-03   2.3589260152E+00   2.4183420783E+00   2.0918687079E-03   2.2100511058E+00   2.3772130161E+00   1.5733298166E-03   3.4181575146E-04
   1   -62   0    0   3.8018526922E-01   7.9113581582E+00   2.5504232446E-04   2.0287230999E+00   2.3347400820E+00   2.0695438547E-04   2.1213111864E+00   2.3156125244E+00   6.2584707118E-04   2.2233328210E+00   2.3506204973E+00   1.6856322280E-03   2.2480898764E+00   2.3848516544E+00   1.9051838896E-03   2.3590480477E+00   2.4184605106E+00   2.0918786925E-03   2.2102297877E+00   2.3773087898E+00   1.5733275337E-03   3.4182204663E-04
   1   -63   0    0   3.7019376536E-01   7.9114956972E+00   2.5491695385E-04   2.0285693519E+00   2.3347365429E+00   2.0695300774E-04   2.1211304824E+00   2.3156129751E+00   6.2584195592E-04   2.2232848334E+00   2.3506505151E+00   1.6856184508E-03   2.2482589413E+00   2.3849463776E+00   1.9051810708E-03   2.3591725492E+00   2.4185813387E+00   2.0918888720E-03   2.2104118930E+00   2.3774064827E+00   1.5733252059E-03   3.4182846952E-04
   1   -64   0    0   3.6020260491E-01   7.9116359797E+00   2.5478920640E-04   2.0284125158E+00   2.3347329729E+00   2.0695160343E-04   2.1209460959E+00   2.3156134547E+00   6.2583674193E-04   2.2232358459E+00   2.3506811648E+00   1.6856044076E-03   2.2484314369E+00   2.3850430013E+00   1.9051781967E-03   2.3592995602E+00   2.4187046021E+00   2.0918992491E-03   2.2105974715E+00   2.3775061254E+00   1.5733228324E-03   3.4183502223E-04
   1   -65   0    0   3.5021180032E-01   7.9117790491E+00   2.5465904998E-04   2.0282525412E+00   2.3347293730E+00   2.0695017214E-04   2.1207579655E+00   2.3156139646E+00   6.2583142780E-04   2.2231858409E+00   2.3507124579E+00   1.6855900947E-03   2.2486074198E+00   2.3851415560E+00   1.9051752664E-03   2.3594291214E+00   2.4188303401E+00   2.0919098268E-03   2.2107865730E+00   2.3776077491E+00   1.5733204126E-03   3.4184170689E-04
   1   -66   0    0   3.4022136445E-01   7.9119249494E+00   2.5452645260E-04   2.0280893775E+00   2.3347257445E+00   2.0694871350E-04   2.1205660295E+00   2.3156145060E+00   6.2582601213E-04   2.2231348007E+00   2.3507444058E+00   1.6855755084E-03   2.2487869470E+00   2.3852420723E+00   1.9051722792E-03   2.3595612737E+00   2.4189585924E+00   2.0919206079E-03   2.2109792471E+00   2.3777113847E+00   1.5733179457E-03   3.4184852562E-04
   1   -67   0    0   3.3023131050E-01   7.9120737246E+00   2.5439138247E-04   2.0279229737E+00   2.3347220886E+00   2.0694722713E-04   2.1203702257E+00   2.3156150804E+00   6.2582049349E-04   2.2230827075E+00   2.3507770200E+00   1.6855606447E-03   2.2489700757E+00   2.3853445811E+00   1.9051692342E-03   2.3596960580E+00   2.4190893989E+00   2.0919315954E-03   2.2111755435E+00   2.3778170635E+00   1.5733154311E-03   3.4185548058E-04
   1   -68   0    0   3.2024165204E-01   7.9122254186E+00   2.5425380803E-04   2.0277532786E+00   2.3347184066E+00   2.0694571266E-04   2.1201704918E+00   2.3156156893E+00   6.2581487050E-04   2.2230295432E+00   2.3508103123E+00   1.6855454999E-03   2.2491568634E+00   2.3854491132E+00   1.9051661306E-03   2.3598335156E+00   2.4192227994E+00   2.0919427920E-03   2.2113755119E+00   2.3779248167E+00   1.5733128680E-03   3.4186257390E-04
   1   -69   0    0   3.1025240301E-01   7.9123800758E+00   2.5411369796E-04   2.0275802407E+00   2.3347147000E+00   2.0694416970E-04   2.1199667652E+00   2.3156163340E+00   6.2580914176E-04   2.2229752897E+00   2.3508442944E+00   1.6855300704E-03   2.2493473678E+00   2.3855556995E+00   1.9051629675E-03   2.3599736877E+00   2.4193588340E+00   2.0919542007E-03   2.2115792018E+00   2.3780346758E+00   1.5733102559E-03   3.4186980773E-04
   1   -70   0    0   3.0026357773E-01   7.9125377403E+00   2.5397102126E-04   2.0274038084E+00   2.3347109703E+00   2.0694259789E-04   2.1197589832E+00   2.3156170162E+00   6.2580330588E-04   2.2229199288E+00   2.3508789781E+00   1.6855143522E-03   2.2495416468E+00   2.3856643710E+00   1.9051597441E-03   2.3601166158E+00   2.4194975429E+00   2.0919658242E-03   2.2117866624E+00   2.3781466720E+00   1.5733075940E-03   3.4187718425E-04
   1   -71   0    0   2.9027519087E-01   7.9126984564E+00   2.5382574725E-04   2.0272239298E+00   2.3347072189E+00   2.0694099684E-04   2.1195470827E+00   2.3156177374E+00   6.2579736148E-04   2.2228634419E+00   2.3509143754E+00   1.6854983418E-03   2.2497397584E+00   2.3857751587E+00   1.9051564596E-03   2.3602623412E+00   2.4196389662E+00   2.0919776655E-03   2.2119979430E+00   2.3782608367E+00   1.5733048816E-03   3.4188470560E-04
   1   -72   0    0   2.8028725751E-01   7.9128622684E+00   2.5367784563E-04   2.0270405532E+00   2.3347034477E+00   2.0693936621E-04   2.1193310008E+00   2.3156184994E+00   6.2579130720E-04   2.2228058107E+00   2.3509504981E+00   1.6854820355E-03   2.2499417606E+00   2.3858880936E+00   1.9051531132E-03   2.3604109053E+00   2.4197831442E+00   2.0919897273E-03   2.2122130923E+00   2.3783772013E+00   1.5733021181E-03   3.4189237396E-04
   1   -73   0    0   2.7029979308E-01   7.9130292205E+00   2.5352728651E-04   2.0268536263E+00   2.3346996583E+00   2.0693770561E-04   2.1191106744E+00   2.3156193037E+00   6.2578514169E-04   2.2227470166E+00   2.3509873584E+00   1.6854654295E-03   2.2501477116E+00   2.3860032068E+00   1.9051497041E-03   2.3605623497E+00   2.4199301169E+00   2.0920020125E-03   2.2124321589E+00   2.3784957972E+00   1.5732993028E-03   3.4190019150E-04
   1   -74   0    0   2.6031281340E-01   7.9131993567E+00   2.5337404045E-04   2.0266630972E+00   2.3346958525E+00   2.0693601469E-04   2.1188860404E+00   2.3156201522E+00   6.2577886360E-04   2.2226870408E+00   2.3510249684E+00   1.6854485203E-03   2.2503576695E+00   2.3861205291E+00   1.9051462314E-03   2.3607167158E+00   2.4200799247E+00   2.0920145237E-03   2.2126551912E+00   2.3786166556E+00   1.5732964350E-03   3.4190816037E-04
   1   -75   0    0   2.5032633465E-01   7.9133727212E+00   2.5321807852E-04   2.0264689137E+00   2.3346920323E+00   2.0693429310E-04   2.1186570359E+00   2.3156210466E+00   6.2577247161E-04   2.2226258645E+00   2.3510633400E+00   1.6854313044E-03   2.2505716924E+00   2.3862400915E+00   1.9051426944E-03   2.3608740447E+00   2.4202326075E+00   2.0920272637E-03   2.2128822369E+00   2.3787398077E+00   1.5732935141E-03   3.4191628273E-04
   1   -76   0    0   2.4034037341E-01   7.9135493577E+00   2.5305937232E-04   2.0262710236E+00   2.3346881996E+00   2.0693254048E-04   2.1184235978E+00   2.3156219888E+00   6.2576596441E-04   2.2225634690E+00   2.3511024856E+00   1.6854137782E-03   2.2507898383E+00   2.3863619248E+00   1.9051390922E-03   2.3610343777E+00   2.4203882053E+00   2.0920402353E-03   2.2131133434E+00   2.3788652846E+00   1.5732905394E-03   3.4192456075E-04
   1   -77   0    0   2.3035494660E-01   7.9137293099E+00   2.5289789402E-04   2.0260693748E+00   2.3346843566E+00   2.0693075648E-04   2.1181856636E+00   2.3156229808E+00   6.2575934071E-04   2.2224998352E+00   2.3511424174E+00   1.6853959382E-03   2.2510121650E+00   2.3864860595E+00   1.9051354241E-03   2.3611977560E+00   2.4205467579E+00   2.0920534410E-03   2.2133485577E+00   2.3789931172E+00   1.5732875102E-03   3.4193299657E-04
   1   -78   0    0   2.2037007152E-01   7.9139126213E+00   2.5273361645E-04   2.0258639154E+00   2.3346805053E+00   2.0692894076E-04   2.1179431707E+00   2.3156240245E+00   6.2575259926E-04   2.2224349443E+00   2.3511831474E+00   1.6853777810E-03   2.2512387301E+00   2.3866125262E+00   1.9051316892E-03   2.3613642202E+00   2.4207083050E+00   2.0920668836E-03   2.2135879260E+00   2.3791233363E+00   1.5732844259E-03   3.4194159233E-04
   1   -79   0    0   2.1038576584E-01   7.9140993348E+00   2.5256651309E-04   2.0256545933E+00   2.3346766481E+00   2.0692709299E-04   2.1176960569E+00   2.3156251219E+00   6.2574573880E-04   2.2223687771E+00   2.3512246879E+00   1.6853593033E-03   2.2514695910E+00   2.3867413551E+00   1.9051278869E-03   2.3615338111E+00   2.4208728859E+00   2.0920805655E-03   2.2138314941E+00   2.3792559724E+00   1.5732812859E-03   3.4195035015E-04
   1   -80   0    0   2.0040204758E-01   7.9142894933E+00   2.5239655815E-04   2.0254413569E+00   2.3346727873E+00   2.0692521284E-04   2.1174442606E+00   2.3156262751E+00   6.2573875811E-04   2.2223013146E+00   2.3512670512E+00   1.6853405018E-03   2.2517048048E+00   2.3868725765E+00   1.9051240163E-03   2.3617065689E+00   2.4210405397E+00   2.0920944894E-03   2.2140793072E+00   2.3793910557E+00   1.5732780895E-03   3.4195927216E-04
   1   -81   0    0   1.9041893511E-01   7.9144831391E+00   2.5222372660E-04   2.0252241545E+00   2.3346689252E+00   2.0692329998E-04   2.1171877203E+00   2.3156274863E+00   6.2573165601E-04   2.2222325377E+00   2.3513102495E+00   1.6853213733E-03   2.2519444281E+00   2.3870062200E+00   1.9051200768E-03   2.3618825338E+00   2.4212113054E+00   2.0921086578E-03   2.2143314094E+00   2.3795286164E+00   1.5732748362E-03   3.4196836045E-04
   1   -82   0    0   1.8043644715E-01   7.9146803141E+00   2.5204799426E-04   2.0250029349E+00   2.3346650645E+00   2.0692135411E-04   2.1169263753E+00   2.3156287577E+00   6.2572443133E-04   2.2221624273E+00   2.3513542948E+00   1.6853019146E-03   2.2521885171E+00   2.3871423152E+00   1.9051160675E-03   2.3620617453E+00   2.4213852212E+00   2.0921230731E-03   2.2145878443E+00   2.3796686840E+00   1.5732715253E-03   3.4197761711E-04
   1   -83   0    0   1.7045460273E-01   7.9148810599E+00   2.5186933778E-04   2.0247776470E+00   2.3346612078E+00   2.0691937493E-04   2.1166601654E+00   2.3156300916E+00   6.2571708293E-04   2.2220909643E+00   2.3513991993E+00   1.6852821227E-03   2.2524371276E+00   2.3872808914E+00   1.9051119878E-03   2.3622442426E+00   2.4215623254E+00   2.0921377376E-03   2.2148486548E+00   2.3798112880E+00   1.5732681562E-03   3.4198704419E-04
   1   -84   0    0   1.6047342124E-01   7.9150854171E+00   2.5168773475E-04   2.0245482401E+00   2.3346573576E+00   2.0691736212E-04   2.1163890311E+00   2.3156314902E+00   6.2570960972E-04   2.2220181297E+00   2.3514449751E+00   1.6852619946E-03   2.2526903146E+00   2.3874219773E+00   1.9051078369E-03   2.3624300647E+00   2.4217426554E+00   2.0921526537E-03   2.2151138824E+00   2.3799564574E+00   1.5732647283E-03   3.4199664373E-04
   1   -85   0    0   1.5049292235E-01   7.9152934262E+00   2.5150316373E-04   2.0243146639E+00   2.3346535167E+00   2.0691531541E-04   2.1161129136E+00   2.3156329559E+00   6.2570201063E-04   2.2219439043E+00   2.3514916341E+00   1.6852415276E-03   2.2529481328E+00   2.3875656015E+00   1.9051036142E-03   2.3626192497E+00   2.4219262485E+00   2.0921678236E-03   2.2153835680E+00   2.3801042206E+00   1.5732612412E-03   3.4200641774E-04
   1   -86   0    0   1.4051312604E-01   7.9155051268E+00   2.5131560428E-04   2.0240768686E+00   2.3346496880E+00   2.0691323452E-04   2.1158317550E+00   2.3156344913E+00   6.2569428463E-04   2.2218682690E+00   2.3515391883E+00   1.6852207186E-03   2.2532106358E+00   2.3877117920E+00   1.9050993190E-03   2.3628118354E+00   2.4221131411E+00   2.0921832496E-03   2.2156577514E+00   2.3802546058E+00   1.5732576941E-03   3.4201636821E-04
   1   -87   0    0   1.3053405259E-01   7.9157205576E+00   2.5112503706E-04   2.0238348047E+00   2.3346458745E+00   2.0691111918E-04   2.1155454984E+00   2.3156360988E+00   6.2568643074E-04   2.2217912050E+00   2.3515876495E+00   1.6851995653E-03   2.2534778766E+00   2.3878605762E+00   1.9050949507E-03   2.3630078588E+00   2.4223033693E+00   2.0921989337E-03   2.2159364711E+00   2.3804076405E+00   1.5732540867E-03   3.4202649709E-04
   1   -88   0    0   1.2055572252E-01   7.9159397569E+00   2.5093144382E-04   2.0235884233E+00   2.3346420790E+00   2.0690896914E-04   2.1152540880E+00   2.3156377810E+00   6.2567844799E-04   2.2217126933E+00   2.3516370294E+00   1.6851780648E-03   2.2537499074E+00   2.3880119813E+00   1.9050905086E-03   2.3632073565E+00   2.4224969684E+00   2.0922148780E-03   2.2162197646E+00   2.3805633518E+00   1.5732504183E-03   3.4203680630E-04
   1   -89   0    0   1.1057815662E-01   7.9161627620E+00   2.5073480751E-04   2.0233376761E+00   2.3346383046E+00   2.0690678415E-04   2.1149574689E+00   2.3156395405E+00   6.2567033549E-04   2.2216327150E+00   2.3516873396E+00   1.6851562150E-03   2.2540267793E+00   2.3881660337E+00   1.9050859921E-03   2.3634103641E+00   2.4226939731E+00   2.0922310845E-03   2.2165076681E+00   2.3807217662E+00   1.5732466886E-03   3.4204729772E-04
   1   -90   0    0   1.0060137590E-01   7.9163896091E+00   2.5053511230E-04   2.0230825155E+00   2.3346345545E+00   2.0690456398E-04   2.1146555877E+00   2.3156413799E+00   6.2566209238E-04   2.2215512513E+00   2.3517385914E+00   1.6851340133E-03   2.2543085424E+00   2.3883227593E+00   1.9050814006E-03   2.3636169165E+00   2.4228944171E+00   2.0922475549E-03   2.2168002165E+00   2.3808829095E+00   1.5732428969E-03   3.4205797320E-04
   1   -91   0    0   9.0625401606E-02   7.9166203337E+00   2.5033234364E-04   2.0228228945E+00   2.3346308318E+00   2.0690230841E-04   2.1143483921E+00   2.3156433021E+00   6.2565371784E-04   2.2214682836E+00   2.3517907962E+00   1.6851114576E-03   2.2545952459E+00   2.3884821833E+00   1.9050767336E-03   2.3638270480E+00   2.4230983337E+00   2.0922642910E-03   2.2170974430E+00   2.3810468069E+00   1.5732390428E-03   3.4206883454E-04
   1   -92   0    0   8.0650255149E-02   7.9168549701E+00   2.5012648829E-04   2.0225587669E+00   2.3346271399E+00   2.0690001724E-04   2.1140358313E+00   2.3156453098E+00   6.2564521112E-04   2.2213837933E+00   2.3518439651E+00   1.6850885459E-03   2.2548869376E+00   2.3886443302E+00   1.9050719905E-03   2.3640407917E+00   2.4233057549E+00   2.0922812946E-03   2.2173993798E+00   2.3812134827E+00   1.5732351259E-03   3.4207988349E-04
   1   -93   0    0   7.0675958118E-02   7.9170935517E+00   2.4991753441E-04   2.0222900872E+00   2.3346234820E+00   2.0689769028E-04   2.1137178562E+00   2.3156474059E+00   6.2563657149E-04   2.2212977620E+00   2.3518981089E+00   1.6850652763E-03   2.2551836641E+00   2.3888092240E+00   1.9050671709E-03   2.3642581800E+00   2.4235167122E+00   2.0922985672E-03   2.2177060572E+00   2.3813829607E+00   1.5732311458E-03   3.4209112176E-04
   1   -94   0    0   6.0702532239E-02   7.9173361105E+00   2.4970547160E-04   2.0220168108E+00   2.3346198614E+00   2.0689532735E-04   2.1133944192E+00   2.3156495932E+00   6.2562779832E-04   2.2212101714E+00   2.3519532383E+00   1.6850416470E-03   2.2554854706E+00   2.3889768877E+00   1.9050622742E-03   2.3644792440E+00   2.4237312359E+00   2.0923161103E-03   2.2180175041E+00   2.3815552639E+00   1.5732271020E-03   3.4210255102E-04
   1   -95   0    0   5.0729999357E-02   7.9175826773E+00   2.4949029091E-04   2.0217388941E+00   2.3346162816E+00   2.0689292828E-04   2.1130654745E+00   2.3156518749E+00   6.2561889098E-04   2.2211210033E+00   2.3520093637E+00   1.6850176563E-03   2.2557924009E+00   2.3891473434E+00   1.9050573000E-03   2.3647040141E+00   2.4239493551E+00   2.0923339252E-03   2.2183337474E+00   2.3817304142E+00   1.5732229942E-03   3.4211417285E-04
   1   -96   0    0   4.0758381397E-02   7.9178332818E+00   2.4927198494E-04   2.0214562943E+00   2.3346127460E+00   2.0689049293E-04   2.1127309780E+00   2.3156542538E+00   6.2560984895E-04   2.2210302398E+00   2.3520664954E+00   1.6849933028E-03   2.2561044973E+00   2.3893206126E+00   1.9050522478E-03   2.3649325193E+00   2.4241710983E+00   2.0923520131E-03   2.2186548125E+00   2.3819084327E+00   1.5732188221E-03   3.4212598881E-04
   1   -97   0    0   3.0787700342E-02   7.9180879521E+00   2.4905054787E-04   2.0211689697E+00   2.3346092581E+00   2.0688802118E-04   2.1123908879E+00   2.3156567331E+00   6.2560067175E-04   2.2209378631E+00   2.3521246433E+00   1.6849685853E-03   2.2564218005E+00   2.3894967159E+00   1.9050471174E-03   2.3651647876E+00   2.4243964923E+00   2.0923703753E-03   2.2189807229E+00   2.3820893398E+00   1.5732145853E-03   3.4213800038E-04
   1   -98   0    0   2.0817978199E-02   7.9183467150E+00   2.4882597550E-04   2.0208768798E+00   2.3346058214E+00   2.0688551290E-04   2.1120451642E+00   2.3156593159E+00   6.2559135894E-04   2.2208438557E+00   2.3521838169E+00   1.6849435026E-03   2.2567443493E+00   2.3896756726E+00   1.9050419082E-03   2.3654008456E+00   2.4246255631E+00   2.0923890127E-03   2.2193115001E+00   2.3822731546E+00   1.5732102835E-03   3.4215020898E-04
   1   -99   0    0   1.0849236960E-02   7.9186095957E+00   2.4859826529E-04   2.0205799850E+00   2.3346024393E+00   2.0688296801E-04   2.1116937693E+00   2.3156620054E+00   6.2558191019E-04   2.2207482000E+00   2.3522440255E+00   1.6849180537E-03   2.2570721810E+00   2.3898575013E+00   1.9050366200E-03   2.3656407188E+00   2.4248583352E+00   2.0924079262E-03   2.2196471637E+00   2.3824598953E+00   1.5732059164E-03   3.4216261595E-04
   1  -100   0    0   8.8149857448E-04   7.9188766178E+00   2.4836741645E-04   2.0202782470E+00   2.3345991156E+00   2.0688038643E-04   2.1113366678E+00   2.3156648048E+00   6.2557232521E-04   2.2206508790E+00   2.3523052782E+00   1.6848922379E-03   2.2574053307E+00   2.3900422196E+00   1.9050312525E-03   2.3658844311E+00   2.4250948320E+00   2.0924271166E-03   2.2199877310E+00   2.3826495791E+00   1.5732014839E-03   3.4217522259E-04
   1  -101   0    0  -9.0852150938E-03   7.9191478033E+00   2.4813342991E-04   2.0199716289E+00   2.3345958535E+00   2.0687776810E-04   2.1109738268E+00   2.3156677174E+00   6.2556260377E-04   2.2205518758E+00   2.3523675836E+00   1.6848660545E-03   2.2577438318E+00   2.3902298438E+00   1.9050258055E-03   2.3661320051E+00   2.4253350752E+00   2.0924465844E-03   2.2203332174E+00   2.3828422219E+00   1.5731969856E-03   3.4218803010E-04
   1  -102   0    0  -1.9050882303E-02   7.9194231725E+00   2.4789630843E-04   2.0196600948E+00   2.3345926568E+00   2.0687511297E-04   2.1106052161E+00   2.3156707464E+00   6.2555274574E-04   2.2204511737E+00   2.3524309497E+00   1.6848395033E-03   2.2580877155E+00   2.3904203893E+00   1.9050202787E-03   2.3663834620E+00   2.4255790854E+00   2.0924663302E-03   2.2206836359E+00   2.3830378385E+00   1.5731924215E-03   3.4220103962E-04
   1  -103   0    0  -2.9015481475E-02   7.9197027439E+00   2.4765605658E-04   2.0193436106E+00   2.3345895289E+00   2.0687242104E-04   2.1102308078E+00   2.3156738953E+00   6.2554275103E-04   2.2203487564E+00   2.3524953846E+00   1.6848125839E-03   2.2584370107E+00   2.3906138700E+00   1.9050146719E-03   2.3666388213E+00   2.4258268815E+00   2.0924863542E-03   2.2210389974E+00   2.3832364427E+00   1.5731877914E-03   3.4221425218E-04
   1  -104   0    0  -3.8978991235E-02   7.9199865340E+00   2.4741268085E-04   2.0190221431E+00   2.3345864734E+00   2.0686969229E-04   2.1098505773E+00   2.3156771675E+00   6.2553261965E-04   2.2202446076E+00   2.3525608956E+00   1.6847852964E-03   2.2587917444E+00   2.3908102989E+00   1.9050089851E-03   2.3668981009E+00   2.4260784808E+00   2.0925066567E-03   2.2213993102E+00   2.3834380466E+00   1.5731830951E-03   3.4222766877E-04
   1  -105   0    0  -4.8941390458E-02   7.9202745576E+00   2.4716618959E-04   2.0186956610E+00   2.3345834936E+00   2.0686692675E-04   2.1094645024E+00   2.3156805664E+00   6.2552235168E-04   2.2201387116E+00   2.3526274896E+00   1.6847576411E-03   2.2591519408E+00   2.3910096875E+00   1.9050032181E-03   2.3671613172E+00   2.4263338992E+00   2.0925272376E-03   2.2217645803E+00   2.3836426614E+00   1.5731783326E-03   3.4224129026E-04
   1  -106   0    0  -5.8902658311E-02   7.9205668272E+00   2.4691659315E-04   2.0183641344E+00   2.3345805930E+00   2.0686412446E-04   2.1090725644E+00   2.3156840954E+00   6.2551194726E-04   2.2200310529E+00   2.3526951732E+00   1.6847296182E-03   2.2595176222E+00   2.3912120462E+00   1.9049973708E-03   2.3674284847E+00   2.4265931507E+00   2.0925480970E-03   2.2221348112E+00   2.3838502968E+00   1.5731735039E-03   3.4225511745E-04
   1  -107   0    0  -6.8862774300E-02   7.9208633535E+00   2.4666390382E-04   2.0180275349E+00   2.3345777751E+00   2.0686128549E-04   2.1086747474E+00   2.3156877581E+00   6.2550140663E-04   2.2199216164E+00   2.3527639523E+00   1.6847012285E-03   2.2598888078E+00   2.3914173839E+00   1.9049914433E-03   2.3676996163E+00   2.4268562477E+00   2.0925692344E-03   2.2225100037E+00   2.3840609610E+00   1.5731686088E-03   3.4226915103E-04
   1  -108   0    0  -7.8821718321E-02   7.9211641449E+00   2.4640813590E-04   2.0176858359E+00   2.3345750430E+00   2.0685840992E-04   2.1082710390E+00   2.3156915580E+00   6.2549073011E-04   2.2198103870E+00   2.3528338325E+00   1.6846724728E-03   2.2602655147E+00   2.3916257082E+00   1.9049854355E-03   2.3679747228E+00   2.4271232008E+00   2.0925906496E-03   2.2228901561E+00   2.3842746609E+00   1.5731636475E-03   3.4228339160E-04
   1  -109   0    0  -8.8779470702E-02   7.9214692076E+00   2.4614930573E-04   2.0173390125E+00   2.3345724001E+00   2.0685549785E-04   2.1078614300E+00   2.3156954986E+00   6.2547991809E-04   2.2196973505E+00   2.3529048188E+00   1.6846433521E-03   2.2606477570E+00   2.3918370251E+00   1.9049793476E-03   2.3682538134E+00   2.4273940188E+00   2.0926123418E-03   2.2232752639E+00   2.3844914019E+00   1.5731586201E-03   3.4229783968E-04
   1  -110   0    0  -9.8736012256E-02   7.9217785457E+00   2.4588743171E-04   2.0169870414E+00   2.3345698496E+00   2.0685254942E-04   2.1074459147E+00   2.3156995836E+00   6.2546897106E-04   2.2195824927E+00   2.3529769154E+00   1.6846138678E-03   2.2610355460E+00   2.3920513392E+00   1.9049731797E-03   2.3685368952E+00   2.4276687084E+00   2.0926343103E-03   2.2236653200E+00   2.3847111879E+00   1.5731535265E-03   3.4231249567E-04
   1  -111   0    0  -1.0869132433E-01   7.9220921608E+00   2.4562253429E-04   2.0166299013E+00   2.3345673944E+00   2.0684956477E-04   2.1070244912E+00   2.3157038165E+00   6.2545788957E-04   2.2194657997E+00   2.3530501263E+00   1.6845840213E-03   2.2614288905E+00   2.3922686537E+00   1.9049669319E-03   2.3688239732E+00   2.4279472747E+00   2.0926565542E-03   2.2240603141E+00   2.3849340211E+00   1.5731483670E-03   3.4232735986E-04
   1  -112   0    0  -1.1864538887E-01   7.9224100522E+00   2.4535463603E-04   2.0162675726E+00   2.3345650376E+00   2.0684654409E-04   2.1065971611E+00   2.3157082009E+00   6.2544667427E-04   2.2193472584E+00   2.3531244547E+00   1.6845538145E-03   2.2618277958E+00   2.3924889702E+00   1.9049606045E-03   2.3691150507E+00   2.4282297206E+00   2.0926790724E-03   2.2244602335E+00   2.3851599024E+00   1.5731431418E-03   3.4234243246E-04
   1  -113   0    0  -1.2859818845E-01   7.9227322166E+00   2.4508376158E-04   2.0159000378E+00   2.3345627820E+00   2.0684348756E-04   2.1061639299E+00   2.3157127404E+00   6.2543532591E-04   2.2192268557E+00   2.3531999032E+00   1.6845232493E-03   2.2622322647E+00   2.3927122885E+00   1.9049541977E-03   2.3694101285E+00   2.4285160470E+00   2.0927018636E-03   2.2248650623E+00   2.3853888307E+00   1.5731378509E-03   3.4235771353E-04
   1  -114   0    0  -1.3854970633E-01   7.9230586485E+00   2.4480993770E-04   2.0155272813E+00   2.3345606303E+00   2.0684039542E-04   2.1057248069E+00   2.3157174387E+00   6.2542384531E-04   2.2191045791E+00   2.3532764739E+00   1.6844923278E-03   2.2626422967E+00   2.3929386070E+00   1.9049477119E-03   2.3697092056E+00   2.4288062527E+00   2.0927249264E-03   2.2252747816E+00   2.3856208035E+00   1.5731324948E-03   3.4237320305E-04
   1  -115   0    0  -1.4849992652E-01   7.9233893395E+00   2.4453319329E-04   2.0151492893E+00   2.3345585851E+00   2.0683726791E-04   2.1052798054E+00   2.3157222994E+00   6.2541223338E-04   2.2189804166E+00   2.3533541679E+00   1.6844610527E-03   2.2630578879E+00   2.3931679225E+00   1.9049411473E-03   2.3700122785E+00   2.4291003344E+00   2.0927482591E-03   2.2256893696E+00   2.3858558166E+00   1.5731270737E-03   3.4238890088E-04
   1  -116   0    0  -1.5844883385E-01   7.9237242788E+00   2.4425355935E-04   2.0147660504E+00   2.3345566490E+00   2.0683410529E-04   2.1048289430E+00   2.3157273260E+00   6.2540049112E-04   2.2188543565E+00   2.3534329861E+00   1.6844294266E-03   2.2634790316E+00   2.3934002298E+00   1.9049345045E-03   2.3703193417E+00   2.4293982867E+00   2.0927718600E-03   2.2261088014E+00   2.3860938639E+00   1.5731215880E-03   3.4240480676E-04
   1  -117   0    0  -1.6839641396E-01   7.9240634529E+00   2.4397106902E-04   2.0143775552E+00   2.3345548240E+00   2.0683090787E-04   2.1043722412E+00   2.3157325222E+00   6.2538861962E-04   2.2187263878E+00   2.3535129283E+00   1.6843974523E-03   2.2639057176E+00   2.3936355222E+00   1.9049277838E-03   2.3706303874E+00   2.4297001019E+00   2.0927957270E-03   2.2265330488E+00   2.3863349376E+00   1.5731160379E-03   3.4242092030E-04
   1  -118   0    0  -1.7834265342E-01   7.9244068457E+00   2.4368575755E-04   2.0139837964E+00   2.3345531125E+00   2.0682767595E-04   2.1039097259E+00   2.3157378916E+00   6.2537662007E-04   2.2185964997E+00   2.3535939937E+00   1.6843651332E-03   2.2643379321E+00   2.3938737913E+00   1.9049209858E-03   2.3709454055E+00   2.4300057701E+00   2.0928198580E-03   2.2269620809E+00   2.3865790282E+00   1.5731104241E-03   3.4243724101E-04
   1  -119   0    0  -1.8828753976E-01   7.9247544383E+00   2.4339766231E-04   2.0135847688E+00   2.3345515162E+00   2.0682440989E-04   2.1034414272E+00   2.3157434377E+00   6.2536449372E-04   2.2184646820E+00   2.3536761810E+00   1.6843324726E-03   2.2647756584E+00   2.3941150268E+00   1.9049141110E-03   2.3712643833E+00   2.4303152792E+00   2.0928442507E-03   2.2273958632E+00   2.3868261244E+00   1.5731047468E-03   3.4245376825E-04
   1  -120   0    0  -1.9823106150E-01   7.9251062089E+00   2.4310682279E-04   2.0131804698E+00   2.3345500370E+00   2.0682111004E-04   2.1029673798E+00   2.3157491642E+00   6.2535224194E-04   2.2183309252E+00   2.3537594878E+00   1.6842994741E-03   2.2652188758E+00   2.3943592167E+00   1.9049071601E-03   2.3715873061E+00   2.4306286147E+00   2.0928689025E-03   2.2278343582E+00   2.3870762129E+00   1.5730990066E-03   3.4247050129E-04
   1  -121   0    0  -2.0817320823E-01   7.9254621330E+00   2.4281328053E-04   2.0127708987E+00   2.3345486763E+00   2.0681777680E-04   2.1024876226E+00   2.3157550744E+00   6.2533986618E-04   2.2181952201E+00   2.3538439113E+00   1.6842661417E-03   2.2656675604E+00   2.3946063470E+00   1.9049001338E-03   2.3719141567E+00   2.4309457597E+00   2.0928938108E-03   2.2282775251E+00   2.3873292786E+00   1.5730932042E-03   3.4248743924E-04
   1  -122   0    0  -2.1811397067E-01   7.9258221834E+00   2.4251707918E-04   2.0123560574E+00   2.3345474356E+00   2.0681441058E-04   2.1020021991E+00   2.3157611719E+00   6.2532736798E-04   2.2180575581E+00   2.3539294475E+00   1.6842324795E-03   2.2661216847E+00   2.3948564020E+00   1.9048930327E-03   2.3722449152E+00   2.4312666951E+00   2.0929189725E-03   2.2287253201E+00   2.3875853047E+00   1.5730873400E-03   3.4250458110E-04
   1  -123   0    0  -2.2805334067E-01   7.9261863298E+00   2.4221826443E-04   2.0119359501E+00   2.3345463159E+00   2.0681101183E-04   2.1015111574E+00   2.3157674601E+00   6.2531474896E-04   2.2179179313E+00   2.3540160920E+00   1.6841984920E-03   2.2665812175E+00   2.3951093642E+00   1.9048858575E-03   2.3725795597E+00   2.4315913994E+00   2.0929443848E-03   2.2291776958E+00   2.3878442724E+00   1.5730814146E-03   3.4252192574E-04
   1  -124   0    0  -2.3799131130E-01   7.9265545392E+00   2.4191688400E-04   2.0115105832E+00   2.3345453181E+00   2.0680758099E-04   2.1010145501E+00   2.3157739424E+00   6.2530201085E-04   2.2177763322E+00   2.3541038394E+00   1.6841641836E-03   2.2670461240E+00   2.3953652142E+00   1.9048786092E-03   2.3729180654E+00   2.4319198487E+00   2.0929700443E-03   2.2296346019E+00   2.3881061608E+00   1.5730754289E-03   3.4253947189E-04
   1  -125   0    0  -2.4792787689E-01   7.9269267757E+00   2.4161298762E-04   2.0110799660E+00   2.3345444430E+00   2.0680411856E-04   2.1005124345E+00   2.3157806222E+00   6.2528915543E-04   2.2176327541E+00   2.3541926835E+00   1.6841295593E-03   2.2675163658E+00   2.3956239306E+00   1.9048712887E-03   2.3732604052E+00   2.4322520165E+00   2.0929959477E-03   2.2300959846E+00   2.3883709474E+00   1.5730693835E-03   3.4255721816E-04
   1  -126   0    0  -2.5786303307E-01   7.9273030003E+00   2.4130662696E-04   2.0106441098E+00   2.3345436908E+00   2.0680062505E-04   2.1000048724E+00   2.3157875027E+00   6.2527618460E-04   2.2174871906E+00   2.3542826174E+00   1.6840946242E-03   2.2679919006E+00   2.3958854902E+00   1.9048638967E-03   2.3736065496E+00   2.4325878741E+00   2.0930220912E-03   2.2305617870E+00   2.3886386075E+00   1.5730632791E-03   3.4257516303E-04
   1  -127   0    0  -2.6779677681E-01   7.9276831713E+00   2.4099785568E-04   2.0102030288E+00   2.3345430618E+00   2.0679710098E-04   2.0994919303E+00   2.3157945871E+00   6.2526310035E-04   2.2173396364E+00   2.3543736334E+00   1.6840593836E-03   2.2684726827E+00   2.3961498679E+00   1.9048564344E-03   2.3739564665E+00   2.4329273904E+00   2.0930484712E-03   2.2310319488E+00   2.3889091148E+00   1.5730571166E-03   3.4259330483E-04
   1  -128   0    0  -2.7772910648E-01   7.9280672440E+00   2.4068672929E-04   2.0097567395E+00   2.3345425559E+00   2.0679354692E-04   2.0989736794E+00   2.3158018786E+00   6.2524990473E-04   2.2171900865E+00   2.3544657226E+00   1.6840238430E-03   2.2689586624E+00   2.3964170367E+00   1.9048489026E-03   2.3743101211E+00   2.4332705315E+00   2.0930750837E-03   2.2315064066E+00   2.3891824407E+00   1.5730508968E-03   3.4261164176E-04
   1  -129   0    0  -2.8766002184E-01   7.9284551708E+00   2.4037330522E-04   2.0093052611E+00   2.3345421728E+00   2.0678996345E-04   2.0984501955E+00   2.3158093802E+00   6.2523659988E-04   2.2170385367E+00   2.3545588758E+00   1.6839880082E-03   2.2694497864E+00   2.3966869676E+00   1.9048413026E-03   2.3746674764E+00   2.4336172614E+00   2.0931019245E-03   2.2319850938E+00   2.3894585550E+00   1.5730446206E-03   3.4263017191E-04
   1  -130   0    0  -2.9758952416E-01   7.9288469011E+00   2.4005764266E-04   2.0088486154E+00   2.3345419118E+00   2.0678635115E-04   2.0979215591E+00   2.3158170949E+00   6.2522318804E-04   2.2168849836E+00   2.3546530825E+00   1.6839518853E-03   2.2699459976E+00   2.3969596299E+00   1.9048336354E-03   2.3750284926E+00   2.4339675416E+00   2.0931289894E-03   2.2324679406E+00   2.3897374253E+00   1.5730382889E-03   3.4264889322E-04
   1  -131   0    0  -3.0751761617E-01   7.9292423815E+00   2.3973980263E-04   2.0083868268E+00   2.3345417721E+00   2.0678271067E-04   2.0973878552E+00   2.3158250256E+00   6.2520967152E-04   2.2167294244E+00   2.3547483316E+00   1.6839154804E-03   2.2704472353E+00   2.3972349909E+00   1.9048259022E-03   2.3753931275E+00   2.4343213310E+00   2.0931562740E-03   2.2329548739E+00   2.3900190173E+00   1.5730319027E-03   3.4266780349E-04
   1  -132   0    0  -3.1744430212E-01   7.9296415557E+00   2.3941984784E-04   2.0079199226E+00   2.3345417527E+00   2.0677904262E-04   2.0968491733E+00   2.3158331751E+00   6.2519605270E-04   2.2165718570E+00   2.3548446111E+00   1.6838788000E-03   2.2709534348E+00   2.3975130158E+00   1.9048181042E-03   2.3757613365E+00   2.4346785862E+00   2.0931837734E-03   2.2334458176E+00   2.3903032951E+00   1.5730254630E-03   3.4268690039E-04
   1  -133   0    0  -3.2736958785E-01   7.9300443644E+00   2.3909784270E-04   2.0074479325E+00   2.3345418520E+00   2.0677534770E-04   2.0963056077E+00   2.3158415460E+00   6.2518233405E-04   2.2164122804E+00   2.3549419083E+00   1.6838418508E-03   2.2714645280E+00   2.3977936683E+00   1.9048102427E-03   2.3761330722E+00   2.4350392613E+00   2.0932114831E-03   2.2339406925E+00   2.3905902204E+00   1.5730189709E-03   3.4270618147E-04
   1  -134   0    0  -3.3729348076E-01   7.9304507456E+00   2.3877385325E-04   2.0069708892E+00   2.3345420685E+00   2.0677162657E-04   2.0957572570E+00   2.3158501410E+00   6.2516851813E-04   2.2162506940E+00   2.3550402094E+00   1.6838046395E-03   2.2719804430E+00   2.3980769099E+00   1.9048023191E-03   2.3765082849E+00   2.4354033079E+00   2.0932393980E-03   2.2344394164E+00   2.3908797534E+00   1.5730124274E-03   3.4272564413E-04
   1  -135   0    0  -3.4721598984E-01   7.9308606345E+00   2.3844794710E-04   2.0064888280E+00   2.3345424002E+00   2.0676787994E-04   2.0952042241E+00   2.3158589625E+00   6.2515460755E-04   2.2160870983E+00   2.3551394998E+00   1.6837671733E-03   2.2725011040E+00   2.3983627004E+00   1.9047943346E-03   2.3768869225E+00   2.4357706754E+00   2.0932675130E-03   2.2349419039E+00   2.3911718522E+00   1.5730058337E-03   3.4274528566E-04
   1  -136   0    0  -3.5713712572E-01   7.9312739635E+00   2.3812019337E-04   2.0060017870E+00   2.3345428449E+00   2.0676410855E-04   2.0946466164E+00   2.3158680128E+00   6.2514060499E-04   2.2159214947E+00   2.3552397644E+00   1.6837294593E-03   2.2730264320E+00   2.3986509976E+00   1.9047862907E-03   2.3772689302E+00   2.4361413107E+00   2.0932958229E-03   2.2354480670E+00   2.3914664731E+00   1.5729991910E-03   3.4276510320E-04
   1  -137   0    0  -3.6705690067E-01   7.9316906620E+00   2.3779066266E-04   2.0055098072E+00   2.3345434003E+00   2.0676031313E-04   2.0940845455E+00   2.3158772942E+00   6.2512651324E-04   2.2157538852E+00   2.3553409869E+00   1.6836915051E-03   2.2735563441E+00   2.3989417578E+00   1.9047781889E-03   2.3776542510E+00   2.4365151583E+00   2.0933243222E-03   2.2359578145E+00   2.3917635705E+00   1.5729925004E-03   3.4278509377E-04
   1  -138   0    0  -3.7697532859E-01   7.9321106571E+00   2.3745942695E-04   2.0050129325E+00   2.3345440637E+00   2.0675649445E-04   2.0935181272E+00   2.3158868087E+00   6.2511233511E-04   2.2155842731E+00   2.3554431503E+00   1.6836533183E-03   2.2740907539E+00   2.3992349351E+00   1.9047700306E-03   2.3780428253E+00   2.4368921604E+00   2.0933530054E-03   2.2364710524E+00   2.3920630972E+00   1.5729857631E-03   3.4280525426E-04
   1  -139   0    0  -3.8689242505E-01   7.9325338730E+00   2.3712655958E-04   2.0045112094E+00   2.3345448320E+00   2.0675265328E-04   2.0929474814E+00   2.3158965583E+00   6.2509807352E-04   2.2154126622E+00   2.3555462369E+00   1.6836149067E-03   2.2746295715E+00   2.3995304820E+00   1.9047618174E-03   2.3784345912E+00   2.4372722570E+00   2.0933818669E-03   2.2369876841E+00   2.3923650038E+00   1.5729789805E-03   3.4282558144E-04
   1  -140   0    0  -3.9680820729E-01   7.9329602313E+00   2.3679213517E-04   2.0040046877E+00   2.3345457023E+00   2.0674879044E-04   2.0923727318E+00   2.3159065448E+00   6.2508373142E-04   2.2152390578E+00   2.3556502282E+00   1.6835762782E-03   2.2751727036E+00   2.3998283492E+00   1.9047535508E-03   2.3788294844E+00   2.4376553855E+00   2.0934109007E-03   2.2375076101E+00   2.3926692395E+00   1.5729721539E-03   3.4284607194E-04
   1  -141   0    0  -4.0672269420E-01   7.9333896511E+00   2.3645622955E-04   2.0034934198E+00   2.3345466710E+00   2.0674490672E-04   2.0917940061E+00   2.3159167697E+00   6.2506931184E-04   2.2150634659E+00   2.3557551048E+00   1.6835374411E-03   2.2757200535E+00   2.4001284858E+00   1.9047452326E-03   2.3792274385E+00   2.4380414813E+00   2.0934401008E-03   2.2380307286E+00   2.3929757515E+00   1.5729652846E-03   3.4286672229E-04
   1  -142   0    0  -4.1663590633E-01   7.9338220490E+00   2.3611891970E-04   2.0029774611E+00   2.3345477345E+00   2.0674100297E-04   2.0912114357E+00   2.3159272346E+00   6.2505481787E-04   2.2148858935E+00   2.3558608466E+00   1.6834984036E-03   2.2762715211E+00   2.4004308390E+00   1.9047368644E-03   2.3796283844E+00   2.4384304776E+00   2.0934694613E-03   2.2385569348E+00   2.3932844855E+00   1.5729583740E-03   3.4288752888E-04
   1  -143   0    0  -4.2654786591E-01   7.9342573393E+00   2.3578028370E-04   2.0024568699E+00   2.3345488891E+00   2.0673708003E-04   2.0906251554E+00   2.3159379407E+00   6.2504025266E-04   2.2147063488E+00   2.3559674327E+00   1.6834591742E-03   2.2768270030E+00   2.4007353545E+00   1.9047284478E-03   2.3800322511E+00   2.4388223054E+00   2.0934989759E-03   2.2390861219E+00   2.3935953853E+00   1.5729514235E-03   3.4290848799E-04
   1  -144   0    0  -4.3645859678E-01   7.9346954336E+00   2.3544040066E-04   2.0019317077E+00   2.3345501307E+00   2.0673313877E-04   2.0900353038E+00   2.3159488893E+00   6.2502561940E-04   2.2145248412E+00   2.3560748417E+00   1.6834197616E-03   2.2773863928E+00   2.4010419761E+00   1.9047199847E-03   2.3804389653E+00   2.4392168934E+00   2.0935286382E-03   2.2396181803E+00   2.3939083932E+00   1.5729444345E-03   3.4292959578E-04
   1  -145   0    0  -4.4636812444E-01   7.9351362416E+00   2.3509935063E-04   2.0014020389E+00   2.3345514551E+00   2.0672918005E-04   2.0894420224E+00   2.3159600813E+00   6.2501092136E-04   2.2143413810E+00   2.3561830513E+00   1.6833801744E-03   2.2779495809E+00   2.4013506463E+00   1.9047114767E-03   2.3808484515E+00   2.4396141685E+00   2.0935584417E-03   2.2401529984E+00   2.3942234498E+00   1.5729374085E-03   3.4295084830E-04
   1  -146   0    0  -4.5627647599E-01   7.9355796704E+00   2.3475721456E-04   2.0008679306E+00   2.3345528579E+00   2.0672520478E-04   2.0888454560E+00   2.3159715175E+00   6.2499616183E-04   2.2141559800E+00   2.3562920384E+00   1.6833404217E-03   2.2785164544E+00   2.4016613058E+00   1.9047029258E-03   2.3812606321E+00   2.4400140552E+00   2.0935883800E-03   2.2406904623E+00   2.3945404943E+00   1.5729303471E-03   3.4297224148E-04
   1  -147   0    0  -4.6618368014E-01   7.9360256253E+00   2.3441407424E-04   2.0003294534E+00   2.3345543346E+00   2.0672121385E-04   2.0882457525E+00   2.3159831984E+00   6.2498134418E-04   2.2139686509E+00   2.3564017796E+00   1.6833005124E-03   2.2790868980E+00   2.4019738940E+00   1.9046943337E-03   2.3816754275E+00   2.4404164762E+00   2.0936184463E-03   2.2412304559E+00   2.3948594641E+00   1.5729232516E-03   3.4299377116E-04
   1  -148   0    0  -4.7608976714E-01   7.9364740093E+00   2.3407001220E-04   1.9997866805E+00   2.3345558805E+00   2.0671720818E-04   2.0876430625E+00   2.3159951246E+00   6.2496647179E-04   2.2137794079E+00   2.3565122504E+00   1.6832604557E-03   2.2796607930E+00   2.4022883485E+00   1.9046857024E-03   2.3820927561E+00   2.4408213523E+00   2.0936486338E-03   2.2417728613E+00   2.3951802954E+00   1.5729161238E-03   3.4301543306E-04
   1  -149   0    0  -4.8599476880E-01   7.9369247235E+00   2.3372511167E-04   1.9992396885E+00   2.3345574908E+00   2.0671318869E-04   2.0870375391E+00   2.3160072961E+00   6.2495154811E-04   2.2135882662E+00   2.3566234262E+00   1.6832202609E-03   2.2802380183E+00   2.4026046058E+00   1.9046770338E-03   2.3825125341E+00   2.4412286024E+00   2.0936789357E-03   2.2423175584E+00   2.3955029227E+00   1.5729089651E-03   3.4303722280E-04
   1  -150   0    0  -4.9589871844E-01   7.9373776670E+00   2.3337945650E-04   1.9986885569E+00   2.3345591604E+00   2.0670915633E-04   2.0864293381E+00   2.3160197132E+00   6.2493657663E-04   2.2133952426E+00   2.3567352813E+00   1.6831799372E-03   2.2808184499E+00   2.4029226007E+00   1.9046683298E-03   2.3829346760E+00   2.4416381433E+00   2.0937093450E-03   2.2428644255E+00   2.3958272793E+00   1.5729017772E-03   3.4305913589E-04
   1  -151   0    0  -5.0580165085E-01   7.9378327374E+00   2.3303313110E-04   1.9981333681E+00   2.3345608845E+00   2.0670511204E-04   2.0858186175E+00   2.3160323754E+00   6.2492156087E-04   2.2132003551E+00   2.3568477899E+00   1.6831394944E-03   2.2814019615E+00   2.4032422668E+00   1.9046595923E-03   2.3833590946E+00   2.4420498904E+00   2.0937398547E-03   2.2434133392E+00   2.3961532971E+00   1.5728945617E-03   3.4308116776E-04
   1  -152   0    0  -5.1570360225E-01   7.9382898302E+00   2.3268622038E-04   1.9975742078E+00   2.3345626579E+00   2.0670105678E-04   2.0852055373E+00   2.3160452826E+00   6.2490650437E-04   2.2130036230E+00   2.3569609252E+00   1.6830989418E-03   2.2819884240E+00   2.4035635364E+00   1.9046508235E-03   2.3837857007E+00   2.4424637570E+00   2.0937704576E-03   2.2439641743E+00   2.3964809066E+00   1.5728873202E-03   3.4310331374E-04
   1  -153   0    0  -5.2560461025E-01   7.9387488394E+00   2.3233880966E-04   1.9970111647E+00   2.3345644754E+00   2.0669699152E-04   2.0845902595E+00   2.3160584340E+00   6.2489141074E-04   2.2128050672E+00   2.3570746602E+00   1.6830582892E-03   2.2825777062E+00   2.4038863405E+00   1.9046420252E-03   2.3842144033E+00   2.4428796550E+00   2.0938011465E-03   2.2445168042E+00   2.3968100370E+00   1.5728800545E-03   3.4312556907E-04
   1  -154   0    0  -5.3550471382E-01   7.9392096575E+00   2.3199098461E-04   1.9964443305E+00   2.3345663317E+00   2.0669291723E-04   2.0839729478E+00   2.3160718290E+00   6.2487628359E-04   2.2126047099E+00   2.3571889673E+00   1.6830175463E-03   2.2831696745E+00   2.4042106088E+00   1.9046331997E-03   2.3846451100E+00   2.4432974946E+00   2.0938319142E-03   2.2450711009E+00   2.3971406167E+00   1.5728727662E-03   3.4314792890E-04
   1  -155   0    0  -5.4540395321E-01   7.9396721755E+00   2.3164283121E-04   1.9958737998E+00   2.3345682217E+00   2.0668883489E-04   2.0833537674E+00   2.3160854664E+00   6.2486112656E-04   2.2124025748E+00   2.3573038186E+00   1.6829767229E-03   2.2837641934E+00   2.4045362700E+00   1.9046243488E-03   2.3850777266E+00   2.4437171845E+00   2.0938627532E-03   2.2456269350E+00   2.3974725724E+00   1.5728654571E-03   3.4317038830E-04
   1  -156   0    0  -5.5530236993E-01   7.9401362832E+00   2.3129443564E-04   1.9952996706E+00   2.3345701401E+00   2.0668474550E-04   2.0827328850E+00   2.3160993450E+00   6.2484594332E-04   2.2121986869E+00   2.3574191856E+00   1.6829358290E-03   2.2843611250E+00   2.4048632516E+00   1.9046154748E-03   2.3855121576E+00   2.4441386317E+00   2.0938936563E-03   2.2461841762E+00   2.3978058301E+00   1.5728581288E-03   3.4319294225E-04
   1  -157   0    0  -5.6520000668E-01   7.9406018690E+00   2.3094588425E-04   1.9947220436E+00   2.3345720817E+00   2.0668065004E-04   2.0821104681E+00   2.3161134634E+00   6.2483073758E-04   2.2119930731E+00   2.3575350393E+00   1.6828948744E-03   2.2849603299E+00   2.4051914801E+00   1.9046065797E-03   2.3859483057E+00   2.4445617422E+00   2.0939246158E-03   2.2467426928E+00   2.3981403146E+00   1.5728507831E-03   3.4321558569E-04
   1  -158   0    0  -5.7509690729E-01   7.9410688201E+00   2.3059726348E-04   1.9941410227E+00   2.3345740411E+00   2.0667654952E-04   2.0814866855E+00   2.3161278198E+00   6.2481551303E-04   2.2117857613E+00   2.3576513506E+00   1.6828538692E-03   2.2855616666E+00   2.4055208809E+00   1.9045976658E-03   2.3863860725E+00   2.4449864202E+00   2.0939556244E-03   2.2473023524E+00   2.3984759498E+00   1.5728434219E-03   3.4323831344E-04
   1  -159   0    0  -5.8499311667E-01   7.9415370227E+00   2.3024865977E-04   1.9935567147E+00   2.3345760131E+00   2.0667244494E-04   2.0808617065E+00   2.3161424125E+00   6.2480027341E-04   2.2115767814E+00   2.3577680900E+00   1.6828128234E-03   2.2861649921E+00   2.4058513785E+00   1.9045887351E-03   2.3868253581E+00   2.4454125689E+00   2.0939866745E-03   2.2478630215E+00   2.3988126586E+00   1.5728360468E-03   3.4326112028E-04
   1  -160   0    0  -5.9488868075E-01   7.9420063622E+00   2.2990015954E-04   1.9929692292E+00   2.3345779928E+00   2.0666833730E-04   2.0802357011E+00   2.3161572392E+00   6.2478502246E-04   2.2113661646E+00   2.3578852275E+00   1.6827717471E-03   2.2867701618E+00   2.4061828965E+00   1.9045797898E-03   2.3872660616E+00   2.4458400904E+00   2.0940177584E-03   2.2484245659E+00   2.3991503630E+00   1.5728286596E-03   3.4328400092E-04
   1  -161   0    0  -6.0478364640E-01   7.9424767230E+00   2.2955184909E-04   1.9923786791E+00   2.3345799749E+00   2.0666422763E-04   2.0796088397E+00   2.3161722977E+00   6.2476976393E-04   2.2111539438E+00   2.3580027330E+00   1.6827306504E-03   2.2873770297E+00   2.4065153577E+00   1.9045708320E-03   2.3877080807E+00   2.4462688853E+00   2.0940488685E-03   2.2489868511E+00   2.3994889844E+00   1.5728212622E-03   3.4330695002E-04
   1  -162   0    0  -6.1467806136E-01   7.9429479888E+00   2.2920381454E-04   1.9917851798E+00   2.3345819546E+00   2.0666011693E-04   2.0789812927E+00   2.3161875853E+00   6.2475450159E-04   2.2109401533E+00   2.3581205762E+00   1.6826895434E-03   2.2879854485E+00   2.4068486843E+00   1.9045618641E-03   2.3881513121E+00   2.4466988535E+00   2.0940799973E-03   2.2495497416E+00   2.3998284431E+00   1.5728138563E-03   3.4332996216E-04
   1  -163   0    0  -6.2457197422E-01   7.9434200425E+00   2.2885614177E-04   1.9911888498E+00   2.3345839269E+00   2.0665600621E-04   2.0783532306E+00   2.3162030992E+00   6.2473923919E-04   2.2107248292E+00   2.3582387264E+00   1.6826484362E-03   2.2885952697E+00   2.4071827973E+00   1.9045528882E-03   2.3885956515E+00   2.4471298938E+00   2.0941111370E-03   2.2501131018E+00   2.4001686591E+00   1.5728064439E-03   3.4335303190E-04
   1  -164   0    0  -6.3446543427E-01   7.9438927668E+00   2.2850891636E-04   1.9905898102E+00   2.3345858871E+00   2.0665189650E-04   2.0777248237E+00   2.3162188365E+00   6.2472398051E-04   2.2105080089E+00   2.3583571528E+00   1.6826073391E-03   2.2892063437E+00   2.4075176177E+00   1.9045439065E-03   2.3890409936E+00   2.4475619040E+00   2.0941422799E-03   2.2506767958E+00   2.4005095515E+00   1.5727990267E-03   3.4337615373E-04
   1  -165   0    0  -6.4435849150E-01   7.9443660435E+00   2.2816222349E-04   1.9899881850E+00   2.3345878306E+00   2.0664778880E-04   2.0770962421E+00   2.3162347939E+00   6.2470872930E-04   2.2102897316E+00   2.3584758245E+00   1.6825662621E-03   2.2898185202E+00   2.4078530653E+00   1.9045349212E-03   2.3894872324E+00   2.4479947812E+00   2.0941734184E-03   2.2512406874E+00   2.4008510390E+00   1.5727916065E-03   3.4339932210E-04
   1  -166   0    0  -6.5425119649E-01   7.9448397546E+00   2.2781614794E-04   1.9893841008E+00   2.3345897529E+00   2.0664368412E-04   2.0764676549E+00   2.3162509680E+00   6.2469348935E-04   2.2100700380E+00   2.3585947105E+00   1.6825252154E-03   2.2904316479E+00   2.4081890597E+00   1.9045259345E-03   2.3899342609E+00   2.4484284218E+00   2.0942045448E-03   2.2518046403E+00   2.4011930397E+00   1.5727841852E-03   3.4342253143E-04
   1  -167   0    0  -6.6414360033E-01   7.9453137815E+00   2.2747077396E-04   1.9887776867E+00   2.3345916497E+00   2.0663958349E-04   2.0758392310E+00   2.3162673550E+00   6.2467826439E-04   2.2098489705E+00   2.3587137795E+00   1.6824842090E-03   2.2910455750E+00   2.4085255201E+00   1.9045169488E-03   2.3903819718E+00   2.4488627213E+00   2.0942356512E-03   2.2523685185E+00   2.4015354713E+00   1.5727767647E-03   3.4344577610E-04
   1  -168   0    0  -6.7403575456E-01   7.9457880054E+00   2.2712618522E-04   1.9881690746E+00   2.3345935169E+00   2.0663548791E-04   2.0752111379E+00   2.3162839511E+00   6.2466305818E-04   2.2096265727E+00   2.3588330003E+00   1.6824432532E-03   2.2916601490E+00   2.4088623651E+00   1.9045079662E-03   2.3908302567E+00   2.4492975749E+00   2.0942667302E-03   2.2529321858E+00   2.4018782511E+00   1.5727693467E-03   3.4346905046E-04
   1  -169   0    0  -6.8392771110E-01   7.9462623079E+00   2.2678246479E-04   1.9875583987E+00   2.3345953504E+00   2.0663139838E-04   2.0745835425E+00   2.3163007521E+00   6.2464787446E-04   2.2094028900E+00   2.3589523417E+00   1.6824023580E-03   2.2922752171E+00   2.4091995131E+00   1.9044989890E-03   2.3912790071E+00   2.4497328772E+00   2.0942977739E-03   2.2534955065E+00   2.4022212963E+00   1.5727619332E-03   3.4349234883E-04
   1  -170   0    0  -6.9381952214E-01   7.9467365703E+00   2.2643969502E-04   1.9869457955E+00   2.3345971466E+00   2.0662731591E-04   2.0739566102E+00   2.3163177538E+00   6.2463271694E-04   2.2091779694E+00   2.3590717724E+00   1.6823615333E-03   2.2928906262E+00   2.4095368821E+00   1.9044900193E-03   2.3917281138E+00   2.4501685223E+00   2.0943287748E-03   2.2540583453E+00   2.4025645235E+00   1.5727545259E-03   3.4351566553E-04
   1  -171   0    0  -7.0371124008E-01   7.9472106742E+00   2.2609795749E-04   1.9863314039E+00   2.3345989017E+00   2.0662324150E-04   2.0733305051E+00   2.3163349517E+00   6.2461758932E-04   2.2089518591E+00   2.3591912612E+00   1.6823207892E-03   2.2935062231E+00   2.4098743900E+00   1.9044810595E-03   2.3921774675E+00   2.4506044042E+00   2.0943597252E-03   2.2546205671E+00   2.4029078495E+00   1.5727471268E-03   3.4353899485E-04
   1  -172   0    0  -7.1360291746E-01   7.9476845015E+00   2.2575733298E-04   1.9857153650E+00   2.3346006125E+00   2.0661917613E-04   2.0727053896E+00   2.3163523410E+00   6.2460249529E-04   2.2087246089E+00   2.3593107768E+00   1.6822801355E-03   2.2941218546E+00   2.4102119547E+00   1.9044721118E-03   2.3926269586E+00   2.4510404164E+00   2.0943906175E-03   2.2551820378E+00   2.4032511908E+00   1.5727397376E-03   3.4356233106E-04
   1  -173   0    0  -7.2349460685E-01   7.9481579344E+00   2.2541790134E-04   1.9850978218E+00   2.3346022758E+00   2.0661512079E-04   2.0720814248E+00   2.3163699168E+00   6.2458743850E-04   2.2084962701E+00   2.3594302882E+00   1.6822395821E-03   2.2947373676E+00   2.4105494937E+00   1.9044631783E-03   2.3930764770E+00   2.4514764524E+00   2.0944214442E-03   2.2557426237E+00   2.4035944639E+00   1.5727323603E-03   3.4358566843E-04
   1  -174   0    0  -7.3338636080E-01   7.9486308557E+00   2.2507974152E-04   1.9844789196E+00   2.3346038887E+00   2.0661107646E-04   2.0714587697E+00   2.3163876740E+00   6.2457242257E-04   2.2082668952E+00   2.3595497643E+00   1.6821991388E-03   2.2953526091E+00   2.4108869248E+00   1.9044542613E-03   2.3935259131E+00   2.4519124057E+00   2.0944521977E-03   2.2563021919E+00   2.4039375853E+00   1.5727249965E-03   3.4360900125E-04
   1  -175   0    0  -7.4327823174E-01   7.9491031488E+00   2.2474293141E-04   1.9838588052E+00   2.3346054483E+00   2.0660704410E-04   2.0708375813E+00   2.3164056072E+00   6.2455745111E-04   2.2080365382E+00   2.3596691743E+00   1.6821588152E-03   2.2959674269E+00   2.4112241658E+00   1.9044453630E-03   2.3939751569E+00   2.4523481696E+00   2.0944828707E-03   2.2568606106E+00   2.4042804717E+00   1.5727176481E-03   3.4363232378E-04
   1  -176   0    0  -7.5317027192E-01   7.9495746976E+00   2.2440754785E-04   1.9832376274E+00   2.3346069523E+00   2.0660302468E-04   2.0702180147E+00   2.3164237112E+00   6.2454252767E-04   2.2078052543E+00   2.3597884874E+00   1.6821186210E-03   2.2965816688E+00   2.4115611344E+00   1.9044364856E-03   2.3944240988E+00   2.4527836377E+00   2.0945134556E-03   2.2574177490E+00   2.4046230400E+00   1.5727103170E-03   3.4365563031E-04
   1  -177   0    0  -7.6306253331E-01   7.9500453870E+00   2.2407366654E-04   1.9826155364E+00   2.3346083983E+00   2.0659901914E-04   2.0696002227E+00   2.3164419801E+00   6.2452765579E-04   2.2075731000E+00   2.3599076731E+00   1.6820785657E-03   2.2971951836E+00   2.4118977489E+00   1.9044276312E-03   2.3948726290E+00   2.4532187039E+00   2.0945439453E-03   2.2579734772E+00   2.4049652073E+00   1.5727030050E-03   3.4367891513E-04
   1  -178   0    0  -7.7295506750E-01   7.9505151026E+00   2.2374136196E-04   1.9819926840E+00   2.3346097842E+00   2.0659502843E-04   2.0689843559E+00   2.3164604081E+00   6.2451283895E-04   2.2073401330E+00   2.3600267012E+00   1.6820386586E-03   2.2978078206E+00   2.4122339276E+00   1.9044188020E-03   2.3953206385E+00   2.4536532620E+00   2.0945743324E-03   2.2585276666E+00   2.4053068908E+00   1.5726957137E-03   3.4370217257E-04
   1  -179   0    0  -7.8284792570E-01   7.9509837309E+00   2.2341070738E-04   1.9813692234E+00   2.3346111083E+00   2.0659105347E-04   2.0683705624E+00   2.3164789893E+00   6.2449808060E-04   2.2071064121E+00   2.3601455414E+00   1.6819989090E-03   2.2984194303E+00   2.4125695893E+00   1.9044100002E-03   2.3957680184E+00   2.4540872067E+00   2.0946046097E-03   2.2590801901E+00   2.4056480085E+00   1.5726884450E-03   3.4372539695E-04
   1  -180   0    0  -7.9274115856E-01   7.9514511598E+00   2.2308177471E-04   1.9807453087E+00   2.3346123690E+00   2.0658709518E-04   2.0677589876E+00   2.3164977176E+00   6.2448338413E-04   2.2068719971E+00   2.3602641641E+00   1.6819593261E-03   2.2990298639E+00   2.4129046531E+00   1.9044012278E-03   2.3962146604E+00   2.4545204329E+00   2.0946347702E-03   2.2596309219E+00   2.4059884785E+00   1.5726812006E-03   3.4374858264E-04
   1  -181   0    0  -8.0263481617E-01   7.9519172780E+00   2.2275463452E-04   1.9801210953E+00   2.3346135648E+00   2.0658315447E-04   2.0671497745E+00   2.3165165867E+00   6.2446875291E-04   2.2066369490E+00   2.3603825396E+00   1.6819199189E-03   2.2996389739E+00   2.4132390385E+00   1.9043924869E-03   2.3966604567E+00   2.4549528359E+00   2.0946648069E-03   2.2601797376E+00   2.4063282197E+00   1.5726739823E-03   3.4377172404E-04
   1  -182   0    0  -8.1252894796E-01   7.9523819756E+00   2.2242935594E-04   1.9794967395E+00   2.3346146946E+00   2.0657923221E-04   2.0665430633E+00   2.3165355902E+00   6.2445419022E-04   2.2064013295E+00   2.3605006388E+00   1.6818806963E-03   2.3002466141E+00   2.4135726659E+00   1.9043837797E-03   2.3971053002E+00   2.4553843120E+00   2.0946947128E-03   2.2607265146E+00   2.4066671513E+00   1.5726667918E-03   3.4379481557E-04
   1  -183   0    0  -8.2242360261E-01   7.9528451441E+00   2.2210600665E-04   1.9788723981E+00   2.3346157575E+00   2.0657532928E-04   2.0659389913E+00   2.3165547214E+00   6.2443969932E-04   2.2061652014E+00   2.3606184327E+00   1.6818416671E-03   2.3008526396E+00   2.4139054560E+00   1.9043751081E-03   2.3975490846E+00   2.4558147581E+00   2.0947244811E-03   2.2612711319E+00   2.4070051934E+00   1.5726596306E-03   3.4381785173E-04
   1  -184   0    0  -8.3231882801E-01   7.9533066761E+00   2.2178465276E-04   1.9782482286E+00   2.3346167527E+00   2.0657144655E-04   2.0653376931E+00   2.3165739739E+00   6.2442528339E-04   2.2059286281E+00   2.3607358928E+00   1.6818028398E-03   2.3014569070E+00   2.4142373303E+00   1.9043664742E-03   2.3979917044E+00   2.4562440719E+00   2.0947541052E-03   2.2618134703E+00   2.4073422668E+00   1.5726525007E-03   3.4384082703E-04
   1  -185   0    0  -8.4221467116E-01   7.9537664661E+00   2.2146535882E-04   1.9776243891E+00   2.3346176797E+00   2.0656758486E-04   2.0647393000E+00   2.3165933407E+00   6.2441094557E-04   2.2056916739E+00   2.3608529910E+00   1.6817642229E-03   2.3020592745E+00   2.4145682110E+00   1.9043578800E-03   2.3984330553E+00   2.4566721521E+00   2.0947835784E-03   2.2623534125E+00   2.4076782929E+00   1.5726454034E-03   3.4386373603E-04
   1  -186   0    0  -8.5211117813E-01   7.9542244099E+00   2.2114818776E-04   1.9770010375E+00   2.3346185382E+00   2.0656374503E-04   2.0641439407E+00   2.3166128151E+00   6.2439668893E-04   2.2054544037E+00   2.3609696994E+00   1.6817258246E-03   2.3026596021E+00   2.4148980213E+00   1.9043493274E-03   2.3988730336E+00   2.4570988984E+00   2.0948128943E-03   2.2628908431E+00   2.4080131942E+00   1.5726383405E-03   3.4388657338E-04
   1  -187   0    0  -8.6200839395E-01   7.9546804051E+00   2.2083320082E-04   1.9763783322E+00   2.3346193281E+00   2.0655992787E-04   2.0635517403E+00   2.3166323900E+00   6.2438251646E-04   2.2052168828E+00   2.3610859907E+00   1.6816876530E-03   2.3032577515E+00   2.4152266850E+00   1.9043408183E-03   2.3993115370E+00   2.4575242115E+00   2.0948420466E-03   2.2634256490E+00   2.4083468940E+00   1.5726313136E-03   3.4390933376E-04
   1  -188   0    0  -8.7190636261E-01   7.9551343510E+00   2.2052045753E-04   1.9757564312E+00   2.3346200494E+00   2.0655613417E-04   2.0629628210E+00   2.3166520584E+00   6.2436843110E-04   2.2049791771E+00   2.3612018379E+00   1.6816497161E-03   2.3038535866E+00   2.4155541271E+00   1.9043323546E-03   2.3997484646E+00   2.4579479935E+00   2.0948710290E-03   2.2639577189E+00   2.4086793167E+00   1.5726243242E-03   3.4393201192E-04
   1  -189   0    0  -8.8180512694E-01   7.9555861487E+00   2.2021001565E-04   1.9751354924E+00   2.3346207025E+00   2.0655236471E-04   2.0623773019E+00   2.3166718132E+00   6.2435443573E-04   2.2047413530E+00   2.3613172146E+00   1.6816120215E-03   2.3044469731E+00   2.4158802734E+00   1.9043239383E-03   2.4001837164E+00   2.4583701474E+00   2.0948998354E-03   2.2644869439E+00   2.4090103875E+00   1.5726173739E-03   3.4395460270E-04
   1  -190   0    0  -8.9170472860E-01   7.9560357010E+00   2.1990193114E-04   1.9745156731E+00   2.3346212876E+00   2.0654862024E-04   2.0617952985E+00   2.3166916472E+00   6.2434053312E-04   2.2045034772E+00   2.3614320948E+00   1.6815745767E-03   2.3050377790E+00   2.4162050511E+00   1.9043155710E-03   2.4006171941E+00   2.4587905781E+00   2.0949284601E-03   2.2650132174E+00   2.4093400331E+00   1.5726104640E-03   3.4397710098E-04
   1  -191   0    0  -9.0160520799E-01   7.9564829131E+00   2.1959625813E-04   1.9738971302E+00   2.3346218054E+00   2.0654490148E-04   2.0612169232E+00   2.3167115532E+00   6.2432672602E-04   2.2042656163E+00   2.3615464528E+00   1.6815373892E-03   2.3056258745E+00   2.4165283881E+00   1.9043072545E-03   2.4010488007E+00   2.4592091914E+00   2.0949568971E-03   2.2655364351E+00   2.4096681810E+00   1.5726035962E-03   3.4399950174E-04
   1  -192   0    0  -9.1150660420E-01   7.9569276918E+00   2.1929304887E-04   1.9732800195E+00   2.3346222567E+00   2.0654120916E-04   2.0606422850E+00   2.3167315237E+00   6.2431301705E-04   2.2040278374E+00   2.3616602638E+00   1.6815004660E-03   2.3062111323E+00   2.4168502139E+00   1.9042989907E-03   2.4014784409E+00   2.4596258948E+00   2.0949851408E-03   2.2660564952E+00   2.4099947602E+00   1.5725967718E-03   3.4402180005E-04
   1  -193   0    0  -9.2140895501E-01   7.9573699461E+00   2.1899235370E-04   1.9726644961E+00   2.3346226423E+00   2.0653754396E-04   2.0600714894E+00   2.3167515517E+00   6.2429940878E-04   2.2037902076E+00   2.3617735031E+00   1.6814638140E-03   2.3067934273E+00   2.4171704591E+00   1.9042907811E-03   2.4019060209E+00   2.4600405976E+00   2.0950131858E-03   2.2665732983E+00   2.4103197009E+00   1.5725899922E-03   3.4404399103E-04
   1  -194   0    0  -9.3131229676E-01   7.9578095874E+00   2.1869422105E-04   1.9720507138E+00   2.3346229632E+00   2.0653390656E-04   2.0595046386E+00   2.3167716296E+00   6.2428590371E-04   2.2035527939E+00   2.3618861469E+00   1.6814274400E-03   2.3073726371E+00   2.4174890555E+00   1.9042826274E-03   2.4023314487E+00   2.4604532106E+00   2.0950410267E-03   2.2670867477E+00   2.4106429346E+00   1.5725832588E-03   3.4406606994E-04
   1  -195   0    0  -9.4121666440E-01   7.9582465288E+00   2.1839869735E-04   1.9714388251E+00   2.3346232207E+00   2.0653029759E-04   2.0589418312E+00   2.3167917501E+00   6.2427250422E-04   2.2033156630E+00   2.3619981716E+00   1.6813913503E-03   2.3079486420E+00   2.4178059363E+00   1.9042745313E-03   2.4027546340E+00   2.4608636461E+00   2.0950686584E-03   2.2675967492E+00   2.4109643943E+00   1.5725765729E-03   3.4408803210E-04
   1  -196   0    0  -9.5112209138E-01   7.9586806861E+00   2.1810582708E-04   1.9708289811E+00   2.3346234159E+00   2.0652671769E-04   2.0583831625E+00   2.3168119059E+00   6.2425921265E-04   2.2030788818E+00   2.3621095545E+00   1.6813555513E-03   2.3085213250E+00   2.4181210364E+00   1.9042664942E-03   2.4031754886E+00   2.4612718187E+00   2.0950960759E-03   2.2681032114E+00   2.4112840144E+00   1.5725699357E-03   3.4410987293E-04
   1  -197   0    0  -9.6102860965E-01   7.9591119773E+00   2.1781565271E-04   1.9702213313E+00   2.3346235504E+00   2.0652316746E-04   2.0578287242E+00   2.3168320896E+00   6.2424603124E-04   2.2028425166E+00   2.3622202732E+00   1.6813200490E-03   2.3090905717E+00   2.4184342917E+00   1.9042585176E-03   2.4035939260E+00   2.4616776444E+00   2.0951232744E-03   2.2686060456E+00   2.4116017307E+00   1.5725633486E-03   3.4413158795E-04
   1  -198   0    0  -9.7093624963E-01   7.9595403225E+00   2.1752821467E-04   1.9696160231E+00   2.3346236254E+00   2.0651964747E-04   2.0572786045E+00   2.3168522938E+00   6.2423296211E-04   2.2026066335E+00   2.3623303060E+00   1.6812848491E-03   2.3096562708E+00   2.4187456400E+00   1.9042506031E-03   2.4040098616E+00   2.4620810414E+00   2.0951502493E-03   2.2691051658E+00   2.4119174809E+00   1.5725568126E-03   3.4415317281E-04
   1  -199   0    0  -9.8084504017E-01   7.9599656446E+00   2.1724355138E-04   1.9690132023E+00   2.3346236428E+00   2.0651615828E-04   2.0567328881E+00   2.3168725113E+00   6.2422000735E-04   2.2023712979E+00   2.3624396318E+00   1.6812499573E-03   2.3102183138E+00   2.4190550204E+00   1.9042427519E-03   2.4044232132E+00   2.4624819299E+00   2.0951769961E-03   2.2696004889E+00   2.4122312038E+00   1.5725503291E-03   3.4417462324E-04
   1  -200   0    0  -9.9075500854E-01   7.9603878688E+00   2.1696169918E-04   1.9684130123E+00   2.3346236040E+00   2.0651270043E-04   2.0561916561E+00   2.3168927347E+00   6.2420716892E-04   2.2021365748E+00   2.3625482300E+00   1.6812153787E-03   2.3107765953E+00   2.4193623738E+00   1.9042349656E-03   2.4048339005E+00   2.4628802321E+00   2.0952035105E-03   2.2700919348E+00   2.4125428403E+00   1.5725438990E-03   3.4419593508E-04
   1  -201  -4    6  -9.9999996167E-01   7.9607788566E+00   2.1670135600E-04   1.9678556602E+00   2.3346235189E+00   2.0650950369E-04   2.0556909141E+00   2.3169115977E+00   6.2419529994E-04   2.2019182376E+00   2.3626488555E+00   1.6811834113E-03   2.3112938709E+00   2.4196471905E+00   1.9042277621E-03   2.4052145127E+00   2.4632493642E+00   2.0952280296E-03   2.2705467847E+00   2.4128315984E+00   1.5725379502E-03   3.4421568596E-04
