
   1    -1   0    0   5.8004396332E-01   7.3337597588E+00   5.1677560934E-04   1.8773534071E+00   2.0308363693E+00   7.5427250655E-04   1.8699654903E+00   1.9416727520E+00   9.6058627075E-04   2.0776031413E+00   2.0844776935E+00   2.0009566335E-03   2.1855668802E+00   2.2428806573E+00   1.9609154296E-03   2.3023998532E+00   2.3623017956E+00   2.0062246174E-03   2.1428472668E+00   2.2195476228E+00   1.7485972838E-03   3.3274644286E-04
   1    -2   0    0   5.7877034430E-01   7.3358180084E+00   5.1554134722E-04   1.8779960654E+00   2.0319198221E+00   7.5226544682E-04   1.8709847397E+00   1.9430232371E+00   9.5934449825E-04   2.0782133522E+00   2.0854233846E+00   1.9998174171E-03   2.1857593586E+00   2.2432891333E+00   1.9607760039E-03   2.3026385410E+00   2.3625365409E+00   2.0065360932E-03   2.1430639863E+00   2.2200046253E+00   1.7480945103E-03   3.3277872770E-04
   1    -3   0    0   5.7863016583E-01   7.3360493018E+00   5.1540174342E-04   1.8780664960E+00   2.0320398180E+00   7.5203825239E-04   1.8710973868E+00   1.9431731390E+00   9.5920394038E-04   2.0782810330E+00   2.0855288475E+00   1.9996884599E-03   2.1857824857E+00   2.2433368961E+00   1.9607601926E-03   2.3026661144E+00   2.3625636692E+00   2.0065713523E-03   2.1430896423E+00   2.2200576652E+00   1.7480375395E-03   3.3278243038E-04
   1    -4   0    0   5.7856019200E-01   7.3361651652E+00   5.1533173474E-04   1.8781016289E+00   2.0320997822E+00   7.5192430473E-04   1.8711536592E+00   1.9432480761E+00   9.5913344524E-04   2.0783148630E+00   2.0855816106E+00   1.9996237824E-03   2.1857941954E+00   2.2433609768E+00   1.9607522603E-03   2.3026799895E+00   2.3625773211E+00   2.0065890363E-03   2.1431026026E+00   2.2200843747E+00   1.7480089617E-03   3.3278429140E-04
   1    -5   0    0   5.7842028851E-01   7.3363969946E+00   5.1519163207E-04   1.8781718488E+00   2.0322196946E+00   7.5169624260E-04   1.8712661698E+00   1.9433979395E+00   9.5899235296E-04   2.0783825124E+00   2.0856871518E+00   1.9994943326E-03   2.1858176873E+00   2.2434092388E+00   1.9607363798E-03   2.3027077812E+00   2.3626046663E+00   2.0066244303E-03   2.1431285882E+00   2.2201378893E+00   1.7479517554E-03   3.3278801816E-04
   1    -6   0    0   5.7814034749E-01   7.3368605258E+00   5.1491162099E-04   1.8783123019E+00   2.0324595434E+00   7.5124032279E-04   1.8714911690E+00   1.9436976552E+00   9.5871029970E-04   2.0785177879E+00   2.0858982184E+00   1.9992355486E-03   2.1858645999E+00   2.2435056753E+00   1.9607046153E-03   2.3027633103E+00   2.3626593030E+00   2.0066951870E-03   2.1431804912E+00   2.2202448343E+00   1.7478373585E-03   3.3279546653E-04
   1    -7   0    0   5.7786001346E-01   7.3373235124E+00   5.1463224051E-04   1.8784529082E+00   2.0326994831E+00   7.5078528114E-04   1.8717162169E+00   1.9439973764E+00   9.5842879611E-04   2.0786530440E+00   2.0861092093E+00   1.9989772626E-03   2.1859111677E+00   2.2436016562E+00   1.9606728885E-03   2.3028186134E+00   2.3627137158E+00   2.0067658081E-03   2.1432320765E+00   2.2203513449E+00   1.7477231344E-03   3.3280289139E-04
   1    -8   0    0   5.7764900416E-01   7.3376695099E+00   5.1442399481E-04   1.8785587806E+00   2.0328796341E+00   7.5044600378E-04   1.8718852165E+00   1.9442222154E+00   9.5821891225E-04   2.0787545003E+00   2.0862672734E+00   1.9987846852E-03   2.1859452796E+00   2.2436725454E+00   1.9606492179E-03   2.3028595820E+00   2.3627540207E+00   2.0068184634E-03   2.1432700233E+00   2.2204301834E+00   1.7476379385E-03   3.3280840542E-04
   1    -9   0    0   5.7743760763E-01   7.3380149024E+00   5.1421639695E-04   1.8786648436E+00   2.0330598794E+00   7.5010769967E-04   1.8720543021E+00   1.9444470697E+00   9.5800963398E-04   2.0788559536E+00   2.0864252496E+00   1.9985926600E-03   2.1859790016E+00   2.2437429117E+00   1.9606256022E-03   2.3029003031E+00   2.3627940801E+00   2.0068709679E-03   2.1433076134E+00   2.2205085236E+00   1.7475529607E-03   3.3281389310E-04
   1   -10   0    0   5.7712010415E-01   7.3385324198E+00   5.1390565654E-04   1.8788240936E+00   2.0333303368E+00   7.4960115960E-04   1.8723079765E+00   1.9447843511E+00   9.5769628990E-04   2.0790081106E+00   2.0866621314E+00   1.9983051415E-03   2.1860292273E+00   2.2438479882E+00   1.9605902184E-03   2.3029611506E+00   2.3628539373E+00   2.0069495833E-03   2.1433636694E+00   2.2206255827E+00   1.7474256751E-03   3.3282210017E-04
   1   -11   0    0   5.7664337195E-01   7.3393082029E+00   5.1344023937E-04   1.8790630371E+00   2.0337361043E+00   7.4884213511E-04   1.8726884312E+00   1.9452902356E+00   9.5722677455E-04   2.0792362716E+00   2.0870173856E+00   1.9978743085E-03   2.1861042863E+00   2.2440052504E+00   1.9605371433E-03   2.3030522167E+00   2.3629435204E+00   2.0070673859E-03   2.1434474891E+00   2.2208008334E+00   1.7472348340E-03   3.3283439073E-04
   1   -12   0    0   5.7592760786E-01   7.3404715006E+00   5.1274295099E-04   1.8794213471E+00   2.0343448287E+00   7.4770418888E-04   1.8732588386E+00   1.9460489440E+00   9.5652290004E-04   2.0795783244E+00   2.0875502211E+00   1.9972283912E-03   2.1862167296E+00   2.2442410073E+00   1.9604574498E-03   2.3031886512E+00   2.3630777340E+00   2.0072440016E-03   2.1435730631E+00   2.2210635745E+00   1.7469484734E-03   3.3285281376E-04
   1   -13   0    0   5.7485280234E-01   7.3422162075E+00   5.1169830322E-04   1.8799583595E+00   2.0352579882E+00   7.4599762203E-04   1.8741137084E+00   1.9471867119E+00   9.5546738093E-04   2.0800909620E+00   2.0883494616E+00   1.9962597081E-03   2.1863854704E+00   2.2445948819E+00   1.9603376593E-03   2.3033931792E+00   2.3632789370E+00   2.0075088784E-03   2.1437614403E+00   2.2214579027E+00   1.7465184642E-03   3.3288044634E-04
   1   -14   0    0   5.7323825680E-01   7.3448332129E+00   5.1013375070E-04   1.8807626861E+00   2.0366278180E+00   7.4343779549E-04   1.8753942443E+00   1.9488926770E+00   9.5388428449E-04   2.0808589101E+00   2.0895483659E+00   1.9948066790E-03   2.1866390747E+00   2.2451266701E+00   1.9601573568E-03   2.3036998889E+00   2.3635806720E+00   2.0079062079E-03   2.1440443355E+00   2.2220502993E+00   1.7458722024E-03   3.3292191228E-04
   1   -15   0    0   5.7202581005E-01   7.3467964567E+00   5.0896172472E-04   1.8813648021E+00   2.0376551821E+00   7.4151709715E-04   1.8763531429E+00   1.9501715847E+00   9.5269658153E-04   2.0814340616E+00   2.0904476589E+00   1.9937164214E-03   2.1868300205E+00   2.2455267616E+00   1.9600215840E-03   2.3039300711E+00   2.3638071318E+00   2.0082043481E-03   2.1442570878E+00   2.2224957673E+00   1.7453863076E-03   3.3295304880E-04
   1   -16   0    0   5.7069114387E-01   7.3489574608E+00   5.0767294922E-04   1.8820256745E+00   2.0387851352E+00   7.3940199153E-04   1.8774062486E+00   1.9515777798E+00   9.5138879319E-04   2.0820658997E+00   2.0914371403E+00   1.9925157941E-03   2.1870414254E+00   2.2459689572E+00   1.9598715846E-03   2.3041838026E+00   2.3640567745E+00   2.0085326800E-03   2.1444922614E+00   2.2229877567E+00   1.7448502496E-03   3.3298737773E-04
   1   -17   0    0   5.6935467402E-01   7.3511185803E+00   5.0638601725E-04   1.8826855101E+00   2.0399151370E+00   7.3728667805E-04   1.8784578652E+00   1.9529834020E+00   9.5008101260E-04   2.0826969075E+00   2.0924266839E+00   1.9913150294E-03   2.1872533472E+00   2.2464121060E+00   1.9597210630E-03   2.3044375290E+00   2.3643064225E+00   2.0088610598E-03   2.1447278074E+00   2.2234806330E+00   1.7443131081E-03   3.3302172810E-04
   1   -18   0    0   5.6734626406E-01   7.3543599060E+00   5.0445964459E-04   1.8836735155E+00   2.0416103102E+00   7.3411425377E-04   1.8800326035E+00   1.9550907807E+00   9.4811993397E-04   2.0836418761E+00   2.0939110288E+00   1.9895141523E-03   2.1875718304E+00   2.2470781137E+00   1.9594943673E-03   2.3048178792E+00   2.3646806762E+00   2.0093535752E-03   2.1450814900E+00   2.2242211318E+00   1.7435055993E-03   3.3307326901E-04
   1   -19   0    0   5.6432489804E-01   7.3592203812E+00   5.0157986855E-04   1.8851518252E+00   2.0441535412E+00   7.2935805658E-04   1.8823887810E+00   1.9582494880E+00   9.4518039422E-04   2.0850558698E+00   2.0961374982E+00   1.9868141207E-03   2.1880504567E+00   2.2480793980E+00   1.9591523558E-03   2.3053875788E+00   2.3652412807E+00   2.0100920401E-03   2.1456124260E+00   2.2253339582E+00   1.7422905994E-03   3.3315058423E-04
   1   -20   0    0   5.5977276119E-01   7.3665070366E+00   4.9728292493E-04   1.8873611344E+00   2.0479694798E+00   7.2223049132E-04   1.8859097381E+00   1.9629821967E+00   9.4077651782E-04   2.0871690703E+00   2.0994769726E+00   1.9827676316E-03   2.1887700760E+00   2.2495859426E+00   1.9586350050E-03   2.3062400176E+00   2.3660801915E+00   2.0111988581E-03   2.1464094461E+00   2.2270074044E+00   1.7404600056E-03   3.3326654035E-04
   1   -21   0    0   5.5746637103E-01   7.3701798679E+00   4.9512682299E-04   1.8884723972E+00   2.0498951915E+00   7.1864000237E-04   1.8876801429E+00   1.9653673347E+00   9.3855865369E-04   2.0882316133E+00   2.1011613511E+00   1.9807290887E-03   2.1891330632E+00   2.2503469483E+00   1.9583721994E-03   2.3066685841E+00   2.3665019895E+00   2.0117564932E-03   2.1468110755E+00   2.2278524770E+00   1.7395333789E-03   3.3332497484E-04
   1   -22   0    0   5.5515262769E-01   7.3738494478E+00   4.9297961409E-04   1.8895818291E+00   2.0518214645E+00   7.1505489499E-04   1.8894468196E+00   1.9677508644E+00   9.3634449592E-04   2.0892918120E+00   2.1028453193E+00   1.9786934994E-03   2.1894952988E+00   2.2511076184E+00   1.9581083207E-03   2.3070957163E+00   2.3669223942E+00   2.0123133474E-03   2.1472117521E+00   2.2286971750E+00   1.7386051449E-03   3.3338331782E-04
   1   -23   0    0   5.5399316029E-01   7.3756833021E+00   4.9190907231E-04   1.8901357539E+00   2.0527847654E+00   7.1326391736E-04   1.8903286961E+00   1.9689420088E+00   9.3523853291E-04   2.0898210227E+00   2.1036871911E+00   1.9776765590E-03   2.1896763274E+00   2.2514880885E+00   1.9579759479E-03   2.3073088597E+00   2.3671321883E+00   2.0125915508E-03   2.1474119083E+00   2.2291196320E+00   1.7381403128E-03   3.3341246775E-04
   1   -24   0    0   5.5225082487E-01   7.3784331087E+00   4.9030690368E-04   1.8909655789E+00   2.0542298896E+00   7.1057912396E-04   1.8916496375E+00   1.9707279365E+00   9.3358079878E-04   2.0906137211E+00   2.1049498867E+00   1.9761520447E-03   2.1899478932E+00   2.2520591440E+00   1.9577768261E-03   2.3076281253E+00   2.3674464479E+00   2.0130086230E-03   2.1477120372E+00   2.2297536255E+00   1.7374420952E-03   3.3345617453E-04
   1   -25   0    0   5.4963062500E-01   7.3825562328E+00   4.8791128021E-04   1.8922077035E+00   2.0563978696E+00   7.0655476466E-04   1.8936266966E+00   1.9734050178E+00   9.3109634237E-04   2.0918002344E+00   2.1068437702E+00   1.9738667537E-03   2.1903557061E+00   2.2529170756E+00   1.9574768103E-03   2.3081062560E+00   2.3679171080E+00   2.0136338533E-03   2.1481623684E+00   2.2307058419E+00   1.7363923459E-03   3.3352172129E-04
   1   -26   0    0   5.4568549493E-01   7.3887377683E+00   4.8433465213E-04   1.8940648284E+00   2.0596504029E+00   7.0052405235E-04   1.8965823496E+00   1.9774165082E+00   9.2737414144E-04   2.0935742787E+00   2.1096842880E+00   1.9704418178E-03   2.1909687943E+00   2.2542074367E+00   1.9570237515E-03   2.3088218970E+00   2.3686216294E+00   2.0145709374E-03   2.1488384721E+00   2.2321373355E+00   1.7348121310E-03   3.3362003172E-04
   1   -27   0    0   5.4098670893E-01   7.3960591162E+00   4.8012190090E-04   1.8962563722E+00   2.0635060446E+00   6.9338588862E-04   1.9000697849E+00   1.9821643527E+00   9.2296977762E-04   2.0956679256E+00   2.1130503138E+00   1.9663874173E-03   2.1916976395E+00   2.2557422352E+00   1.9564821084E-03   2.3096676548E+00   2.3694543436E+00   2.0156803358E-03   2.1496408171E+00   2.2338389422E+00   1.7329306757E-03   3.3373653631E-04
   1   -28   0    0   5.3626268073E-01   7.4033748246E+00   4.7593796918E-04   1.8984376212E+00   2.0673624603E+00   6.8625868532E-04   1.9035402396E+00   1.9869050165E+00   9.1857363957E-04   2.0977518652E+00   2.1164156878E+00   1.9623386120E-03   2.1924288364E+00   2.2572828577E+00   1.9559354601E-03   2.3105106992E+00   2.3702844935E+00   2.0167882953E-03   2.1504442437E+00   2.2355458837E+00   1.7310401053E-03   3.3385302081E-04
   1   -29   0    0   5.3389042795E-01   7.4070293408E+00   4.7385796801E-04   1.8995247671E+00   2.0692910629E+00   6.8270123598E-04   1.9052692810E+00   1.9892726430E+00   9.1637990809E-04   2.0987902096E+00   2.1180979045E+00   1.9603174485E-03   2.1927945728E+00   2.2580543128E+00   1.9556604221E-03   2.3109307371E+00   2.3706981433E+00   2.0173414218E-03   2.1508456945E+00   2.2364003673E+00   1.7300919498E-03   3.3391120395E-04
   1   -30   0    0   5.3151123507E-01   7.4106814759E+00   4.7178609045E-04   1.9006096271E+00   2.0712199200E+00   6.7914818773E-04   1.9069941991E+00   1.9916384437E+00   9.1418924905E-04   2.0998261338E+00   2.1197797688E+00   1.9582986044E-03   2.1931603276E+00   2.2588264191E+00   1.9553842697E-03   2.3113497318E+00   2.3711107901E+00   2.0178939347E-03   2.1512469065E+00   2.2372554210E+00   1.7291419669E-03   3.3396934195E-04
   1   -31   0    0   5.2912542350E-01   7.4143317566E+00   4.6972185553E-04   1.9016920075E+00   2.0731489499E+00   6.7559875014E-04   1.9087148712E+00   1.9940023875E+00   9.1200117223E-04   2.1008596219E+00   2.1214613632E+00   1.9562816231E-03   2.1935264614E+00   2.2595996665E+00   1.9551069450E-03   2.3117678922E+00   2.3715226415E+00   2.0184459585E-03   2.1516482068E+00   2.2381115112E+00   1.7281899494E-03   3.3402745867E-04
   1   -32   0    0   5.2553418365E-01   7.4198035486E+00   4.6663998559E-04   1.9033109501E+00   2.0760427956E+00   6.7028169644E-04   1.9112879009E+00   1.9975447847E+00   9.0872409758E-04   2.1024052806E+00   2.1239832055E+00   1.9532598163E-03   2.1940763173E+00   2.2607615860E+00   1.9546887924E-03   2.3123935186E+00   2.3721388782E+00   2.0192730285E-03   2.1522502763E+00   2.2393975041E+00   1.7267582054E-03   3.3411458895E-04
   1   -33   0    0   5.2192765689E-01   7.4252706119E+00   4.6357584753E-04   1.9049244215E+00   2.0789369847E+00   6.6497387820E-04   1.9138513620E+00   2.0010829095E+00   9.0545350202E-04   2.1039454451E+00   2.1265042972E+00   1.9502427899E-03   2.1946267797E+00   2.2619256931E+00   1.9542681075E-03   2.3130170785E+00   2.3727531381E+00   2.0200988333E-03   2.1528523318E+00   2.2406854706E+00   1.7253222039E-03   3.3420165162E-04
   1   -34   0    0   5.1830643412E-01   7.4307338980E+00   4.6052859697E-04   1.9065320561E+00   2.0818313480E+00   6.5967394533E-04   1.9164050038E+00   2.0046166830E+00   9.0218854413E-04   2.1054800842E+00   2.1290247818E+00   1.9472297510E-03   2.1951785265E+00   2.2630929024E+00   1.9538447940E-03   2.3136389502E+00   2.3733657981E+00   2.0209235878E-03   2.1534549897E+00   2.2419762816E+00   1.7238815920E-03   3.3428869095E-04
   1   -35   0    0   5.1588306802E-01   7.4343723835E+00   4.5850792739E-04   1.9076010818E+00   2.0837611567E+00   6.5614762149E-04   1.9181022416E+00   2.0069701051E+00   9.0001662445E-04   2.1065001290E+00   2.1307044621E+00   1.9452247304E-03   2.1955460765E+00   2.2638713737E+00   1.9535613377E-03   2.3140519899E+00   2.3737727495E+00   2.0214724409E-03   2.1538562030E+00   2.2428370806E+00   1.7229193339E-03   3.3434663560E-04
   1   -36   0    0   5.1466870702E-01   7.4361906573E+00   4.5750071181E-04   1.9081347218E+00   2.0847261068E+00   6.5438633954E-04   1.9189492682E+00   2.0081460777E+00   8.9893195005E-04   2.1070092327E+00   2.1315441310E+00   1.9442231999E-03   2.1957298669E+00   2.2642608436E+00   1.9534192204E-03   2.3142581043E+00   2.3739758353E+00   2.0217466055E-03   2.1540567327E+00   2.2432676860E+00   1.7224375954E-03   3.3437559000E-04
   1   -37   0    0   5.1284393193E-01   7.4389170373E+00   4.5599362601E-04   1.9089340258E+00   2.0861735628E+00   6.5174649885E-04   1.9202177769E+00   2.0099091041E+00   8.9730637930E-04   2.1077717353E+00   2.1328034499E+00   1.9427219742E-03   2.1960056940E+00   2.2648455087E+00   1.9532055380E-03   2.3145668394E+00   2.3742800464E+00   2.0221575673E-03   2.1543575420E+00   2.2439140105E+00   1.7217141550E-03   3.3441900736E-04
   1   -38   0    0   5.1009979692E-01   7.4430047569E+00   4.5374099259E-04   1.9101302150E+00   2.0883447523E+00   6.4779072714E-04   1.9221158654E+00   2.0125515252E+00   8.9487083433E-04   2.1089128848E+00   2.1346920931E+00   1.9404721411E-03   2.1964200689E+00   2.2657239738E+00   1.9528838213E-03   2.3150291407E+00   2.3747356039E+00   2.0227734777E-03   2.1548090744E+00   2.2448848448E+00   1.7206269334E-03   3.3448412237E-04
   1   -39   0    0   5.0596804518E-01   7.4491323915E+00   4.5037985590E-04   1.9119181663E+00   2.0916014757E+00   6.4186583067E-04   1.9249523841E+00   2.0165103382E+00   8.9122370188E-04   2.1106187376E+00   2.1375243246E+00   1.9371017611E-03   2.1970432512E+00   2.2670452220E+00   1.9523985530E-03   2.3157208816E+00   2.3754173240E+00   2.0236961833E-03   2.1554872675E+00   2.2463443664E+00   1.7189914145E-03   3.3458178183E-04
   1   -40   0    0   5.0351062015E-01   7.4527610861E+00   4.4839839790E-04   1.9129741710E+00   2.0935313436E+00   6.3836022394E-04   1.9266272867E+00   2.0188535427E+00   8.8906623247E-04   2.1116262873E+00   2.1392022065E+00   1.9351072346E-03   2.1974133288E+00   2.2678299975E+00   1.9521095065E-03   2.3161297416E+00   2.3758203001E+00   2.0242422424E-03   2.1558895492E+00   2.2472109330E+00   1.7180197038E-03   3.3463963675E-04
   1   -41   0    0   5.0166281604E-01   7.4554808713E+00   4.4691780143E-04   1.9137646136E+00   2.0949787570E+00   6.3573451012E-04   1.9278806140E+00   2.0206095871E+00   8.8745049385E-04   2.1123803306E+00   2.1404602805E+00   1.9336131444E-03   2.1976909574E+00   2.2684190233E+00   1.9518920705E-03   2.3164356789E+00   2.3761218524E+00   2.0246513016E-03   2.1561911708E+00   2.2478612519E+00   1.7172899279E-03   3.3468299768E-04
   1   -42   0    0   4.9962534653E-01   7.4584706338E+00   4.4529483016E-04   1.9146326387E+00   2.0965709362E+00   6.3285013946E-04   1.9292564921E+00   2.0225398790E+00   8.8567580133E-04   2.1132081772E+00   2.1418437674E+00   1.9319716886E-03   2.1979962520E+00   2.2690671537E+00   1.9516522872E-03   2.3167714081E+00   2.3764527860E+00   2.0251007160E-03   2.1565227172E+00   2.2485767672E+00   1.7164863233E-03   3.3473065302E-04
   1   -43   0    0   4.9758311359E-01   7.4614588335E+00   4.4367734658E-04   1.9154989506E+00   2.0981630791E+00   6.2996906426E-04   1.9306293472E+00   2.0244687355E+00   8.8390335619E-04   2.1140343370E+00   2.1432269372E+00   1.9303319113E-03   2.1983017946E+00   2.2697159787E+00   1.9514118073E-03   2.3171064995E+00   2.3767831102E+00   2.0255496795E-03   2.1568543303E+00   2.2492929137E+00   1.7156816069E-03   3.3477828827E-04
   1   -44   0    0   4.9451041457E-01   7.4659376016E+00   4.4126192629E-04   1.9167953838E+00   2.1005512498E+00   6.2565460643E-04   1.9326830445E+00   2.0273593036E+00   8.8124949891E-04   2.1152704181E+00   2.1453009684E+00   1.9278759397E-03   2.1987602202E+00   2.2706900140E+00   1.9510498688E-03   2.3176077253E+00   2.3772772397E+00   2.0262221288E-03   2.1573515596E+00   2.2503678383E+00   1.7144727295E-03   3.3484967858E-04
   1   -45   0    0   4.9142701805E-01   7.4704129168E+00   4.3885878710E-04   1.9180878976E+00   2.1029392598E+00   6.2134758875E-04   1.9347298628E+00   2.0302465753E+00   8.7860070410E-04   2.1165026933E+00   2.1473742665E+00   1.9254237372E-03   2.1992193111E+00   2.2716657344E+00   1.9506863799E-03   2.3181075584E+00   2.3777700407E+00   2.0268935639E-03   2.1578490409E+00   2.2514443003E+00   1.7132613794E-03   3.3492102923E-04
   1   -46   0    0   4.8833253704E-01   7.4748842311E+00   4.3646839202E-04   1.9193766419E+00   2.1053271111E+00   6.1704892843E-04   1.9367698610E+00   2.0331305090E+00   8.7595753002E-04   2.1177311636E+00   2.1494467050E+00   1.9229758131E-03   2.1996787626E+00   2.2726426971E+00   1.9503214269E-03   2.3186058081E+00   2.3782613237E+00   2.0275638440E-03   2.1583465040E+00   2.2525218798E+00   1.7120478280E-03   3.3499231824E-04
   1   -47   0    0   4.8522710575E-01   7.4793517588E+00   4.3409054738E-04   1.9206615216E+00   2.1077147406E+00   6.1275836814E-04   1.9388029619E+00   2.0360110645E+00   8.7331981251E-04   2.1189558211E+00   2.1515183061E+00   1.9205320079E-03   2.2001387501E+00   2.2736211309E+00   1.9499549976E-03   2.3191025653E+00   2.3787511792E+00   2.0282330117E-03   2.1588441099E+00   2.2536007947E+00   1.7108320171E-03   3.3506355656E-04
   1   -48   0    0   4.8211049439E-01   7.4838151865E+00   4.3172550737E-04   1.9219426099E+00   2.1101021268E+00   6.0847645935E-04   1.9408291819E+00   2.0388881982E+00   8.7068788467E-04   2.1201766637E+00   2.1535889873E+00   1.9180926230E-03   2.2005991183E+00   2.2746008006E+00   1.9495871486E-03   2.3195977276E+00   2.3792395057E+00   2.0289009833E-03   2.1593417227E+00   2.2546808219E+00   1.7096141176E-03   3.3513473241E-04
   1   -49   0    0   4.7898267606E-01   7.4882744956E+00   4.2937327278E-04   1.9232198858E+00   2.1124892235E+00   6.0420329981E-04   1.9428484851E+00   2.0417618673E+00   8.6806180055E-04   2.1213936864E+00   2.1556587237E+00   1.9156577016E-03   2.2010598970E+00   2.2755817305E+00   1.9492178986E-03   2.3200913011E+00   2.3797263095E+00   2.0295677458E-03   2.1598393727E+00   2.2557619852E+00   1.7083941733E-03   3.3520584671E-04
   1   -50   0    0   4.7584361802E-01   7.4927296579E+00   4.2703385113E-04   1.9244933313E+00   2.1148759847E+00   5.9993900090E-04   1.9448608378E+00   2.0446320288E+00   8.6544162259E-04   2.1226068845E+00   2.1577274883E+00   1.9132272947E-03   2.2015211103E+00   2.2765639366E+00   1.9488472675E-03   2.3205832887E+00   2.3802115938E+00   2.0302332841E-03   2.1603370852E+00   2.2568443000E+00   1.7071722320E-03   3.3527690003E-04
   1   -51   0    0   4.7269327195E-01   7.4971806227E+00   4.2470726765E-04   1.9257629359E+00   2.1172623655E+00   5.9568370784E-04   1.9468662101E+00   2.0474986390E+00   8.6282743400E-04   2.1238162536E+00   2.1597952496E+00   1.9108014728E-03   2.2019827682E+00   2.2775474151E+00   1.9484752783E-03   2.3210736854E+00   2.3806953536E+00   2.0308975777E-03   2.1608348726E+00   2.2579277632E+00   1.7059483521E-03   3.3534789194E-04
   1   -52   0    0   4.6953157178E-01   7.5016273140E+00   4.2239356668E-04   1.9270286966E+00   2.1196483221E+00   5.9143760292E-04   1.9488645769E+00   2.0503616534E+00   8.6021934073E-04   2.1250217897E+00   2.1618619700E+00   1.9083803278E-03   2.2024448654E+00   2.2785321404E+00   1.9481019577E-03   2.3215624773E+00   2.3811775753E+00   2.0315606003E-03   2.1613327336E+00   2.2590123505E+00   1.7047226029E-03   3.3541882095E-04
   1   -53   0    0   4.6635829562E-01   7.5060694385E+00   4.2009296790E-04   1.9282906772E+00   2.1220338228E+00   5.8720119428E-04   1.9508559497E+00   2.0532210225E+00   8.5761764874E-04   2.1262234902E+00   2.1639275660E+00   1.9059641376E-03   2.2029072630E+00   2.2795178979E+00   1.9477273615E-03   2.3220495738E+00   2.3816581691E+00   2.0322222746E-03   2.1618305477E+00   2.2600978587E+00   1.7034951494E-03   3.3548967634E-04
   1   -54   0    0   4.6476746052E-01   7.5082889938E+00   4.1894740640E-04   1.9289201782E+00   2.1232263734E+00   5.8508633571E-04   1.9518489665E+00   2.0546493300E+00   8.5631902302E-04   2.1268228995E+00   2.1649599786E+00   1.9047577313E-03   2.2031387147E+00   2.2800113558E+00   1.9475395628E-03   2.3222925640E+00   2.3818979329E+00   2.0325526522E-03   2.1620795637E+00   2.2606411406E+00   1.7028807050E-03   3.3552508577E-04
   1   -55   0    0   4.6237552707E-01   7.5116158459E+00   4.1723546522E-04   1.9298627418E+00   2.1250149678E+00   5.8191915213E-04   1.9533352419E+00   2.0567900417E+00   8.5437442382E-04   2.1277202141E+00   2.1665079812E+00   1.9029507548E-03   2.2034858552E+00   2.2807517614E+00   1.9472573252E-03   2.3226561448E+00   2.3822567062E+00   2.0330475007E-03   2.1624529092E+00   2.2614562433E+00   1.7019584161E-03   3.3557815226E-04
   1   -56   0    0   4.5997726259E-01   7.5149404018E+00   4.1553064163E-04   1.9308030618E+00   2.1268032245E+00   5.7875709205E-04   1.9548174896E+00   2.0589286522E+00   8.5243321458E-04   2.1286153646E+00   2.1680553803E+00   1.9011463620E-03   2.2038333864E+00   2.2814930368E+00   1.9469743551E-03   2.3230188870E+00   2.3826146786E+00   2.0335416450E-03   2.1628264311E+00   2.2622721388E+00   1.7010350960E-03   3.3563119126E-04
   1   -57   0    0   4.5733139408E-01   7.5185941264E+00   4.1366405718E-04   1.9318350019E+00   2.1287699265E+00   5.7528572782E-04   1.9564433963E+00   2.0612786584E+00   8.5030240094E-04   2.1295975311E+00   2.1697566748E+00   1.8991650703E-03   2.2042157537E+00   2.2823089141E+00   1.9466623359E-03   2.3234167183E+00   2.3830073075E+00   2.0340842377E-03   2.1632371813E+00   2.2631700360E+00   1.7000185501E-03   3.3568947632E-04
   1   -58   0    0   4.5467775121E-01   7.5222449305E+00   4.1180617265E-04   1.9328642423E+00   2.1307361725E+00   5.7182084261E-04   1.9580644133E+00   2.0636260706E+00   8.4817585424E-04   2.1305770760E+00   2.1714571842E+00   1.8971870524E-03   2.2045985518E+00   2.2831257646E+00   1.9463494680E-03   2.3238135004E+00   2.3833989332E+00   2.0346259367E-03   2.1636481114E+00   2.2640688173E+00   1.6990008588E-03   3.3574772403E-04
   1   -59   0    0   4.5201594232E-01   7.5258922853E+00   4.0995739581E-04   1.9338909271E+00   2.1327019601E+00   5.6836326033E-04   1.9596806060E+00   2.0659708479E+00   8.4605407671E-04   2.1315539985E+00   2.1731567806E+00   1.8952127725E-03   2.2049814819E+00   2.2839431539E+00   1.9460358325E-03   2.3242090567E+00   2.3837893796E+00   2.0351666144E-03   2.1640589559E+00   2.2649680701E+00   1.6979822755E-03   3.3580591299E-04
   1   -60   0    0   4.4934614122E-01   7.5295364380E+00   4.0811751133E-04   1.9349149668E+00   2.1346672459E+00   5.6491264386E-04   1.9612919133E+00   2.0683129712E+00   8.4393685796E-04   2.1325282961E+00   2.1748555041E+00   1.8932420322E-03   2.2053647192E+00   2.2847613193E+00   1.9457214059E-03   2.3246034826E+00   2.3841787420E+00   2.0357063244E-03   2.1644698736E+00   2.2658680198E+00   1.6969627130E-03   3.3586405474E-04
   1   -61   0    0   4.4666815919E-01   7.5331771402E+00   4.0628669761E-04   1.9359364200E+00   2.1366320108E+00   5.6146939372E-04   1.9628983543E+00   2.0706524061E+00   8.4182444026E-04   2.1334999671E+00   2.1765532863E+00   1.8912750542E-03   2.2057481374E+00   2.2855800703E+00   1.9454062318E-03   2.3249967010E+00   2.3845669437E+00   2.0362450051E-03   2.1648807534E+00   2.2667684853E+00   1.6959423017E-03   3.3592213987E-04
   1   -62   0    0   4.4398214952E-01   7.5368146082E+00   4.0446476511E-04   1.9369552076E+00   2.1385962140E+00   5.5803321991E-04   1.9644998737E+00   2.0729891332E+00   8.3971664221E-04   2.1344690096E+00   2.1782501611E+00   1.8893116671E-03   2.2061318921E+00   2.2863996167E+00   1.9450902908E-03   2.3253887959E+00   2.3849540683E+00   2.0367827029E-03   2.1652917365E+00   2.2676696659E+00   1.6949209679E-03   3.3598017856E-04
   1   -63   0    0   4.4128789223E-01   7.5404485525E+00   4.0265192133E-04   1.9379713995E+00   2.1405598362E+00   5.5460458105E-04   1.9660964969E+00   2.0753231155E+00   8.3761374166E-04   2.1354354219E+00   2.1799460501E+00   1.8873521271E-03   2.2065158328E+00   2.2872197333E+00   1.9447736324E-03   2.3257796769E+00   2.3853400258E+00   2.0373193470E-03   2.1657026904E+00   2.2685713476E+00   1.6938988605E-03   3.3603815969E-04
   1   -64   0    0   4.3858538799E-01   7.5440789828E+00   4.0084813701E-04   1.9389849772E+00   2.1425228446E+00   5.5118349116E-04   1.9676882015E+00   2.0776543258E+00   8.3551574369E-04   2.1363992020E+00   2.1816409410E+00   1.8853964367E-03   2.2068999904E+00   2.2880404526E+00   1.9444562654E-03   2.3261693571E+00   2.3857248295E+00   2.0378549361E-03   2.1661136446E+00   2.2694735609E+00   1.6928759968E-03   3.3609608479E-04
   1   -65   0    0   4.3587475992E-01   7.5477060709E+00   3.9905325770E-04   1.9399958756E+00   2.1444852012E+00   5.4776972581E-04   1.9692749405E+00   2.0799827439E+00   8.3342250718E-04   2.1373603488E+00   2.1833348585E+00   1.8834444619E-03   2.2072844931E+00   2.2888619456E+00   1.9441381764E-03   2.3265579049E+00   2.3861085474E+00   2.0383895063E-03   2.1665247155E+00   2.2703764684E+00   1.6918523225E-03   3.3615396216E-04
   1   -66   0    0   4.3315561145E-01   7.5513292954E+00   3.9726766340E-04   1.9410042301E+00   2.1464468910E+00   5.4436407871E-04   1.9708567741E+00   2.0823083203E+00   8.3133451532E-04   2.1383188592E+00   2.1850276692E+00   1.8814966513E-03   2.2076690528E+00   2.2896837899E+00   1.9438194471E-03   2.3269451526E+00   2.3864910125E+00   2.0389229341E-03   2.1669356477E+00   2.2712796684E+00   1.6908280892E-03   3.3621177101E-04
   1   -67   0    0   4.3179301007E-01   7.5531396842E+00   3.9637816720E-04   1.9415073833E+00   2.1474274681E+00   5.4266397680E-04   1.9716458101E+00   2.0834700438E+00   8.3029228718E-04   2.1387971260E+00   2.1858737064E+00   1.8805241213E-03   2.2078614972E+00   2.2900950445E+00   1.9436598146E-03   2.3271383687E+00   2.3866818548E+00   2.0391892704E-03   2.1671411903E+00   2.2717315687E+00   1.6903156702E-03   3.3624065957E-04
   1   -68   0    0   4.2974506391E-01   7.5558533961E+00   3.9504830304E-04   1.9422609263E+00   2.1488979980E+00   5.4011773638E-04   1.9728270589E+00   2.0852112733E+00   8.2873146636E-04   2.1395132889E+00   2.1871422183E+00   1.8790673356E-03   2.2081501733E+00   2.2907120576E+00   1.9434200816E-03   2.3274275708E+00   2.3869675185E+00   2.0395882233E-03   2.1674494253E+00   2.2724095243E+00   1.6895468224E-03   3.3628395861E-04
   1   -69   0    0   4.2769252362E-01   7.5585652073E+00   3.9372342254E-04   1.9430129403E+00   2.1503681026E+00   5.3757569621E-04   1.9740054810E+00   2.0869508813E+00   8.2717336670E-04   2.1402279680E+00   2.1884101516E+00   1.8776126761E-03   2.2084390764E+00   2.2913295319E+00   1.9431799639E-03   2.3277161468E+00   2.3872525824E+00   2.0399865920E-03   2.1677577587E+00   2.2730878946E+00   1.6887775673E-03   3.3632723195E-04
   1   -70   0    0   4.2542911092E-01   7.5615455953E+00   3.9227210820E-04   1.9438384984E+00   2.1519847205E+00   5.3478491208E-04   1.9752985324E+00   2.0888625434E+00   8.2546297135E-04   2.1410123986E+00   2.1898041075E+00   1.8760153522E-03   2.2087569010E+00   2.2920089499E+00   1.9429154517E-03   2.3280327249E+00   2.3875653280E+00   2.0404240280E-03   2.1680968340E+00   2.2738342611E+00   1.6879311075E-03   3.3637478644E-04
   1   -71   0    0   4.2315988783E-01   7.5645233592E+00   3.9082704227E-04   1.9446622818E+00   2.1536007957E+00   5.3199970847E-04   1.9765881908E+00   2.0907721972E+00   8.2375617017E-04   2.1417950305E+00   2.1911972715E+00   1.8744208807E-03   2.2090748344E+00   2.2926886760E+00   1.9426505298E-03   2.3283484478E+00   2.3878772506E+00   2.0408606800E-03   2.1684358826E+00   2.2745808916E+00   1.6870843213E-03   3.3642229752E-04
   1   -72   0    0   4.2088500609E-01   7.5674987012E+00   3.8938805773E-04   1.9454842246E+00   2.1552163045E+00   5.2921980474E-04   1.9778744151E+00   2.0926798371E+00   8.2205278923E-04   2.1425758644E+00   2.1925896826E+00   1.8728290982E-03   2.2093930110E+00   2.2933688959E+00   1.9423851761E-03   2.3286633891E+00   2.3881884236E+00   2.0412965923E-03   2.1687750251E+00   2.2753279621E+00   1.6862371312E-03   3.3646977428E-04
   1   -73   0    0   4.1860425062E-01   7.5704713426E+00   3.8795534888E-04   1.9463043965E+00   2.1568312337E+00   5.2644561803E-04   1.9791572354E+00   2.0945854325E+00   8.2035308217E-04   2.1433548977E+00   2.1939812667E+00   1.8712402409E-03   2.2097112798E+00   2.2940493864E+00   1.9421194349E-03   2.3289774618E+00   2.3884987602E+00   2.0417317000E-03   2.1691141281E+00   2.2760752607E+00   1.6853896728E-03   3.3651720575E-04
   1   -74   0    0   4.1631762656E-01   7.5734412938E+00   3.8652889144E-04   1.9471227852E+00   2.1584455632E+00   5.2367714457E-04   1.9804366389E+00   2.0964889674E+00   8.1865704471E-04   2.1441321296E+00   2.1953720172E+00   1.8696543040E-03   2.2100296617E+00   2.2947301707E+00   1.9418533107E-03   2.3292906758E+00   2.3888082704E+00   2.0421660042E-03   2.1694532111E+00   2.2768228088E+00   1.6845419533E-03   3.3656459304E-04
   1   -75   0    0   4.1402513862E-01   7.5764085643E+00   3.8510866197E-04   1.9479393792E+00   2.1600592728E+00   5.2091438208E-04   1.9817126130E+00   2.0983904257E+00   8.1696467346E-04   2.1449075596E+00   2.1967619276E+00   1.8680712836E-03   2.2103481767E+00   2.2954112708E+00   1.9415868080E-03   2.3296030406E+00   2.3891169636E+00   2.0425995055E-03   2.1697922931E+00   2.2775706273E+00   1.6836939808E-03   3.3661193721E-04
   1   -76   0    0   4.1172690367E-01   7.5793733082E+00   3.8369453069E-04   1.9487541273E+00   2.1616723411E+00   5.1815712057E-04   1.9829851247E+00   2.1002898006E+00   8.1527583788E-04   2.1456811884E+00   2.1981510262E+00   1.8664910569E-03   2.2106669298E+00   2.2960928306E+00   1.9413199111E-03   2.3299146130E+00   2.3894248966E+00   2.0430322372E-03   2.1701314686E+00   2.2783188526E+00   1.6828456992E-03   3.3665924529E-04
   1   -77   0    0   4.0942253262E-01   7.5823350244E+00   3.8228684943E-04   1.9495671578E+00   2.1632847540E+00   5.1540609036E-04   1.9842542347E+00   2.1021870450E+00   8.1359098329E-04   2.1464530106E+00   2.1995391833E+00   1.8649140399E-03   2.2109856413E+00   2.2967744414E+00   1.9410526956E-03   2.3302252351E+00   2.3897319116E+00   2.0434640852E-03   2.1704704894E+00   2.2790670961E+00   1.6819973422E-03   3.3670649722E-04
   1   -78   0    0   4.0711239836E-01   7.5852941981E+00   3.8088524445E-04   1.9503783290E+00   2.1648964859E+00   5.1266060554E-04   1.9855198630E+00   2.1040821722E+00   8.1190968765E-04   2.1472230304E+00   2.2009265071E+00   1.8633398372E-03   2.2113046104E+00   2.2974565263E+00   1.9407850999E-03   2.3305350722E+00   2.3900381738E+00   2.0438951574E-03   2.1708096231E+00   2.2798157595E+00   1.6811487072E-03   3.3675371375E-04
   1   -79   0    0   4.0479624073E-01   7.5882504956E+00   3.7948994244E-04   1.9511877228E+00   2.1665075198E+00   5.0992115393E-04   1.9867820458E+00   2.1059751444E+00   8.1023224775E-04   2.1479912437E+00   2.2023129076E+00   1.8617687259E-03   2.2116236564E+00   2.2981388185E+00   1.9405171763E-03   2.3308440219E+00   2.3903435810E+00   2.0443253776E-03   2.1711487095E+00   2.2805645890E+00   1.6802999539E-03   3.3680088175E-04
   1   -80   0    0   4.0247405329E-01   7.5912039114E+00   3.7810092844E-04   1.9519953312E+00   2.1681178347E+00   5.0718775171E-04   1.9880407728E+00   2.1078659443E+00   8.0855867152E-04   2.1487576498E+00   2.2036983743E+00   1.8602007132E-03   2.2119427909E+00   2.2988213278E+00   1.9402489314E-03   2.3311520893E+00   2.3906481381E+00   2.0447547436E-03   2.1714877603E+00   2.2813135935E+00   1.6794510965E-03   3.3684800172E-04
   1   -81   0    0   4.0014583870E-01   7.5941544517E+00   3.7671817925E-04   1.9528011434E+00   2.1697274098E+00   5.0446039880E-04   1.9892960324E+00   2.1097545550E+00   8.0688895696E-04   2.1495222480E+00   2.2050828993E+00   1.8586357968E-03   2.2122620325E+00   2.2995040737E+00   1.9399803703E-03   2.3314592833E+00   2.3909518541E+00   2.0451832556E-03   2.1718267926E+00   2.2820627913E+00   1.6786021445E-03   3.3689507459E-04
   1   -82   0    0   3.9781159045E-01   7.5971021100E+00   3.7534168032E-04   1.9536051516E+00   2.1713362243E+00   5.0173911219E-04   1.9905478146E+00   2.1116409591E+00   8.0522311251E-04   2.1502850377E+00   2.2064664716E+00   1.8570739843E-03   2.2125813921E+00   2.3001870653E+00   1.9397114997E-03   2.3317656086E+00   2.3912547336E+00   2.0456109113E-03   2.1721658174E+00   2.2828121905E+00   1.6777531124E-03   3.3694210079E-04
   1   -83   0    0   3.9547128681E-01   7.6000468605E+00   3.7397143103E-04   1.9544073537E+00   2.1729442572E+00   4.9902393647E-04   1.9917961121E+00   2.1135251377E+00   8.0356116352E-04   2.1510460180E+00   2.2078490757E+00   1.8555152991E-03   2.2129008697E+00   2.3008702952E+00   1.9394423292E-03   2.3320710638E+00   2.3915567754E+00   2.0460377040E-03   2.1725048353E+00   2.2835617837E+00   1.6769040237E-03   3.3698907996E-04
   1   -84   0    0   3.9312489531E-01   7.6029886635E+00   3.7260744006E-04   1.9552077508E+00   2.1745514874E+00   4.9631493513E-04   1.9930409198E+00   2.1154070706E+00   8.0190314692E-04   2.1518051878E+00   2.2092306923E+00   1.8539597757E-03   2.2132204570E+00   2.3015537446E+00   1.9391728700E-03   2.3323756431E+00   2.3918579735E+00   2.0464636240E-03   2.1728438401E+00   2.2843115528E+00   1.6760549078E-03   3.3703601118E-04
   1   -85   0    0   3.9077238116E-01   7.6059274761E+00   3.7124971761E-04   1.9560063449E+00   2.1761578934E+00   4.9361217505E-04   1.9942822327E+00   2.1172867374E+00   8.0024910169E-04   2.1525625460E+00   2.2106113011E+00   1.8524074504E-03   2.2135401443E+00   2.3022373924E+00   1.9389031340E-03   2.3326793399E+00   2.3921583214E+00   2.0468886611E-03   2.1731828239E+00   2.2850614773E+00   1.6752057953E-03   3.3708289340E-04
   1   -86   0    0   3.8841371324E-01   7.6088632603E+00   3.6989826994E-04   1.9568031364E+00   2.1777634534E+00   4.9091571585E-04   1.9955200451E+00   2.1191641177E+00   7.9859906237E-04   2.1533180915E+00   2.2119908831E+00   1.8508583557E-03   2.2138599247E+00   2.3029212216E+00   1.9386331326E-03   2.3329821494E+00   2.3924578143E+00   2.0473128060E-03   2.1735217816E+00   2.2858115403E+00   1.6743567148E-03   3.3712972578E-04
   1   -87   0    0   3.8604886514E-01   7.6117959840E+00   3.6855309866E-04   1.9575981241E+00   2.1793681456E+00   4.8822560818E-04   1.9967543508E+00   2.1210391914E+00   7.9695305804E-04   2.1540718231E+00   2.2133694206E+00   1.8493125186E-03   2.2141797947E+00   2.3036052200E+00   1.9383628759E-03   2.3332840686E+00   2.3927564491E+00   2.0477360510E-03   2.1738607111E+00   2.2865617301E+00   1.6735076923E-03   3.3717650774E-04
   1   -88   0    0   3.8367781281E-01   7.6147256179E+00   3.6721420288E-04   1.9583913063E+00   2.1809719478E+00   4.8554189807E-04   1.9979851430E+00   2.1229119385E+00   7.9531111491E-04   2.1548237398E+00   2.2147468963E+00   1.8477699640E-03   2.2144997528E+00   2.3042893781E+00   1.9380923739E-03   2.3335850956E+00   2.3930542239E+00   2.0481583892E-03   2.1741996115E+00   2.2873120370E+00   1.6726587522E-03   3.3722323881E-04
   1   -89   0    0   3.8130053183E-01   7.6176521319E+00   3.6588158171E-04   1.9591826808E+00   2.1825748377E+00   4.8286463182E-04   1.9992124152E+00   2.1247823388E+00   7.9367325938E-04   2.1555738407E+00   2.2161232930E+00   1.8462307167E-03   2.2148197968E+00   2.3049736858E+00   1.9378216368E-03   2.3338852284E+00   2.3933511367E+00   2.0485798134E-03   2.1745384821E+00   2.2880624508E+00   1.6718099195E-03   3.3726991849E-04
   1   -90   0    0   3.7891699622E-01   7.6205754941E+00   3.6455523523E-04   1.9599722464E+00   2.1841767929E+00   4.8019385800E-04   2.0004361608E+00   2.1266503718E+00   7.9203951925E-04   2.1563221247E+00   2.2174985927E+00   1.8446948029E-03   2.2151399237E+00   2.3056581314E+00   1.9375506747E-03   2.3341844645E+00   2.3936471850E+00   2.0490003161E-03   2.1748773208E+00   2.2888129601E+00   1.6709612197E-03   3.3731654622E-04
   1   -91   0    0   3.7652717892E-01   7.6234956708E+00   3.6323516411E-04   1.9607600018E+00   2.1857777904E+00   4.7752962667E-04   2.0016563739E+00   2.1285160168E+00   7.9040992322E-04   2.1570685905E+00   2.2188727768E+00   1.8431622498E-03   2.2154601295E+00   2.3063427022E+00   1.9372794983E-03   2.3344828009E+00   2.3939423658E+00   2.0494198898E-03   2.1752161251E+00   2.2895635520E+00   1.6701126792E-03   3.3736312138E-04
   1   -92   0    0   3.7413105267E-01   7.6264126281E+00   3.6192136877E-04   1.9615459460E+00   2.1873778073E+00   4.7487198774E-04   2.0028730484E+00   2.1303792528E+00   7.8878449991E-04   2.1578132371E+00   2.2202458268E+00   1.8416330847E-03   2.2157804102E+00   2.3070273850E+00   1.9370081181E-03   2.3347802347E+00   2.3942366762E+00   2.0498385266E-03   2.1755548921E+00   2.2903142136E+00   1.6692643243E-03   3.3740964334E-04
   1   -93   0    0   3.7172859052E-01   7.6293263323E+00   3.6061384896E-04   1.9623300775E+00   2.1889768203E+00   4.7222099005E-04   2.0040861780E+00   2.1322400588E+00   7.8716327727E-04   2.1585560633E+00   2.2216177238E+00   1.8401073340E-03   2.2161007621E+00   2.3077121671E+00   1.9367365446E-03   2.3350767633E+00   2.3945301134E+00   2.0502562190E-03   2.1758936194E+00   2.2910649323E+00   1.6684161813E-03   3.3745611149E-04
   1   -94   0    0   3.6931976586E-01   7.6322367500E+00   3.5931260382E-04   1.9631123950E+00   2.1905748061E+00   4.6957668149E-04   2.0052957567E+00   2.1340984134E+00   7.8554628270E-04   2.1592970679E+00   2.2229884492E+00   1.8385850240E-03   2.2164211814E+00   2.3083970362E+00   1.9364647883E-03   2.3353723840E+00   2.3948226749E+00   2.0506729596E-03   2.1762323045E+00   2.2918156955E+00   1.6675682761E-03   3.3750252523E-04
   1   -95   0    0   3.6690455207E-01   7.6351438474E+00   3.5801763206E-04   1.9638928968E+00   2.1921717410E+00   4.6693910945E-04   2.0065017783E+00   2.1359542953E+00   7.8393354327E-04   2.1600362498E+00   2.2243579841E+00   1.8370661806E-03   2.2167416648E+00   2.3090819798E+00   1.9361928596E-03   2.3356670946E+00   2.3951143582E+00   2.0510887411E-03   2.1765709449E+00   2.2925664909E+00   1.6667206347E-03   3.3754888396E-04
   1   -96   0    0   3.6448292255E-01   7.6380475910E+00   3.5672893208E-04   1.9646715813E+00   2.1937676011E+00   4.6430832086E-04   2.0077042368E+00   2.1378076830E+00   7.8232508579E-04   2.1607736076E+00   2.2257263095E+00   1.8355508296E-03   2.2170622085E+00   2.3097669854E+00   1.9359207691E-03   2.3359608925E+00   2.3954051608E+00   2.0515035561E-03   2.1769095383E+00   2.2933173060E+00   1.6658732830E-03   3.3759518710E-04
   1   -97   0    0   3.6205494377E-01   7.6409480620E+00   3.5544642506E-04   1.9654484190E+00   2.1953623663E+00   4.6168420483E-04   2.0089031127E+00   2.1396585662E+00   7.8072084059E-04   2.1615091429E+00   2.2270934370E+00   1.8340389058E-03   2.2173828733E+00   2.3104521347E+00   1.9356485109E-03   2.3362538105E+00   2.3956951155E+00   2.0519174223E-03   2.1772481393E+00   2.2940682176E+00   1.6650261963E-03   3.3764143866E-04
   1   -98   0    0   3.5962033243E-01   7.6438449078E+00   3.5417032083E-04   1.9662234850E+00   2.1969560015E+00   4.5906724193E-04   2.0100984369E+00   2.1415068915E+00   7.7912109958E-04   2.1622428468E+00   2.2284592624E+00   1.8325306849E-03   2.2177034779E+00   2.3111371555E+00   1.9353761406E-03   2.3365457496E+00   2.3959841233E+00   2.0523302639E-03   2.1775865876E+00   2.2948189664E+00   1.6641795408E-03   3.3768762532E-04
   1   -99   0    0   3.5717933711E-01   7.6467384355E+00   3.5290038968E-04   1.9669966954E+00   2.1985484941E+00   4.5645701244E-04   2.0112901640E+00   2.1433526710E+00   7.7752560430E-04   2.1629747262E+00   2.2298238576E+00   1.8310259241E-03   2.2180242089E+00   2.3118223132E+00   1.9351036203E-03   2.3368368111E+00   2.3962722854E+00   2.0527421472E-03   2.1779250497E+00   2.2955698040E+00   1.6633331920E-03   3.3773376011E-04
   1  -100   0    0   3.5473178250E-01   7.6496284262E+00   3.5163675094E-04   1.9677680925E+00   2.2001398128E+00   4.5385381256E-04   2.0124783092E+00   2.1451958638E+00   7.7593453396E-04   2.1637047753E+00   2.2311871535E+00   1.8295247930E-03   2.2183449600E+00   2.3125074453E+00   1.9348309868E-03   2.3371269370E+00   2.3965595438E+00   2.0531530255E-03   2.1782634319E+00   2.2963205750E+00   1.6624872572E-03   3.3777983509E-04
   1  -101   0    0   3.5227765950E-01   7.6525148669E+00   3.5037938660E-04   1.9685376690E+00   2.2017299332E+00   4.5125765713E-04   2.0136628639E+00   2.1470364497E+00   7.7434789574E-04   2.1644329932E+00   2.2325491362E+00   1.8280272992E-03   2.2186657397E+00   2.3131925568E+00   1.9345582473E-03   2.3374161321E+00   2.3968459030E+00   2.0535628964E-03   2.1786017422E+00   2.2970712837E+00   1.6616417526E-03   3.3782585054E-04
   1  -102   0    0   3.4981701010E-01   7.6553978073E+00   3.4912823785E-04   1.9693054032E+00   2.2033188339E+00   4.4866847644E-04   2.0148438129E+00   2.1488744153E+00   7.7276564522E-04   2.1651593808E+00   2.2339098089E+00   1.8265334017E-03   2.2189865909E+00   2.3138777035E+00   1.9342854005E-03   2.3377044193E+00   2.3971313862E+00   2.0539717711E-03   2.1789400196E+00   2.2978219820E+00   1.6607966669E-03   3.3787180920E-04
   1  -103   0    0   3.4710261775E-01   7.6585648236E+00   3.4775923528E-04   1.9701478116E+00   2.2050651800E+00   4.4582866547E-04   2.0161387000E+00   2.1508931097E+00   7.7103037699E-04   2.1659562879E+00   2.2354049758E+00   1.8248944010E-03   2.2193395318E+00   2.3146312823E+00   1.9339851765E-03   2.3380204447E+00   2.3974443637E+00   2.0544203459E-03   2.1793120181E+00   2.2986476203E+00   1.6598676460E-03   3.3792229216E-04
   1  -104   0    0   3.4410755719E-01   7.6620435093E+00   3.4626202990E-04   1.9710718885E+00   2.2069843791E+00   4.4271479910E-04   2.0175580232E+00   2.1531099401E+00   7.6912781731E-04   2.1668303226E+00   2.2370477593E+00   1.8230966266E-03   2.2197278357E+00   2.3154602012E+00   1.9336548165E-03   2.3383667874E+00   2.3977873980E+00   2.0549123577E-03   2.1797211446E+00   2.2995557421E+00   1.6588464013E-03   3.3797774087E-04
   1  -105   0    0   3.3959664740E-01   7.6672514095E+00   3.4403335915E-04   1.9724529684E+00   2.2098595761E+00   4.3806380526E-04   2.0196770739E+00   2.1564277540E+00   7.6628640770E-04   2.1681363316E+00   2.2395080961E+00   1.8204102103E-03   2.2203103519E+00   2.3167034072E+00   1.9331591085E-03   2.3388837374E+00   2.3982994719E+00   2.0556475361E-03   2.1803346289E+00   2.3009176329E+00   1.6573160122E-03   3.3806074518E-04
   1  -106   0    0   3.3366165987E-01   7.6740460807E+00   3.4114866590E-04   1.9742506695E+00   2.2136143722E+00   4.3201532474E-04   2.0224313348E+00   2.1607546993E+00   7.6259182004E-04   2.1698358020E+00   2.2427197525E+00   1.8169144361E-03   2.2210724986E+00   2.3183294073E+00   1.9325103797E-03   2.3395553786E+00   2.3989648902E+00   2.0566041418E-03   2.1811368204E+00   2.3026986887E+00   1.6553167631E-03   3.3816902530E-04
   1  -107   0    0   3.2768840269E-01   7.6808190674E+00   3.3829908651E-04   1.9760379876E+00   2.2173611715E+00   4.2600854678E-04   2.0251650674E+00   2.1650658420E+00   7.5892334687E-04   2.1715248751E+00   2.2459230402E+00   1.8134402857E-03   2.2218346454E+00   2.3199547083E+00   1.9318615521E-03   2.3402216956E+00   2.3996251607E+00   2.0575547526E-03   2.1819384921E+00   2.3044787962E+00   1.6533211581E-03   3.3827694275E-04
   1  -108   0    0   3.2167650366E-01   7.6875698516E+00   3.3548454740E-04   1.9778148925E+00   2.2210996102E+00   4.2004404077E-04   2.0278781978E+00   2.1693608573E+00   7.5528131213E-04   2.1732035264E+00   2.2491176696E+00   1.8099880849E-03   2.2225967250E+00   2.3215791144E+00   1.9312127697E-03   2.3408826607E+00   2.4002802547E+00   2.0584992770E-03   2.1827395909E+00   2.3062577561E+00   1.6513295516E-03   3.3838448849E-04
   1  -109   0    0   3.1562559056E-01   7.6942979061E+00   3.3270496671E-04   1.9795813522E+00   2.2248293175E+00   4.1412236422E-04   2.0305706529E+00   2.1736394149E+00   7.5166603275E-04   2.1748717303E+00   2.2523033458E+00   1.8065581550E-03   2.2233586678E+00   2.3232024267E+00   1.9305641767E-03   2.3415382471E+00   2.4009301443E+00   2.0594376247E-03   2.1835400606E+00   2.3080353649E+00   1.6493422975E-03   3.3849165340E-04
   1  -110   0    0   3.0953529149E-01   7.7010026943E+00   3.2996025446E-04   1.9813373325E+00   2.2285499161E+00   4.0824406270E-04   2.0332423607E+00   2.1779011791E+00   7.4807781860E-04   2.1765294592E+00   2.2554797688E+00   1.8031508129E-03   2.2241204017E+00   2.3248244427E+00   1.9299159174E-03   2.3421884290E+00   2.4015748026E+00   2.0603697067E-03   2.1843398426E+00   2.3098114153E+00   1.6473597493E-03   3.3859842822E-04
   1  -111   0    0   3.0340523541E-01   7.7076836702E+00   3.2725031279E-04   1.9830827972E+00   2.2322610218E+00   4.0240966960E-04   2.0358932497E+00   2.1821458086E+00   7.4451697236E-04   2.1781766840E+00   2.2586466335E+00   1.7997663707E-03   2.2248818522E+00   2.3264449563E+00   1.9292681360E-03   2.3428331814E+00   2.4022142035E+00   2.0612954357E-03   2.1851388752E+00   2.3115856957E+00   1.6453822599E-03   3.3870480358E-04
   1  -112   0    0   2.9723505255E-01   7.7143402786E+00   3.2457503614E-04   1.9848177078E+00   2.2359622441E+00   3.9661970603E-04   2.0385232493E+00   2.1863729568E+00   7.4098378951E-04   2.1798133740E+00   2.2618036302E+00   1.7964051358E-03   2.2256429423E+00   2.3280637584E+00   1.9286209765E-03   2.3434724804E+00   2.4028483218E+00   2.0622147255E-03   2.1859370940E+00   2.3133579908E+00   1.6434101814E-03   3.3881076998E-04
   1  -113   0    0   2.9102437495E-01   7.7209719547E+00   3.2193431150E-04   1.9865420236E+00   2.2396531860E+00   3.9087468069E-04   2.0411322898E+00   2.1905822716E+00   7.3747855822E-04   2.1814394963E+00   2.2649504438E+00   1.7930674110E-03   2.2264035925E+00   2.3296806365E+00   1.9279745827E-03   2.3441063030E+00   2.4034771330E+00   2.0631274917E-03   2.1867344317E+00   2.3151280812E+00   1.6414438648E-03   3.3891631783E-04
   1  -114   0    0   2.8477283694E-01   7.7275781243E+00   3.1932801862E-04   1.9882557016E+00   2.2433334440E+00   3.8517508972E-04   2.0437203020E+00   2.1947733957E+00   7.3400155933E-04   2.1830550165E+00   2.2680867546E+00   1.7897534939E-03   2.2271637207E+00   2.3312953746E+00   1.9273290982E-03   2.3447346267E+00   2.4041006134E+00   2.0640336511E-03   2.1875308179E+00   2.3168957436E+00   1.6394836601E-03   3.3902143740E-04
   1  -115   0    0   2.7848007576E-01   7.7341582039E+00   3.1675603019E-04   1.9899586963E+00   2.2470026085E+00   3.7952141661E-04   2.0462872175E+00   2.1989459666E+00   7.3055306622E-04   2.1846598980E+00   2.2712122383E+00   1.7864636773E-03   2.2279232425E+00   2.3329077537E+00   1.9266846662E-03   2.3453574304E+00   2.4047187402E+00   2.0649331223E-03   2.1883261796E+00   2.3186607508E+00   1.6375299158E-03   3.3912611887E-04
   1  -116   0    0   2.7214573204E-01   7.7407116008E+00   3.1421821210E-04   1.9916509601E+00   2.2506602638E+00   3.7391413210E-04   2.0488329684E+00   2.2030996166E+00   7.2713334484E-04   2.1862541023E+00   2.2743265657E+00   1.7831982488E-03   2.2286820708E+00   2.3345175514E+00   1.9260414292E-03   2.3459746933E+00   2.4053314913E+00   2.0658258251E-03   2.1891204405E+00   2.3204228718E+00   1.6355829791E-03   3.3923035229E-04
   1  -117   0    0   2.6576945048E-01   7.7472377130E+00   3.1171442365E-04   1.9933324425E+00   2.2543059882E+00   3.6835369404E-04   2.0513574878E+00   2.2072339730E+00   7.2374265360E-04   2.1878375889E+00   2.2774294031E+00   1.7799574910E-03   2.2294401158E+00   2.3361245422E+00   1.9253995295E-03   2.3465863957E+00   2.4059388452E+00   2.0667116812E-03   2.1899135217E+00   2.3221818717E+00   1.6336431953E-03   3.3933412761E-04
   1  -118   0    0   2.5935088040E-01   7.7537359295E+00   3.0924451773E-04   1.9950030909E+00   2.2579393543E+00   3.6284054730E-04   2.0538607090E+00   2.2113486583E+00   7.2038124336E-04   2.1894103152E+00   2.2805204124E+00   1.7767416811E-03   2.2301972855E+00   2.3377284976E+00   1.9247591086E-03   2.3471925186E+00   2.4065407812E+00   2.0675906136E-03   2.1907053412E+00   2.3239375119E+00   1.6317109079E-03   3.3943743467E-04
   1  -119   0    0   2.5288967642E-01   7.7602056303E+00   3.0680834106E-04   1.9966628499E+00   2.2615599290E+00   3.5737512372E-04   2.0563425662E+00   2.2154432902E+00   7.1704935735E-04   2.1909722366E+00   2.2835992512E+00   1.7735510912E-03   2.2309534853E+00   2.3393291860E+00   1.9241203074E-03   2.3477930436E+00   2.4071372794E+00   2.0684625473E-03   2.1914958140E+00   2.3256895502E+00   1.6297864585E-03   3.3954026321E-04
   1  -120   0    0   2.4638549910E-01   7.7666461867E+00   3.0440573441E-04   1.9983116619E+00   2.2651672739E+00   3.5195784197E-04   2.0588029941E+00   2.2195174819E+00   7.1374723113E-04   2.1925233061E+00   2.2866655729E+00   1.7703859876E-03   2.2317086179E+00   2.3409263730E+00   1.9234832661E-03   2.3483879534E+00   2.4077283204E+00   2.0693274085E-03   2.1922848523E+00   2.3274377408E+00   1.6278701862E-03   3.3964260284E-04
   1  -121   0    0   2.3983801561E-01   7.7730569615E+00   3.0203653278E-04   1.9999494664E+00   2.2687609452E+00   3.4658910748E-04   2.0612419281E+00   2.2235708420E+00   7.1047509258E-04   2.1940634750E+00   2.2897190267E+00   1.7672466314E-03   2.2324625838E+00   2.3425198211E+00   1.9228481239E-03   2.3489772310E+00   2.4083138856E+00   2.0701851253E-03   2.1930723656E+00   2.3291818343E+00   1.6259624280E-03   3.3974444312E-04
   1  -122   0    0   2.3324690049E-01   7.7794373091E+00   2.9970056560E-04   2.0015762007E+00   2.2723404943E+00   3.4126931235E-04   2.0636593041E+00   2.2276029751E+00   7.0723316180E-04   2.1955926921E+00   2.2927592583E+00   1.7641332780E-03   2.2332152808E+00   2.3441092902E+00   1.9222150191E-03   2.3495608605E+00   2.4088939571E+00   2.0710356274E-03   2.1938582601E+00   2.3309215781E+00   1.6240635182E-03   3.3984577348E-04
   1  -123   0    0   2.2661183629E-01   7.7857865759E+00   2.9739765696E-04   2.0031917994E+00   2.2759054677E+00   3.3599883527E-04   2.0660550587E+00   2.2316134816E+00   7.0402165112E-04   2.1971109043E+00   2.2957859095E+00   1.7610461772E-03   2.2339666046E+00   2.3456945375E+00   1.9215840892E-03   2.3501388265E+00   2.4094685173E+00   2.0718788464E-03   2.1946424397E+00   2.3326567160E+00   1.6221737883E-03   3.3994658326E-04
   1  -124   0    0   2.1993251437E-01   7.7921041005E+00   2.9512762578E-04   2.0047961947E+00   2.2794554076E+00   3.3077804141E-04   2.0684291290E+00   2.2356019584E+00   7.0084076499E-04   2.1986180562E+00   2.2987986187E+00   1.7579855729E-03   2.2347164482E+00   2.3472753179E+00   1.9209554704E-03   2.3507111142E+00   2.4100375498E+00   2.0727147154E-03   2.1954248051E+00   2.3343869890E+00   1.6202935669E-03   3.4004686175E-04
   1  -125   0    0   2.1320863562E-01   7.7983892144E+00   2.9289028598E-04   2.0063893163E+00   2.2829898519E+00   3.2560728237E-04   2.0707814530E+00   2.2395679986E+00   6.9769070002E-04   2.2001140906E+00   2.3017970211E+00   1.7549517031E-03   2.2354647027E+00   2.3488513836E+00   1.9203292980E-03   2.3512777098E+00   2.4106010383E+00   2.0735431693E-03   2.1962052546E+00   2.3361121349E+00   1.6184231795E-03   3.4014659811E-04
   1  -126   0    0   2.0643991123E-01   7.8046412417E+00   2.9068544671E-04   2.0079710915E+00   2.2865083346E+00   3.2048689604E-04   2.0731119693E+00   2.2435111923E+00   6.9457164481E-04   2.2015989480E+00   2.3047807487E+00   1.7519448000E-03   2.2362112565E+00   2.3504224846E+00   1.9197057059E-03   2.3518385999E+00   2.4111589676E+00   2.0743641449E-03   2.1969836838E+00   2.3378318886E+00   1.6165629484E-03   3.4024578147E-04
   1  -127   0    0   1.9962606350E-01   7.8108595004E+00   2.8851291249E-04   2.0095414452E+00   2.2900103861E+00   3.1541720653E-04   2.0754206172E+00   2.2474311263E+00   6.9148378002E-04   2.2030725669E+00   2.3077494309E+00   1.7489650895E-03   2.2369559963E+00   2.3519883689E+00   1.9190848267E-03   2.3523937719E+00   2.4117113227E+00   2.0751775807E-03   2.1977599856E+00   2.3395459823E+00   1.6147131921E-03   3.4034440087E-04
   1  -128   0    0   1.9276682660E-01   7.8170433019E+00   2.8637248338E-04   2.0111003002E+00   2.2934955337E+00   3.1039852409E-04   2.0777073370E+00   2.2513273851E+00   6.8842727821E-04   2.2045348841E+00   2.3107026947E+00   1.7460127913E-03   2.2376988063E+00   2.3535487824E+00   1.9184667918E-03   2.3529432139E+00   2.4122580896E+00   2.0759834170E-03   2.1985340505E+00   2.3412541457E+00   1.6128742258E-03   3.4044244530E-04
   1  -129   0    0   1.8586194738E-01   7.8231919525E+00   2.8426395515E-04   2.0126475768E+00   2.2969633017E+00   3.0543114493E-04   2.0799720695E+00   2.2551995508E+00   6.8540230387E-04   2.2059858343E+00   2.3136401645E+00   1.7430881190E-03   2.2384395690E+00   2.3551034693E+00   1.9178517309E-03   2.3534869146E+00   2.4127992548E+00   2.0767815963E-03   2.1993057667E+00   2.3429561061E+00   1.6110463607E-03   3.4053990371E-04
   1  -130   0    0   1.7891118617E-01   7.8293047531E+00   2.8218711945E-04   2.0141831934E+00   2.3004132118E+00   3.0051535121E-04   2.0822147568E+00   2.2590472035E+00   6.8240901326E-04   2.2074253505E+00   2.3165614632E+00   1.7401912794E-03   2.2391781648E+00   2.3566521723E+00   1.9172397724E-03   2.3540248636E+00   2.4133348052E+00   2.0775720626E-03   2.2000750200E+00   2.3446515887E+00   1.6092299038E-03   3.4063676498E-04
   1  -131   0    0   1.7191431761E-01   7.8353810002E+00   2.8014176393E-04   2.0157070663E+00   2.3038447840E+00   2.9565141084E-04   2.0844353419E+00   2.2628699217E+00   6.7944755443E-04   2.2088533639E+00   2.3194662118E+00   1.7373224730E-03   2.2399144723E+00   2.3581946324E+00   1.9166310428E-03   2.3545570509E+00   2.4138647289E+00   2.0783547620E-03   2.2008416941E+00   2.3463403166E+00   1.6074251579E-03   3.4073301798E-04
   1  -132   0    0   1.6487113144E-01   7.8414199867E+00   2.7812767240E-04   2.0172191099E+00   2.3072575364E+00   2.9083957740E-04   2.0866337688E+00   2.2666672830E+00   6.7651806708E-04   2.2102698042E+00   2.3223540304E+00   1.7344818935E-03   2.2406483684E+00   2.3597305895E+00   1.9160256673E-03   2.3550834674E+00   2.4143890141E+00   2.0791296427E-03   2.2016056703E+00   2.3480220112E+00   1.6056324215E-03   3.4082865155E-04
   1  -133   0    0   1.5778143332E-01   7.8474210021E+00   2.7614462497E-04   2.0187192368E+00   2.3106509858E+00   2.8608008999E-04   2.0888099830E+00   2.2704388639E+00   6.7362068255E-04   2.2116745995E+00   2.3252245378E+00   1.7316697276E-03   2.2413797285E+00   2.3612597827E+00   1.9154237690E-03   2.3556041046E+00   2.4149076501E+00   2.0798966546E-03   2.2023668285E+00   2.3496963926E+00   1.6038519883E-03   3.4092365452E-04
   1  -134   0    0   1.5064504562E-01   7.8533833335E+00   2.7419239815E-04   2.0202073580E+00   2.3140246485E+00   2.8137317312E-04   2.0909639309E+00   2.2741842409E+00   6.7075552365E-04   2.2130676767E+00   2.3280773526E+00   1.7288861551E-03   2.2421084263E+00   2.3627819501E+00   1.9148254693E-03   2.3561189550E+00   2.4154206267E+00   2.0806557500E-03   2.2031250463E+00   2.3513631794E+00   1.6020841471E-03   3.4101801570E-04
   1  -135   0    0   1.4346180824E-01   7.8593062665E+00   2.7227076499E-04   2.0216833831E+00   2.3173780405E+00   2.7671903653E-04   2.0930955608E+00   2.2779029907E+00   6.6792270465E-04   2.2144489612E+00   2.3309120932E+00   1.7261313487E-03   2.2428343345E+00   2.3642968294E+00   1.9142308876E-03   2.3566280115E+00   2.4159279344E+00   2.0814068831E-03   2.2038801999E+00   2.3530220893E+00   1.6003291817E-03   3.4111172395E-04
   1  -136   0    0   1.3623157937E-01   7.8651890857E+00   2.7037949519E-04   2.0231472202E+00   2.3207106781E+00   2.7211787505E-04   2.0952048223E+00   2.2815946907E+00   6.6512233116E-04   2.2158183775E+00   2.3337283782E+00   1.7234054737E-03   2.2435573242E+00   2.3658041579E+00   1.9136401412E-03   2.3571312680E+00   2.4164295645E+00   2.0821500101E-03   2.2046321639E+00   2.3546728394E+00   1.5985873705E-03   3.4120476810E-04
   1  -137   0    0   1.2895423624E-01   7.8710310759E+00   2.6851835520E-04   2.0245987764E+00   2.3240220784E+00   2.6756986847E-04   2.0972916668E+00   2.2852589195E+00   6.6235450000E-04   2.2171758491E+00   2.3365258270E+00   1.7207086879E-03   2.2442772658E+00   2.3673036731E+00   1.9130533454E-03   2.3576287191E+00   2.4169255092E+00   2.0828850897E-03   2.2053808114E+00   2.3563151463E+00   1.5968589865E-03   3.4129713706E-04
   1  -138   0    0   1.2162967593E-01   7.8768315224E+00   2.6668710831E-04   2.0260379576E+00   2.3273117599E+00   2.6307518133E-04   2.0993560476E+00   2.2888952574E+00   6.5961929917E-04   2.2185212988E+00   2.3393040603E+00   1.7180411414E-03   2.2449940286E+00   2.3687951125E+00   1.9124706133E-03   2.3581203603E+00   2.4174157611E+00   2.0836120825E-03   2.2061260145E+00   2.3579487265E+00   1.5951442969E-03   3.4138881977E-04
   1  -139   0    0   1.1425781603E-01   7.8825897126E+00   2.6488551476E-04   2.0274646691E+00   2.3305792432E+00   2.5863396280E-04   2.1013979200E+00   2.2925032873E+00   6.5691680768E-04   2.2198546486E+00   2.3420627004E+00   1.7154029765E-03   2.2457074812E+00   2.3702782143E+00   1.9118920558E-03   2.3586061878E+00   2.4179003142E+00   2.0843309514E-03   2.2068676442E+00   2.3595732966E+00   1.5934435630E-03   3.4147980522E-04
   1  -140   0    0   1.0683859538E-01   7.8883049367E+00   2.6311333180E-04   2.0288788158E+00   2.3338240514E+00   2.5424634645E-04   2.1034172415E+00   2.2960825948E+00   6.5424709548E-04   2.2211758203E+00   2.3448013716E+00   1.7127943276E-03   2.2464174915E+00   2.3717527177E+00   1.9113177812E-03   2.3590861989E+00   2.4183791627E+00   2.0850416619E-03   2.2076055705E+00   2.3611885740E+00   1.5917570398E-03   3.4157008250E-04
   1  -141   0    0   9.9371974706E-02   7.8939764886E+00   2.6137031379E-04   2.0302803019E+00   2.3370457107E+00   2.4991245013E-04   2.1054139721E+00   2.2996327692E+00   6.5161022332E-04   2.2224847355E+00   2.3475197010E+00   1.7102153205E-03   2.2471239274E+00   2.3732183627E+00   1.9107478954E-03   2.3595603916E+00   2.4188523022E+00   2.0857441814E-03   2.2083396629E+00   2.3627942768E+00   1.5900849760E-03   3.4165964078E-04
   1  -142   0    0   9.1857937285E-02   7.8996036670E+00   2.5965621224E-04   2.0316690318E+00   2.3402437513E+00   2.4563237573E-04   2.1073880742E+00   2.3031534038E+00   6.4900624265E-04   2.2237813156E+00   2.3502173189E+00   1.7076660731E-03   2.2478266561E+00   2.3746748910E+00   1.9101825020E-03   2.3600287649E+00   2.4193197289E+00   2.0864384801E-03   2.2090697904E+00   2.3643901244E+00   1.5884276137E-03   3.4174846934E-04
   1  -143   0    0   8.4296489509E-02   7.9051857764E+00   2.5797077594E-04   2.0330449098E+00   2.3434177078E+00   2.4140620903E-04   2.1093395131E+00   2.3066440971E+00   6.4643519552E-04   2.2250654823E+00   2.3528938591E+00   1.7051466944E-03   2.2485255451E+00   2.3761220461E+00   1.9096217018E-03   2.3604913188E+00   2.4197814402E+00   2.0871245303E-03   2.2097958218E+00   2.3659758377E+00   1.5867851880E-03   3.4183655759E-04
   1  -144   0    0   7.6687661450E-02   7.9107221286E+00   2.5631375095E-04   2.0344078408E+00   2.3465671200E+00   2.3723401951E-04   2.1112682571E+00   2.3101044525E+00   6.4389711444E-04   2.2263371579E+00   2.3555489599E+00   1.7026572846E-03   2.2492204619E+00   2.3775595736E+00   1.9090655927E-03   2.3609480542E+00   2.4202374343E+00   2.0878023069E-03   2.2105176256E+00   2.3675511397E+00   1.5851579271E-03   3.4192389506E-04
   1  -145   0    0   6.9031507357E-02   7.9162120432E+00   2.5468488068E-04   2.0357577300E+00   2.3496915335E+00   2.3311586016E-04   2.1131742776E+00   2.3135340800E+00   6.4139202226E-04   2.2275962651E+00   2.3581822641E+00   1.7001979350E-03   2.2499112745E+00   2.3789872215E+00   1.9085142702E-03   2.3613989732E+00   2.4206877106E+00   2.0884717876E-03   2.2112350707E+00   2.3691157555E+00   1.5835460517E-03   3.4201047147E-04
   1  -146   0    0   6.1328106116E-02   7.9216548492E+00   2.5308390598E-04   2.0370944838E+00   2.3527905005E+00   2.2905176728E-04   2.1150575494E+00   2.3169325963E+00   6.3891993207E-04   2.2288427277E+00   2.3607934200E+00   1.6977687277E-03   2.2505978514E+00   2.3804047407E+00   1.9079678267E-03   2.3618440790E+00   2.4211322692E+00   2.0891329522E-03   2.2119480262E+00   2.3706694133E+00   1.5819497751E-03   3.4209627669E-04
   1  -147   0    0   5.3577561637E-02   7.9270498862E+00   2.5151056514E-04   2.0384180096E+00   2.3558635804E+00   2.2504176033E-04   2.1169180510E+00   2.3202996254E+00   6.3648084707E-04   2.2300764704E+00   2.3633820819E+00   1.6953697356E-03   2.2512800618E+00   2.3818118852E+00   1.9074263515E-03   2.3622833756E+00   2.4215711118E+00   2.0897857836E-03   2.2126563618E+00   2.3722118442E+00   1.5803693028E-03   3.4218130078E-04
   1  -148   0    0   4.5780003205E-02   7.9323965051E+00   2.4996459396E-04   2.0397282163E+00   2.3589103404E+00   2.2108584172E-04   2.1187557647E+00   2.3236347999E+00   6.3407476046E-04   2.2312974196E+00   2.3659479104E+00   1.6930010217E-03   2.2519577760E+00   2.3832084126E+00   1.9068899311E-03   2.3627168685E+00   2.4220042410E+00   2.0904302671E-03   2.2133599481E+00   2.3737427827E+00   1.5788048322E-03   3.4226553403E-04
   1  -149   0    0   3.7935585751E-02   7.9376940699E+00   2.4844572582E-04   2.0410250144E+00   2.3619303565E+00   2.1718399667E-04   2.1205706769E+00   2.3269377608E+00   6.3170165535E-04   2.2325055031E+00   2.3684905733E+00   1.6906626394E-03   2.2526308655E+00   2.3845940843E+00   1.9063586486E-03   2.3631445643E+00   2.4224316606E+00   2.0910663908E-03   2.2140586568E+00   2.3752619676E+00   1.5772565527E-03   3.4234896693E-04
   1  -150   0    0   3.0044490069E-02   7.9429419583E+00   2.4695369168E-04   2.0423083166E+00   2.3649232141E+00   2.1333619304E-04   2.1223627781E+00   2.3302081591E+00   6.2936150463E-04   2.2337006506E+00   2.3710097459E+00   1.6883546324E-03   2.2532992031E+00   2.3859686659E+00   1.9058325843E-03   2.3635664707E+00   2.4228533755E+00   2.0916941455E-03   2.2147523605E+00   2.3767691417E+00   1.5757246451E-03   3.4243159025E-04
   1  -151   0    0   2.2106922963E-02   7.9481395635E+00   2.4548822014E-04   2.0435780375E+00   2.3678885084E+00   2.0954238116E-04   2.1241320636E+00   2.3334456559E+00   6.2705427089E-04   2.2348827940E+00   2.3735051120E+00   1.6860770338E-03   2.2539626633E+00   2.3873319278E+00   1.9053118148E-03   2.3639825968E+00   2.4232693923E+00   2.0923135250E-03   2.2154409337E+00   2.3782640526E+00   1.5742092818E-03   3.4251339498E-04
   1  -152   0    0   1.4123117322E-02   7.9532862950E+00   2.4404903751E-04   2.0448340947E+00   2.3708258455E+00   2.0580249374E-04   2.1258785331E+00   2.3366499234E+00   6.2477990633E-04   2.2360518676E+00   2.3759763639E+00   1.6838298669E-03   2.2546211224E+00   2.3886836452E+00   1.9047964135E-03   2.3643929530E+00   2.4236797184E+00   2.0929245258E-03   2.2161242523E+00   2.3797464532E+00   1.5727106263E-03   3.4259437242E-04
   1  -153   0    0   6.0933321320E-03   7.9583815798E+00   2.4263586783E-04   2.0460764082E+00   2.3737348431E+00   2.0211644571E-04   2.1276021917E+00   2.3398206453E+00   6.2253835265E-04   2.2372078083E+00   2.3784232034E+00   1.6816131443E-03   2.2552744589E+00   2.3900235987E+00   1.9042864503E-03   2.3647975510E+00   2.4240843629E+00   2.0935271473E-03   2.2168021944E+00   2.3812161017E+00   1.5712288328E-03   3.4267451416E-04
   1  -154   0    0  -1.9821476012E-03   7.9634248638E+00   2.4124843290E-04   2.0473049015E+00   2.3766151308E+00   1.9848413411E-04   2.1293030493E+00   2.3429575178E+00   6.2032954104E-04   2.2383505559E+00   2.3808453422E+00   1.6794268679E-03   2.2559225533E+00   2.3913515744E+00   1.9037819919E-03   2.3651964039E+00   2.4244833361E+00   2.0941213918E-03   2.2174746402E+00   2.3826727625E+00   1.5697640468E-03   3.4275381210E-04
   1  -155   0    0  -1.0103010988E-02   7.9684156128E+00   2.3988645237E-04   2.0485195011E+00   2.3794663510E+00   1.9490543805E-04   2.1309811213E+00   2.3460602499E+00   6.1815339206E-04   2.2394800534E+00   2.3832425025E+00   1.6772710293E-03   2.2565652888E+00   2.3926673646E+00   1.9032831010E-03   2.3655895261E+00   2.4248766498E+00   2.0947072647E-03   2.2181414720E+00   2.3841162062E+00   1.5683164042E-03   3.4283225848E-04
   1  -156   0    0  -1.8268921477E-02   7.9733533136E+00   2.3854964378E-04   2.0497201376E+00   2.3822881598E+00   1.9138021860E-04   2.1326364286E+00   2.3491285644E+00   6.1600981562E-04   2.2405962470E+00   2.3856144173E+00   1.6751456088E-03   2.2572025512E+00   2.3939707679E+00   1.9027898369E-03   2.3659769337E+00   2.4252643174E+00   2.0952847743E-03   2.2188025752E+00   2.3855462101E+00   1.5668860313E-03   3.4290984587E-04
   1  -157   0    0  -2.6479517147E-02   7.9782374750E+00   2.3723772259E-04   2.0509067451E+00   2.3850802271E+00   1.8790831878E-04   2.1342689981E+00   2.3521621984E+00   6.1389871095E-04   2.2416990867E+00   2.3879608314E+00   1.6730505760E-03   2.2578342292E+00   2.3952615897E+00   1.9023022553E-03   2.3663586441E+00   2.4256463535E+00   2.0958539318E-03   2.2194578376E+00   2.3869625585E+00   1.5654730449E-03   3.4298656723E-04
   1  -158   0    0  -3.4734411084E-02   7.9830676293E+00   2.3595040226E-04   2.0520792621E+00   2.3878422376E+00   1.8448956351E-04   2.1358788624E+00   2.3551609035E+00   6.1181996658E-04   2.2427885262E+00   2.3902815015E+00   1.6709858894E-03   2.2584602145E+00   2.3965396421E+00   1.9018204080E-03   2.3667346761E+00   2.4260227745E+00   2.0964147516E-03   2.2201071504E+00   2.3883650434E+00   1.5640775520E-03   3.4306241587E-04
   1  -159   0    0  -4.3033191819E-02   7.9878433327E+00   2.3468739431E-04   2.0532376314E+00   2.3905738914E+00   1.8112375967E-04   2.1374660605E+00   2.3581244472E+00   6.0977346033E-04   2.2438645235E+00   2.3925761967E+00   1.6689514963E-03   2.2590804022E+00   2.3978047447E+00   1.9013443432E-03   2.3671050503E+00   2.4263935981E+00   2.0969672511E-03   2.2207504078E+00   2.3897534644E+00   1.5626996496E-03   3.4313738551E-04
   1  -160   0    0  -5.1375423858E-02   7.9925641667E+00   2.3344840837E-04   2.0543818008E+00   2.3932749043E+00   1.7781069608E-04   2.1390306374E+00   2.3610526126E+00   6.0775905933E-04   2.2449270407E+00   2.3948446991E+00   1.6669473328E-03   2.2596946909E+00   2.3990567249E+00   1.9008741051E-03   2.3674697885E+00   2.4267588437E+00   2.0975114507E-03   2.2213875074E+00   2.3911276293E+00   1.5613394247E-03   3.4321147028E-04
   1  -161   0    0  -5.9760648270E-02   7.9972297391E+00   2.3223315230E-04   2.0555117225E+00   2.3959450084E+00   1.7455014361E-04   2.1405726448E+00   2.3639451992E+00   6.0577662005E-04   2.2459760443E+00   2.3970868042E+00   1.6649733239E-03   2.2603029827E+00   2.4002954176E+00   1.9004097343E-03   2.3678289145E+00   2.4271185324E+00   2.0980473739E-03   2.2220183507E+00   2.3924873544E+00   1.5599969543E-03   3.4328466472E-04
   1  -162   0    0  -6.8188383353E-02   8.0018396843E+00   2.3104133222E-04   2.0566273543E+00   2.3985839528E+00   1.7134185528E-04   2.1420921409E+00   2.3668020238E+00   6.0382598837E-04   2.2470115057E+00   2.3993023213E+00   1.6630293833E-03   2.2609051835E+00   2.4015206661E+00   1.8999512674E-03   2.3681824532E+00   2.4274726866E+00   2.0985750473E-03   2.2226428428E+00   2.3938324647E+00   1.5586723052E-03   3.4335696380E-04
   1  -163   0    0  -7.6658125372E-02   8.0063936647E+00   2.2987265260E-04   2.0577286589E+00   2.4011915037E+00   1.6818556634E-04   2.1435891906E+00   2.3696229202E+00   6.0190699962E-04   2.2480334010E+00   2.4014910738E+00   1.6611154134E-03   2.2615012032E+00   2.4027323221E+00   1.8994987370E-03   2.3685304315E+00   2.4278213308E+00   2.0990945004E-03   2.2232608928E+00   2.3951627942E+00   1.5573655339E-03   3.4342836295E-04
   1  -164   0    0  -8.5169349352E-02   8.0108913711E+00   2.2872681640E-04   2.0588156047E+00   2.4037674453E+00   1.6508099451E-04   2.1450638656E+00   2.3724077401E+00   6.0001947868E-04   2.2490417113E+00   2.4036528994E+00   1.6592313055E-03   2.2620909559E+00   2.4039302458E+00   1.8990521720E-03   2.3688728776E+00   2.4281644906E+00   2.0996057660E-03   2.2238724139E+00   2.3964781864E+00   1.5560766867E-03   3.4349885803E-04
   1  -165   0    0  -9.3721509940E-02   8.0153325235E+00   2.2760352509E-04   2.0598881658E+00   2.4063115796E+00   1.6202784011E-04   2.1465162445E+00   2.3751563531E+00   5.9816324013E-04   2.2500364230E+00   2.4057876509E+00   1.6573769396E-03   2.2626743599E+00   2.4051143063E+00   1.8986115975E-03   2.3692098214E+00   2.4285021936E+00   2.1001088796E-03   2.2244773237E+00   2.3977784942E+00   1.5548057996E-03   3.4356844538E-04
   1  -166   0    0  -1.0231404233E-01   8.0197168715E+00   2.2650247881E-04   2.0609463221E+00   2.4088237269E+00   1.5902578634E-04   2.1479464129E+00   2.3778686475E+00   5.9633808832E-04   2.2510175275E+00   2.4078951958E+00   1.6555521848E-03   2.2632513378E+00   2.4062843818E+00   1.8981770343E-03   2.3695412946E+00   2.4288344690E+00   2.1006038800E-03   2.2250755443E+00   2.3990635801E+00   1.5535528986E-03   3.4363712181E-04
   1  -167   0    0  -1.1094636322E-01   8.0240441952E+00   2.2542337648E-04   2.0619900595E+00   2.4113037266E+00   1.5607449952E-04   2.1493544632E+00   2.3805445299E+00   5.9454381755E-04   2.2519850221E+00   2.4099754171E+00   1.6537568990E-03   2.2638218169E+00   2.4074403595E+00   1.8977484998E-03   2.3698673302E+00   2.4291613474E+00   2.1010908087E-03   2.2256670020E+00   2.4003333169E+00   1.5523179992E-03   3.4370488459E-04
   1  -168   0    0  -1.1961787186E-01   8.0283143051E+00   2.2436591588E-04   2.0630193698E+00   2.4137514366E+00   1.5317362938E-04   2.1507404951E+00   2.3831839260E+00   5.9278021228E-04   2.2529389091E+00   2.4120282130E+00   1.6519909294E-03   2.2643857288E+00   2.4085821359E+00   1.8973260071E-03   2.3701879629E+00   2.4294828613E+00   2.1015697104E-03   2.2262516282E+00   2.4015875874E+00   1.5511011067E-03   3.4377173150E-04
   1  -169   0    0  -1.2832795108E-01   8.0325270430E+00   2.2332979380E-04   2.0640342511E+00   2.4161667341E+00   1.5032280943E-04   2.1521046152E+00   2.3857867803E+00   5.9104704727E-04   2.2538791967E+00   2.4140534976E+00   1.6502541124E-03   2.2649430100E+00   2.4097096172E+00   1.8969095658E-03   2.3705032289E+00   2.4297990447E+00   2.1020406325E-03   2.2268293586E+00   2.4028262844E+00   1.5499022166E-03   3.4383766077E-04
   1  -170   0    0  -1.3707596845E-01   8.0366822819E+00   2.2231470616E-04   2.0650347080E+00   2.4185495154E+00   1.4752165730E-04   2.1534469371E+00   2.3883530566E+00   5.8934408781E-04   2.2548058988E+00   2.4160512004E+00   1.6485462737E-03   2.2654936018E+00   2.4108227189E+00   1.8964991815E-03   2.3708131662E+00   2.4301099333E+00   2.1025036253E-03   2.2274001342E+00   2.4040493113E+00   1.5487213142E-03   3.4390267114E-04
   1  -171   0    0  -1.4586127735E-01   8.0407799262E+00   2.2132034815E-04   2.0660207510E+00   2.4208996962E+00   1.4476977514E-04   2.1547675817E+00   2.3908827378E+00   5.8767108997E-04   2.2557190349E+00   2.4180212669E+00   1.6468672289E-03   2.2660374502E+00   2.4119213661E+00   1.8960948561E-03   2.3711178141E+00   2.4304155641E+00   2.1029587419E-03   2.2279639006E+00   2.4052565821E+00   1.5475583748E-03   3.4396676186E-04
   1  -172   0    0  -1.5468321820E-01   8.0448199121E+00   2.2034641436E-04   2.0669923973E+00   2.4232172115E+00   1.4206675008E-04   2.1560666764E+00   2.3933758259E+00   5.8602780085E-04   2.2566186302E+00   2.4199636583E+00   1.6452167832E-03   2.2665745061E+00   2.4130054936E+00   1.8956965877E-03   2.3714172134E+00   2.4307159760E+00   2.1034060380E-03   2.2285206084E+00   2.4064480211E+00   1.5464133642E-03   3.4402993264E-04
   1  -173   0    0  -1.6354111961E-01   8.0488022073E+00   2.1939259895E-04   2.0679496704E+00   2.4255020156E+00   1.3941215465E-04   2.1573443558E+00   2.3958323422E+00   5.8441395883E-04   2.2575047158E+00   2.4218783515E+00   1.6435947320E-03   2.2671047254E+00   2.4140750459E+00   1.8953043709E-03   2.3717114066E+00   2.4310112093E+00   2.1038455721E-03   2.2290702134E+00   2.4076235632E+00   1.5452862383E-03   3.4409218369E-04
   1  -174   0    0  -1.7208792372E-01   8.0534562877E+00   2.1828272431E-04   2.0689017211E+00   2.4279546368E+00   1.3631393118E-04   2.1586528453E+00   2.3984720125E+00   5.8253042028E-04   2.2584551578E+00   2.4240055955E+00   1.6417001233E-03   2.2678311974E+00   2.4154609107E+00   1.8948452459E-03   2.3722406627E+00   2.4316928759E+00   2.1043588778E-03   2.2297954640E+00   2.4091077208E+00   1.5439674432E-03   3.4417822000E-04
   1  -175   0    0  -1.7535114578E-01   8.0623884008E+00   2.1615815723E-04   2.0696369362E+00   2.4312272514E+00   1.3035501280E-04   2.1599660086E+00   2.4020210604E+00   5.7890775069E-04   2.2597241998E+00   2.4273616761E+00   1.6380516140E-03   2.2699217237E+00   2.4190089701E+00   1.8939580569E-03   2.3744821511E+00   2.4352252179E+00   2.1053471083E-03   2.2317259552E+00   2.4126741424E+00   1.5414208991E-03   3.4443099615E-04
   1  -176   0    0  -1.7858450313E-01   8.0713314706E+00   2.1406381786E-04   2.0703782886E+00   2.4345076053E+00   1.2444417070E-04   2.1612779014E+00   2.4055736897E+00   5.7531430089E-04   2.2609966767E+00   2.4307243940E+00   1.6344265553E-03   2.2720122407E+00   2.4225604724E+00   1.8930726222E-03   2.3767213294E+00   2.4387611390E+00   2.1063286443E-03   2.2336557994E+00   2.4162436424E+00   1.5388817434E-03   3.4468407769E-04
   1  -177   0    0  -1.8178817007E-01   8.0802853719E+00   2.1199927279E-04   2.0711258045E+00   2.4377955665E+00   1.1858118674E-04   2.1625886273E+00   2.4091298352E+00   5.7174992313E-04   2.2622725964E+00   2.4340936288E+00   1.6308248659E-03   2.2741027261E+00   2.4261153490E+00   1.8921890120E-03   2.3789581986E+00   2.4423005712E+00   2.1073035088E-03   2.2355849941E+00   2.4198161592E+00   1.5363501089E-03   3.4493745900E-04
   1  -178   0    0  -1.8496232694E-01   8.0892499786E+00   2.0996409123E-04   2.0718795074E+00   2.4410910040E+00   1.1276583268E-04   2.1638982889E+00   2.4126894320E+00   5.6821446410E-04   2.2635519654E+00   2.4374692608E+00   1.6272464594E-03   2.2761931576E+00   2.4296735321E+00   1.8913072942E-03   2.3811927600E+00   2.4458434468E+00   2.1082717260E-03   2.2375135360E+00   2.4233916316E+00   1.5338261227E-03   3.4519113449E-04
   1  -179   0    0  -1.8810715983E-01   8.0982251636E+00   2.0795784523E-04   2.0726394185E+00   2.4443937876E+00   1.0699787065E-04   2.1652069866E+00   2.4162524153E+00   5.6470776519E-04   2.2648347885E+00   2.4408511717E+00   1.6236912449E-03   2.2782835127E+00   2.4332349541E+00   1.8904275338E-03   2.3834250153E+00   2.4493896990E+00   2.1092333216E-03   2.2394414218E+00   2.4269699990E+00   1.5313099060E-03   3.4544509860E-04
   1  -180   0    0  -1.9122286023E-01   8.1072107994E+00   2.0598010985E-04   2.0734055562E+00   2.4477037881E+00   1.0127705354E-04   2.1665148198E+00   2.4198187205E+00   5.6122966273E-04   2.2661210690E+00   2.4442392439E+00   1.6201591267E-03   2.2803737684E+00   2.4367995483E+00   1.8895497939E-03   2.3856549663E+00   2.4529392612E+00   2.1101883229E-03   2.2413686471E+00   2.4305512011E+00   1.5288015741E-03   3.4569934581E-04
   1  -181   0    0  -1.9430962475E-01   8.1162067579E+00   2.0403046333E-04   2.0741779367E+00   2.4510208774E+00   9.5603125524E-05   2.1678218856E+00   2.4233882832E+00   5.5777998830E-04   2.2674108088E+00   2.4476333613E+00   1.6166500046E-03   2.2824639019E+00   2.4403672486E+00   1.8886741347E-03   2.3878826152E+00   2.4564920672E+00   2.1111367582E-03   2.2432952077E+00   2.4341351783E+00   1.5263012371E-03   3.4595387067E-04
   1  -182   0    0  -1.9736765478E-01   8.1252129108E+00   2.0210848726E-04   2.0749565738E+00   2.4543449285E+00   8.9975822471E-05   2.1691282800E+00   2.4269610398E+00   5.5435856893E-04   2.2687040083E+00   2.4510334088E+00   1.6131637745E-03   2.2845538901E+00   2.4439379894E+00   1.8878006143E-03   2.3901079647E+00   2.4600480519E+00   2.1120786572E-03   2.2452210987E+00   2.4377218713E+00   1.5238089994E-03   3.4620866775E-04
   1  -183   0    0  -2.0039715619E-01   8.1342291294E+00   2.0021376672E-04   2.0757414789E+00   2.4576758156E+00   8.4394872381E-05   2.1704340969E+00   2.4305369265E+00   5.5096522740E-04   2.2700006668E+00   2.4544392724E+00   1.6097003279E-03   2.2866437097E+00   2.4475117061E+00   1.8869292884E-03   2.3923310174E+00   2.4636071503E+00   2.1130140507E-03   2.2471463147E+00   2.4413112218E+00   1.5213249600E-03   3.4646373169E-04
   1  -184   0    0  -2.0339833907E-01   8.1432552850E+00   1.9834589043E-04   2.0765326611E+00   2.4610134141E+00   7.8859995824E-05   2.1717394288E+00   2.4341158804E+00   5.4759978249E-04   2.2713007819E+00   2.4578508397E+00   1.6062595526E-03   2.2887333376E+00   2.4510883345E+00   1.8860602105E-03   2.3945517767E+00   2.4671692984E+00   2.1139429709E-03   2.2490708504E+00   2.4449031719E+00   1.5188492125E-03   3.4671905717E-04
   1  -185   0    0  -2.0637141740E-01   8.1522912491E+00   1.9650445092E-04   2.0773301276E+00   2.4643576007E+00   7.3370906363E-05   2.1730443662E+00   2.4376978390E+00   5.4426204919E-04   2.2726043503E+00   2.4612679994E+00   1.6028413328E-03   2.2908227506E+00   2.4546678116E+00   1.8851934317E-03   2.3967702459E+00   2.4707344328E+00   2.1148654508E-03   2.2509946999E+00   2.4484976644E+00   1.5163818456E-03   3.4697463894E-04
   1  -186   0    0  -2.0931660877E-01   8.1613368930E+00   1.9468904456E-04   2.0781338833E+00   2.4677082536E+00   6.7927310975E-05   2.1743489982E+00   2.4412827403E+00   5.4095183897E-04   2.2739113673E+00   2.4646906417E+00   1.5994455492E-03   2.2929119253E+00   2.4582500747E+00   1.8843290010E-03   2.3989864287E+00   2.4743024908E+00   2.1157815245E-03   2.2529178572E+00   2.4520946428E+00   1.5139229427E-03   3.4723047180E-04
   1  -187   0    0  -2.1223413412E-01   8.1703920886E+00   1.9289927178E-04   2.0789439311E+00   2.4710652522E+00   6.2528910452E-05   2.1756534119E+00   2.4448705229E+00   5.3766896000E-04   2.2752218271E+00   2.4681186580E+00   1.5960720791E-03   2.2950008386E+00   2.4618350624E+00   1.8834669652E-03   2.4012003293E+00   2.4778734104E+00   2.1166912271E-03   2.2548403160E+00   2.4556940514E+00   1.5114725824E-03   3.4748655061E-04
   1  -188   0    0  -2.1512421747E-01   8.1794567080E+00   1.9113473711E-04   2.0797602720E+00   2.4744284774E+00   5.7175399807E-05   2.1769576927E+00   2.4484611259E+00   5.3441321741E-04   2.2765357228E+00   2.4715519413E+00   1.5927207970E-03   2.2970894674E+00   2.4654227138E+00   1.8826073689E-03   2.4034119519E+00   2.4814471304E+00   2.1175945947E-03   2.2567620698E+00   2.4592958350E+00   1.5090308385E-03   3.4774287029E-04
   1  -189   0    0  -2.1798708566E-01   8.1885306238E+00   1.8939504928E-04   2.0805829050E+00   2.4777978116E+00   5.1866468662E-05   2.1782619245E+00   2.4520544893E+00   5.3118441349E-04   2.2778530463E+00   2.4749903861E+00   1.5893915740E-03   2.2991777886E+00   2.4690129691E+00   1.8817502549E-03   2.4056213013E+00   2.4850235906E+00   2.1184916640E-03   2.2586831121E+00   2.4628999394E+00   1.5065977800E-03   3.4799942585E-04
   1  -190   0    0  -2.2082296807E-01   8.1976137092E+00   1.8767982133E-04   2.0814118274E+00   2.4811731386E+00   4.6601801631E-05   2.1795661892E+00   2.4556505537E+00   5.2798234789E-04   2.2791737889E+00   2.4784338881E+00   1.5860842790E-03   2.3012657793E+00   2.4726057691E+00   1.8808956636E-03   2.4078283823E+00   2.4886027314E+00   2.1193824730E-03   2.2606034362E+00   2.4665063111E+00   1.5041734713E-03   3.4825621234E-04
   1  -191   0    0  -2.2363209641E-01   8.2067058379E+00   1.8598867068E-04   2.0822470346E+00   2.4845543439E+00   4.1381078689E-05   2.1808705670E+00   2.4592492603E+00   5.2480681790E-04   2.2804979404E+00   2.4818823450E+00   1.5827987778E-03   2.3033534168E+00   2.4762010558E+00   1.8800436337E-03   2.4100332002E+00   2.4921844940E+00   2.1202670599E-03   2.2625230352E+00   2.4701148974E+00   1.5017579724E-03   3.4851322489E-04
   1  -192   0    0  -2.2641470447E-01   8.2158068845E+00   1.8432121920E-04   2.0830885204E+00   2.4879413143E+00   3.6203975538E-05   2.1821751364E+00   2.4628505510E+00   5.2165761859E-04   2.2818254901E+00   2.4853356554E+00   1.5795349342E-03   2.3054406785E+00   2.4797987719E+00   1.8791942019E-03   2.4122357605E+00   2.4957688206E+00   2.1211454640E-03   2.2644419022E+00   2.4737256463E+00   1.4993513389E-03   3.4877045868E-04
   1  -193   0    0  -2.2917102785E-01   8.2249167242E+00   1.8267709327E-04   2.0839362769E+00   2.4913339385E+00   3.1070163953E-05   2.1834799742E+00   2.4664543687E+00   5.1853454304E-04   2.2831564262E+00   2.4887937200E+00   1.5762926094E-03   2.3075275418E+00   2.4833988611E+00   1.8783474029E-03   2.4144360689E+00   2.4993556543E+00   2.1220177252E-03   2.2663600304E+00   2.4773385068E+00   1.4969536222E-03   3.4902790900E-04
   1  -194   0    0  -2.3190130382E-01   8.2340352333E+00   1.8105592383E-04   2.0847902947E+00   2.4947321066E+00   2.5979312129E-05   2.1847851553E+00   2.4700606570E+00   5.1543738255E-04   2.2844907361E+00   2.4922564406E+00   1.5730716628E-03   2.3096139847E+00   2.4870012679E+00   1.8775032698E-03   2.4166341315E+00   2.5029449388E+00   2.1228838839E-03   2.2682774127E+00   2.4809534285E+00   1.4945648697E-03   3.4928557117E-04
   1  -195   0    0  -2.3460577103E-01   8.2431622887E+00   1.7945734646E-04   2.0856505627E+00   2.4981357102E+00   2.0931085008E-05   2.1860907529E+00   2.4736693600E+00   5.1236592679E-04   2.2858284064E+00   2.4957237209E+00   1.5698719517E-03   2.3116999852E+00   2.4906059379E+00   1.8766618336E-03   2.4188299547E+00   2.5065366189E+00   2.1237439812E-03   2.2701940421E+00   2.4845703621E+00   1.4921851245E-03   3.4954344060E-04
   1  -196   0    0  -2.3728466933E-01   8.2522977687E+00   1.7788100136E-04   2.0865170686E+00   2.5015446428E+00   1.5925144599E-05   2.1873968387E+00   2.4772804230E+00   5.0931996404E-04   2.2871694231E+00   2.4991954659E+00   1.5666933315E-03   2.3137855215E+00   2.4942128175E+00   1.8758231239E-03   2.4210235450E+00   2.5101306403E+00   2.1245980587E-03   2.2721099117E+00   2.4881892588E+00   1.4898144262E-03   3.4980151278E-04
   1  -197   0    0  -2.3993823958E-01   8.2614415523E+00   1.7632653346E-04   2.0873897986E+00   2.5049587993E+00   1.0961150289E-05   2.1887034823E+00   2.4808937920E+00   5.0629928131E-04   2.2885137713E+00   2.5026715824E+00   1.5635356563E-03   2.3158705721E+00   2.4978218541E+00   1.8749871683E-03   2.4232149091E+00   2.5137269496E+00   2.1254461584E-03   2.2740250147E+00   2.4918100710E+00   1.4874528105E-03   3.5005978326E-04
   1  -198   0    0  -2.4256672345E-01   8.2705935197E+00   1.7479359239E-04   2.0882687375E+00   2.5083780764E+00   6.0387591457E-06   2.1900107518E+00   2.4845094137E+00   5.0330366454E-04   2.2898614356E+00   2.5061519786E+00   1.5603987785E-03   2.3179551160E+00   2.5014329960E+00   1.8741539929E-03   2.4254040543E+00   2.5173254942E+00   2.1262883229E-03   2.2759393440E+00   2.4954327516E+00   1.4851003092E-03   3.5031824767E-04
   1  -199   0    0  -2.4517036324E-01   8.2797535522E+00   1.7328183252E-04   2.0891538688E+00   2.5118023724E+00   1.1576261981E-06   2.1913187137E+00   2.4881272358E+00   5.0033289877E-04   2.2912123998E+00   2.5096365642E+00   1.5572825489E-03   2.3200391321E+00   2.5050461924E+00   1.8733236222E-03   2.4275909878E+00   2.5209262223E+00   2.1271245951E-03   2.2778528930E+00   2.4990572547E+00   1.4827569511E-03   3.5057690171E-04
   1  -200   0    0  -2.4581741950E-01   8.2820448059E+00   1.7290716220E-04   2.0893761171E+00   2.5126592186E+00  -4.5902306839E-07   2.1916458198E+00   2.4890320287E+00   4.9959406530E-04   2.2915506544E+00   2.5105083545E+00   1.5565067005E-03   2.3205600510E+00   2.5059498064E+00   1.8731164706E-03   2.4281373762E+00   2.5218267393E+00   2.1273327474E-03   2.2783311573E+00   2.4999636595E+00   1.4821725434E-03   3.5064159433E-04
   1   201  -9    8  -2.4581741950E-01   8.2820448059E+00   1.7290716220E-04   2.0893761171E+00   2.5126592186E+00  -4.5902306839E-07   2.1916458198E+00   2.4890320287E+00   4.9959406530E-04   2.2915506544E+00   2.5105083545E+00   1.5565067005E-03   2.3205600510E+00   2.5059498064E+00   1.8731164706E-03   2.4281373762E+00   2.5218267393E+00   2.1273327474E-03   2.2783311573E+00   2.4999636595E+00   1.4821725434E-03   3.5064159433E-04
