 
   1    -1   0    0   9.9999999805E-01   7.9072288405E+00   2.5925833954E-04   2.0341975080E+00   2.3352848187E+00   2.0683628564E-04   2.1277066875E+00   2.3160158075E+00   6.2540858640E-04   2.2248404843E+00   2.3500161167E+00   1.6844512301E-03   2.2422293696E+00   2.3816115169E+00   1.9049390847E-03   2.3551270425E+00   2.4146518653E+00   2.0927555885E-03   2.2037862096E+00   2.3739580400E+00   1.5731253703E-03   3.4161738946E-04
   1    -2   0    0   9.8000122746E-01   7.9073016138E+00   2.5919000133E-04   2.0341150101E+00   2.3352811375E+00   2.0683628564E-04   2.1276094498E+00   2.3160143880E+00   6.2540858640E-04   2.2248177889E+00   2.3500304967E+00   1.6844512301E-03   2.2423198937E+00   2.3816620309E+00   1.9049390847E-03   2.3551916453E+00   2.4147145806E+00   2.0927555885E-03   2.2038894142E+00   2.3740104435E+00   1.5731253703E-03   3.4162073601E-04
   1    -3   0    0   9.7000188450E-01   7.9073392276E+00   2.5915468461E-04   2.0340723591E+00   2.3352792366E+00   2.0683628564E-04   2.1275591760E+00   2.3160136548E+00   6.2540858640E-04   2.2248060432E+00   2.3500379320E+00   1.6844512301E-03   2.2423666968E+00   2.3816881465E+00   1.9049390847E-03   2.3552250474E+00   2.4147470067E+00   2.0927555885E-03   2.2039427319E+00   2.3740375340E+00   1.5731253703E-03   3.4162246631E-04
   1    -4   0    0   9.6000257145E-01   7.9073776828E+00   2.5911858113E-04   2.0340287463E+00   2.3352772944E+00   2.0683628564E-04   2.1275077665E+00   2.3160129055E+00   6.2540858640E-04   2.2247940238E+00   2.3500455356E+00   1.6844512301E-03   2.2424145572E+00   2.3817148514E+00   1.9049390847E-03   2.3552592047E+00   2.4147801660E+00   2.0927555885E-03   2.2039972251E+00   2.3740652342E+00   1.5731253703E-03   3.4162423574E-04
   1    -5   0    0   9.5000328963E-01   7.9074169976E+00   2.5908167423E-04   2.0339841506E+00   2.3352753100E+00   2.0683628564E-04   2.1274551967E+00   2.3160121398E+00   6.2540858640E-04   2.2247817244E+00   2.3500533113E+00   1.6844512301E-03   2.2424634981E+00   2.3817421581E+00   1.9049390847E-03   2.3552941338E+00   2.4148140745E+00   2.0927555885E-03   2.2040529181E+00   2.3740935572E+00   1.5731253703E-03   3.4162604515E-04
   1    -6   0    0   9.4000404045E-01   7.9074571901E+00   2.5904394695E-04   2.0339385507E+00   2.3352732828E+00   2.0683628564E-04   2.1274014412E+00   2.3160113574E+00   6.2540858640E-04   2.2247691387E+00   2.3500612628E+00   1.6844512301E-03   2.2425135429E+00   2.3817700798E+00   1.9049390847E-03   2.3553298514E+00   2.4148487484E+00   2.0927555885E-03   2.2041098358E+00   2.3741225166E+00   1.5731253703E-03   3.4162789541E-04
   1    -7   0    0   9.3000482534E-01   7.9074982791E+00   2.5900538204E-04   2.0338919249E+00   2.3352712117E+00   2.0683628564E-04   2.1273464744E+00   2.3160105579E+00   6.2540858640E-04   2.2247562600E+00   2.3500693939E+00   1.6844512301E-03   2.2425647156E+00   2.3817986299E+00   1.9049390847E-03   2.3553663748E+00   2.4148842045E+00   2.0927555885E-03   2.2041680035E+00   2.3741521259E+00   1.5731253703E-03   3.4162978741E-04
   1    -8   0    0   9.2000564583E-01   7.9075402837E+00   2.5896596189E-04   2.0338442510E+00   2.3352690960E+00   2.0683628564E-04   2.1272902698E+00   2.3160097410E+00   6.2540858640E-04   2.2247430814E+00   2.3500777086E+00   1.6844512301E-03   2.2426170408E+00   2.3818278218E+00   1.9049390847E-03   2.3554037214E+00   2.4149204598E+00   2.0927555885E-03   2.2042274469E+00   2.3741823993E+00   1.5731253703E-03   3.4163172207E-04
   1    -9   0    0   9.1000650348E-01   7.9075832233E+00   2.5892566859E-04   2.0337955063E+00   2.3352669347E+00   2.0683628564E-04   2.1272328008E+00   2.3160089064E+00   6.2540858640E-04   2.2247295962E+00   2.3500862108E+00   1.6844512301E-03   2.2426705433E+00   2.3818576695E+00   1.9049390847E-03   2.3554419090E+00   2.4149575315E+00   2.0927555885E-03   2.2042881922E+00   2.3742133510E+00   1.5731253703E-03   3.4163370029E-04
   1   -10   0    0   9.0000739994E-01   7.9076271175E+00   2.5888448393E-04   2.0337456677E+00   2.3352647270E+00   2.0683628564E-04   2.1271740398E+00   2.3160080536E+00   6.2540858640E-04   2.2247157972E+00   2.3500949046E+00   1.6844512301E-03   2.2427252486E+00   2.3818881871E+00   1.9049390847E-03   2.3554809560E+00   2.4149954374E+00   2.0927555885E-03   2.2043502659E+00   2.3742449955E+00   1.5731253703E-03   3.4163572304E-04
   1   -11   0    0   8.9000833692E-01   7.9076719867E+00   2.5884238932E-04   2.0336947118E+00   2.3352624719E+00   2.0683628564E-04   2.1271139592E+00   2.3160071823E+00   6.2540858640E-04   2.2247016773E+00   2.3501037942E+00   1.6844512301E-03   2.2427811826E+00   2.3819193890E+00   1.9049390847E-03   2.3555208807E+00   2.4150341954E+00   2.0927555885E-03   2.2044136954E+00   2.3742773476E+00   1.5731253703E-03   3.4163779126E-04
   1   -12   0    0   8.8000931621E-01   7.9077178512E+00   2.5879936588E-04   2.0336426145E+00   2.3352601685E+00   2.0683628564E-04   2.1270525303E+00   2.3160062921E+00   6.2540858640E-04   2.2246872289E+00   2.3501128839E+00   1.6844512301E-03   2.2428383719E+00   2.3819512898E+00   1.9049390847E-03   2.3555617023E+00   2.4150738240E+00   2.0927555885E-03   2.2044785080E+00   2.3743104225E+00   1.5731253703E-03   3.4163990595E-04
   1   -13   0    0   8.7001033966E-01   7.9077647320E+00   2.5875539439E-04   2.0335893514E+00   2.3352578160E+00   2.0683628564E-04   2.1269897243E+00   2.3160053828E+00   6.2540858640E-04   2.2246724447E+00   2.3501221779E+00   1.6844512301E-03   2.2428968433E+00   2.3819839046E+00   1.9049390847E-03   2.3556034399E+00   2.4151143418E+00   2.0927555885E-03   2.2045447318E+00   2.3743442354E+00   1.5731253703E-03   3.4164206810E-04
   1   -14   0    0   8.6001140923E-01   7.9078126504E+00   2.5871045528E-04   2.0335348975E+00   2.3352554133E+00   2.0683628564E-04   2.1269255116E+00   2.3160044538E+00   6.2540858640E-04   2.2246573167E+00   2.3501316806E+00   1.6844512301E-03   2.2429566244E+00   2.3820172485E+00   1.9049390847E-03   2.3556461133E+00   2.4151557679E+00   2.0927555885E-03   2.2046123954E+00   2.3743788022E+00   1.5731253703E-03   3.4164427872E-04
   1   -15   0    0   8.5001252694E-01   7.9078616279E+00   2.5866452865E-04   2.0334792275E+00   2.3352529596E+00   2.0683628564E-04   2.1268598621E+00   2.3160035048E+00   6.2540858640E-04   2.2246418373E+00   2.3501413966E+00   1.6844512301E-03   2.2430177431E+00   2.3820513371E+00   1.9049390847E-03   2.3556897424E+00   2.4151981219E+00   2.0927555885E-03   2.2046815278E+00   2.3744141387E+00   1.5731253703E-03   3.4164653886E-04
   1   -16   0    0   8.4001369488E-01   7.9079116867E+00   2.5861759426E-04   2.0334223155E+00   2.3352504538E+00   2.0683628564E-04   2.1267927450E+00   2.3160025354E+00   6.2540858640E-04   2.2246259983E+00   2.3501513304E+00   1.6844512301E-03   2.2430802280E+00   2.3820861862E+00   1.9049390847E-03   2.3557343477E+00   2.4152414234E+00   2.0927555885E-03   2.2047521583E+00   2.3744502612E+00   1.5731253703E-03   3.4164884958E-04
   1   -17   0    0   8.3001491525E-01   7.9079628493E+00   2.5856963151E-04   2.0333641350E+00   2.3352478949E+00   2.0683628564E-04   2.1267241292E+00   2.3160015452E+00   6.2540858640E-04   2.2246097915E+00   2.3501614867E+00   1.6844512301E-03   2.2431441082E+00   2.3821218120E+00   1.9049390847E-03   2.3557799500E+00   2.4152856928E+00   2.0927555885E-03   2.2048243170E+00   2.3744871863E+00   1.5731253703E-03   3.4165121196E-04
   1   -18   0    0   8.2001619035E-01   7.9080151384E+00   2.5852061947E-04   2.0333046593E+00   2.3352452819E+00   2.0683628564E-04   2.1266539828E+00   2.3160005338E+00   6.2540858640E-04   2.2245932084E+00   2.3501718702E+00   1.6844512301E-03   2.2432094133E+00   2.3821582308E+00   1.9049390847E-03   2.3558265705E+00   2.4153309506E+00   2.0927555885E-03   2.2048980344E+00   2.3745249309E+00   1.5731253703E-03   3.4165362709E-04
   1   -19   0    0   8.1001752254E-01   7.9080685773E+00   2.5847053685E-04   2.0332438609E+00   2.3352426139E+00   2.0683628564E-04   2.1265822732E+00   2.3159995007E+00   6.2540858640E-04   2.2245762406E+00   2.3501824859E+00   1.6844512301E-03   2.2432761735E+00   2.3821954594E+00   1.9049390847E-03   2.3558742308E+00   2.4153772178E+00   2.0927555885E-03   2.2049733412E+00   2.3745635121E+00   1.5731253703E-03   3.4165609609E-04
   1   -20   0    0   8.0001891432E-01   7.9081231896E+00   2.5841936202E-04   2.0331817120E+00   2.3352398899E+00   2.0683628564E-04   2.1265089675E+00   2.3159984457E+00   6.2540858640E-04   2.2245588791E+00   2.3501933385E+00   1.6844512301E-03   2.2433444196E+00   2.3822335149E+00   1.9049390847E-03   2.3559229529E+00   2.4154245157E+00   2.0927555885E-03   2.2050502690E+00   2.3746029474E+00   1.5731253703E-03   3.4165862011E-04
   1   -21   0    0   7.9002036827E-01   7.9081789995E+00   2.5836707298E-04   2.0331181842E+00   2.3352371087E+00   2.0683628564E-04   2.1264340319E+00   2.3159973682E+00   6.2540858640E-04   2.2245411150E+00   2.3502044333E+00   1.6844512301E-03   2.2434141828E+00   2.3822724145E+00   1.9049390847E-03   2.3559727593E+00   2.4154728661E+00   2.0927555885E-03   2.2051288497E+00   2.3746432547E+00   1.5731253703E-03   3.4166120030E-04
   1   -22   0    0   7.8002188707E-01   7.9082360313E+00   2.5831364739E-04   2.0330532485E+00   2.3352342693E+00   2.0683628564E-04   2.1263574321E+00   2.3159962678E+00   6.2540858640E-04   2.2245229392E+00   2.3502157753E+00   1.6844512301E-03   2.2434854950E+00   2.3823121760E+00   1.9049390847E-03   2.3560236727E+00   2.4155222911E+00   2.0927555885E-03   2.2052091157E+00   2.3746844521E+00   1.5731253703E-03   3.4166383786E-04
   1   -23   0    0   7.7002347353E-01   7.9082943100E+00   2.5825906254E-04   2.0329868756E+00   2.3352313707E+00   2.0683628564E-04   2.1262791332E+00   2.3159951441E+00   6.2540858640E-04   2.2245043423E+00   2.3502273696E+00   1.6844512301E-03   2.2435583888E+00   2.3823528173E+00   1.9049390847E-03   2.3560757163E+00   2.4155728133E+00   2.0927555885E-03   2.2052910999E+00   2.3747265580E+00   1.5731253703E-03   3.4166653397E-04
   1   -24   0    0   7.6002513055E-01   7.9083538610E+00   2.5820329537E-04   2.0329190354E+00   2.3352284118E+00   2.0683628564E-04   2.1261990997E+00   2.3159939966E+00   6.2540858640E-04   2.2244853147E+00   2.3502392217E+00   1.6844512301E-03   2.2436328971E+00   2.3823943567E+00   1.9049390847E-03   2.3561289139E+00   2.4156244556E+00   2.0927555885E-03   2.2053748357E+00   2.3747695911E+00   1.5731253703E-03   3.4166928988E-04
   1   -25   0    0   7.5002686117E-01   7.9084147099E+00   2.5814632248E-04   2.0328496975E+00   2.3352253915E+00   2.0683628564E-04   2.1261172953E+00   2.3159928249E+00   6.2540858640E-04   2.2244658467E+00   2.3502513370E+00   1.6844512301E-03   2.2437090536E+00   2.3824368129E+00   1.9049390847E-03   2.3561832895E+00   2.4156772415E+00   2.0927555885E-03   2.2054603570E+00   2.3748135707E+00   1.5731253703E-03   3.4167210682E-04
   1   -26   0    0   7.4002866855E-01   7.9084768828E+00   2.5808812007E-04   2.0327788307E+00   2.3352223087E+00   2.0683628564E-04   2.1260336832E+00   2.3159916286E+00   6.2540858640E-04   2.2244459283E+00   2.3502637209E+00   1.6844512301E-03   2.2437868925E+00   2.3824802047E+00   1.9049390847E-03   2.3562388676E+00   2.4157311946E+00   2.0927555885E-03   2.2055476982E+00   2.3748585161E+00   1.5731253703E-03   3.4167498607E-04
   1   -27   0    0   7.3003055597E-01   7.9085404065E+00   2.5802866402E-04   2.0327064036E+00   2.3352191624E+00   2.0683628564E-04   2.1259482258E+00   2.3159904071E+00   6.2540858640E-04   2.2244255493E+00   2.3502763791E+00   1.6844512301E-03   2.2438664488E+00   2.3825245515E+00   1.9049390847E-03   2.3562956732E+00   2.4157863392E+00   2.0927555885E-03   2.2056368943E+00   2.3749044470E+00   1.5731253703E-03   3.4167792891E-04
   1   -28   0    0   7.2003252684E-01   7.9086053079E+00   2.5796792984E-04   2.0326323839E+00   2.3352159513E+00   2.0683628564E-04   2.1258608850E+00   2.3159891600E+00   6.2540858640E-04   2.2244046994E+00   2.3502893173E+00   1.6844512301E-03   2.2439477577E+00   2.3825698729E+00   1.9049390847E-03   2.3563537315E+00   2.4158427000E+00   2.0927555885E-03   2.2057279807E+00   2.3749513837E+00   1.5731253703E-03   3.4168093668E-04
   1   -29   0    0   7.1003458472E-01   7.9086716144E+00   2.5790589267E-04   2.0325567389E+00   2.3352126744E+00   2.0683628564E-04   2.1257716220E+00   2.3159878868E+00   6.2540858640E-04   2.2243833678E+00   2.3503025413E+00   1.6844512301E-03   2.2440308554E+00   2.3826161887E+00   1.9049390847E-03   2.3564130685E+00   2.4159003019E+00   2.0927555885E-03   2.2058209933E+00   2.3749993464E+00   1.5731253703E-03   3.4168401069E-04
   1   -30   0    0   7.0003673330E-01   7.9087393539E+00   2.5784252730E-04   2.0324794353E+00   2.3352093305E+00   2.0683628564E-04   2.1256803972E+00   2.3159865872E+00   6.2540858640E-04   2.2243615439E+00   2.3503160570E+00   1.6844512301E-03   2.2441157785E+00   2.3826635194E+00   1.9049390847E-03   2.3564737104E+00   2.4159591705E+00   2.0927555885E-03   2.2059159685E+00   2.3750483560E+00   1.5731253703E-03   3.4168715232E-04
   1   -31   0    0   6.9003897642E-01   7.9088085548E+00   2.5777780816E-04   2.0324004394E+00   2.3352059185E+00   2.0683628564E-04   2.1255871705E+00   2.3159852604E+00   6.2540858640E-04   2.2243392165E+00   2.3503298705E+00   1.6844512301E-03   2.2442025644E+00   2.3827118854E+00   1.9049390847E-03   2.3565356838E+00   2.4160193317E+00   2.0927555885E-03   2.2060129432E+00   2.3750984336E+00   1.5731253703E-03   3.4169036295E-04
   1   -32   0    0   6.8004131806E-01   7.9088792457E+00   2.5771170935E-04   2.0323197167E+00   2.3352024372E+00   2.0683628564E-04   2.1254919011E+00   2.3159839062E+00   6.2540858640E-04   2.2243163744E+00   2.3503439878E+00   1.6844512301E-03   2.2442912508E+00   2.3827613078E+00   1.9049390847E-03   2.3565990160E+00   2.4160808117E+00   2.0927555885E-03   2.2061119549E+00   2.3751496006E+00   1.5731253703E-03   3.4169364399E-04
   1   -33   0    0   6.7004376239E-01   7.9089514559E+00   2.5764420459E-04   2.0322372323E+00   2.3351988855E+00   2.0683628564E-04   2.1253945473E+00   2.3159825240E+00   6.2540858640E-04   2.2242930060E+00   2.3503584152E+00   1.6844512301E-03   2.2443818765E+00   2.3828118079E+00   1.9049390847E-03   2.3566637344E+00   2.4161436374E+00   2.0927555885E-03   2.2062130415E+00   2.3752018788E+00   1.5731253703E-03   3.4169699685E-04
   1   -34   0    0   6.6004631370E-01   7.9090252150E+00   2.5757526724E-04   2.0321529505E+00   2.3351952621E+00   2.0683628564E-04   2.1252950670E+00   2.3159811132E+00   6.2540858640E-04   2.2242690996E+00   2.3503731590E+00   1.6844512301E-03   2.2444744805E+00   2.3828634072E+00   1.9049390847E-03   2.3567298672E+00   2.4162078360E+00   2.0927555885E-03   2.2063162413E+00   2.3752552903E+00   1.5731253703E-03   3.4170042301E-04
   1   -35   0    0   6.5004897648E-01   7.9091005531E+00   2.5750487036E-04   2.0320668352E+00   2.3351915658E+00   2.0683628564E-04   2.1251934173E+00   2.3159796735E+00   6.2540858640E-04   2.2242446433E+00   2.3503882256E+00   1.6844512301E-03   2.2445691027E+00   2.3829161277E+00   1.9049390847E-03   2.3567974427E+00   2.4162734352E+00   2.0927555885E-03   2.2064215933E+00   2.3753098577E+00   1.5731253703E-03   3.4170392393E-04
   1   -36   0    0   6.4005175538E-01   7.9091775005E+00   2.5743298662E-04   2.0319788498E+00   2.3351877956E+00   2.0683628564E-04   2.1250895545E+00   2.3159782042E+00   6.2540858640E-04   2.2242196249E+00   2.3504036216E+00   1.6844512301E-03   2.2446657834E+00   2.3829699919E+00   1.9049390847E-03   2.3568664901E+00   2.4163404629E+00   2.0927555885E-03   2.2065291369E+00   2.3753656038E+00   1.5731253703E-03   3.4170750112E-04
   1   -37   0    0   6.3005465523E-01   7.9092560883E+00   2.5735958836E-04   2.0318889569E+00   2.3351839501E+00   2.0683628564E-04   2.1249834343E+00   2.3159767048E+00   6.2540858640E-04   2.2241940318E+00   2.3504193536E+00   1.6844512301E-03   2.2447645638E+00   2.3830250223E+00   1.9049390847E-03   2.3569370386E+00   2.4164089479E+00   2.0927555885E-03   2.2066389119E+00   2.3754225517E+00   1.5731253703E-03   3.4171115611E-04
   1   -38   0    0   6.2005768104E-01   7.9093363478E+00   2.5728464762E-04   2.0317971186E+00   2.3351800282E+00   2.0683628564E-04   2.1248750117E+00   2.3159751749E+00   6.2540858640E-04   2.2241678514E+00   2.3504354285E+00   1.6844512301E-03   2.2448654855E+00   2.3830812419E+00   1.9049390847E-03   2.3570091181E+00   2.4164789189E+00   2.0927555885E-03   2.2067509586E+00   2.3754807250E+00   1.5731253703E-03   3.4171489043E-04
   1   -39   0    0   6.1006083803E-01   7.9094183108E+00   2.5720813605E-04   2.0317032964E+00   2.3351760286E+00   2.0683628564E-04   2.1247642411E+00   2.3159736139E+00   6.2540858640E-04   2.2241410707E+00   2.3504518529E+00   1.6844512301E-03   2.2449685910E+00   2.3831386742E+00   1.9049390847E-03   2.3570827590E+00   2.4165504056E+00   2.0927555885E-03   2.2068653179E+00   2.3755401474E+00   1.5731253703E-03   3.4171870566E-04
   1   -40   0    0   6.0006413158E-01   7.9095020095E+00   2.5713002503E-04   2.0316074513E+00   2.3351719501E+00   2.0683628564E-04   2.1246510761E+00   2.3159720213E+00   6.2540858640E-04   2.2241136765E+00   2.3504686340E+00   1.6844512301E-03   2.2450739231E+00   2.3831973428E+00   1.9049390847E-03   2.3571579919E+00   2.4166234376E+00   2.0927555885E-03   2.2069820310E+00   2.3756008433E+00   1.5731253703E-03   3.4172260340E-04
   1   -41   0    0   5.9006756732E-01   7.9095874766E+00   2.5705028560E-04   2.0315095436E+00   2.3351677916E+00   2.0683628564E-04   2.1245354695E+00   2.3159703966E+00   6.2540858640E-04   2.2240856554E+00   2.3504857788E+00   1.6844512301E-03   2.2451815254E+00   2.3832572717E+00   1.9049390847E-03   2.3572348481E+00   2.4166980454E+00   2.0927555885E-03   2.2071011397E+00   2.3756628372E+00   1.5731253703E-03   3.4172658526E-04
   1   -42   0    0   5.8007115105E-01   7.9096747450E+00   2.5696888847E-04   2.0314095330E+00   2.3351635517E+00   2.0683628564E-04   2.1244173735E+00   2.3159687391E+00   6.2540858640E-04   2.2240569937E+00   2.3505032944E+00   1.6844512301E-03   2.2452914423E+00   2.3833184854E+00   1.9049390847E-03   2.3573133594E+00   2.4167742596E+00   2.0927555885E-03   2.2072226861E+00   2.3757261539E+00   1.5731253703E-03   3.4173065289E-04
   1   -43   0    0   5.7007488881E-01   7.9097638482E+00   2.5688580407E-04   2.0313073787E+00   2.3351592292E+00   2.0683628564E-04   2.1242967397E+00   2.3159670484E+00   6.2540858640E-04   2.2240276774E+00   2.3505211882E+00   1.6844512301E-03   2.2454037186E+00   2.3833810086E+00   1.9049390847E-03   2.3573935577E+00   2.4168521114E+00   2.0927555885E-03   2.2073467128E+00   2.3757908187E+00   1.5731253703E-03   3.4173480796E-04
   1   -44   0    0   5.6007878685E-01   7.9098548202E+00   2.5680100254E-04   2.0312030393E+00   2.3351548229E+00   2.0683628564E-04   2.1241735188E+00   2.3159653239E+00   6.2540858640E-04   2.2239976923E+00   2.3505394675E+00   1.6844512301E-03   2.2455183999E+00   2.3834448664E+00   1.9049390847E-03   2.3574754757E+00   2.4169316325E+00   2.0927555885E-03   2.2074732630E+00   2.3758568572E+00   1.5731253703E-03   3.4173905215E-04
   1   -45   0    0   5.5008285164E-01   7.9099476953E+00   2.5671445370E-04   2.0310964728E+00   2.3351503315E+00   2.0683628564E-04   2.1240476611E+00   2.3159635651E+00   6.2540858640E-04   2.2239670238E+00   2.3505581398E+00   1.6844512301E-03   2.2456355321E+00   2.3835100840E+00   1.9049390847E-03   2.3575591465E+00   2.4170128549E+00   2.0927555885E-03   2.2076023800E+00   2.3759242953E+00   1.5731253703E-03   3.4174338718E-04
   1   -46   0    0   5.4008708991E-01   7.9100425081E+00   2.5662612713E-04   2.0309876364E+00   2.3351457539E+00   2.0683628564E-04   2.1239191159E+00   2.3159617713E+00   6.2540858640E-04   2.2239356573E+00   2.3505772128E+00   1.6844512301E-03   2.2457551622E+00   2.3835766874E+00   1.9049390847E-03   2.3576446034E+00   2.4170958111E+00   2.0927555885E-03   2.2077341078E+00   2.3759931592E+00   1.5731253703E-03   3.4174781479E-04
   1   -47   0    0   5.3009150862E-01   7.9101392937E+00   2.5653599212E-04   2.0308764871E+00   2.3351410887E+00   2.0683628564E-04   2.1237878319E+00   2.3159599422E+00   6.2540858640E-04   2.2239035777E+00   2.3505966942E+00   1.6844512301E-03   2.2458773375E+00   2.3836447026E+00   1.9049390847E-03   2.3577318804E+00   2.4171805340E+00   2.0927555885E-03   2.2078684906E+00   2.3760634754E+00   1.5731253703E-03   3.4175233672E-04
   1   -48   0    0   5.2009611497E-01   7.9102380876E+00   2.5644401771E-04   2.0307629811E+00   2.3351363346E+00   2.0683628564E-04   2.1236537574E+00   2.3159580770E+00   6.2540858640E-04   2.2238707696E+00   2.3506165917E+00   1.6844512301E-03   2.2460021059E+00   2.3837141559E+00   1.9049390847E-03   2.3578210118E+00   2.4172670569E+00   2.0927555885E-03   2.2080055731E+00   2.3761352709E+00   1.5731253703E-03   3.4175695477E-04
   1   -49   0    0   5.1010091642E-01   7.9103389256E+00   2.5635017269E-04   2.0306470739E+00   2.3351314906E+00   2.0683628564E-04   2.1235168396E+00   2.3159561752E+00   6.2540858640E-04   2.2238372176E+00   2.3506369134E+00   1.6844512301E-03   2.2461295161E+00   2.3837850740E+00   1.9049390847E-03   2.3579120325E+00   2.4173554135E+00   2.0927555885E-03   2.2081454004E+00   2.3762085730E+00   1.5731253703E-03   3.4176167073E-04
   1   -50   0    0   5.0010592070E-01   7.9104418441E+00   2.5625442564E-04   2.0305287208E+00   2.3351265553E+00   2.0683628564E-04   2.1233770253E+00   2.3159542363E+00   6.2540858640E-04   2.2238029058E+00   2.3506576671E+00   1.6844512301E-03   2.2462596172E+00   2.3838574841E+00   1.9049390847E-03   2.3580049775E+00   2.4174456381E+00   2.0927555885E-03   2.2082880177E+00   2.3762834090E+00   1.5731253703E-03   3.4176648644E-04
   1   -51   0    0   4.9011113580E-01   7.9105468795E+00   2.5615674490E-04   2.0304078761E+00   2.3351215274E+00   2.0683628564E-04   2.1232342606E+00   2.3159522597E+00   6.2540858640E-04   2.2237678180E+00   2.3506788611E+00   1.6844512301E-03   2.2463924589E+00   2.3839314135E+00   1.9049390847E-03   2.3580998826E+00   2.4175377652E+00   2.0927555885E-03   2.2084334709E+00   2.3763598068E+00   1.5731253703E-03   3.4177140375E-04
   1   -52   0    0   4.8011656999E-01   7.9106540688E+00   2.5605709861E-04   2.0302844939E+00   2.3351164058E+00   2.0683628564E-04   2.1230884910E+00   2.3159502448E+00   6.2540858640E-04   2.2237319380E+00   2.3507005035E+00   1.6844512301E-03   2.2465280918E+00   2.3840068898E+00   1.9049390847E-03   2.3581967837E+00   2.4176318298E+00   2.0927555885E-03   2.2085818060E+00   2.3764377946E+00   1.5731253703E-03   3.4177642451E-04
   1   -53   0    0   4.7012223183E-01   7.9107634493E+00   2.5595545473E-04   2.0301585275E+00   2.3351111892E+00   2.0683628564E-04   2.1229396612E+00   2.3159481910E+00   6.2540858640E-04   2.2236952490E+00   2.3507226028E+00   1.6844512301E-03   2.2466665665E+00   2.3840839409E+00   1.9049390847E-03   2.3582957174E+00   2.4177278672E+00   2.0927555885E-03   2.2087330693E+00   2.3765174008E+00   1.5731253703E-03   3.4178155063E-04
   1   -54   0    0   4.6012813015E-01   7.9108750585E+00   2.5585178106E-04   2.0300299297E+00   2.3351058764E+00   2.0683628564E-04   2.1227877155E+00   2.3159460978E+00   6.2540858640E-04   2.2236577340E+00   2.3507451672E+00   1.6844512301E-03   2.2468079347E+00   2.3841625952E+00   1.9049390847E-03   2.3583967203E+00   2.4178259131E+00   2.0927555885E-03   2.2088873076E+00   2.3765986542E+00   1.5731253703E-03   3.4178678401E-04
   1   -55   0    0   4.5013427409E-01   7.9109889345E+00   2.5574604521E-04   2.0298986530E+00   2.3351004661E+00   2.0683628564E-04   2.1226325975E+00   2.3159439647E+00   6.2540858640E-04   2.2236193759E+00   2.3507682053E+00   1.6844512301E-03   2.2469522483E+00   2.3842428812E+00   1.9049390847E-03   2.3584998297E+00   2.4179260037E+00   2.0927555885E-03   2.2090445677E+00   2.3766815836E+00   1.5731253703E-03   3.4179212658E-04
   1   -56   0    0   4.4014067310E-01   7.9111051153E+00   2.5563821470E-04   2.0297646490E+00   2.3350949572E+00   2.0683628564E-04   2.1224742501E+00   2.3159417909E+00   6.2540858640E-04   2.2235801572E+00   2.3507917257E+00   1.6844512301E-03   2.2470995598E+00   2.3843248277E+00   1.9049390847E-03   2.3586050833E+00   2.4180281755E+00   2.0927555885E-03   2.2092048969E+00   2.3767662184E+00   1.5731253703E-03   3.4179758030E-04
   1   -57   0    0   4.3014733691E-01   7.9112236396E+00   2.5552825691E-04   2.0296278691E+00   2.3350893484E+00   2.0683628564E-04   2.1223126158E+00   2.3159395760E+00   6.2540858640E-04   2.2235400601E+00   2.3508157371E+00   1.6844512301E-03   2.2472499223E+00   2.3844084637E+00   1.9049390847E-03   2.3587125189E+00   2.4181324652E+00   2.0927555885E-03   2.2093683424E+00   2.3768525882E+00   1.5731253703E-03   3.4180314713E-04
   1   -58   0    0   4.2015427561E-01   7.9113445460E+00   2.5541613912E-04   2.0294882639E+00   2.3350836385E+00   2.0683628564E-04   2.1221476364E+00   2.3159373194E+00   6.2540858640E-04   2.2234990664E+00   2.3508402483E+00   1.6844512301E-03   2.2474033893E+00   2.3844938186E+00   1.9049390847E-03   2.3588221749E+00   2.4182389101E+00   2.0927555885E-03   2.2095349520E+00   2.3769407226E+00   1.5731253703E-03   3.4180882906E-04
   1   -59   0    0   4.1016149956E-01   7.9114678736E+00   2.5530182855E-04   2.0293457839E+00   2.3350778264E+00   2.0683628564E-04   2.1219792533E+00   2.3159350205E+00   6.2540858640E-04   2.2234571580E+00   2.3508652681E+00   1.6844512301E-03   2.2475600147E+00   2.3845809221E+00   1.9049390847E-03   2.3589340899E+00   2.4183475476E+00   2.0927555885E-03   2.2097047734E+00   2.3770306517E+00   1.5731253703E-03   3.4181462810E-04
   1   -60   0    0   4.0016901951E-01   7.9115936617E+00   2.5518529236E-04   2.0292003786E+00   2.3350719109E+00   2.0683628564E-04   2.1218074073E+00   2.3159326787E+00   6.2540858640E-04   2.2234143162E+00   2.3508908056E+00   1.6844512301E-03   2.2477198531E+00   2.3846698038E+00   1.9049390847E-03   2.3590483029E+00   2.4184584155E+00   2.0927555885E-03   2.2098778545E+00   2.3771224058E+00   1.5731253703E-03   3.4182054628E-04
   1   -61   0    0   3.9017684648E-01   7.9117219496E+00   2.5506649769E-04   2.0290519975E+00   2.3350658909E+00   2.0683628564E-04   2.1216320387E+00   2.3159302935E+00   6.2540858640E-04   2.2233705220E+00   2.3509168696E+00   1.6844512301E-03   2.2478829593E+00   2.3847604939E+00   1.9049390847E-03   2.3591648530E+00   2.4185715520E+00   2.0927555885E-03   2.2100542433E+00   2.3772160153E+00   1.5731253703E-03   3.4182658561E-04
   1   -62   0    0   3.8018499188E-01   7.9118527771E+00   2.5494541167E-04   2.0289005894E+00   2.3350597651E+00   2.0683628564E-04   2.1214530873E+00   2.3159278643E+00   6.2540858640E-04   2.2233257564E+00   2.3509434693E+00   1.6844512301E-03   2.2480493887E+00   2.3848530227E+00   1.9049390847E-03   2.3592837799E+00   2.4186869953E+00   2.0927555885E-03   2.2102339882E+00   2.3773115109E+00   1.5731253703E-03   3.4183274817E-04
   1   -63   0    0   3.7019346744E-01   7.9119861839E+00   2.5482200146E-04   2.0287461028E+00   2.3350535324E+00   2.0683628564E-04   2.1212704927E+00   2.3159253906E+00   6.2540858640E-04   2.2232799999E+00   2.3509706139E+00   1.6844512301E-03   2.2482191968E+00   2.3849474205E+00   1.9049390847E-03   2.3594051235E+00   2.4188047843E+00   2.0927555885E-03   2.2104171372E+00   2.3774089234E+00   1.5731253703E-03   3.4183903602E-04
   1   -64   0    0   3.6020228525E-01   7.9121222101E+00   2.5469623427E-04   2.0285884856E+00   2.3350471918E+00   2.0683628564E-04   2.1210841937E+00   2.3159228717E+00   6.2540858640E-04   2.2232332328E+00   2.3509983126E+00   1.6844512301E-03   2.2483924397E+00   2.3850437181E+00   1.9049390847E-03   2.3595289237E+00   2.4189249577E+00   2.0927555885E-03   2.2106037386E+00   2.3775082839E+00   1.5731253703E-03   3.4184545124E-04
   1   -65   0    0   3.5021145776E-01   7.9122608957E+00   2.5456807739E-04   2.0284276856E+00   2.3350407421E+00   2.0683628564E-04   2.1208941289E+00   2.3159203072E+00   6.2540858640E-04   2.2231854351E+00   2.3510265747E+00   1.6844512301E-03   2.2485691738E+00   2.3851419462E+00   1.9049390847E-03   2.3596552209E+00   2.4190475547E+00   2.0927555885E-03   2.2107938407E+00   2.3776096234E+00   1.5731253703E-03   3.4185199592E-04
   1   -66   0    0   3.4022099777E-01   7.9124022810E+00   2.5443749820E-04   2.0282636498E+00   2.3350341823E+00   2.0683628564E-04   2.1207002368E+00   2.3159176965E+00   6.2540858640E-04   2.2231365866E+00   2.3510554096E+00   1.6844512301E-03   2.2487494557E+00   2.3852421357E+00   1.9049390847E-03   2.3597840556E+00   2.4191726146E+00   2.0927555885E-03   2.2109874918E+00   2.3777129734E+00   1.5731253703E-03   3.4185867217E-04
   1   -67   0    0   3.3023091846E-01   7.9125464062E+00   2.5430446426E-04   2.0280963252E+00   2.3350275113E+00   2.0683628564E-04   2.1205024551E+00   2.3159150390E+00   6.2540858640E-04   2.2230866668E+00   2.3510848266E+00   1.6844512301E-03   2.2489333424E+00   2.3853443179E+00   1.9049390847E-03   2.3599154686E+00   2.4193001769E+00   2.0927555885E-03   2.2111847400E+00   2.3778183653E+00   1.5731253703E-03   3.4186548210E-04
   1   -68   0    0   3.2024123337E-01   7.9126933116E+00   2.5416894324E-04   2.0279256584E+00   2.3350207280E+00   2.0683628564E-04   2.1203007216E+00   2.3159123343E+00   6.2540858640E-04   2.2230356550E+00   2.3511148353E+00   1.6844512301E-03   2.2491208910E+00   2.3854485238E+00   1.9049390847E-03   2.3600495008E+00   2.4194302813E+00   2.0927555885E-03   2.2113856333E+00   2.3779258305E+00   1.5731253703E-03   3.4187242784E-04
   1   -69   0    0   3.1025195640E-01   7.9128430375E+00   2.5403090308E-04   2.0277515956E+00   2.3350138315E+00   2.0683628564E-04   2.1200949736E+00   2.3159095817E+00   6.2540858640E-04   2.2229835301E+00   2.3511454450E+00   1.6844512301E-03   2.2493121589E+00   2.3855547848E+00   1.9049390847E-03   2.3601861931E+00   2.4195629676E+00   2.0927555885E-03   2.2115902199E+00   2.3780354008E+00   1.5731253703E-03   3.4187951151E-04
   1   -70   0    0   3.0026310186E-01   7.9129956244E+00   2.5389031190E-04   2.0275740827E+00   2.3350068207E+00   2.0683628564E-04   2.1198851485E+00   2.3159067807E+00   6.2540858640E-04   2.2229302709E+00   2.3511766653E+00   1.6844512301E-03   2.2495072036E+00   2.3856631323E+00   1.9049390847E-03   2.3603255867E+00   2.4196982758E+00   2.0927555885E-03   2.2117985473E+00   2.3781471078E+00   1.5731253703E-03   3.4188673526E-04
   1   -71   0    0   2.9027468441E-01   7.9131511123E+00   2.5374713813E-04   2.0273930655E+00   2.3349996947E+00   2.0683628564E-04   2.1196711832E+00   2.3159039310E+00   6.2540858640E-04   2.2228758558E+00   2.3512085059E+00   1.6844512301E-03   2.2497060828E+00   2.3857735977E+00   1.9049390847E-03   2.3604677228E+00   2.4198362458E+00   2.0927555885E-03   2.2120106632E+00   2.3782609832E+00   1.5731253703E-03   3.4189410122E-04
   1   -72   0    0   2.8028671910E-01   7.9133095415E+00   2.5360135050E-04   2.0272084893E+00   2.3349924525E+00   2.0683628564E-04   2.1194530147E+00   2.3159010318E+00   6.2540858640E-04   2.2228202632E+00   2.3512409762E+00   1.6844512301E-03   2.2499088542E+00   2.3858862124E+00   1.9049390847E-03   2.3606126428E+00   2.4199769176E+00   2.0927555885E-03   2.2122266148E+00   2.3783770587E+00   1.5731253703E-03   3.4190161155E-04
   1   -73   0    0   2.7029922136E-01   7.9134709521E+00   2.5345291807E-04   2.0270202995E+00   2.3349850932E+00   2.0683628564E-04   2.1192305799E+00   2.3158980828E+00   6.2540858640E-04   2.2227634710E+00   2.3512740858E+00   1.6844512301E-03   2.2501155756E+00   2.3860010080E+00   1.9049390847E-03   2.3607603880E+00   2.4201203315E+00   2.0927555885E-03   2.2124464492E+00   2.3784953661E+00   1.5731253703E-03   3.4190926838E-04
   1   -74   0    0   2.6031220700E-01   7.9136353840E+00   2.5330181031E-04   2.0268284411E+00   2.3349776160E+00   2.0683628564E-04   2.1190038156E+00   2.3158950835E+00   6.2540858640E-04   2.2227054570E+00   2.3513078444E+00   1.6844512301E-03   2.2503263047E+00   2.3861180158E+00   1.9049390847E-03   2.3609109997E+00   2.4202665275E+00   2.0927555885E-03   2.2126702130E+00   2.3786159370E+00   1.5731253703E-03   3.4191707387E-04
   1   -75   0    0   2.5032569222E-01   7.9138028770E+00   2.5314799709E-04   2.0266328591E+00   2.3349700198E+00   2.0683628564E-04   2.1187726587E+00   2.3158920334E+00   6.2540858640E-04   2.2226461989E+00   2.3513422616E+00   1.6844512301E-03   2.2505410994E+00   2.3862372674E+00   1.9049390847E-03   2.3610645192E+00   2.4204155457E+00   2.0927555885E-03   2.2128979524E+00   2.3787388031E+00   1.5731253703E-03   3.4192503015E-04
   1   -76   0    0   2.4033969360E-01   7.9139734704E+00   2.5299144877E-04   2.0264334983E+00   2.3349623040E+00   2.0683628564E-04   2.1185370462E+00   2.3158889320E+00   6.2540858640E-04   2.2225856739E+00   2.3513773468E+00   1.6844512301E-03   2.2507600172E+00   2.3863587940E+00   1.9049390847E-03   2.3612209877E+00   2.4205674260E+00   2.0927555885E-03   2.2131297132E+00   2.3788639960E+00   1.5731253703E-03   3.4193313938E-04
   1   -77   0    0   2.3035422809E-01   7.9141472036E+00   2.5283213619E-04   2.0262303035E+00   2.3349544676E+00   2.0683628564E-04   2.1182969152E+00   2.3158857789E+00   6.2540858640E-04   2.2225238592E+00   2.3514131098E+00   1.6844512301E-03   2.2509831157E+00   2.3864826270E+00   1.9049390847E-03   2.3613804464E+00   2.4207222084E+00   2.0927555885E-03   2.2133655409E+00   2.3789915471E+00   1.5731253703E-03   3.4194140369E-04
   1   -78   0    0   2.2036931302E-01   7.9143241155E+00   2.5267003077E-04   2.0260232194E+00   2.3349465100E+00   2.0683628564E-04   2.1180522031E+00   2.3158825737E+00   6.2540858640E-04   2.2224607317E+00   2.3514495601E+00   1.6844512301E-03   2.2512104520E+00   2.3866087973E+00   1.9049390847E-03   2.3615429362E+00   2.4208799326E+00   2.0927555885E-03   2.2136054801E+00   2.3791214876E+00   1.5731253703E-03   3.4194982520E-04
   1   -79   0    0   2.1038496612E-01   7.9145042447E+00   2.5250510450E-04   2.0258121907E+00   2.3349384303E+00   2.0683628564E-04   2.1178028474E+00   2.3158793160E+00   6.2540858640E-04   2.2223962683E+00   2.3514867071E+00   1.6844512301E-03   2.2514420834E+00   2.3867373362E+00   1.9049390847E-03   2.3617084980E+00   2.4210406382E+00   2.0927555885E-03   2.2138495750E+00   2.3792538488E+00   1.5731253703E-03   3.4195840605E-04
   1   -80   0    0   2.0040120544E-01   7.9146876293E+00   2.5233733002E-04   2.0255971623E+00   2.3349302278E+00   2.0683628564E-04   2.1175487861E+00   2.3158760053E+00   6.2540858640E-04   2.2223304454E+00   2.3515245603E+00   1.6844512301E-03   2.2516780664E+00   2.3868682742E+00   1.9049390847E-03   2.3618771723E+00   2.4212043646E+00   2.0927555885E-03   2.2140978692E+00   2.3793886614E+00   1.5731253703E-03   3.4196714833E-04
   1   -81   0    0   1.9041804944E-01   7.9148743071E+00   2.5216668066E-04   2.0253780789E+00   2.3349219018E+00   2.0683628564E-04   2.1172899575E+00   2.3158726412E+00   6.2540858640E-04   2.2222632396E+00   2.3515631292E+00   1.6844512301E-03   2.2519184575E+00   2.3870016421E+00   1.9049390847E-03   2.3620489995E+00   2.4213711509E+00   2.0927555885E-03   2.2143504056E+00   2.3795259563E+00   1.5731253703E-03   3.4197605415E-04
   1   -82   0    0   1.8043551691E-01   7.9150643152E+00   2.5199313045E-04   2.0251548855E+00   2.3349134517E+00   2.0683628564E-04   2.1170263004E+00   2.3158692235E+00   6.2540858640E-04   2.2221946270E+00   2.3516024230E+00   1.6844512301E-03   2.2521633126E+00   2.3871374702E+00   1.9049390847E-03   2.3622240196E+00   2.4215410360E+00   2.0927555885E-03   2.2146072262E+00   2.3796657637E+00   1.5731253703E-03   3.4198512559E-04
   1   -83   0    0   1.7045362701E-01   7.9152576906E+00   2.5181665424E-04   2.0249275272E+00   2.3349048768E+00   2.0683628564E-04   2.1167577542E+00   2.3158657518E+00   6.2540858640E-04   2.2221245836E+00   2.3516424511E+00   1.6844512301E-03   2.2524126871E+00   2.3872757885E+00   1.9049390847E-03   2.3624022723E+00   2.4217140584E+00   2.0927555885E-03   2.2148683723E+00   2.3798081139E+00   1.5731253703E-03   3.4199436470E-04
   1   -84   0    0   1.6047239923E-01   7.9154544691E+00   2.5163722768E-04   2.0246959493E+00   2.3348961765E+00   2.0683628564E-04   2.1164842589E+00   2.3158622257E+00   6.2540858640E-04   2.2220530856E+00   2.3516832226E+00   1.6844512301E-03   2.2526666360E+00   2.3874166268E+00   1.9049390847E-03   2.3625837969E+00   2.4218902562E+00   2.0927555885E-03   2.2151338844E+00   2.3799530366E+00   1.5731253703E-03   3.4200377354E-04
   1   -85   0    0   1.5049185339E-01   7.9156546864E+00   2.5145482730E-04   2.0244600975E+00   2.3348873502E+00   2.0683628564E-04   2.1162057550E+00   2.3158586449E+00   6.2540858640E-04   2.2219801086E+00   2.3517247466E+00   1.6844512301E-03   2.2529252134E+00   2.3875600144E+00   1.9049390847E-03   2.3627686324E+00   2.4220696670E+00   2.0927555885E-03   2.2154038018E+00   2.3801005612E+00   1.5731253703E-03   3.4201335411E-04
   1   -86   0    0   1.4051200964E-01   7.9158583773E+00   2.5126943054E-04   2.0242199176E+00   2.3348783975E+00   2.0683628564E-04   2.1159221840E+00   2.3158550092E+00   6.2540858640E-04   2.2219056284E+00   2.3517670321E+00   1.6844512301E-03   2.2531884730E+00   2.3877059805E+00   1.9049390847E-03   2.3629568170E+00   2.4222523282E+00   2.0927555885E-03   2.2156781632E+00   2.3802507166E+00   1.5731253703E-03   3.4202310843E-04
   1   -87   0    0   1.3053288844E-01   7.9160655757E+00   2.5108101584E-04   2.0239753558E+00   2.3348693177E+00   2.0683628564E-04   2.1156334883E+00   2.3158513183E+00   6.2540858640E-04   2.2218296206E+00   2.3518100879E+00   1.6844512301E-03   2.2534564676E+00   2.3878545536E+00   1.9049390847E-03   2.3631483886E+00   2.4224382765E+00   2.0927555885E-03   2.2159570058E+00   2.3804035316E+00   1.5731253703E-03   3.4203303845E-04
   1   -88   0    0   1.2055451052E-01   7.9162763150E+00   2.5088956264E-04   2.0237263588E+00   2.3348601103E+00   2.0683628564E-04   2.1153396110E+00   2.3158475720E+00   6.2540858640E-04   2.2217520607E+00   2.3518539227E+00   1.6844512301E-03   2.2537292491E+00   2.3880057618E+00   1.9049390847E-03   2.3633433846E+00   2.4226275479E+00   2.0927555885E-03   2.2162403661E+00   2.3805590340E+00   1.5731253703E-03   3.4204314612E-04
   1   -89   0    0   1.1057689693E-01   7.9164906275E+00   2.5069505146E-04   2.0234728735E+00   2.3348507750E+00   2.0683628564E-04   2.1150404964E+00   2.3158437701E+00   6.2540858640E-04   2.2216729241E+00   2.3518985450E+00   1.6844512301E-03   2.2540068687E+00   2.3881596328E+00   1.9049390847E-03   2.3635418416E+00   2.4228201782E+00   2.0927555885E-03   2.2165282792E+00   2.3807172515E+00   1.5731253703E-03   3.4205343334E-04
   1   -90   0    0   1.0060006894E-01   7.9167085447E+00   2.5049746394E-04   2.0232148476E+00   2.3348413112E+00   2.0683628564E-04   2.1147360899E+00   2.3158399124E+00   6.2540858640E-04   2.2215921861E+00   2.3519439633E+00   1.6844512301E-03   2.2542893765E+00   2.3883161937E+00   1.9049390847E-03   2.3637437955E+00   2.4230162021E+00   2.0927555885E-03   2.2168207790E+00   2.3808782109E+00   1.5731253703E-03   3.4206390197E-04
   1   -91   0    0   9.0624048108E-02   7.9169300973E+00   2.5029678290E-04   2.0229522291E+00   2.3348317186E+00   2.0683628564E-04   2.1144263382E+00   2.3158359987E+00   6.2540858640E-04   2.2215098221E+00   2.3519901858E+00   1.6844512301E-03   2.2545768215E+00   2.3884754710E+00   1.9049390847E-03   2.3639492817E+00   2.4232156539E+00   2.0927555885E-03   2.2171178981E+00   2.3810419388E+00   1.5731253703E-03   3.4207455386E-04
   1   -92   0    0   8.0648856184E-02   7.9171553146E+00   2.5009299237E-04   2.0226849668E+00   2.3348219967E+00   2.0683628564E-04   2.1141111891E+00   2.3158320289E+00   6.2540858640E-04   2.2214258073E+00   2.3520372204E+00   1.6844512301E-03   2.2548692516E+00   2.3886374906E+00   1.9049390847E-03   2.3641583345E+00   2.4234185669E+00   2.0927555885E-03   2.2174196677E+00   2.3812084607E+00   1.5731253703E-03   3.4208539079E-04
   1   -93   0    0   7.0674515136E-02   7.9173842251E+00   2.4988607767E-04   2.0224130100E+00   2.3348121452E+00   2.0683628564E-04   2.1137905919E+00   2.3158280030E+00   6.2540858640E-04   2.2213401171E+00   2.3520850749E+00   1.6844512301E-03   2.2551667136E+00   2.3888022777E+00   1.9049390847E-03   2.3643709876E+00   2.4236249737E+00   2.0927555885E-03   2.2177261176E+00   2.3813778017E+00   1.5731253703E-03   3.4209641450E-04
   1   -94   0    0   6.0701047114E-02   7.9176168560E+00   2.4967602543E-04   2.0221363088E+00   2.3348021638E+00   2.0683628564E-04   2.1134644976E+00   2.3158239208E+00   6.2540858640E-04   2.2212527266E+00   2.3521337571E+00   1.6844512301E-03   2.2554692528E+00   2.3889698568E+00   1.9049390847E-03   2.3645872737E+00   2.4238349061E+00   2.0927555885E-03   2.2180372760E+00   2.3815499862E+00   1.5731253703E-03   3.4210762671E-04
   1   -95   0    0   5.0728474421E-02   7.9178532335E+00   2.4946282366E-04   2.0218548139E+00   2.3347920520E+00   2.0683628564E-04   2.1131328584E+00   2.3158197824E+00   6.2540858640E-04   2.2211636111E+00   2.3521832741E+00   1.6844512301E-03   2.2557769133E+00   2.3891402519E+00   1.9049390847E-03   2.3648072245E+00   2.4240483949E+00   2.0927555885E-03   2.2183531697E+00   2.3817250375E+00   1.5731253703E-03   3.4211902906E-04
   1   -96   0    0   4.0756819496E-02   7.9180933824E+00   2.4924646178E-04   2.0215684771E+00   2.3347818097E+00   2.0683628564E-04   2.1127956286E+00   2.3158155877E+00   6.2540858640E-04   2.2210727459E+00   2.3522336332E+00   1.6844512301E-03   2.2560897376E+00   2.3893134858E+00   1.9049390847E-03   2.3650308709E+00   2.4242654698E+00   2.0927555885E-03   2.2186738238E+00   2.3819029784E+00   1.5731253703E-03   3.4213062314E-04
   1   -97   0    0   3.0786104879E-02   7.9183373262E+00   2.4902693071E-04   2.0212772508E+00   2.3347714364E+00   2.0683628564E-04   2.1124527641E+00   2.3158113368E+00   6.2540858640E-04   2.2209801064E+00   2.3522848410E+00   1.6844512301E-03   2.2564077669E+00   2.3894895807E+00   1.9049390847E-03   2.3652582424E+00   2.4244861597E+00   2.0927555885E-03   2.2189992615E+00   2.3820838308E+00   1.5731253703E-03   3.4214241051E-04
   1   -98   0    0   2.0816353187E-02   7.9185850869E+00   2.4880422285E-04   2.0209810887E+00   2.3347609319E+00   2.0683628564E-04   2.1121042227E+00   2.3158070298E+00   6.2540858640E-04   2.2208856679E+00   2.3523369042E+00   1.6844512301E-03   2.2567310404E+00   2.3896685580E+00   1.9049390847E-03   2.3654893677E+00   2.4247104923E+00   2.0927555885E-03   2.2193295045E+00   2.3822676156E+00   1.5731253703E-03   3.4215439263E-04
   1   -99   0    0   1.0847587078E-02   7.9188366853E+00   2.4857833220E-04   2.0206799450E+00   2.3347502959E+00   2.0683628564E-04   2.1117499644E+00   2.3158026667E+00   6.2540858640E-04   2.2207894060E+00   2.3523898291E+00   1.6844512301E-03   2.2570595959E+00   2.3898504379E+00   1.9049390847E-03   2.3657242742E+00   2.4249384941E+00   2.0927555885E-03   2.2196645725E+00   2.3824543527E+00   1.5731253703E-03   3.4216657095E-04
   1  -100   0    0   8.7982922661E-04   7.9190921404E+00   2.4834925434E-04   2.0203737754E+00   2.3347395281E+00   2.0683628564E-04   2.1113899511E+00   2.3157982478E+00   6.2540858640E-04   2.2206912962E+00   2.3524436214E+00   1.6844512301E-03   2.2573934693E+00   2.3900352399E+00   1.9049390847E-03   2.3659629880E+00   2.4251701904E+00   2.0927555885E-03   2.2200044834E+00   2.3826440611E+00   1.5731253703E-03   3.4217894680E-04
   1  -101   0    0  -9.0868977190E-03   7.9193514699E+00   2.4811698653E-04   2.0200625365E+00   2.3347286283E+00   2.0683628564E-04   2.1110241471E+00   2.3157937731E+00   6.2540858640E-04   2.2205913143E+00   2.3524982869E+00   1.6844512301E-03   2.2577326946E+00   2.3902229824E+00   1.9049390847E-03   2.3662055339E+00   2.4254056053E+00   2.0927555885E-03   2.2203492530E+00   2.3828367587E+00   1.5731253703E-03   3.4219152149E-04
   1  -102   0    0  -1.9052571167E-02   7.9196146898E+00   2.4788152771E-04   2.0197461862E+00   2.3347175961E+00   2.0683628564E-04   2.1106525190E+00   2.3157892430E+00   6.2540858640E-04   2.2204894360E+00   2.3525538307E+00   1.6844512301E-03   2.2580773038E+00   2.3904136828E+00   1.9049390847E-03   2.3664519355E+00   2.4256447616E+00   2.0927555885E-03   2.2206988951E+00   2.3830324624E+00   1.5731253703E-03   3.4220429623E-04
   1  -103   0    0  -2.9017168619E-02   7.9198818143E+00   2.4764287857E-04   2.0194246834E+00   2.3347064313E+00   2.0683628564E-04   2.1102750358E+00   2.3157846576E+00   6.2540858640E-04   2.2203856376E+00   2.3526102577E+00   1.6844512301E-03   2.2584273269E+00   2.3906073571E+00   1.9049390847E-03   2.3667022148E+00   2.4258876806E+00   2.0927555885E-03   2.2210534214E+00   2.3832311880E+00   1.5731253703E-03   3.4221727217E-04
   1  -104   0    0  -3.8980667713E-02   7.9201528559E+00   2.4740104159E-04   2.0190979886E+00   2.3346951335E+00   2.0683628564E-04   2.1098916691E+00   2.3157800174E+00   6.2540858640E-04   2.2202798950E+00   2.3526675724E+00   1.6844512301E-03   2.2587827919E+00   2.3908040207E+00   1.9049390847E-03   2.3669563924E+00   2.4261343824E+00   2.0927555885E-03   2.2214128415E+00   2.3834329499E+00   1.5731253703E-03   3.4223045036E-04
   1  -105   0    0  -4.8943046260E-02   7.9204278253E+00   2.4715602105E-04   2.0187660635E+00   2.3346837026E+00   2.0683628564E-04   2.1095023932E+00   2.3157753226E+00   6.2540858640E-04   2.2201721848E+00   2.3527257789E+00   1.6844512301E-03   2.2591437242E+00   2.3910036874E+00   1.9049390847E-03   2.3672144875E+00   2.4263848854E+00   2.0927555885E-03   2.2217771627E+00   2.3836377616E+00   1.5731253703E-03   3.4224383181E-04
   1  -106   0    0  -5.8904282285E-02   7.9207067314E+00   2.4690782310E-04   2.0184288712E+00   2.3346721381E+00   2.0683628564E-04   2.1091071851E+00   2.3157705737E+00   6.2540858640E-04   2.2200624836E+00   2.3527848808E+00   1.6844512301E-03   2.2595101472E+00   2.3912063698E+00   1.9049390847E-03   2.3674765174E+00   2.4266392066E+00   2.0927555885E-03   2.2221463900E+00   2.3838456349E+00   1.5731253703E-03   3.4225741742E-04
   1  -107   0    0  -6.8864354072E-02   7.9209895812E+00   2.4665645577E-04   2.0180863765E+00   2.3346604398E+00   2.0683628564E-04   2.1087060248E+00   2.3157657710E+00   6.2540858640E-04   2.2199507683E+00   2.3528448815E+00   1.6844512301E-03   2.2598820818E+00   2.3914120794E+00   1.9049390847E-03   2.3677424982E+00   2.4268973612E+00   2.0927555885E-03   2.2225205261E+00   2.3840565808E+00   1.5731253703E-03   3.4227120800E-04
   1  -108   0    0  -7.8823240211E-02   7.9212763796E+00   2.4640192902E-04   2.0177385454E+00   2.3346486072E+00   2.0683628564E-04   2.1082988953E+00   2.3157609151E+00   6.2540858640E-04   2.2198370160E+00   2.3529057836E+00   1.6844512301E-03   2.2602595465E+00   2.3916208263E+00   1.9049390847E-03   2.3680124438E+00   2.4271593631E+00   2.0927555885E-03   2.2228995712E+00   2.3842706086E+00   1.5731253703E-03   3.4228520429E-04
   1  -109   0    0  -8.8780919636E-02   7.9215671294E+00   2.4614425476E-04   2.0173853457E+00   2.3346366400E+00   2.0683628564E-04   2.1078857824E+00   2.3157560065E+00   6.2540858640E-04   2.2197212041E+00   2.3529675895E+00   1.6844512301E-03   2.2606425571E+00   2.3918326192E+00   1.9049390847E-03   2.3682863668E+00   2.4274252241E+00   2.0927555885E-03   2.2232835232E+00   2.3844877264E+00   1.5731253703E-03   3.4229940692E-04
   1  -110   0    0  -9.8737371680E-02   7.9218618316E+00   2.4588344688E-04   2.0170267470E+00   2.3346245377E+00   2.0683628564E-04   2.1074666756E+00   2.3157510457E+00   6.2540858640E-04   2.2196033105E+00   2.3530303011E+00   1.6844512301E-03   2.2610311269E+00   2.3920474656E+00   1.9049390847E-03   2.3685642778E+00   2.4276949546E+00   2.0927555885E-03   2.2236723772E+00   2.3847079408E+00   1.5731253703E-03   3.4231381644E-04
   1  -111   0    0  -1.0869257612E-01   7.9221604848E+00   2.4561952129E-04   2.0166627203E+00   2.3346123000E+00   2.0683628564E-04   2.1070415672E+00   2.3157460334E+00   6.2540858640E-04   2.2194833132E+00   2.3530939196E+00   1.6844512301E-03   2.2614252664E+00   2.3922653712E+00   1.9049390847E-03   2.3688461854E+00   2.4279685630E+00   2.0927555885E-03   2.2240661260E+00   2.3849312569E+00   1.5731253703E-03   3.4232843329E-04
   1  -112   0    0  -1.1864651321E-01   7.9224630856E+00   2.4535249592E-04   2.0162932387E+00   2.3345999262E+00   2.0683628564E-04   2.1066104533E+00   2.3157409702E+00   6.2540858640E-04   2.2193611908E+00   2.3531584460E+00   1.6844512301E-03   2.2618249833E+00   2.3924863406E+00   1.9049390847E-03   2.3691320966E+00   2.4282460558E+00   2.0927555885E-03   2.2244647597E+00   2.3851576783E+00   1.5731253703E-03   3.4234325783E-04
   1  -113   0    0  -1.2859916378E-01   7.9227696282E+00   2.4508239075E-04   2.0159182770E+00   2.3345874159E+00   2.0683628564E-04   2.1061733331E+00   2.3157358569E+00   6.2540858640E-04   2.2192369220E+00   2.3532238805E+00   1.6844512301E-03   2.2622302825E+00   2.3927103767E+00   1.9049390847E-03   2.3694220162E+00   2.4285274379E+00   2.0927555885E-03   2.2248682656E+00   2.3853872072E+00   1.5731253703E-03   3.4235829029E-04
   1  -114   0    0  -1.3855050921E-01   7.9230801047E+00   2.4480922783E-04   2.0155378119E+00   2.3345747685E+00   2.0683628564E-04   2.1057302098E+00   2.3157306941E+00   6.2540858640E-04   2.2191104862E+00   2.3532902229E+00   1.6844512301E-03   2.2626411659E+00   2.3929374809E+00   1.9049390847E-03   2.3697159471E+00   2.4288127119E+00   2.0927555885E-03   2.2252766283E+00   2.3856198439E+00   1.5731253703E-03   3.4237353082E-04
   1  -115   0    0  -1.4850053155E-01   7.9233945047E+00   2.4453303129E-04   2.0151518221E+00   2.3345619833E+00   2.0683628564E-04   2.1052810901E+00   2.3157254828E+00   6.2540858640E-04   2.2189818632E+00   2.3533574725E+00   1.6844512301E-03   2.2630576325E+00   2.3931676530E+00   1.9049390847E-03   2.3700138901E+00   2.4291018785E+00   2.0927555885E-03   2.2256898299E+00   2.3858555876E+00   1.5731253703E-03   3.4238897944E-04
   1  -116   0    0  -1.5844921355E-01   7.9237128155E+00   2.4425382736E-04   2.0147602883E+00   2.3345490597E+00   2.0683628564E-04   2.1048259843E+00   2.3157202237E+00   6.2540858640E-04   2.2188510330E+00   2.3534256278E+00   1.6844512301E-03   2.2634796781E+00   2.3934008911E+00   1.9049390847E-03   2.3703158441E+00   2.4293949366E+00   2.0927555885E-03   2.2261078494E+00   2.3860944353E+00   1.5731253703E-03   3.4240463608E-04
   1  -117   0    0  -1.6839653867E-01   7.9240350221E+00   2.4397164438E-04   2.0143631934E+00   2.3345359969E+00   2.0683628564E-04   2.1043649068E+00   2.3157149178E+00   6.2540858640E-04   2.2187179764E+00   2.3534946869E+00   1.6844512301E-03   2.2639072953E+00   2.3936371919E+00   1.9049390847E-03   2.3706218055E+00   2.4296918827E+00   2.0927555885E-03   2.2265306630E+00   2.3863363827E+00   1.5731253703E-03   3.4242050055E-04
   1  -118   0    0  -1.7834249121E-01   7.9243611070E+00   2.4368651278E-04   2.0139605222E+00   2.3345227941E+00   2.0683628564E-04   2.1038978757E+00   2.3157095660E+00   6.2540858640E-04   2.2185826746E+00   2.3535646474E+00   1.6844512301E-03   2.2643404738E+00   2.3938765502E+00   1.9049390847E-03   2.3709317688E+00   2.4299927115E+00   2.0927555885E-03   2.2269582442E+00   2.3865814236E+00   1.5731253703E-03   3.4243657254E-04
   1  -119   0    0  -1.8828705630E-01   7.9246910501E+00   2.4339846512E-04   2.0135522620E+00   2.3345094505E+00   2.0683628564E-04   2.1034249133E+00   2.3157041693E+00   6.2540858640E-04   2.2184451094E+00   2.3536355060E+00   1.6844512301E-03   2.2647791997E+00   2.3941189592E+00   1.9049390847E-03   2.3712457262E+00   2.4302974153E+00   2.0927555885E-03   2.2273905634E+00   2.3868295503E+00   1.5731253703E-03   3.4245285163E-04
   1  -120   0    0  -1.9823021998E-01   7.9250248291E+00   2.4310753606E-04   2.0131384020E+00   2.3344959650E+00   2.0683628564E-04   2.1029460458E+00   2.3156987288E+00   6.2540858640E-04   2.2183052632E+00   2.3537072591E+00   1.6844512301E-03   2.2652234560E+00   2.3943644103E+00   1.9049390847E-03   2.3715636677E+00   2.4306059842E+00   2.0927555885E-03   2.2278275882E+00   2.3870807529E+00   1.5731253703E-03   3.4246933729E-04
   1  -121   0    0  -2.0817196922E-01   7.9253624190E+00   2.4281376240E-04   2.0127189340E+00   2.3344823367E+00   2.0683628564E-04   2.1024613037E+00   2.3156932455E+00   6.2540858640E-04   2.2181631189E+00   2.3537799022E+00   1.6844512301E-03   2.2656732224E+00   2.3946128931E+00   1.9049390847E-03   2.3718855810E+00   2.4309184064E+00   2.0927555885E-03   2.2282692833E+00   2.3873350203E+00   1.5731253703E-03   3.4248602885E-04
   1  -122   0    0  -2.1811229204E-01   7.9257037923E+00   2.4251718299E-04   2.0122938521E+00   2.3344685645E+00   2.0683628564E-04   2.1019707213E+00   2.3156877206E+00   6.2540858640E-04   2.2180186602E+00   2.3538534305E+00   1.6844512301E-03   2.2661284749E+00   2.3948643957E+00   1.9049390847E-03   2.3722114513E+00   2.4312346674E+00   2.0927555885E-03   2.2287156102E+00   2.3875923390E+00   1.5731253703E-03   3.4250292553E-04
   1  -123   0    0  -2.2805117747E-01   7.9260489188E+00   2.4221783882E-04   2.0118631526E+00   2.3344546472E+00   2.0683628564E-04   2.1014743377E+00   2.3156821552E+00   6.2540858640E-04   2.2178718712E+00   2.3539278383E+00   1.6844512301E-03   2.2665891865E+00   2.3951189040E+00   1.9049390847E-03   2.3725412618E+00   2.4315547509E+00   2.0927555885E-03   2.2291665276E+00   2.3878526941E+00   1.5731253703E-03   3.4252002643E-04
   1  -124   0    0  -2.3798861568E-01   7.9263977659E+00   2.4191577293E-04   2.0114268346E+00   2.3344405837E+00   2.0683628564E-04   2.1009721957E+00   2.3156765507E+00   6.2540858640E-04   2.2177227371E+00   2.3540031192E+00   1.6844512301E-03   2.2670553263E+00   2.3953764024E+00   1.9049390847E-03   2.3728749931E+00   2.4318786379E+00   2.0927555885E-03   2.2296219911E+00   2.3881160687E+00   1.5731253703E-03   3.4253733053E-04
   1  -125   0    0  -2.4792459798E-01   7.9267502985E+00   2.4161103044E-04   2.0109848994E+00   2.3344263726E+00   2.0683628564E-04   2.1004643427E+00   2.3156709082E+00   6.2540858640E-04   2.2175712435E+00   2.3540792665E+00   1.6844512301E-03   2.2675268602E+00   2.3956368733E+00   1.9049390847E-03   2.3732126234E+00   2.4322063073E+00   2.0927555885E-03   2.2300819535E+00   2.3883824441E+00   1.5731253703E-03   3.4255483667E-04
   1  -126   0    0  -2.5785911687E-01   7.9271064786E+00   2.4130365852E-04   2.0105373512E+00   2.3344120125E+00   2.0683628564E-04   2.0999508305E+00   2.3156652291E+00   6.2540858640E-04   2.2174173770E+00   2.3541562724E+00   1.6844512301E-03   2.2680037504E+00   2.3959002973E+00   1.9049390847E-03   2.3735541285E+00   2.4325377357E+00   2.0927555885E-03   2.2305463643E+00   2.3886517996E+00   1.5731253703E-03   3.4257254356E-04
   1  -127   0    0  -2.6779216612E-01   7.9274662659E+00   2.4099370634E-04   2.0100841964E+00   2.3343975021E+00   2.0683628564E-04   2.0994317150E+00   2.3156595148E+00   6.2540858640E-04   2.2172611248E+00   2.3542341288E+00   1.6844512301E-03   2.2684859555E+00   2.3961666531E+00   1.9049390847E-03   2.3738994820E+00   2.4328728970E+00   2.0927555885E-03   2.2310151702E+00   2.3889241126E+00   1.5731253703E-03   3.4259044981E-04
   1  -128   0    0  -2.7772374079E-01   7.9278296173E+00   2.4068122509E-04   2.0096254444E+00   2.3343828397E+00   2.0683628564E-04   2.0989070566E+00   2.3156537667E+00   6.2540858640E-04   2.2171024751E+00   2.3543128269E+00   1.6844512301E-03   2.2689734306E+00   2.3964359176E+00   1.9049390847E-03   2.3742486547E+00   2.4332117632E+00   2.0927555885E-03   2.2314883148E+00   2.3891993589E+00   1.5731253703E-03   3.4260855387E-04
   1  -129   0    0  -2.8765383727E-01   7.9281964873E+00   2.4036626793E-04   2.0091611072E+00   2.3343680238E+00   2.0683628564E-04   2.0983769202E+00   2.3156479862E+00   6.2540858640E-04   2.2169414169E+00   2.3543923569E+00   1.6844512301E-03   2.2694661273E+00   2.3967080658E+00   1.9049390847E-03   2.3746016152E+00   2.4335543036E+00   2.0927555885E-03   2.2319657387E+00   2.3894775120E+00   1.5731253703E-03   3.4262685409E-04
   1  -130   0    0  -2.9758245333E-01   7.9285668276E+00   2.4004888996E-04   2.0086911996E+00   2.3343530527E+00   2.0683628564E-04   2.0978413749E+00   2.3156421748E+00   6.2540858640E-04   2.2167779402E+00   2.3544727088E+00   1.6844512301E-03   2.2699639935E+00   2.3969830707E+00   1.9049390847E-03   2.3749583295E+00   2.4339004853E+00   2.0927555885E-03   2.2324473796E+00   2.3897585438E+00   1.5731253703E-03   3.4264534867E-04
   1  -131   0    0  -3.0750958815E-01   7.9289405876E+00   2.3972914816E-04   2.0082157390E+00   2.3343379247E+00   2.0683628564E-04   2.0973004942E+00   2.3156363341E+00   6.2540858640E-04   2.2166120357E+00   2.3545538716E+00   1.6844512301E-03   2.2704669735E+00   2.3972609035E+00   1.9049390847E-03   2.3753187612E+00   2.4342502727E+00   2.0927555885E-03   2.2329331722E+00   2.3900424241E+00   1.5731253703E-03   3.4266403568E-04
   1  -132   0    0  -3.1743524239E-01   7.9293177138E+00   2.3940710143E-04   2.0077347459E+00   2.3343226380E+00   2.0683628564E-04   2.0967543559E+00   2.3156304656E+00   6.2540858640E-04   2.2164436954E+00   2.3546358339E+00   1.6844512301E-03   2.2709750079E+00   2.3975415336E+00   1.9049390847E-03   2.3756828714E+00   2.4346036282E+00   2.0927555885E-03   2.2334230482E+00   2.3903291209E+00   1.5731253703E-03   3.4268291307E-04
   1  -133   0    0  -3.2735941816E-01   7.9296981506E+00   2.3908281046E-04   2.0072482436E+00   2.3343071908E+00   2.0683628564E-04   2.0962030423E+00   2.3156245709E+00   6.2540858640E-04   2.2162729120E+00   2.3547185833E+00   1.6844512301E-03   2.2714880340E+00   2.3978249284E+00   1.9049390847E-03   2.3760506188E+00   2.4349605115E+00   2.0927555885E-03   2.2339169365E+00   2.3906186003E+00   1.5731253703E-03   3.4270197866E-04
   1  -134   0    0  -3.3728211914E-01   7.9300818393E+00   2.3875633774E-04   2.0067562582E+00   2.3342915811E+00   2.0683628564E-04   2.0956466398E+00   2.3156186517E+00   6.2540858640E-04   2.2160996796E+00   2.3548021072E+00   1.6844512301E-03   2.2720059852E+00   2.3981110533E+00   1.9049390847E-03   2.3764219595E+00   2.4353208801E+00   2.0927555885E-03   2.2344147628E+00   2.3909108263E+00   1.5731253703E-03   3.4272123015E-04
   1  -135   0    0  -3.4720335053E-01   7.9304687194E+00   2.3842774754E-04   2.0062588191E+00   2.3342758071E+00   2.0683628564E-04   2.0950852391E+00   2.3156127097E+00   6.2540858640E-04   2.2159239932E+00   2.3548863920E+00   1.6844512301E-03   2.2725287915E+00   2.3983998722E+00   1.9049390847E-03   2.3767968472E+00   2.4356846889E+00   2.0927555885E-03   2.2349164505E+00   2.3912057613E+00   1.5731253703E-03   3.4274066508E-04
   1  -136   0    0  -3.5712311911E-01   7.9308587274E+00   2.3809710579E-04   2.0057559583E+00   2.3342598666E+00   2.0683628564E-04   2.0945189353E+00   2.3156067465E+00   6.2540858640E-04   2.2157458488E+00   2.3549714236E+00   1.6844512301E-03   2.2730563794E+00   2.3986913466E+00   1.9049390847E-03   2.3771752332E+00   2.4360518906E+00   2.0927555885E-03   2.2354219196E+00   2.3915033656E+00   1.5731253703E-03   3.4276028089E-04
   1  -137   0    0  -3.6704143328E-01   7.9312517977E+00   2.3776448010E-04   2.0052477112E+00   2.3342437578E+00   2.0683628564E-04   2.0939478272E+00   2.3156007639E+00   6.2540858640E-04   2.2155652438E+00   2.3550571872E+00   1.6844512301E-03   2.2735886717E+00   2.3989854366E+00   1.9049390847E-03   2.3775570663E+00   2.4364224355E+00   2.0927555885E-03   2.2359310876E+00   2.3918035977E+00   1.5731253703E-03   3.4278007488E-04
   1  -138   0    0  -3.7695830306E-01   7.9316478621E+00   2.3742993967E-04   2.0047341160E+00   2.3342274785E+00   2.0683628564E-04   2.0933720182E+00   2.3155947637E+00   6.2540858640E-04   2.2153821768E+00   2.3551436676E+00   1.6844512301E-03   2.2741255879E+00   2.3992821002E+00   1.9049390847E-03   2.3779422929E+00   2.4367962715E+00   2.0927555885E-03   2.2364438694E+00   2.3921064143E+00   1.5731253703E-03   3.4280004424E-04
   1  -139   0    0  -3.8687374011E-01   7.9320468502E+00   2.3709355528E-04   2.0042152143E+00   2.3342110267E+00   2.0683628564E-04   2.0927916153E+00   2.3155887477E+00   6.2540858640E-04   2.2151966476E+00   2.3552308488E+00   1.6844512301E-03   2.2746670439E+00   2.3995812937E+00   1.9049390847E-03   2.3783308570E+00   2.4371733442E+00   2.0927555885E-03   2.2369601770E+00   2.3924117701E+00   1.5731253703E-03   3.4282018601E-04
   1  -140   0    0  -3.9678775775E-01   7.9324486894E+00   2.3675539918E-04   2.0036910506E+00   2.3341944003E+00   2.0683628564E-04   2.0922067296E+00   2.3155827177E+00   6.2540858640E-04   2.2150086572E+00   2.3553187142E+00   1.6844512301E-03   2.2752129524E+00   2.3998829715E+00   1.9049390847E-03   2.3787227002E+00   2.4375535968E+00   2.0927555885E-03   2.2374799198E+00   2.3927196181E+00   1.5731253703E-03   3.4284049712E-04
   1  -141   0    0  -4.0670037098E-01   7.9328533047E+00   2.3641554507E-04   2.0031616727E+00   2.3341775973E+00   2.0683628564E-04   2.0916174759E+00   2.3155766755E+00   6.2540858640E-04   2.2148182080E+00   2.3554072467E+00   1.6844512301E-03   2.2757632225E+00   2.4001870862E+00   1.9049390847E-03   2.3791177616E+00   2.4379369704E+00   2.0927555885E-03   2.2380030046E+00   2.3930299096E+00   1.5731253703E-03   3.4286097437E-04
   1  -142   0    0  -4.1661159647E-01   7.9332606189E+00   2.3607406806E-04   2.0026271317E+00   2.3341606156E+00   2.0683628564E-04   2.0910239730E+00   2.3155706230E+00   6.2540858640E-04   2.2146253038E+00   2.3554964285E+00   1.6844512301E-03   2.2763177602E+00   2.4004935887E+00   1.9049390847E-03   2.3795159782E+00   2.4383234037E+00   2.0927555885E-03   2.2385293358E+00   2.3933425938E+00   1.5731253703E-03   3.4288161445E-04
   1  -143   0    0  -4.2652145258E-01   7.9336705528E+00   2.3573104457E-04   2.0020874819E+00   2.3341434531E+00   2.0683628564E-04   2.0904263431E+00   2.3155645621E+00   6.2540858640E-04   2.2144299499E+00   2.3555862415E+00   1.6844512301E-03   2.2768764681E+00   2.4008024281E+00   1.9049390847E-03   2.3799172846E+00   2.4387128331E+00   2.0927555885E-03   2.2390588153E+00   2.3936576184E+00   1.5731253703E-03   3.4290241391E-04
   1  -144   0    0  -4.3642995936E-01   7.9340830250E+00   2.3538655229E-04   2.0015427808E+00   2.3341261078E+00   2.0683628564E-04   2.0898247119E+00   2.3155584947E+00   6.2540858640E-04   2.2142321528E+00   2.3556766669E+00   1.6844512301E-03   2.2774392458E+00   2.4011135517E+00   1.9049390847E-03   2.3803216132E+00   2.4391051928E+00   2.0927555885E-03   2.2395913426E+00   2.3939749293E+00   1.5731253703E-03   3.4292336920E-04
   1  -145   0    0  -4.4633713854E-01   7.9344979521E+00   2.3504067013E-04   2.0009930893E+00   2.3341085779E+00   2.0683628564E-04   2.0892192087E+00   2.3155524227E+00   6.2540858640E-04   2.2140319208E+00   2.3557676854E+00   1.6844512301E-03   2.2780059895E+00   2.4014269052E+00   1.9049390847E-03   2.3807288939E+00   2.4395004151E+00   2.0927555885E-03   2.2401268149E+00   2.3942944707E+00   1.5731253703E-03   3.4294447665E-04
   1  -146   0    0  -4.5624301353E-01   7.9349152490E+00   2.3469347813E-04   2.0004384715E+00   2.3340908615E+00   2.0683628564E-04   2.0886099660E+00   2.3155463480E+00   6.2540858640E-04   2.2138292635E+00   2.3558592772E+00   1.6844512301E-03   2.2785765925E+00   2.4017424327E+00   1.9049390847E-03   2.3811390546E+00   2.4398984299E+00   2.0927555885E-03   2.2406651270E+00   2.3946161852E+00   1.5731253703E-03   3.4296573247E-04
   1  -147   0    0  -4.6614760942E-01   7.9353348284E+00   2.3434505744E-04   1.9998789951E+00   2.3340729566E+00   2.0683628564E-04   2.0879971193E+00   2.3155402726E+00   6.2540858640E-04   2.2136241922E+00   2.3559514221E+00   1.6844512301E-03   2.2791509452E+00   2.4020600765E+00   1.9049390847E-03   2.3815520211E+00   2.4402991650E+00   2.0927555885E-03   2.2412061717E+00   2.3949400136E+00   1.5731253703E-03   3.4298713276E-04
   1  -148   0    0  -4.7605095295E-01   7.9357566014E+00   2.3399549020E-04   1.9993147308E+00   2.3340548616E+00   2.0683628564E-04   2.0873808074E+00   2.3155341984E+00   6.2540858640E-04   2.2134167197E+00   2.3560440992E+00   1.6844512301E-03   2.2797289350E+00   2.4023797774E+00   1.9049390847E-03   2.3819677169E+00   2.4407025461E+00   2.0927555885E-03   2.2417498397E+00   2.3952658953E+00   1.5731253703E-03   3.4300867351E-04
   1  -149   0    0  -4.8595307252E-01   7.9361804772E+00   2.3364485954E-04   1.9987457531E+00   2.3340365749E+00   2.0683628564E-04   2.0867611717E+00   2.3155281274E+00   6.2540858640E-04   2.2132068605E+00   2.3561372876E+00   1.6844512301E-03   2.2803104463E+00   2.4027014747E+00   1.9049390847E-03   2.3823860636E+00   2.4411084972E+00   2.0927555885E-03   2.2422960196E+00   2.3955937679E+00   1.5731253703E-03   3.4303035061E-04
   1  -150   0    0  -4.9585399813E-01   7.9366063635E+00   2.3329324944E-04   1.9981721395E+00   2.3340180950E+00   2.0683628564E-04   2.0861383566E+00   2.3155220615E+00   6.2540858640E-04   2.2129946308E+00   2.3562309655E+00   1.6844512301E-03   2.2808953611E+00   2.4030251059E+00   1.9049390847E-03   2.3828069806E+00   2.4415169401E+00   2.0927555885E-03   2.2428445981E+00   2.3959235677E+00   1.5731253703E-03   3.4305215984E-04
   1  -151   0    0  -5.0575376141E-01   7.9370341664E+00   2.3294074472E-04   1.9975939713E+00   2.3339994204E+00   2.0683628564E-04   2.0855125089E+00   2.3155160027E+00   6.2540858640E-04   2.2127800486E+00   2.3563251111E+00   1.6844512301E-03   2.2814835585E+00   2.4033506072E+00   1.9049390847E-03   2.3832303855E+00   2.4419277946E+00   2.0927555885E-03   2.2433954600E+00   2.3962552294E+00   1.5731253703E-03   3.4307409686E-04
   1  -152   0    0  -5.1565239554E-01   7.9374637903E+00   2.3258743096E-04   1.9970113328E+00   2.3339805499E+00   2.0683628564E-04   2.0848837780E+00   2.3155099530E+00   6.2540858640E-04   2.2125631333E+00   2.3564197020E+00   1.6844512301E-03   2.2820749151E+00   2.4036779135E+00   1.9049390847E-03   2.3836561937E+00   2.4423409787E+00   2.0927555885E-03   2.2439484884E+00   2.3965886863E+00   1.5731253703E-03   3.4309615727E-04
   1  -153   0    0  -5.2554993527E-01   7.9378951385E+00   2.3223339443E-04   1.9964243120E+00   2.3339614825E+00   2.0683628564E-04   2.0842523154E+00   2.3155039142E+00   6.2540858640E-04   2.2123439065E+00   2.3565147155E+00   1.6844512301E-03   2.2826693049E+00   2.4040069579E+00   1.9049390847E-03   2.3840843189E+00   2.4427564087E+00   2.0927555885E-03   2.2445035646E+00   2.3969238703E+00   1.5731253703E-03   3.4311833653E-04
   1  -154   0    0  -5.3544641684E-01   7.9383281128E+00   2.3187872199E-04   1.9958330003E+00   2.3339422173E+00   2.0683628564E-04   2.0836182748E+00   2.3154978884E+00   6.2540858640E-04   2.2121223914E+00   2.3566101287E+00   1.6844512301E-03   2.2832665999E+00   2.4043376726E+00   1.9049390847E-03   2.3845146731E+00   2.4431739990E+00   2.0927555885E-03   2.2450605685E+00   2.3972607118E+00   1.5731253703E-03   3.4314063005E-04
   1  -155   0    0  -5.4534187798E-01   7.9387626136E+00   2.3152350107E-04   1.9952374924E+00   2.3339227534E+00   2.0683628564E-04   2.0829818120E+00   2.3154918775E+00   6.2540858640E-04   2.2118986129E+00   2.3567059183E+00   1.6844512301E-03   2.2838666693E+00   2.4046699880E+00   1.9049390847E-03   2.3849471664E+00   2.4435936623E+00   2.0927555885E-03   2.2456193784E+00   2.3975991400E+00   1.5731253703E-03   3.4316303311E-04
   1  -156   0    0  -5.5523635785E-01   7.9391985403E+00   2.3116781959E-04   1.9946378865E+00   2.3339030905E+00   2.0683628564E-04   2.0823430843E+00   2.3154858834E+00   6.2540858640E-04   2.2116725981E+00   2.3568020606E+00   1.6844512301E-03   2.2844693805E+00   2.4050038337E+00   1.9049390847E-03   2.3853817070E+00   2.4440153097E+00   2.0927555885E-03   2.2461798711E+00   2.3979390830E+00   1.5731253703E-03   3.4318554093E-04
   1  -157   0    0  -5.6512989700E-01   7.9396357913E+00   2.3081176583E-04   1.9940342841E+00   2.3338832281E+00   2.0683628564E-04   2.0817022511E+00   2.3154799080E+00   6.2540858640E-04   2.2114443756E+00   2.3568985319E+00   1.6844512301E-03   2.2850745987E+00   2.4053391376E+00   1.9049390847E-03   2.3858182019E+00   2.4444388508E+00   2.0927555885E-03   2.2467419222E+00   2.3982804675E+00   1.5731253703E-03   3.4320814864E-04
   1  -158   0    0  -5.7502253734E-01   7.9400742638E+00   2.3045542847E-04   1.9934267902E+00   2.3338631661E+00   2.0683628564E-04   2.0810594728E+00   2.3154739533E+00   6.2540858640E-04   2.2112139762E+00   2.3569953082E+00   1.6844512301E-03   2.2856821872E+00   2.4056758269E+00   1.9049390847E-03   2.3862565561E+00   2.4448641934E+00   2.0927555885E-03   2.2473054059E+00   2.3986232190E+00   1.5731253703E-03   3.4323085128E-04
   1  -159   0    0  -5.8491432206E-01   7.9405138543E+00   2.3009889639E-04   1.9928155130E+00   2.3338429048E+00   2.0683628564E-04   2.0804149114E+00   2.3154680211E+00   6.2540858640E-04   2.2109814324E+00   2.3570923653E+00   1.6844512301E-03   2.2862920073E+00   2.4060138272E+00   1.9049390847E-03   2.3866966733E+00   2.4452912441E+00   2.0927555885E-03   2.2478701956E+00   2.3989672621E+00   1.5731253703E-03   3.4325364383E-04
   1  -160   0    0  -5.9480529560E-01   7.9409544581E+00   2.2974225873E-04   1.9922005641E+00   2.3338224445E+00   2.0683628564E-04   2.0797687298E+00   2.3154621132E+00   6.2540858640E-04   2.2107467787E+00   2.3571896786E+00   1.6844512301E-03   2.2869039187E+00   2.4063530635E+00   1.9049390847E-03   2.3871384558E+00   2.4457199079E+00   2.0927555885E-03   2.2484361633E+00   2.3993125200E+00   1.5731253703E-03   3.4327652117E-04
   1  -161   0    0  -6.0469550360E-01   7.9413959703E+00   2.2938560469E-04   1.9915820584E+00   2.3338017857E+00   2.0683628564E-04   2.0791210922E+00   2.3154562316E+00   6.2540858640E-04   2.2105100515E+00   2.3572872237E+00   1.6844512301E-03   2.2875177793E+00   2.4066934594E+00   1.9049390847E-03   2.3875818044E+00   2.4461500886E+00   2.0927555885E-03   2.2490031804E+00   2.3996589153E+00   1.5731253703E-03   3.4329947816E-04
   1  -162   0    0  -6.1458499281E-01   7.9418382850E+00   2.2902902355E-04   1.9909601141E+00   2.3337809296E+00   2.0683628564E-04   2.0784721634E+00   2.3154503781E+00   6.2540858640E-04   2.2102712893E+00   2.3573849759E+00   1.6844512301E-03   2.2881334457E+00   2.4070349378E+00   1.9049390847E-03   2.3880266186E+00   2.4465816887E+00   2.0927555885E-03   2.2495711172E+00   2.4000063694E+00   1.5731253703E-03   3.4332250953E-04
   1  -163   0    0  -6.2447381106E-01   7.9422812958E+00   2.2867260458E-04   1.9903348525E+00   2.3337598771E+00   2.0683628564E-04   2.0778221088E+00   2.3154445544E+00   6.2540858640E-04   2.2100305322E+00   2.3574829105E+00   1.6844512301E-03   2.2887507730E+00   2.4073774204E+00   1.9049390847E-03   2.3884727967E+00   2.4470146096E+00   2.0927555885E-03   2.2501398434E+00   2.4003548029E+00   1.5731253703E-03   3.4334561001E-04
   1  -164   0    0  -6.3436200719E-01   7.9427248959E+00   2.2831643692E-04   1.9897063982E+00   2.3337386298E+00   2.0683628564E-04   2.0771710943E+00   2.3154387623E+00   6.2540858640E-04   2.2097878226E+00   2.3575810025E+00   1.6844512301E-03   2.2893696148E+00   2.4077208285E+00   1.9049390847E-03   2.3889202360E+00   2.4474487514E+00   2.0927555885E-03   2.2507092281E+00   2.4007041356E+00   1.5731253703E-03   3.4336877423E-04
   1  -165   0    0  -6.4424963097E-01   7.9431689781E+00   2.2796060956E-04   1.9890748787E+00   2.3337171895E+00   2.0683628564E-04   2.0765192863E+00   2.3154330036E+00   6.2540858640E-04   2.2095432047E+00   2.3576792272E+00   1.6844512301E-03   2.2899898239E+00   2.4080650822E+00   1.9049390847E-03   2.3893688324E+00   2.4478840132E+00   2.0927555885E-03   2.2512791397E+00   2.4010542864E+00   1.5731253703E-03   3.4339199679E-04
   1  -166   0    0  -6.5413673305E-01   7.9436134350E+00   2.2760521124E-04   1.9884404247E+00   2.3336955582E+00   2.0683628564E-04   2.0758668511E+00   2.3154272799E+00   6.2540858640E-04   2.2092967245E+00   2.3577775595E+00   1.6844512301E-03   2.2906112518E+00   2.4084101010E+00   1.9049390847E-03   2.3898184811E+00   2.4483202933E+00   2.0927555885E-03   2.2518494463E+00   2.4014051737E+00   1.5731253703E-03   3.4341527222E-04
   1  -167   0    0  -6.6402336486E-01   7.9440581589E+00   2.2725033039E-04   1.9878031698E+00   2.3336737383E+00   2.0683628564E-04   2.0752139552E+00   2.3154215931E+00   6.2540858640E-04   2.2090484299E+00   2.3578759745E+00   1.6844512301E-03   2.2912337492E+00   2.4087558039E+00   1.9049390847E-03   2.3902690763E+00   2.4487574890E+00   2.0927555885E-03   2.2524200157E+00   2.4017567151E+00   1.5731253703E-03   3.4343859503E-04
   1  -168   0    0  -6.7390957859E-01   7.9445030420E+00   2.2689605505E-04   1.9871632506E+00   2.3336517323E+00   2.0683628564E-04   2.0745607647E+00   2.3154159446E+00   6.2540858640E-04   2.2087983710E+00   2.3579744474E+00   1.6844512301E-03   2.2918571659E+00   2.4091021090E+00   1.9049390847E-03   2.3907205111E+00   2.4491954966E+00   2.0927555885E-03   2.2529907154E+00   2.4021088276E+00   1.5731253703E-03   3.4346195968E-04
   1  -169   0    0  -6.8379542705E-01   7.9449479767E+00   2.2654247279E-04   1.9865208064E+00   2.3336295435E+00   2.0683628564E-04   2.0739074456E+00   2.3154103361E+00   6.2540858640E-04   2.2085465995E+00   2.3580729533E+00   1.6844512301E-03   2.2924813511E+00   2.4094489341E+00   1.9049390847E-03   2.3911726783E+00   2.4496342120E+00   2.0927555885E-03   2.2535614127E+00   2.4024614278E+00   1.5731253703E-03   3.4348536058E-04
   1  -170   0    0  -6.9368096364E-01   7.9453928551E+00   2.2618967066E-04   1.9858759792E+00   2.3336071749E+00   2.0683628564E-04   2.0732541634E+00   2.3154047692E+00   6.2540858640E-04   2.2082931690E+00   2.3581714675E+00   1.6844512301E-03   2.2931061534E+00   2.4097961965E+00   1.9049390847E-03   2.3916254697E+00   2.4500735303E+00   2.0927555885E-03   2.2541319751E+00   2.4028144319E+00   1.5731253703E-03   3.4350879213E-04
   1  -171   0    0  -7.0356624227E-01   7.9458375699E+00   2.2583773507E-04   1.9852289138E+00   2.3335846302E+00   2.0683628564E-04   2.0726010828E+00   2.3153992454E+00   6.2540858640E-04   2.2080381349E+00   2.3582699651E+00   1.6844512301E-03   2.2937314209E+00   2.4101438129E+00   1.9049390847E-03   2.3920787766E+00   2.4505133460E+00   2.0927555885E-03   2.2547022700E+00   2.4031677555E+00   1.5731253703E-03   3.4353224868E-04
   1  -172   0    0  -7.1345131724E-01   7.9462820138E+00   2.2548675179E-04   1.9845797574E+00   2.3335619134E+00   2.0683628564E-04   2.0719483679E+00   2.3153937662E+00   6.2540858640E-04   2.2077815543E+00   2.3583684217E+00   1.6844512301E-03   2.2943570015E+00   2.4104917000E+00   1.9049390847E-03   2.3925324898E+00   2.4509535531E+00   2.0927555885E-03   2.2552721650E+00   2.4035213141E+00   1.5731253703E-03   3.4355572458E-04
   1  -173   0    0  -7.2333624322E-01   7.9467260798E+00   2.2513680580E-04   1.9839286596E+00   2.3335390286E+00   2.0683628564E-04   2.0712961819E+00   2.3153883331E+00   6.2540858640E-04   2.2075234863E+00   2.3584668128E+00   1.6844512301E-03   2.2949827430E+00   2.4108397738E+00   1.9049390847E-03   2.3929864998E+00   2.4513940454E+00   2.0927555885E-03   2.2558415280E+00   2.4038750228E+00   1.5731253703E-03   3.4357921414E-04
   1  -174   0    0  -7.3322107509E-01   7.9471696616E+00   2.2478798127E-04   1.9832757724E+00   2.3335159805E+00   2.0683628564E-04   2.0706446868E+00   2.3153829475E+00   6.2540858640E-04   2.2072639913E+00   2.3585651141E+00   1.6844512301E-03   2.2956084928E+00   2.4111879504E+00   1.9049390847E-03   2.3934406966E+00   2.4518347161E+00   2.0927555885E-03   2.2564102273E+00   2.4042287966E+00   1.5731253703E-03   3.4360271169E-04
   1  -175   0    0  -7.4310586795E-01   7.9476126531E+00   2.2444036147E-04   1.9826212500E+00   2.3334927738E+00   2.0683628564E-04   2.0699940437E+00   2.3153776106E+00   6.2540858640E-04   2.2070031318E+00   2.3586633015E+00   1.6844512301E-03   2.2962340989E+00   2.4115361458E+00   1.9049390847E-03   2.3938949702E+00   2.4522754585E+00   2.0927555885E-03   2.2569781318E+00   2.4045825504E+00   1.5731253703E-03   3.4362621150E-04
   1  -176   0    0  -7.5299067697E-01   7.9480549491E+00   2.2409402870E-04   1.9819652485E+00   2.3334694137E+00   2.0683628564E-04   2.0693444121E+00   2.3153723239E+00   6.2540858640E-04   2.2067409715E+00   2.3587613510E+00   1.6844512301E-03   2.2968594089E+00   2.4118842756E+00   1.9049390847E-03   2.3943492101E+00   2.4527161656E+00   2.0927555885E-03   2.2575451107E+00   2.4049361990E+00   1.5731253703E-03   3.4364970789E-04
   1  -177   0    0  -7.6287555730E-01   7.9484964450E+00   2.2374906424E-04   1.9813079262E+00   2.3334459056E+00   2.0683628564E-04   2.0686959502E+00   2.3153670887E+00   6.2540858640E-04   2.2064775758E+00   2.3588592389E+00   1.6844512301E-03   2.2974842712E+00   2.4122322558E+00   1.9049390847E-03   2.3948033062E+00   2.4531567303E+00   2.0927555885E-03   2.2581110343E+00   2.4052896573E+00   1.5731253703E-03   3.4367319514E-04
   1  -178   0    0  -7.7276056405E-01   7.9489370367E+00   2.2340554824E-04   1.9806494429E+00   2.3334222554E+00   2.0683628564E-04   2.0680488146E+00   2.3153619060E+00   6.2540858640E-04   2.2062130116E+00   2.3589569417E+00   1.6844512301E-03   2.2981085343E+00   2.4125800022E+00   1.9049390847E-03   2.3952571480E+00   2.4535970456E+00   2.0927555885E-03   2.2586757733E+00   2.4056428402E+00   1.5731253703E-03   3.4369666755E-04
   1  -179   0    0  -7.8264575214E-01   7.9493766215E+00   2.2306355968E-04   1.9799899603E+00   2.3333984689E+00   2.0683628564E-04   2.0674031602E+00   2.3153567772E+00   6.2540858640E-04   2.2059473470E+00   2.3590544361E+00   1.6844512301E-03   2.2987320477E+00   2.4129274309E+00   1.9049390847E-03   2.3957106257E+00   2.4540370047E+00   2.0927555885E-03   2.2592391995E+00   2.4059956630E+00   1.5731253703E-03   3.4372011944E-04
   1  -180   0    0  -7.9253117624E-01   7.9498150971E+00   2.2272317630E-04   1.9793296414E+00   2.3333745525E+00   2.0683628564E-04   2.0667591402E+00   2.3153517033E+00   6.2540858640E-04   2.2056806518E+00   2.3591516993E+00   1.6844512301E-03   2.2993546611E+00   2.4132744581E+00   1.9049390847E-03   2.3961636291E+00   2.4544765011E+00   2.0927555885E-03   2.2598011857E+00   2.4063480410E+00   1.5731253703E-03   3.4374354514E-04
   1  -181   0    0  -8.0241689071E-01   7.9502523625E+00   2.2238447455E-04   1.9786686507E+00   2.3333505127E+00   2.0683628564E-04   2.0661169058E+00   2.3153466854E+00   6.2540858640E-04   2.2054129968E+00   2.3592487084E+00   1.6844512301E-03   2.2999762253E+00   2.4136210004E+00   1.9049390847E-03   2.3966160488E+00   2.4549154284E+00   2.0927555885E-03   2.2603616057E+00   2.4066998898E+00   1.5731253703E-03   3.4376693899E-04
   1  -182   0    0  -8.1230294945E-01   7.9506883178E+00   2.2204752949E-04   1.9780071538E+00   2.3333263563E+00   2.0683628564E-04   2.0654766062E+00   2.3153417245E+00   6.2540858640E-04   2.2051444540E+00   2.3593454410E+00   1.6844512301E-03   2.3005965920E+00   2.4139669746E+00   1.9049390847E-03   2.3970677757E+00   2.4553536808E+00   2.0927555885E-03   2.2609203347E+00   2.4070511258E+00   1.5731253703E-03   3.4379029536E-04
   1  -183   0    0  -8.2218940590E-01   7.9511228641E+00   2.2171241474E-04   1.9773453173E+00   2.3333020902E+00   2.0683628564E-04   2.0648383885E+00   2.3153368217E+00   6.2540858640E-04   2.2048750965E+00   2.3594418751E+00   1.6844512301E-03   2.3012156140E+00   2.4143122981E+00   1.9049390847E-03   2.3975187012E+00   2.4557911529E+00   2.0927555885E-03   2.2614772489E+00   2.4074016653E+00   1.5731253703E-03   3.4381360865E-04
   1  -184   0    0  -8.3207631289E-01   7.9515559040E+00   2.2137920246E-04   1.9766833088E+00   2.3332777219E+00   2.0683628564E-04   2.0642023975E+00   2.3153319778E+00   6.2540858640E-04   2.2046049986E+00   2.3595379888E+00   1.6844512301E-03   2.3018331453E+00   2.4146568887E+00   1.9049390847E-03   2.3979687172E+00   2.4562277400E+00   2.0927555885E-03   2.2620322260E+00   2.4077514255E+00   1.5731253703E-03   3.4383687331E-04
   1  -185   0    0  -8.4196372262E-01   7.9519873412E+00   2.2104796323E-04   1.9760212963E+00   2.3332532587E+00   2.0683628564E-04   2.0635687758E+00   2.3153271937E+00   6.2540858640E-04   2.2043342354E+00   2.3596337608E+00   1.6844512301E-03   2.3024490410E+00   2.4150006649E+00   1.9049390847E-03   2.3984177164E+00   2.4566633380E+00   2.0927555885E-03   2.2625851453E+00   2.4081003241E+00   1.5731253703E-03   3.4386008379E-04
   1  -186   0    0  -8.5185168651E-01   7.9524170808E+00   2.2071876603E-04   1.9753594487E+00   2.3332287083E+00   2.0683628564E-04   2.0629376636E+00   2.3153224702E+00   6.2540858640E-04   2.2040628829E+00   2.3597291699E+00   1.6844512301E-03   2.3030631579E+00   2.4153435456E+00   1.9049390847E-03   2.3988655925E+00   2.4570978437E+00   2.0927555885E-03   2.2631358876E+00   2.4084482795E+00   1.5731253703E-03   3.4388323463E-04
   1  -187   0    0  -8.6174025519E-01   7.9528450296E+00   2.2039167818E-04   1.9746979350E+00   2.3332040785E+00   2.0683628564E-04   2.0623091985E+00   2.3153178081E+00   6.2540858640E-04   2.2037910177E+00   2.3598241953E+00   1.6844512301E-03   2.3036753541E+00   2.4156854507E+00   1.9049390847E-03   2.3993122399E+00   2.4575311546E+00   2.0927555885E-03   2.2636843353E+00   2.4087952108E+00   1.5731253703E-03   3.4390632039E-04
   1  -188   0    0  -8.7162947837E-01   7.9532710956E+00   2.2006676526E-04   1.9740369243E+00   2.3331793773E+00   2.0683628564E-04   2.0616835156E+00   2.3153132080E+00   6.2540858640E-04   2.2035187173E+00   2.3599188168E+00   1.6844512301E-03   2.3042854896E+00   2.4160263007E+00   1.9049390847E-03   2.3997575539E+00   2.4579631694E+00   2.0927555885E-03   2.2642303725E+00   2.4091410380E+00   1.5731253703E-03   3.4392933569E-04
   1  -189   0    0  -8.8151940481E-01   7.9536951885E+00   2.1974409113E-04   1.9733765858E+00   2.3331546129E+00   2.0683628564E-04   2.0610607473E+00   2.3153086707E+00   6.2540858640E-04   2.2032460598E+00   2.3600130144E+00   1.6844512301E-03   2.3048934260E+00   2.4163660169E+00   1.9049390847E-03   2.4002014310E+00   2.4583937876E+00   2.0927555885E-03   2.2647738854E+00   2.4094856819E+00   1.5731253703E-03   3.4395227521E-04
   1  -190   0    0  -8.9141008223E-01   7.9541172198E+00   2.1942371780E-04   1.9727170884E+00   2.3331297936E+00   2.0683628564E-04   2.0604410234E+00   2.3153041967E+00   6.2540858640E-04   2.2029731235E+00   2.3601067685E+00   1.6844512301E-03   2.3054990268E+00   2.4167045218E+00   1.9049390847E-03   2.4006437690E+00   2.4588229100E+00   2.0927555885E-03   2.2653147618E+00   2.4098290642E+00   1.5731253703E-03   3.4397513369E-04
   1  -191   0    0  -9.0130155723E-01   7.9545371027E+00   2.1910570543E-04   1.9720586008E+00   2.3331049278E+00   2.0683628564E-04   2.0598244707E+00   2.3152997866E+00   6.2540858640E-04   2.2026999873E+00   2.3602000600E+00   1.6844512301E-03   2.3061021575E+00   2.4170417387E+00   1.9049390847E-03   2.4010844667E+00   2.4592504385E+00   2.0927555885E-03   2.2658528918E+00   2.4101711077E+00   1.5731253703E-03   3.4399790594E-04
   1  -192   0    0  -9.1119387524E-01   7.9549547519E+00   2.1879011229E-04   1.9714012908E+00   2.3330800240E+00   2.0683628564E-04   2.0592112133E+00   2.3152954409E+00   6.2540858640E-04   2.2024267303E+00   2.3602928700E+00   1.6844512301E-03   2.3067026857E+00   2.4173775918E+00   1.9049390847E-03   2.4015234244E+00   2.4596762765E+00   2.0927555885E-03   2.2663881675E+00   2.4105117364E+00   1.5731253703E-03   3.4402058684E-04
   1  -193   0    0  -9.2108708045E-01   7.9553700842E+00   2.1847699471E-04   1.9707453258E+00   2.3330550907E+00   2.0683628564E-04   2.0586013723E+00   2.3152911601E+00   6.2540858640E-04   2.2021534319E+00   2.3603851803E+00   1.6844512301E-03   2.3073004811E+00   2.4177120066E+00   1.9049390847E-03   2.4019605439E+00   2.4601003286E+00   2.0927555885E-03   2.2669204829E+00   2.4108508753E+00   1.5731253703E-03   3.4404317134E-04
   1  -194   0    0  -9.3098121576E-01   7.9557830182E+00   2.1816640703E-04   1.9700908720E+00   2.3330301368E+00   2.0683628564E-04   2.0579950658E+00   2.3152869444E+00   6.2540858640E-04   2.2018801715E+00   2.3604769731E+00   1.6844512301E-03   2.3078954158E+00   2.4180449099E+00   1.9049390847E-03   2.4023957283E+00   2.4605225010E+00   2.0927555885E-03   2.2674497347E+00   2.4111884505E+00   1.5731253703E-03   3.4406565448E-04
   1  -195   0    0  -9.4087632271E-01   7.9561934744E+00   2.1785840160E-04   1.9694380947E+00   2.3330051708E+00   2.0683628564E-04   2.0573924089E+00   2.3152827942E+00   6.2540858640E-04   2.2016070283E+00   2.3605682308E+00   1.6844512301E-03   2.3084873644E+00   2.4183762294E+00   1.9049390847E-03   2.4028288824E+00   2.4609427014E+00   2.0927555885E-03   2.2679758216E+00   2.4115243897E+00   1.5731253703E-03   3.4408803137E-04
   1  -196   0    0  -9.5077244143E-01   7.9566013754E+00   2.1755302873E-04   1.9687871576E+00   2.3329802016E+00   2.0683628564E-04   2.0567935137E+00   2.3152787099E+00   6.2540858640E-04   2.2013340818E+00   2.3606589365E+00   1.6844512301E-03   2.3090762036E+00   2.4187058944E+00   1.9049390847E-03   2.4032599128E+00   2.4613608390E+00   2.0927555885E-03   2.2684986448E+00   2.4118586216E+00   1.5731253703E-03   3.4411029723E-04
   1  -197   0    0  -9.6066961060E-01   7.9570066458E+00   2.1725033666E-04   1.9681382231E+00   2.3329552378E+00   2.0683628564E-04   2.0561984889E+00   2.3152746917E+00   6.2540858640E-04   2.2010614110E+00   2.3607490736E+00   1.6844512301E-03   2.3096618131E+00   2.4190338354E+00   1.9049390847E-03   2.4036887277E+00   2.4617768250E+00   2.0927555885E-03   2.2690181079E+00   2.4121910764E+00   1.5731253703E-03   3.4413244736E-04
   1  -198   0    0  -9.7056786739E-01   7.9574092121E+00   2.1695037153E-04   1.9674914520E+00   2.3329302884E+00   2.0683628564E-04   2.0556074402E+00   2.3152707397E+00   6.2540858640E-04   2.2007890946E+00   2.3608386262E+00   1.6844512301E-03   2.3102440750E+00   2.4193599844E+00   1.9049390847E-03   2.4041152372E+00   2.4621905721E+00   2.0927555885E-03   2.2695341171E+00   2.4125216858E+00   1.5731253703E-03   3.4415447714E-04
   1  -199   0    0  -9.8046724742E-01   7.9578090031E+00   2.1665317740E-04   1.9668470032E+00   2.3329053619E+00   2.0683628564E-04   2.0550204701E+00   2.3152668540E+00   6.2540858640E-04   2.2005172109E+00   2.3609275785E+00   1.6844512301E-03   2.3108228742E+00   2.4196842747E+00   1.9049390847E-03   2.4045393532E+00   2.4626019950E+00   2.0927555885E-03   2.2700465811E+00   2.4128503830E+00   1.5731253703E-03   3.4417638206E-04
   1  -200   0    0  -9.9036778474E-01   7.9582059497E+00   2.1635879619E-04   1.9662050337E+00   2.3328804672E+00   2.0683628564E-04   2.0544376778E+00   2.3152630348E+00   6.2540858640E-04   2.2002458379E+00   2.3610159156E+00   1.6844512301E-03   2.3113980983E+00   2.4200066414E+00   1.9049390847E-03   2.4049609897E+00   2.4630110102E+00   2.0927555885E-03   2.2705554112E+00   2.4131771027E+00   1.5731253703E-03   3.4419815773E-04
   1  -201  -4    5  -9.9999998393E-01   7.9585892990E+00   2.1607516460E-04   1.9655830637E+00   2.3328562888E+00   2.0683628564E-04   2.0538748482E+00   2.3152593834E+00   6.2540858640E-04   2.1999824146E+00   2.3611012439E+00   1.6844512301E-03   2.3119541313E+00   2.4203183274E+00   1.9049390847E-03   2.4053686907E+00   2.4634065049E+00   2.0927555885E-03   2.2710468231E+00   2.4134929714E+00   1.5731253703E-03   3.4421921258E-04
