    
   1    -1   0    0   9.9999999781E-01   7.9452497771E+00   2.5906889329E-04   2.0625185386E+00   2.3730457847E+00   2.4396379936E-04   2.1443921222E+00   2.3371446196E+00   6.4746806159E-04   2.2420803454E+00   2.3751527593E+00   1.7050950668E-03   2.2405279442E+00   2.3809972465E+00   1.9096765779E-03   2.3520587514E+00   2.4117197233E+00   2.0878803381E-03   2.2014063757E+00   2.3725171595E+00   1.5875981367E-03   3.4198922988E-04
   1    -2   0    0   9.8000130510E-01   7.9453458068E+00   2.5896425446E-04   2.0624290878E+00   2.3730595676E+00   2.4370319964E-04   2.1443022690E+00   2.3371713922E+00   6.4731333199E-04   2.2420601467E+00   2.3751799236E+00   1.7049511618E-03   2.2406143856E+00   2.3810538852E+00   1.9096437744E-03   2.3521326912E+00   2.4117915455E+00   2.0879145028E-03   2.2015057127E+00   2.3725724952E+00   1.5874979192E-03   3.4199342516E-04
   1    -3   0    0   9.7000200434E-01   7.9453954788E+00   2.5891015157E-04   2.0623828262E+00   2.3730667089E+00   2.4356843019E-04   2.1442558021E+00   2.3371852500E+00   6.4723331282E-04   2.2420496842E+00   2.3751939838E+00   1.7048767357E-03   2.2406591005E+00   2.3810831857E+00   1.9096268075E-03   2.3521709385E+00   2.4118286974E+00   2.0879321714E-03   2.2015570383E+00   2.3726011216E+00   1.5874460842E-03   3.4199559548E-04
   1    -4   0    0   9.6000273584E-01   7.9454462886E+00   2.5885482495E-04   2.0623355102E+00   2.3730740223E+00   2.4343059277E-04   2.1442082780E+00   2.3371994321E+00   6.4715147163E-04   2.2420389718E+00   2.3752083728E+00   1.7048006115E-03   2.2407048416E+00   2.3811131599E+00   1.9096094527E-03   2.3522100631E+00   2.4118667014E+00   2.0879502425E-03   2.2016094998E+00   2.3726304064E+00   1.5873930639E-03   3.4199781571E-04
   1    -5   0    0   9.5000350105E-01   7.9454982619E+00   2.5879824788E-04   2.0622871162E+00   2.3730815121E+00   2.4328961948E-04   2.1441596732E+00   2.3372139460E+00   6.4706776808E-04   2.2420280034E+00   2.3752230981E+00   1.7047227515E-03   2.2407516320E+00   2.3811438233E+00   1.9095917013E-03   2.3522500845E+00   2.4119055766E+00   2.0879687249E-03   2.2016631208E+00   2.3726603644E+00   1.5873388318E-03   3.4200008699E-04
   1    -6   0    0   9.4000430150E-01   7.9455514247E+00   2.5874039310E-04   2.0622376204E+00   2.3730891825E+00   2.4314544100E-04   2.1441099638E+00   2.3372287993E+00   6.4698216099E-04   2.2420167729E+00   2.3752381676E+00   1.7046431170E-03   2.2407994953E+00   2.3811751912E+00   1.9095735444E-03   2.3522910230E+00   2.4119453427E+00   2.0879876277E-03   2.2017179256E+00   2.3726910108E+00   1.5872833610E-03   3.4200241046E-04
   1    -7   0    0   9.3000513881E-01   7.9456058037E+00   2.5868123282E-04   2.0621869982E+00   2.3730970382E+00   2.4299798661E-04   2.1440591253E+00   2.3372440002E+00   6.4689460833E-04   2.2420052739E+00   2.3752535893E+00   1.7045616687E-03   2.2408484555E+00   2.3812072797E+00   1.9095549729E-03   2.3523328991E+00   2.4119860195E+00   2.0880069603E-03   2.2017739388E+00   2.3727223612E+00   1.5872266237E-03   3.4200478731E-04
   1    -8   0    0   9.2000601463E-01   7.9456614261E+00   2.5862073870E-04   2.0621352247E+00   2.3731050836E+00   2.4284718413E-04   2.1440071329E+00   2.3372595566E+00   6.4680506722E-04   2.2419934999E+00   2.3752693715E+00   1.7044783665E-03   2.2408985374E+00   2.3812401049E+00   1.9095359777E-03   2.3523757339E+00   2.4120276274E+00   2.0880267321E-03   2.2018311857E+00   2.3727544313E+00   1.5871685919E-03   3.4200721874E-04
   1    -9   0    0   9.1000693070E-01   7.9457183197E+00   2.5855888184E-04   2.0620822744E+00   2.3731133235E+00   2.4269295991E-04   2.1439539612E+00   2.3372754770E+00   6.4671349387E-04   2.2419814443E+00   2.3752855226E+00   1.7043931694E-03   2.2409497660E+00   2.3812736834E+00   1.9095165493E-03   2.3524195487E+00   2.4120701874E+00   2.0880469528E-03   2.2018896917E+00   2.3727872375E+00   1.5871092368E-03   3.4200970597E-04
   1   -10   0    0   9.0000788886E-01   7.9457765129E+00   2.5849563276E-04   2.0620281215E+00   2.3731217626E+00   2.4253523879E-04   2.1438995841E+00   2.3372917697E+00   6.4661984365E-04   2.2419691002E+00   2.3753020511E+00   1.7043060355E-03   2.2410021671E+00   2.3813080322E+00   1.9094966782E-03   2.3524643655E+00   2.4121137206E+00   2.0880676323E-03   2.2019494829E+00   2.3728207963E+00   1.5870485289E-03   3.4201225027E-04
   1   -11   0    0   8.9000889101E-01   7.9458360347E+00   2.5843096143E-04   2.0619727393E+00   2.3731304060E+00   2.4237394412E-04   2.1438439753E+00   2.3373084435E+00   6.4652407100E-04   2.2419564606E+00   2.3753189659E+00   1.7042169221E-03   2.2410557668E+00   2.3813431685E+00   1.9094763544E-03   2.3525102066E+00   2.4121582488E+00   2.0880887806E-03   2.2020105858E+00   2.3728551245E+00   1.5869864383E-03   3.4201485291E-04
   1   -12   0    0   8.8000993911E-01   7.9458969145E+00   2.5836483721E-04   2.0619161008E+00   2.3731392587E+00   2.4220899768E-04   2.1437871077E+00   2.3373255073E+00   6.4642612942E-04   2.2419435183E+00   2.3753362759E+00   1.7041257856E-03   2.2411105919E+00   2.3813791101E+00   1.9094555680E-03   2.3525570948E+00   2.4122037942E+00   2.0881104080E-03   2.2020730274E+00   2.3728902394E+00   1.5869229344E-03   3.4201751520E-04
   1   -13   0    0   8.7001103526E-01   7.9459591828E+00   2.5829722890E-04   2.0618581783E+00   2.3731483259E+00   2.4204031970E-04   2.1437289537E+00   2.3373429701E+00   6.4632597152E-04   2.2419302662E+00   2.3753539903E+00   1.7040325816E-03   2.2411666698E+00   2.3814158749E+00   1.9094343088E-03   2.3526050535E+00   2.4122503794E+00   2.0881325250E-03   2.2021368352E+00   2.3729261587E+00   1.5868579860E-03   3.4202023847E-04
   1   -14   0    0   8.6001218161E-01   7.9460228702E+00   2.5822810468E-04   2.0617989437E+00   2.3731576128E+00   2.4186782880E-04   2.1436694852E+00   2.3373608413E+00   6.4622354894E-04   2.2419166965E+00   2.3753721186E+00   1.7039372648E-03   2.2412240284E+00   2.3814534814E+00   1.9094125663E-03   2.3526541064E+00   2.4122980276E+00   2.0881551423E-03   2.2022020369E+00   2.3729629004E+00   1.5867915612E-03   3.4202302411E-04
   1   -15   0    0   8.5001338043E-01   7.9460880083E+00   2.5815743212E-04   2.0617383682E+00   2.3731671251E+00   2.4169144201E-04   2.1436086735E+00   2.3373791304E+00   6.4611881236E-04   2.2419028018E+00   2.3753906704E+00   1.7038397889E-03   2.2412826962E+00   2.3814919484E+00   1.9093903298E-03   2.3527042779E+00   2.4123467622E+00   2.0881782707E-03   2.2022686612E+00   2.3730004827E+00   1.5867236275E-03   3.4202587348E-04
   1   -16   0    0   8.4001463405E-01   7.9461546291E+00   2.5808517821E-04   2.0616764225E+00   2.3731768683E+00   2.4151107471E-04   2.1435464894E+00   2.3373978471E+00   6.4601171149E-04   2.2418885740E+00   2.3754096556E+00   1.7037401066E-03   2.2413427022E+00   2.3815312950E+00   1.9093675886E-03   2.3527555927E+00   2.4123966073E+00   2.0882019215E-03   2.2023367368E+00   2.3730389245E+00   1.5866541517E-03   3.4202878803E-04
   1   -17   0    0   8.3001594496E-01   7.9462227656E+00   2.5801130929E-04   2.0616130766E+00   2.3731868482E+00   2.4132664062E-04   2.1434829030E+00   2.3374170013E+00   6.4590219505E-04   2.2418740051E+00   2.3754290841E+00   1.7036381700E-03   2.2414040761E+00   2.3815715409E+00   1.9093443316E-03   2.3528080760E+00   2.4124475876E+00   2.0882261059E-03   2.2024062932E+00   2.3730782450E+00   1.5865831000E-03   3.4203176920E-04
   1   -18   0    0   8.2001731571E-01   7.9462924511E+00   2.5793579109E-04   2.0615483000E+00   2.3731970706E+00   2.4113805178E-04   2.1434178838E+00   2.3374366033E+00   6.4579021076E-04   2.2418590868E+00   2.3754489663E+00   1.7035339298E-03   2.2414668483E+00   2.3816127062E+00   1.9093205474E-03   2.3528617538E+00   2.4124997282E+00   2.0882508355E-03   2.2024773603E+00   2.3731184636E+00   1.5865104378E-03   3.4203481848E-04
   1   -19   0    0   8.1001874898E-01   7.9463637199E+00   2.5785858869E-04   2.0614820615E+00   2.3732075416E+00   2.4094521853E-04   2.1433514009E+00   2.3374566635E+00   6.4567570533E-04   2.2418438108E+00   2.3754693127E+00   1.7034273360E-03   2.2415310496E+00   2.3816548111E+00   1.9092962244E-03   2.3529166523E+00   2.4125530544E+00   2.0882761221E-03   2.2025499683E+00   2.3731596004E+00   1.5864361299E-03   3.4203793737E-04
   1   -20   0    0   8.0002024756E-01   7.9464366067E+00   2.5777966654E-04   2.0614143294E+00   2.3732182675E+00   2.4074804946E-04   2.1432834225E+00   2.3374771924E+00   6.4555862442E-04   2.2418281684E+00   2.3754901342E+00   1.7033183377E-03   2.2415967117E+00   2.3816978765E+00   1.9092713511E-03   2.3529727984E+00   2.4126075926E+00   2.0883019776E-03   2.2026241484E+00   2.3732016757E+00   1.5863601404E-03   3.4204112742E-04
   1   -21   0    0   7.9002181437E-01   7.9465111472E+00   2.5769898845E-04   2.0613450714E+00   2.3732292545E+00   2.4054645144E-04   2.1432139164E+00   2.3374982011E+00   6.4543891268E-04   2.2418121506E+00   2.3755114416E+00   1.7032068827E-03   2.2416638666E+00   2.3817419238E+00   1.9092459153E-03   2.3530302195E+00   2.4126633693E+00   2.0883284145E-03   2.2026999318E+00   2.3732447102E+00   1.5862824327E-03   3.4204439022E-04
   1   -22   0    0   7.8002345245E-01   7.9465873775E+00   2.5761651756E-04   2.0612742543E+00   2.3732405092E+00   2.4034032955E-04   2.1431428497E+00   2.3375197005E+00   6.4531651367E-04   2.2417957484E+00   2.3755332462E+00   1.7030929181E-03   2.2417325474E+00   2.3817869746E+00   1.9092199048E-03   2.3530889436E+00   2.4127204116E+00   2.0883554450E-03   2.2027773504E+00   2.3732887252E+00   1.5862029694E-03   3.4204772736E-04
   1   -23   0    0   7.7002516497E-01   7.9466653348E+00   2.5753221636E-04   2.0612018445E+00   2.3732520383E+00   2.4012958707E-04   2.1430701889E+00   2.3375417022E+00   6.4519136991E-04   2.2417789525E+00   2.3755555596E+00   1.7029763897E-03   2.2418027874E+00   2.3818330511E+00   1.9091933073E-03   2.3531489991E+00   2.4127787473E+00   2.0883830819E-03   2.2028564368E+00   2.3733337424E+00   1.5861217125E-03   3.4205114049E-04
   1   -24   0    0   7.6002695524E-01   7.9467450568E+00   2.5744604667E-04   2.0611278077E+00   2.3732638487E+00   2.3991412549E-04   2.1429958997E+00   2.3375642177E+00   6.4506342283E-04   2.2417617534E+00   2.3755783935E+00   1.7028572426E-03   2.2418746208E+00   2.3818801758E+00   1.9091661098E-03   2.3532104152E+00   2.4128384046E+00   2.0884113383E-03   2.2029372239E+00   2.3733797837E+00   1.5860386230E-03   3.4205463128E-04
   1   -25   0    0   7.5002882670E-01   7.9468265819E+00   2.5735796966E-04   2.0610521089E+00   2.3732759474E+00   2.3969384445E-04   2.1429199474E+00   2.3375872589E+00   6.4493261276E-04   2.2417441414E+00   2.3756017600E+00   1.7027354206E-03   2.2419480825E+00   2.3819283719E+00   1.9091382996E-03   2.3532732215E+00   2.4128994123E+00   2.0884402272E-03   2.2030197451E+00   2.3734268717E+00   1.5859536615E-03   3.4205820144E-04
   1   -26   0    0   7.4003078295E-01   7.9469099494E+00   2.5726794580E-04   2.0609747124E+00   2.3732883417E+00   2.3946864174E-04   2.1428422964E+00   2.3376108380E+00   6.4479887894E-04   2.2417261065E+00   2.3756256713E+00   1.7026108664E-03   2.2420232082E+00   2.3819776627E+00   1.9091098634E-03   2.3533374483E+00   2.4129617997E+00   2.0884697622E-03   2.2031040345E+00   2.3734750294E+00   1.5858667877E-03   3.4206185271E-04
   1   -27   0    0   7.3003282774E-01   7.9469951995E+00   2.5717593488E-04   2.0608955819E+00   2.3733010388E+00   2.3923841327E-04   2.1427629106E+00   2.3376349675E+00   6.4466215949E-04   2.2417076385E+00   2.3756501400E+00   1.7024835219E-03   2.2421000339E+00   2.3820280723E+00   1.9090807877E-03   2.3534031263E+00   2.4130255969E+00   2.0884999569E-03   2.2031901265E+00   2.3735242803E+00   1.5857779603E-03   3.4206558688E-04
   1   -28   0    0   7.2003496497E-01   7.9470823728E+00   2.5708189603E-04   2.0608146803E+00   2.3733140465E+00   2.3900305308E-04   2.1426817531E+00   2.3376596600E+00   6.4452239140E-04   2.2416887269E+00   2.3756751789E+00   1.7023533277E-03   2.2421785968E+00   2.3820796252E+00   1.9090510589E-03   2.3534702871E+00   2.4130908344E+00   2.0885308252E-03   2.2032780563E+00   2.3735746481E+00   1.5856871375E-03   3.4206940574E-04
   1   -29   0    0   7.1003719872E-01   7.9471715111E+00   2.5698578767E-04   2.0607319699E+00   2.3733273725E+00   2.3876245328E-04   2.1425987864E+00   2.3376849285E+00   6.4437951051E-04   2.2416693611E+00   2.3757008012E+00   1.7022202233E-03   2.2422589344E+00   2.3821323462E+00   1.9090206629E-03   2.3535389625E+00   2.4131575432E+00   2.0885623813E-03   2.2033678594E+00   2.3736261573E+00   1.5855942768E-03   3.4207331116E-04
   1   -30   0    0   7.0003953323E-01   7.9472626566E+00   2.5688756753E-04   2.0606474122E+00   2.3733410249E+00   2.3851650407E-04   2.1425139722E+00   2.3377107863E+00   6.4423345155E-04   2.2416495301E+00   2.3757270202E+00   1.7020841473E-03   2.2423410853E+00   2.3821862608E+00   1.9089895856E-03   2.3536091853E+00   2.4132257550E+00   2.0885946398E-03   2.2034595719E+00   2.3736788327E+00   1.5854993345E-03   3.4207730501E-04
   1   -31   0    0   6.9004197293E-01   7.9473558528E+00   2.5678719266E-04   2.0605609682E+00   2.3733550117E+00   2.3826509371E-04   2.1424272717E+00   2.3377372470E+00   6.4408414806E-04   2.2416292228E+00   2.3757538498E+00   1.7019450370E-03   2.2424250885E+00   2.3822413949E+00   1.9089578125E-03   2.3536809887E+00   2.4132955022E+00   2.0886276152E-03   2.2035532305E+00   2.3737326995E+00   1.5854022665E-03   3.4208138921E-04
   1   -32   0    0   6.8004452242E-01   7.9474511437E+00   2.5668461940E-04   2.0604725978E+00   2.3733693414E+00   2.3800810850E-04   2.1423386453E+00   2.3377643245E+00   6.4393153243E-04   2.2416084277E+00   2.3757813038E+00   1.7018028286E-03   2.2425109840E+00   2.3822977749E+00   1.9089253287E-03   2.3537544066E+00   2.4133668177E+00   2.0886613226E-03   2.2036488725E+00   2.3737877837E+00   1.5853030276E-03   3.4208556572E-04
   1   -33   0    0   6.7004718650E-01   7.9475485741E+00   2.5657980341E-04   2.0603822605E+00   2.3733840226E+00   2.3774543277E-04   2.1422480524E+00   2.3377920328E+00   6.4377553588E-04   2.2415871330E+00   2.3758093966E+00   1.7016574572E-03   2.2425988124E+00   2.3823554277E+00   1.9088921193E-03   2.3538294735E+00   2.4134397349E+00   2.0886957771E-03   2.2037465354E+00   2.3738441115E+00   1.5852015720E-03   3.4208983654E-04
   1   -34   0    0   6.6004997017E-01   7.9476481898E+00   2.5647269962E-04   2.0602899149E+00   2.3733990642E+00   2.3747694888E-04   2.1421554522E+00   2.3378203866E+00   6.4361608843E-04   2.2415653268E+00   2.3758381429E+00   1.7015088568E-03   2.2426886152E+00   2.3824143807E+00   1.9088581690E-03   2.3539062246E+00   2.4135142881E+00   2.0887309943E-03   2.2038462575E+00   2.3739017097E+00   1.5850978529E-03   3.4209420370E-04
   1   -35   0    0   6.5005287863E-01   7.9477500375E+00   2.5636326228E-04   2.0601955190E+00   2.3734144751E+00   2.3720253719E-04   2.1420608028E+00   2.3378494005E+00   6.4345311893E-04   2.2415429969E+00   2.3758675574E+00   1.7013569602E-03   2.2427804346E+00   2.3824746619E+00   1.9088234622E-03   2.3539846956E+00   2.4135905121E+00   2.0887669899E-03   2.2039480777E+00   2.3739606056E+00   1.5849918228E-03   3.4209866926E-04
   1   -36   0    0   6.4005591732E-01   7.9478541645E+00   2.5625144495E-04   2.0600990298E+00   2.3734302647E+00   2.3692207607E-04   2.1419640617E+00   2.3378790896E+00   6.4328655503E-04   2.2415201306E+00   2.3758976556E+00   1.7012016990E-03   2.2428743135E+00   2.3825362997E+00   1.9087879830E-03   2.3540649230E+00   2.4136684421E+00   2.0888037799E-03   2.2040520352E+00   2.3740208270E+00   1.5848834333E-03   3.4210323535E-04
   1   -37   0    0   6.3005909187E-01   7.9479606193E+00   2.5613720047E-04   2.0600004038E+00   2.3734464425E+00   2.3663544188E-04   2.1418651855E+00   2.3379094695E+00   6.4311632320E-04   2.2414967153E+00   2.3759284529E+00   1.7010430037E-03   2.2429702957E+00   2.3825993232E+00   1.9087517154E-03   2.3541469439E+00   2.4137481143E+00   2.0888413806E-03   2.2041581699E+00   2.3740824022E+00   1.5847726351E-03   3.4210790410E-04
   1   -38   0    0   6.2006240815E-01   7.9480694511E+00   2.5602048100E-04   2.0598995965E+00   2.3734630182E+00   2.3634250896E-04   2.1417641303E+00   2.3379405558E+00   6.4294234868E-04   2.2414727377E+00   2.3759599652E+00   1.7008808037E-03   2.2430684258E+00   2.3826637618E+00   1.9087146430E-03   2.3542307961E+00   2.4138295653E+00   2.0888798085E-03   2.2042665221E+00   2.3741453602E+00   1.5846593781E-03   3.4211267772E-04
   1   -39   0    0   6.1006587229E-01   7.9481807100E+00   2.5590123800E-04   2.0597965628E+00   2.3734800018E+00   2.3604314962E-04   2.1416608514E+00   2.3379723646E+00   6.4276455552E-04   2.2414481845E+00   2.3759922089E+00   1.7007150270E-03   2.2431687493E+00   2.3827296456E+00   1.9086767490E-03   2.3543165180E+00   2.4139128325E+00   2.0889190805E-03   2.2043771327E+00   2.3742097302E+00   1.5845436114E-03   3.4211755841E-04
   1   -40   0    0   6.0006949064E-01   7.9482944470E+00   2.5577942223E-04   2.0596912568E+00   2.3734974037E+00   2.3573723418E-04   2.1415553032E+00   2.3380049124E+00   6.4258286657E-04   2.2414230419E+00   2.3760252004E+00   1.7005456007E-03   2.2432713121E+00   2.3827970052E+00   1.9086380165E-03   2.3544041486E+00   2.4139979539E+00   2.0889592136E-03   2.2044900432E+00   2.3742755421E+00   1.5844252832E-03   3.4212254846E-04
   1   -41   0    0   5.9007326983E-01   7.9484107141E+00   2.5565498378E-04   2.0595836317E+00   2.3735152342E+00   2.3542463091E-04   2.1414474394E+00   2.3380382160E+00   6.4239720345E-04   2.2413972960E+00   2.3760589568E+00   1.7003724506E-03   2.2433761614E+00   2.3828658718E+00   1.9085984282E-03   2.3544937279E+00   2.4140849681E+00   2.0890002251E-03   2.2046052955E+00   2.3743428265E+00   1.5843043408E-03   3.4212765018E-04
   1   -42   0    0   5.8007721675E-01   7.9485295641E+00   2.5552787204E-04   2.0594736400E+00   2.3735335042E+00   2.3510520607E-04   2.1413372130E+00   2.3380722924E+00   6.4220748659E-04   2.2413709325E+00   2.3760934952E+00   1.7001955012E-03   2.2434833450E+00   2.3829362770E+00   1.9085579667E-03   2.3545852962E+00   2.4141739144E+00   2.0890421328E-03   2.2047229320E+00   2.3744116142E+00   1.5841807306E-03   3.4213286590E-04
   1   -43   0    0   5.7008133854E-01   7.9486510507E+00   2.5539803574E-04   2.0593612334E+00   2.3735522247E+00   2.3477882390E-04   2.1412245762E+00   2.3381071592E+00   6.4201363521E-04   2.2413439366E+00   2.3761288333E+00   1.7000146760E-03   2.2435929115E+00   2.3830082531E+00   1.9085166140E-03   2.3546788947E+00   2.4142648327E+00   2.0890849544E-03   2.2048429956E+00   2.3744819368E+00   1.5840543983E-03   3.4213819803E-04
   1   -44   0    0   5.6008564267E-01   7.9487752287E+00   2.5526542293E-04   2.0592463629E+00   2.3735714069E+00   2.3444534661E-04   2.1411094805E+00   2.3381428341E+00   6.4181556732E-04   2.2413162935E+00   2.3761649891E+00   1.6998298972E-03   2.2437049104E+00   2.3830818329E+00   1.9084743522E-03   2.3547745652E+00   2.4143577637E+00   2.0891287082E-03   2.2049655299E+00   2.3745538263E+00   1.5839252884E-03   3.4214364900E-04
   1   -45   0    0   5.5009013687E-01   7.9489021537E+00   2.5512998103E-04   2.0591289784E+00   2.3735910626E+00   2.3410463444E-04   2.1409918764E+00   2.3381793354E+00   6.4161319975E-04   2.2412879879E+00   2.3762019809E+00   1.6996410859E-03   2.2438193920E+00   2.3831570498E+00   1.9084311628E-03   2.3548723502E+00   2.4144527488E+00   2.0891734125E-03   2.2050905787E+00   2.3746273153E+00   1.5837933450E-03   3.4214922127E-04
   1   -46   0    0   5.4009482920E-01   7.9490318822E+00   2.5499165677E-04   2.0590090293E+00   2.3736112036E+00   2.3375654560E-04   2.1408717141E+00   2.3382166817E+00   6.4140644812E-04   2.2412590042E+00   2.3762398276E+00   1.6994481620E-03   2.2439364074E+00   2.3832339376E+00   1.9083870272E-03   2.3549722929E+00   2.4145498297E+00   2.0892190861E-03   2.2052181865E+00   2.3747024370E+00   1.5836585108E-03   3.4215491737E-04
   1   -47   0    0   5.3009972801E-01   7.9491644718E+00   2.5485039626E-04   2.0588864641E+00   2.3736318420E+00   2.3340093634E-04   2.1407489424E+00   2.3382548918E+00   6.4119522687E-04   2.2412293264E+00   2.3762785481E+00   1.6992510441E-03   2.2440560088E+00   2.3833125309E+00   1.9083419263E-03   2.3550744372E+00   2.4146490492E+00   2.0892657479E-03   2.2053483982E+00   2.3747792251E+00   1.5835207281E-03   3.4216073986E-04
   1   -48   0    0   5.2010484200E-01   7.9492999808E+00   2.5470614498E-04   2.0587612304E+00   2.3736529903E+00   2.3303766094E-04   2.1406235099E+00   2.3382939852E+00   6.4097944926E-04   2.2411989383E+00   2.3763181619E+00   1.6990496498E-03   2.2441782487E+00   2.3833928648E+00   1.9082958410E-03   2.3551788276E+00   2.4147504506E+00   2.0893134171E-03   2.2054812592E+00   2.3748577138E+00   1.5833799380E-03   3.4216669132E-04
   1   -49   0    0   5.1011018018E-01   7.9494384687E+00   2.5455884782E-04   2.0586332752E+00   2.3736746612E+00   2.3266657173E-04   2.1404953642E+00   2.3383339816E+00   6.4075902740E-04   2.2411678233E+00   2.3763586890E+00   1.6988438955E-03   2.2443031811E+00   2.3834749748E+00   1.9082487517E-03   2.3552855095E+00   2.4148540779E+00   2.0893621131E-03   2.2056168153E+00   2.3749379380E+00   1.5832360809E-03   3.4217277440E-04
   1   -50   0    0   5.0011575194E-01   7.9495799958E+00   2.5440844903E-04   2.0585025445E+00   2.3736968679E+00   2.3228751912E-04   2.1403644521E+00   2.3383749009E+00   6.4053387223E-04   2.2411359643E+00   2.3764001495E+00   1.6986336964E-03   2.2444308603E+00   2.3835588971E+00   1.9082006386E-03   2.3553945288E+00   2.4149599756E+00   2.0894118558E-03   2.2057551128E+00   2.3750199329E+00   1.5830890963E-03   3.4217899179E-04
   1   -51   0    0   4.9012156701E-01   7.9497246233E+00   2.5425489231E-04   2.0583689834E+00   2.3737196237E+00   2.3190035161E-04   2.1402307197E+00   2.3384167638E+00   6.4030389356E-04   2.2411033442E+00   2.3764425641E+00   1.6984189666E-03   2.2445613418E+00   2.3836446685E+00   1.9081514816E-03   2.3555059321E+00   2.4150681892E+00   2.0894626651E-03   2.2058961986E+00   2.3751037346E+00   1.5829389228E-03   3.4218534621E-04
   1   -52   0    0   4.8012763548E-01   7.9498724136E+00   2.5409812078E-04   2.0582325366E+00   2.3737429423E+00   2.3150491585E-04   2.1400941123E+00   2.3384595910E+00   6.4006900008E-04   2.2410699451E+00   2.3764859539E+00   1.6981996191E-03   2.2446946817E+00   2.3837323263E+00   1.9081012604E-03   2.3556197668E+00   2.4151787644E+00   2.0895145613E-03   2.2060401196E+00   2.3751893793E+00   1.5827854982E-03   3.4219184043E-04
   1   -53   0    0   4.7013396785E-01   7.9500234297E+00   2.5393807703E-04   2.0580931475E+00   2.3737668379E+00   2.3110105663E-04   2.1399545746E+00   2.3385034039E+00   6.3982909938E-04   2.2410357491E+00   2.3765303403E+00   1.6979755657E-03   2.2448309371E+00   2.3838219083E+00   1.9080499543E-03   2.3557360808E+00   2.4152917481E+00   2.0895675647E-03   2.2061869236E+00   2.3752769043E+00   1.5826287595E-03   3.4219847725E-04
   1   -54   0    0   4.6014057498E-01   7.9501777359E+00   2.5377470311E-04   2.0579507592E+00   2.3737913246E+00   2.3068861697E-04   2.1398120504E+00   2.3385482242E+00   6.3958409797E-04   2.2410007378E+00   2.3765757450E+00   1.6977467171E-03   2.2449701658E+00   2.3839134531E+00   1.9079975424E-03   2.3558549228E+00   2.4154071873E+00   2.0896216962E-03   2.2063366585E+00   2.3753663470E+00   1.5824686427E-03   3.4220525953E-04
   1   -55   0    0   4.5014746817E-01   7.9503353971E+00   2.5360794059E-04   2.0578053135E+00   2.3738164174E+00   2.3026743809E-04   2.1396664829E+00   2.3385940740E+00   6.3933390131E-04   2.2409648925E+00   2.3766221905E+00   1.6975129830E-03   2.2451124266E+00   2.3840069995E+00   1.9079440036E-03   2.3559763421E+00   2.4155251302E+00   2.0896769767E-03   2.2064893726E+00   2.3754577455E+00   1.5823050832E-03   3.4221219015E-04
   1   -56   0    0   4.4015465910E-01   7.9504964793E+00   2.5343773053E-04   2.0576567518E+00   2.3738421311E+00   2.2983735953E-04   2.1395178143E+00   2.3386409757E+00   6.3907841380E-04   2.2409281939E+00   2.3766696992E+00   1.6972742720E-03   2.2452577790E+00   2.3841025872E+00   1.9078893162E-03   2.3561003887E+00   2.4156456251E+00   2.0897334274E-03   2.2066451148E+00   2.3755511384E+00   1.5821380154E-03   3.4221927206E-04
   1   -57   0    0   4.3016215990E-01   7.9506610496E+00   2.5326401359E-04   2.0575050145E+00   2.3738684813E+00   2.2939821914E-04   2.1393659866E+00   2.3386889522E+00   6.3881753887E-04   2.2408906227E+00   2.3767182943E+00   1.6970304918E-03   2.2454062833E+00   2.3842002562E+00   1.9078334588E-03   2.3562271133E+00   2.4157687214E+00   2.0897910697E-03   2.2068039341E+00   2.3756465651E+00   1.5819673731E-03   3.4222650823E-04
   1   -58   0    0   4.2016998315E-01   7.9508291757E+00   2.5308672996E-04   2.0573500414E+00   2.3738954836E+00   2.2894985317E-04   2.1392109406E+00   2.3387380270E+00   6.3855117897E-04   2.2408521589E+00   2.3767679993E+00   1.6967815488E-03   2.2455580007E+00   2.3843000472E+00   1.9077764092E-03   2.3563565672E+00   2.4158944689E+00   2.0898499252E-03   2.2069658799E+00   2.3757440651E+00   1.5817930890E-03   3.4223390166E-04
   1   -59   0    0   4.1017814185E-01   7.9510009264E+00   2.5290581946E-04   2.0571917712E+00   2.3739231543E+00   2.2849209630E-04   2.1390526167E+00   2.3387882237E+00   6.3827923561E-04   2.2408127823E+00   2.3768188381E+00   1.6965273487E-03   2.2457129931E+00   2.3844020014E+00   1.9077181452E-03   2.3564888023E+00   2.4160229179E+00   2.0899100158E-03   2.2071310020E+00   2.3758436786E+00   1.5816150954E-03   3.4224145542E-04
   1   -60   0    0   4.0018664950E-01   7.9511763714E+00   2.5272122157E-04   2.0570301423E+00   2.3739515098E+00   2.2802478174E-04   2.1388909545E+00   2.3388395664E+00   6.3800160940E-04   2.2407724722E+00   2.3768708348E+00   1.6962677961E-03   2.2458713233E+00   2.3845061604E+00   1.9076586445E-03   2.3566238711E+00   2.4161541196E+00   2.0899713636E-03   2.2072993504E+00   2.3759454466E+00   1.5814333235E-03   3.4224917260E-04
   1   -61   0    0   3.9019552005E-01   7.9513555813E+00   2.5253287542E-04   2.0568650920E+00   2.3739805669E+00   2.2754774124E-04   2.1387258930E+00   2.3388920799E+00   6.3771820009E-04   2.2407312077E+00   2.3769240144E+00   1.6960027947E-03   2.2460330548E+00   2.3846125665E+00   1.9075978842E-03   2.3567618267E+00   2.4162881255E+00   2.0900339907E-03   2.2074709755E+00   2.3760494101E+00   1.5812477042E-03   3.4225705632E-04
   1   -62   0    0   3.8020476796E-01   7.9515386274E+00   2.5234071986E-04   2.0566965570E+00   2.3740103430E+00   2.2706080523E-04   2.1385573707E+00   2.3389457891E+00   6.3742890661E-04   2.2406889673E+00   2.3769784018E+00   1.6957322473E-03   2.2461982518E+00   2.3847212624E+00   1.9075358415E-03   2.3569027230E+00   2.4164249878E+00   2.0900979197E-03   2.2076459277E+00   2.3761556111E+00   1.5810581673E-03   3.4226510977E-04
   1   -63   0    0   3.7021440818E-01   7.9517255822E+00   2.5214469349E-04   2.0565244732E+00   2.3740408556E+00   2.2656380284E-04   2.1383853252E+00   2.3390007193E+00   6.3713362713E-04   2.2406457293E+00   2.3770340228E+00   1.6954560560E-03   2.2463669793E+00   2.3848322914E+00   1.9074724932E-03   2.3570466142E+00   2.4165647594E+00   2.0901631730E-03   2.2078242579E+00   2.3762640917E+00   1.5808646420E-03   3.4227333615E-04
   1   -64   0    0   3.6022445617E-01   7.9519165187E+00   2.5194473472E-04   2.0563487759E+00   2.3740721227E+00   2.2605656204E-04   2.1382096938E+00   2.3390568965E+00   6.3683225909E-04   2.2406014714E+00   2.3770909032E+00   1.6951741220E-03   2.2465393031E+00   2.3849456972E+00   1.9074078160E-03   2.3571935552E+00   2.4167074934E+00   2.0902297736E-03   2.2080060171E+00   2.3763748946E+00   1.5806670571E-03   3.4228173870E-04
   1   -65   0    0   3.5023492793E-01   7.9521115110E+00   2.5174078176E-04   2.0561693996E+00   2.3741041629E+00   2.2553890966E-04   2.1380304130E+00   2.3391143468E+00   6.3652469924E-04   2.2405561711E+00   2.3771490694E+00   1.6948863457E-03   2.2467152896E+00   2.3850615241E+00   1.9073417862E-03   2.3573436014E+00   2.4168532439E+00   2.0902977442E-03   2.2081912565E+00   2.3764880632E+00   1.5804653406E-03   3.4229032071E-04
   1   -66   0    0   3.4024583997E-01   7.9523106338E+00   2.5153277274E-04   2.0559862783E+00   2.3741369948E+00   2.2501067156E-04   2.1378474189E+00   2.3391730971E+00   6.3621084376E-04   2.2405098055E+00   2.3772085483E+00   1.6945926268E-03   2.2468950059E+00   2.3851798167E+00   1.9072743801E-03   2.3574968088E+00   2.4170020650E+00   2.0903671079E-03   2.2083800273E+00   2.3766036410E+00   1.5802594197E-03   3.4229908548E-04
   1   -67   0    0   3.3025720938E-01   7.9525139628E+00   2.5132064570E-04   2.0557993450E+00   2.3741706377E+00   2.2447167268E-04   2.1376606471E+00   2.3392331743E+00   6.3589058825E-04   2.2404623513E+00   2.3772693670E+00   1.6942928644E-03   2.2470785198E+00   2.3853006200E+00   1.9072055738E-03   2.3576532338E+00   2.4171540117E+00   2.0904378880E-03   2.2085723809E+00   2.3767216721E+00   1.5800492215E-03   3.4230803638E-04
   1   -68   0    0   3.2026905379E-01   7.9527215742E+00   2.5110433866E-04   2.0556085326E+00   2.3742051111E+00   2.2392173716E-04   2.1374700327E+00   2.3392946060E+00   6.3556382781E-04   2.2404137846E+00   2.3773315533E+00   1.6939869571E-03   2.2472658997E+00   2.3854239798E+00   1.9071353431E-03   2.3578129333E+00   2.4173091391E+00   2.0905101077E-03   2.2087683689E+00   2.3768422011E+00   1.5798346721E-03   3.4231717677E-04
   1   -69   0    0   3.1028139139E-01   7.9529335453E+00   2.5088378968E-04   2.0554137728E+00   2.3742404352E+00   2.2336068845E-04   2.1372755103E+00   2.3393574201E+00   6.3523045714E-04   2.2403640814E+00   2.3773951351E+00   1.6936748027E-03   2.2474572146E+00   2.3855499420E+00   1.9070636638E-03   2.3579759647E+00   2.4174675031E+00   2.0905837905E-03   2.2089680429E+00   2.3769652728E+00   1.5796156974E-03   3.4232651007E-04
   1   -70   0    0   3.0029424099E-01   7.9531499537E+00   2.5065893691E-04   2.0552149972E+00   2.3742766303E+00   2.2278834947E-04   2.1370770142E+00   2.3394216449E+00   6.3489037057E-04   2.2403132172E+00   2.3774601409E+00   1.6933562987E-03   2.2476525340E+00   2.3856785528E+00   1.9069905113E-03   2.3581423857E+00   2.4176291597E+00   2.0906589597E-03   2.2091714543E+00   2.3770909327E+00   1.5793922228E-03   3.4233603972E-04
   1   -71   0    0   2.9030762195E-01   7.9533708780E+00   2.5042971864E-04   2.0550121365E+00   2.3743137173E+00   2.2220454268E-04   2.1368744782E+00   2.3394873092E+00   6.3454346217E-04   2.2402611670E+00   2.3775265995E+00   1.6930313423E-03   2.2478519282E+00   2.3858098591E+00   1.9069158613E-03   2.3583122545E+00   2.4177941654E+00   2.0907356390E-03   2.2093786548E+00   2.3772192262E+00   1.5791641734E-03   3.4234576919E-04
   1   -72   0    0   2.8032155426E-01   7.9535963973E+00   2.5019607338E-04   2.0548051210E+00   2.3743517175E+00   2.2160909023E-04   2.1366678358E+00   2.3395544421E+00   6.3418962580E-04   2.2402079057E+00   2.3775945402E+00   1.6926998300E-03   2.2480554677E+00   2.3859439080E+00   1.9068396889E-03   2.3584856297E+00   2.4179625772E+00   2.0908138519E-03   2.2095896959E+00   2.3773501996E+00   1.5789314736E-03   3.4235570198E-04
   1   -73   0    0   2.7033605849E-01   7.9538265913E+00   2.4995793991E-04   2.0545938806E+00   2.3743906525E+00   2.2100181413E-04   2.1364570203E+00   2.3396230731E+00   6.3382875521E-04   2.2401534076E+00   2.3776639925E+00   1.6923616583E-03   2.2482632237E+00   2.3860807469E+00   1.9067619693E-03   2.3586625701E+00   2.4181344522E+00   2.0908936221E-03   2.2098046289E+00   2.3774838991E+00   1.5786940478E-03   3.4236584160E-04
   1   -74   0    0   2.6035115587E-01   7.9540615403E+00   2.4971525734E-04   2.0543783445E+00   2.3744305444E+00   2.2038253637E-04   2.1362419647E+00   2.3396932321E+00   6.3346074412E-04   2.2400976467E+00   2.3777349866E+00   1.6920167236E-03   2.2484752677E+00   2.3862204234E+00   1.9066826779E-03   2.3588431349E+00   2.4183098478E+00   2.0909749732E-03   2.2100235052E+00   2.3776203713E+00   1.5784518201E-03   3.4237619159E-04
   1   -75   0    0   2.5036686820E-01   7.9543013251E+00   2.4946796519E-04   2.0541584417E+00   2.3744714157E+00   2.1975107908E-04   2.1360226019E+00   2.3397649494E+00   6.3308548631E-04   2.2400405965E+00   2.3778075527E+00   1.6916649218E-03   2.2486916716E+00   2.3863629857E+00   1.9066017895E-03   2.3590273834E+00   2.4184888218E+00   2.0910579289E-03   2.2102463758E+00   2.3777596632E+00   1.5782047143E-03   3.4238675553E-04
   1   -76   0    0   2.4038321797E-01   7.9545460270E+00   2.4921600347E-04   2.0539341007E+00   2.3745132894E+00   2.1910726469E-04   2.1357988644E+00   2.3398382557E+00   6.3270287573E-04   2.2399822304E+00   2.3778817215E+00   1.6913061492E-03   2.2489125077E+00   2.3865084820E+00   1.9065192792E-03   2.3592153753E+00   2.4186714320E+00   2.0911425127E-03   2.2104732916E+00   2.3779018219E+00   1.5779526541E-03   3.4239753698E-04
   1   -77   0    0   2.3040022828E-01   7.9547957278E+00   2.4895931273E-04   2.0537052496E+00   2.3745561889E+00   2.1845091612E-04   2.1355706849E+00   2.3399131820E+00   6.3231280659E-04   2.2399225211E+00   2.3779575243E+00   1.6909403019E-03   2.2491378485E+00   2.3866569606E+00   1.9064351221E-03   2.3594071704E+00   2.4188577366E+00   2.0912287481E-03   2.2107043032E+00   2.3780468947E+00   1.5776955631E-03   3.4240853956E-04
   1   -78   0    0   2.2041792288E-01   7.9550505096E+00   2.4869783415E-04   2.0534718161E+00   2.3746001378E+00   2.1778185693E-04   2.1353379959E+00   2.3399897597E+00   6.3191517344E-04   2.2398614412E+00   2.3780349923E+00   1.6905672762E-03   2.2493677670E+00   2.3868084704E+00   1.9063492930E-03   2.3596028286E+00   2.4190477937E+00   2.0913166587E-03   2.2109394608E+00   2.3781949293E+00   1.5774333648E-03   3.4241976687E-04
   1   -79   0    0   2.1043632616E-01   7.9553104549E+00   2.4843150962E-04   2.0532337279E+00   2.3746451605E+00   2.1709991149E-04   2.1351007301E+00   2.3400680204E+00   6.3150987133E-04   2.2397989629E+00   2.3781141575E+00   1.6901869688E-03   2.2496023360E+00   2.3869630600E+00   1.9062617670E-03   2.3598024099E+00   2.4192416617E+00   2.0914062679E-03   2.2111788145E+00   2.3783459732E+00   1.5771659830E-03   3.4243122253E-04
   1   -80   0    0   2.0045546318E-01   7.9555756464E+00   2.4816028184E-04   2.0529909122E+00   2.3746912815E+00   2.1640490524E-04   2.1348588201E+00   2.3401479961E+00   6.3109679589E-04   2.2397350581E+00   2.3781950517E+00   1.6897992765E-03   2.2498416288E+00   2.3871207784E+00   1.9061725192E-03   2.3600059744E+00   2.4194393989E+00   2.0914975989E-03   2.2114224136E+00   2.3785000743E+00   1.5768933412E-03   3.4244291017E-04
   1   -81   0    0   1.9047535965E-01   7.9558461672E+00   2.4788409437E-04   2.0527432960E+00   2.3747385259E+00   2.1569666482E-04   2.1346121988E+00   2.3402297193E+00   6.3067584344E-04   2.2396696981E+00   2.3782777075E+00   1.6894040967E-03   2.2500857186E+00   2.3872816745E+00   1.9060815245E-03   2.3602135820E+00   2.4196410635E+00   2.0915906747E-03   2.2116703073E+00   2.3786572805E+00   1.5766153635E-03   3.4245483345E-04
   1   -82   0    0   1.8049604192E-01   7.9561221003E+00   2.4760289172E-04   2.0524908065E+00   2.3747869190E+00   2.1497501828E-04   2.1343607992E+00   2.3403132226E+00   6.3024691114E-04   2.2396028542E+00   2.3783621575E+00   1.6890013276E-03   2.2503346786E+00   2.3874457975E+00   1.9059887581E-03   2.3604252928E+00   2.4198467138E+00   2.0916855184E-03   2.2119225441E+00   2.3788176397E+00   1.5763319739E-03   3.4246699599E-04
   1   -83   0    0   1.7051753703E-01   7.9564035289E+00   2.4731661947E-04   2.0522333703E+00   2.3748364868E+00   2.1423979534E-04   2.1341045548E+00   2.3403985389E+00   6.2980989711E-04   2.2395344972E+00   2.3784484347E+00   1.6885908676E-03   2.2505885821E+00   2.3876131964E+00   1.9058941954E-03   2.3606411665E+00   2.4200564080E+00   2.0917821527E-03   2.2121791719E+00   2.3789811998E+00   1.5760430969E-03   3.4247940143E-04
   1   -84   0    0   1.6053987264E-01   7.9566905364E+00   2.4702522435E-04   2.0519709143E+00   2.3748872553E+00   2.1349082759E-04   2.1338433993E+00   2.3404857014E+00   6.2936470051E-04   2.2394645977E+00   2.3785365721E+00   1.6881726163E-03   2.2508475021E+00   2.3877839201E+00   1.9057978118E-03   2.3608612628E+00   2.4202702039E+00   2.0918806000E-03   2.2124402379E+00   2.3791480086E+00   1.5757486575E-03   3.4249205343E-04
   1   -85   0    0   1.5056307707E-01   7.9569832059E+00   2.4672865431E-04   2.0517033654E+00   2.3749392514E+00   2.1272794867E-04   2.1335772670E+00   2.3405747435E+00   6.2891122177E-04   2.2393931258E+00   2.3786266034E+00   1.6877464741E-03   2.2511115116E+00   2.3879580175E+00   1.9056995827E-03   2.3610856411E+00   2.4204881593E+00   2.0919808826E-03   2.2127057889E+00   2.3793181140E+00   1.5754485809E-03   3.4250495560E-04
   1   -86   0    0   1.4058717929E-01   7.9572816206E+00   2.4642685865E-04   2.0514306504E+00   2.3749925019E+00   2.1195099458E-04   2.1333060927E+00   2.3406656988E+00   6.2844936264E-04   2.2393200516E+00   2.3787185621E+00   1.6873123423E-03   2.2513806832E+00   2.3881355374E+00   1.9055994841E-03   2.3613143604E+00   2.4207103316E+00   2.0920830224E-03   2.2129758707E+00   2.3794915636E+00   1.5751427932E-03   3.4251811157E-04
   1   -87   0    0   1.3061220892E-01   7.9575858634E+00   2.4611978810E-04   2.0511526964E+00   2.3750470343E+00   2.1115980387E-04   2.1330298117E+00   2.3407586014E+00   6.2797902637E-04   2.2392453447E+00   2.3788124820E+00   1.6868701238E-03   2.2516550892E+00   2.3883165284E+00   1.9054974918E-03   2.3615474796E+00   2.4209367778E+00   2.0921870411E-03   2.2132505282E+00   2.3796684048E+00   1.5748312210E-03   3.4253152495E-04
   1   -88   0    0   1.2063819618E-01   7.9578960169E+00   2.4580739491E-04   2.0508694307E+00   2.3751028762E+00   2.1035421791E-04   2.1327483603E+00   2.3408534851E+00   6.2750011787E-04   2.2391689745E+00   2.3789083973E+00   1.6864197223E-03   2.2519348015E+00   2.3885010388E+00   1.9053935820E-03   2.3617850569E+00   2.4211675545E+00   2.0922929598E-03   2.2135298057E+00   2.3798486849E+00   1.5745137916E-03   3.4254519933E-04
   1   -89   0    0   1.1066517193E-01   7.9582121634E+00   2.4548963298E-04   2.0505807806E+00   2.3751600558E+00   2.0953408112E-04   2.1324616754E+00   2.3409503842E+00   6.2701254384E-04   2.2390909103E+00   2.3790063420E+00   1.6859610434E-03   2.2522198917E+00   2.3886891166E+00   1.9052877314E-03   2.3620271501E+00   2.4214027179E+00   2.0924007996E-03   2.2138137464E+00   2.3800324508E+00   1.5741904333E-03   3.4255913828E-04
   1   -90   0    0   1.0069316764E-01   7.9585343846E+00   2.4516645795E-04   2.0502866741E+00   2.3752186016E+00   2.0869924128E-04   2.1321696948E+00   2.3410493332E+00   6.2651621292E-04   2.2390111209E+00   2.3791063505E+00   1.6854939940E-03   2.2525104304E+00   2.3888808095E+00   1.9051799166E-03   2.3622738164E+00   2.4216423235E+00   2.0925105808E-03   2.2141023924E+00   2.3802197491E+00   1.5738610753E-03   3.4257334534E-04
   1   -91   0    0   9.0722215361E-02   7.9588627620E+00   2.4483782731E-04   2.0499870393E+00   2.3752785423E+00   2.0784954973E-04   2.1318723576E+00   2.3411503663E+00   6.2601103587E-04   2.2389295751E+00   2.3792084571E+00   1.6850184829E-03   2.2528064879E+00   2.3890761649E+00   1.9050701150E-03   2.3625251123E+00   2.4218864263E+00   2.0926223234E-03   2.2143957848E+00   2.3804106261E+00   1.5735256479E-03   3.4258782403E-04
   1   -92   0    0   8.0752347726E-02   7.9591973762E+00   2.4450370047E-04   2.0496818049E+00   2.3753399069E+00   2.0698486170E-04   2.1315696037E+00   2.3412535182E+00   6.2549692573E-04   2.2388462413E+00   2.3793126963E+00   1.6845344208E-03   2.2531081336E+00   2.3892752295E+00   1.9049583040E-03   2.3627810937E+00   2.4221350805E+00   2.0927360470E-03   2.2146939636E+00   2.3806051276E+00   1.5731840824E-03   3.4260257783E-04
   1   -93   0    0   7.0783597921E-02   7.9595383071E+00   2.4416403894E-04   2.0493709001E+00   2.3754027250E+00   2.0610503654E-04   2.1312613744E+00   2.3413588235E+00   6.2497379793E-04   2.2387610880E+00   2.3794191026E+00   1.6840417203E-03   2.2534154360E+00   2.3894780498E+00   1.9048444616E-03   2.3630418155E+00   2.4223883395E+00   2.0928517704E-03   2.2149969675E+00   2.3808032987E+00   1.5728363116E-03   3.4261761019E-04
   1   -94   0    0   6.0815999667E-02   7.9598856338E+00   2.4381880638E-04   2.0490542547E+00   2.3754670260E+00   2.0520993803E-04   2.1309476123E+00   2.3414663168E+00   6.2444157055E-04   2.2386740832E+00   2.3795277105E+00   1.6835402964E-03   2.2537284627E+00   2.3896846713E+00   1.9047285661E-03   2.3633073320E+00   2.4226462560E+00   2.0929695122E-03   2.2153048338E+00   2.3810051842E+00   1.5724822695E-03   3.4263292450E-04
   1   -95   0    0   5.0849587197E-02   7.9602394345E+00   2.4346796873E-04   2.0487317992E+00   2.3755328400E+00   2.0429943467E-04   2.1306282613E+00   2.3415760327E+00   6.2390016441E-04   2.2385851951E+00   2.3796385545E+00   1.6830300663E-03   2.2540472802E+00   2.3898951393E+00   1.9046105966E-03   2.3635776962E+00   2.4229088814E+00   2.0930892900E-03   2.2156175988E+00   2.3812108281E+00   1.5721218916E-03   3.4264852411E-04
   1   -96   0    0   4.0884395224E-02   7.9605997863E+00   2.4311149431E-04   2.0484034649E+00   2.3756001971E+00   2.0337339995E-04   2.1303032672E+00   2.3416880058E+00   6.2334950329E-04   2.2384943915E+00   2.3797516690E+00   1.6825109499E-03   2.2543719540E+00   2.3901094980E+00   1.9044905325E-03   2.3638529603E+00   2.4231762666E+00   2.0932111211E-03   2.2159352968E+00   2.3814202739E+00   1.5717551151E-03   3.4266441234E-04
   1   -97   0    0   3.0920458916E-02   7.9609667654E+00   2.4274935395E-04   2.0480691839E+00   2.3756691278E+00   2.0243171265E-04   2.1299725772E+00   2.3418022704E+00   6.2278951407E-04   2.2384016401E+00   2.3798670883E+00   1.6819828697E-03   2.2547025482E+00   2.3903277912E+00   1.9043683536E-03   2.3641331752E+00   2.4234484609E+00   2.0933350219E-03   2.2162579611E+00   2.3816335640E+00   1.5713818788E-03   3.4268059241E-04
   1   -98   0    0   2.0957813862E-02   7.9613404463E+00   2.4238152109E-04   2.0477288891E+00   2.3757396626E+00   2.0147425716E-04   2.1296361404E+00   2.3419188612E+00   6.2222012694E-04   2.2383069088E+00   2.3799848466E+00   1.6814457509E-03   2.2550391255E+00   2.3905500616E+00   1.9042440407E-03   2.3644183907E+00   2.4237255127E+00   2.0934610081E-03   2.2165856230E+00   2.3818507404E+00   1.5710021235E-03   3.4269706751E-04
   1   -99   0    0   1.0996496036E-02   7.9617209025E+00   2.4200797186E-04   2.0473825147E+00   2.3758118322E+00   2.0050092373E-04   2.1292939079E+00   2.3420378121E+00   6.2164127555E-04   2.2382101650E+00   2.3801049780E+00   1.6808995220E-03   2.2553817472E+00   2.3907763509E+00   1.9041175749E-03   2.3647086552E+00   2.4240074690E+00   2.0935890949E-03   2.2169183123E+00   2.3820718439E+00   1.5706157916E-03   3.4271384076E-04
   1  -100   0    0   1.0365417623E-03   7.9621082058E+00   2.4162868527E-04   2.0470299959E+00   2.3758856677E+00   1.9951160881E-04   2.1289458327E+00   2.3421591573E+00   6.2105289721E-04   2.2381113765E+00   2.3802275163E+00   1.6803441145E-03   2.2557304731E+00   2.3910067002E+00   1.9039889381E-03   2.3650040157E+00   2.4242943755E+00   2.0937192963E-03   2.2172560570E+00   2.3822969144E+00   1.5702228281E-03   3.4273091519E-04
   1  -101   0    0  -8.9220123321E-03   7.9625024265E+00   2.4124364322E-04   2.0466712689E+00   2.3759612000E+00   1.9850621534E-04   2.1285918701E+00   2.3422829306E+00   6.2045493305E-04   2.2380105108E+00   2.3803524950E+00   1.6797794634E-03   2.2560853609E+00   2.3912411491E+00   1.9038581130E-03   2.3653045178E+00   2.4245862765E+00   2.0938516257E-03   2.2175988833E+00   2.3825259908E+00   1.5698231797E-03   3.4274829377E-04
   1  -102   0    0  -1.8879129356E-02   7.9629036332E+00   2.4085283067E-04   2.0463062713E+00   2.3760384603E+00   1.9748465307E-04   2.1282319778E+00   2.3424091655E+00   6.1984732822E-04   2.2379075355E+00   2.3804799475E+00   1.6792055071E-03   2.2564464671E+00   2.3914797363E+00   1.9037250829E-03   2.3656102053E+00   2.4248832145E+00   2.0939860957E-03   2.2179468155E+00   2.3827591109E+00   1.5694167957E-03   3.4276597937E-04
   1  -103   0    0  -2.8834772204E-02   7.9633118925E+00   2.4045623574E-04   2.0459349422E+00   2.3761174798E+00   1.9644683881E-04   2.1278661158E+00   2.3425378952E+00   6.1923003205E-04   2.2378024182E+00   2.3806099066E+00   1.6786221877E-03   2.2568138457E+00   2.3917224994E+00   1.9035898320E-03   2.3659211205E+00   2.4251852306E+00   2.0941227177E-03   2.2182998758E+00   2.3829963114E+00   1.5690036277E-03   3.4278397479E-04
   1  -104   0    0  -3.8788903607E-02   7.9637272691E+00   2.4005384979E-04   2.0455572220E+00   2.3761982898E+00   1.9539269681E-04   2.1274942466E+00   2.3426691525E+00   6.1860299824E-04   2.2376951267E+00   2.3807424050E+00   1.6780294514E-03   2.2571875489E+00   2.3919694744E+00   1.9034523454E-03   2.3662373039E+00   2.4254923641E+00   2.0942615023E-03   2.2186580843E+00   2.3832376275E+00   1.5685836299E-03   3.4280228272E-04
   1  -105   0    0  -4.8741486184E-02   7.9641498257E+00   2.3964566755E-04   2.0451730527E+00   2.3762809214E+00   1.9432215897E-04   2.1271163357E+00   2.3428029699E+00   6.1796618506E-04   2.2375856287E+00   2.3808774747E+00   1.6774272482E-03   2.2575676267E+00   2.3922206962E+00   1.9033126090E-03   2.3665587941E+00   2.4258046526E+00   2.0944024593E-03   2.2190214591E+00   2.3834830933E+00   1.5681567593E-03   3.4282090575E-04
   1  -106   0    0  -5.8692482500E-02   7.9645796224E+00   2.3923168720E-04   2.0447823779E+00   2.3763654059E+00   1.9323516524E-04   2.1267323513E+00   2.3429393794E+00   6.1731955547E-04   2.2374738921E+00   2.3810151475E+00   1.6768155325E-03   2.2579541268E+00   2.3924761983E+00   1.9031706095E-03   2.3668856277E+00   2.4261221315E+00   2.0945455970E-03   2.2193900160E+00   2.3837327415E+00   1.5677229756E-03   3.4283984637E-04
   1  -107   0    0  -6.8641855128E-02   7.9650167174E+00   2.3881191047E-04   2.0443851430E+00   2.3764517744E+00   1.9213166380E-04   2.1263422644E+00   2.3430784123E+00   6.1666307737E-04   2.2373598850E+00   2.3811554545E+00   1.6761942629E-03   2.2583470944E+00   2.3927360124E+00   1.9030263348E-03   2.3672178392E+00   2.4264448345E+00   2.0946909231E-03   2.2197637683E+00   2.3839866031E+00   1.5672822415E-03   3.4285910695E-04
   1  -108   0    0  -7.8589566708E-02   7.9654611661E+00   2.3838634276E-04   2.0439812952E+00   2.3765400579E+00   1.9101161147E-04   2.1259460495E+00   2.3432200997E+00   6.1599672370E-04   2.2372435757E+00   2.3812984262E+00   1.6755634029E-03   2.2587465724E+00   2.3930001689E+00   1.9028797736E-03   2.3675554610E+00   2.4267727929E+00   2.0948384439E-03   2.2201427273E+00   2.3842447078E+00   1.5668345226E-03   3.4287868976E-04
   1  -109   0    0  -8.8535580014E-02   7.9659130213E+00   2.3795499318E-04   2.0435707837E+00   2.3766302874E+00   1.8987497389E-04   2.1255436839E+00   2.3433644719E+00   6.1532047269E-04   2.2371249326E+00   2.3814440926E+00   1.6749229204E-03   2.2591526006E+00   2.3932686964E+00   1.9027309159E-03   2.3678985233E+00   2.4271060362E+00   2.0949881645E-03   2.2205269014E+00   2.3845070835E+00   1.5663797880E-03   3.4289859693E-04
   1  -110   0    0  -9.8479858028E-02   7.9663723331E+00   2.3751787468E-04   2.0431535598E+00   2.3767224935E+00   1.8872172589E-04   2.1251351488E+00   2.3435115584E+00   6.1463430796E-04   2.2370039245E+00   2.3815924830E+00   1.6742727884E-03   2.2595652164E+00   2.3935416217E+00   1.9025797525E-03   2.3682470539E+00   2.4274445911E+00   2.0951400891E-03   2.2209162966E+00   2.3847737566E+00   1.5659180099E-03   3.4291883046E-04
   1  -111   0    0  -1.0842236400E-01   7.9668391487E+00   2.3707500414E-04   2.0427295767E+00   2.3768167067E+00   1.8755185170E-04   2.1247204284E+00   2.3436613882E+00   6.1393821871E-04   2.2368805203E+00   2.3817436258E+00   1.6736129849E-03   2.2599844541E+00   2.3938189699E+00   1.9024262754E-03   2.3686010780E+00   2.4277884825E+00   2.0952942204E-03   2.2213109165E+00   2.3850447514E+00   1.5654491639E-03   3.4293939222E-04
   1  -112   0    0  -1.1836306155E-01   7.9673135121E+00   2.3662640241E-04   2.0422987900E+00   2.3769129571E+00   1.8636534525E-04   2.1242995110E+00   2.3438139896E+00   6.1323219989E-04   2.2367546895E+00   2.3818975489E+00   1.6729434931E-03   2.2604103451E+00   2.3941007642E+00   1.9022704780E-03   2.3689606185E+00   2.4281377323E+00   2.0954505600E-03   2.2217107616E+00   2.3853200906E+00   1.5649732293E-03   3.4296028395E-04
   1  -113   0    0  -1.2830191470E-01   7.9677954643E+00   2.3617209441E-04   2.0418611576E+00   2.3770112747E+00   1.8516221043E-04   2.1238723884E+00   2.3439693899E+00   6.1251625235E-04   2.2366264016E+00   2.3820542792E+00   1.6722643017E-03   2.2608429174E+00   2.3943870256E+00   1.9021123547E-03   2.3693256955E+00   2.4284923602E+00   2.0956091081E-03   2.2221158301E+00   2.3855997949E+00   1.5644901890E-03   3.4298150723E-04
   1  -114   0    0  -1.3823888800E-01   7.9682850430E+00   2.3571210918E-04   2.0414166399E+00   2.3771116890E+00   1.8394246134E-04   2.1234390563E+00   2.3441276155E+00   6.1179038299E-04   2.2364956269E+00   2.3822138427E+00   1.6715754048E-03   2.2612821960E+00   2.3946777734E+00   1.9019519010E-03   2.3696963265E+00   2.4288523830E+00   2.0957698636E-03   2.2225261168E+00   2.3858838830E+00   1.5640000297E-03   3.4300306348E-04
   1  -115   0    0  -1.4817394659E-01   7.9687822823E+00   2.3524648000E-04   2.0409651997E+00   2.3772142290E+00   1.8270612252E-04   2.1229995146E+00   2.3442886920E+00   6.1105460490E-04   2.2363623358E+00   2.3823762644E+00   1.6708768023E-03   2.2617282024E+00   2.3949730246E+00   1.9017891140E-03   2.3700725260E+00   2.4292178150E+00   2.0959328240E-03   2.2229416142E+00   2.3861723715E+00   1.5635027420E-03   3.4302495398E-04
   1  -116   0    0  -1.5810705629E-01   7.9692872130E+00   2.3477524436E-04   2.0405068027E+00   2.3773189234E+00   1.8145322922E-04   2.1225537671E+00   2.3444526440E+00   6.1030893752E-04   2.2362264993E+00   2.3825415684E+00   1.6701684999E-03   2.2621809545E+00   2.3952727938E+00   1.9016239919E-03   2.3704543058E+00   2.4295886675E+00   2.0960979855E-03   2.2233623113E+00   2.3864652747E+00   1.5629983206E-03   3.4304717984E-04
   1  -117   0    0  -1.6803818367E-01   7.9697998620E+00   2.3429844409E-04   2.0400414170E+00   2.3774258004E+00   1.8018382757E-04   2.1221018222E+00   2.3446194951E+00   6.0955340675E-04   2.2360880891E+00   2.3827097778E+00   1.6694505093E-03   2.2626404667E+00   2.3955770936E+00   1.9014565344E-03   2.3708416745E+00   2.4299649490E+00   2.0962653428E-03   2.2237881944E+00   2.3867626050E+00   1.5624867643E-03   3.4306974200E-04
   1  -118   0    0  -1.7796729617E-01   7.9703202524E+00   2.3381612539E-04   2.0395690137E+00   2.3775348876E+00   1.7889797484E-04   2.1216436923E+00   2.3447892675E+00   6.0878804510E-04   2.2359470771E+00   2.3828809145E+00   1.6687228483E-03   2.2631067496E+00   2.3958859342E+00   1.9012867424E-03   2.3712346378E+00   2.4303466650E+00   2.0964348891E-03   2.2242192466E+00   2.3870643723E+00   1.5619680761E-03   3.4309264122E-04
   1  -119   0    0  -1.8789436218E-01   7.9708484034E+00   2.3332833882E-04   2.0390895669E+00   2.3776462118E+00   1.7759573962E-04   2.1211793944E+00   2.3449619827E+00   6.0801289180E-04   2.2358034362E+00   2.3830549991E+00   1.6679855408E-03   2.2635798100E+00   2.3961993232E+00   1.9011146184E-03   2.3716331982E+00   2.4307338177E+00   2.0966066162E-03   2.2246554478E+00   2.3873705840E+00   1.5614422633E-03   3.4311587809E-04
   1  -120   0    0  -1.9781935111E-01   7.9713843302E+00   2.3283513943E-04   2.0386030537E+00   2.3777597995E+00   1.7627720201E-04   2.1207089502E+00   2.3451376607E+00   6.0722799290E-04   2.2356571397E+00   2.3832320512E+00   1.6672386174E-03   2.2640596508E+00   2.3965172659E+00   1.9009401664E-03   2.3720373549E+00   2.4311264065E+00   2.0967805144E-03   2.2250967748E+00   2.3876812454E+00   1.5609093378E-03   3.4313945301E-04
   1  -121   0    0  -2.0774223352E-01   7.9719280437E+00   2.3233658670E-04   2.0381094543E+00   2.3778756762E+00   1.7494245379E-04   2.1202323860E+00   2.3453163202E+00   6.0643340141E-04   2.2355081616E+00   2.3834120890E+00   1.6664821149E-03   2.2645462706E+00   2.3968397651E+00   1.9007633915E-03   2.3724471038E+00   2.4315244275E+00   2.0969565724E-03   2.2255432010E+00   2.3879963591E+00   1.5603693158E-03   3.4316336620E-04
   1  -122   0    0  -2.1766298121E-01   7.9724795505E+00   2.3183274460E-04   2.0376087522E+00   2.3779938667E+00   1.7359159858E-04   2.1197497327E+00   2.3454979787E+00   6.0562917737E-04   2.2353564769E+00   2.3835951293E+00   1.6657160768E-03   2.2650396643E+00   2.3971668207E+00   1.9005843009E-03   2.3728624374E+00   2.4319278732E+00   2.0971347773E-03   2.2259946968E+00   2.3883159251E+00   1.5598222183E-03   3.4318761766E-04
   1  -123   0    0  -2.2758156728E-01   7.9730388529E+00   2.3132368162E-04   2.0371009342E+00   2.3781143952E+00   1.7222475201E-04   2.1192610262E+00   2.3456826524E+00   6.0481538794E-04   2.2352020611E+00   2.3837811876E+00   1.6649405532E-03   2.2655398222E+00   2.3974984301E+00   1.9004029029E-03   2.3732833448E+00   2.4323367332E+00   2.0973151148E-03   2.2264512288E+00   2.3886399410E+00   1.5592680711E-03   3.4321220723E-04
   1  -124   0    0  -2.3749796628E-01   7.9736059485E+00   2.3080947075E-04   2.0365859906E+00   2.3782372848E+00   1.7084204180E-04   2.1187663072E+00   2.3458703558E+00   6.0399210750E-04   2.2350448908E+00   2.3839702779E+00   1.6641556012E-03   2.2660467303E+00   2.3978345881E+00   1.9002192074E-03   2.3737098116E+00   2.4327509933E+00   2.0974975689E-03   2.2269127607E+00   2.3889684013E+00   1.5587069046E-03   3.4323713450E-04
   1  -125   0    0  -2.4741215425E-01   7.9741808305E+00   2.3029018948E-04   2.0360639151E+00   2.3783625576E+00   1.6944360795E-04   2.1182656215E+00   2.3460611021E+00   6.0315941770E-04   2.2348849434E+00   2.3841624127E+00   1.6633612846E-03   2.2665603704E+00   2.3981752863E+00   1.9000332263E-03   2.3741418196E+00   2.4331706360E+00   2.0976821219E-03   2.2273792524E+00   2.3893012983E+00   1.5581387541E-03   3.4326239890E-04
   1  -126   0    0  -2.5732410889E-01   7.9747634871E+00   2.2976591983E-04   2.0355347051E+00   2.3784902350E+00   1.6802960276E-04   2.1177590196E+00   2.3462549030E+00   6.0231740754E-04   2.2347221972E+00   2.3843576031E+00   1.6625576742E-03   2.2670807197E+00   2.3985205139E+00   1.8998449725E-03   2.3745793473E+00   2.4335956402E+00   2.0978687546E-03   2.2278506606E+00   2.3896386211E+00   1.5575636600E-03   3.4328799961E-04
   1  -127   0    0  -2.6723380958E-01   7.9753539020E+00   2.2923674831E-04   2.0349983619E+00   2.3786203371E+00   1.6660019100E-04   2.1172465575E+00   2.3464517683E+00   6.0146617342E-04   2.2345566316E+00   2.3845558582E+00   1.6617448478E-03   2.2676077507E+00   2.3988702568E+00   1.8996544611E-03   2.3750223691E+00   2.4340259812E+00   2.0980574462E-03   2.2283269384E+00   2.3899803562E+00   1.5569816675E-03   3.4331393562E-04
   1  -128   0    0  -2.7714123754E-01   7.9759520538E+00   2.2870276588E-04   2.0344548904E+00   2.3787528832E+00   1.6515554989E-04   2.1167282959E+00   2.3466517065E+00   6.0060581916E-04   2.2343882273E+00   2.3847571857E+00   1.6609228904E-03   2.2681414316E+00   2.3992244982E+00   1.8994617086E-03   2.3754708559E+00   2.4344616308E+00   2.0982481741E-03   2.2288080355E+00   2.3903264870E+00   1.5563928271E-03   3.4334020567E-04
   1  -129   0    0  -2.8704637588E-01   7.9765579161E+00   2.2816406798E-04   2.0339042995E+00   2.3788878911E+00   1.6369586922E-04   2.1162043010E+00   2.3468547241E+00   5.9973645608E-04   2.2342169656E+00   2.3849615917E+00   1.6600918941E-03   2.2686817255E+00   2.3995832183E+00   1.8992667332E-03   2.3759247748E+00   2.4349025568E+00   2.0984409140E-03   2.2292938981E+00   2.3906769942E+00   1.5557971943E-03   3.4336680831E-04
   1  -130   0    0  -2.9694920973E-01   7.9771714574E+00   2.2762075443E-04   2.0333466021E+00   2.3790253776E+00   1.6222135137E-04   2.1156746437E+00   2.3470608262E+00   5.9885820297E-04   2.2340428296E+00   2.3851690803E+00   1.6592519582E-03   2.2692285912E+00   2.3999463940E+00   1.8990695548E-03   2.3763840889E+00   2.4353487234E+00   2.0986356403E-03   2.2297844688E+00   2.3910318553E+00   1.5551948298E-03   3.4339374185E-04
   1  -131   0    0  -3.0684972630E-01   7.9777926412E+00   2.2707292943E-04   2.0327818153E+00   2.3791653584E+00   1.6073221131E-04   2.1151394005E+00   2.3472700157E+00   5.9797118616E-04   2.2338658032E+00   2.3853796538E+00   1.6584031893E-03   2.2697819823E+00   2.4003139993E+00   1.8988701951E-03   2.3768487576E+00   2.4358000912E+00   2.0988323254E-03   2.2302796866E+00   2.3913910451E+00   1.5545857996E-03   3.4342100437E-04
   1  -132   0    0  -3.1674791501E-01   7.9784214257E+00   2.2652070152E-04   2.0322099603E+00   2.3793078476E+00   1.5922867660E-04   2.1145986528E+00   2.3474822939E+00   5.9707553946E-04   2.2336858718E+00   2.3855933127E+00   1.6575457011E-03   2.2703418478E+00   2.4006860053E+00   1.8986686773E-03   2.3773187362E+00   2.4362566168E+00   2.0990309400E-03   2.2307794873E+00   2.3917545350E+00   1.5539701748E-03   3.4344859371E-04
   1  -133   0    0  -3.2664376753E-01   7.9790577637E+00   2.2596418346E-04   2.0316310626E+00   2.3794528582E+00   1.5771098741E-04   2.1140524872E+00   2.3476976601E+00   5.9617140423E-04   2.2335030223E+00   2.3858100557E+00   1.6566796147E-03   2.2709081318E+00   2.4010623794E+00   1.8984650267E-03   2.3777939762E+00   2.4367182530E+00   2.0992314534E-03   2.2312838028E+00   2.3921222935E+00   1.5533480320E-03   3.4347650749E-04
   1  -134   0    0  -3.3653727792E-01   7.9797016030E+00   2.2540349226E-04   2.0310451520E+00   2.3796004017E+00   1.5617939644E-04   2.1135009953E+00   2.3479161116E+00   5.9525892929E-04   2.2333172430E+00   2.3860298793E+00   1.6558050586E-03   2.2714807735E+00   2.4014430864E+00   1.8982592701E-03   2.3782744250E+00   2.4371849487E+00   2.0994338329E-03   2.2317925618E+00   2.3924942860E+00   1.5527194530E-03   3.4350474309E-04
   1  -135   0    0  -3.4642844267E-01   7.9803528857E+00   2.2483874903E-04   2.0304522630E+00   2.3797504880E+00   1.5463416892E-04   2.1129442740E+00   2.3481376440E+00   5.9433827093E-04   2.2331285234E+00   2.3862527783E+00   1.6549221683E-03   2.2720597071E+00   2.4018280875E+00   1.8980514359E-03   2.3787600261E+00   2.4376566491E+00   2.0996380445E-03   2.2323056894E+00   2.3928704748E+00   1.5520845250E-03   3.4353329764E-04
   1  -136   0    0  -3.5631726080E-01   7.9810115487E+00   2.2427007895E-04   2.0298524344E+00   2.3799031257E+00   1.5307558249E-04   2.1123824249E+00   2.3483622505E+00   5.9340959289E-04   2.2329368551E+00   2.3864787452E+00   1.6540310869E-03   2.2726448619E+00   2.4022173409E+00   1.8978415547E-03   2.3792507190E+00   2.4381332953E+00   2.0998440524E-03   2.2328231070E+00   2.3932508189E+00   1.5514433405E-03   3.4356216806E-04
   1  -137   0    0  -3.6620373395E-01   7.9816775232E+00   2.2369761115E-04   2.0292457096E+00   2.3800583219E+00   1.5150392714E-04   2.1118155550E+00   2.3485899224E+00   5.9247306626E-04   2.2327422311E+00   2.3867077707E+00   1.6531319646E-03   2.2732361624E+00   2.4026108013E+00   1.8976296586E-03   2.3797464391E+00   2.4386148246E+00   2.1000518189E-03   2.2333447329E+00   2.3936352744E+00   1.5507959976E-03   3.4359135099E-04
   1  -138   0    0  -3.7608786640E-01   7.9823507352E+00   2.2312147867E-04   2.0286321371E+00   2.3802160818E+00   1.4991950511E-04   2.1112437758E+00   2.3488206490E+00   5.9152886946E-04   2.2325446460E+00   2.3869398430E+00   1.6522249590E-03   2.2738335279E+00   2.4030084205E+00   1.8974157813E-03   2.3802471179E+00   2.4391011705E+00   2.1002613051E-03   2.2338704817E+00   2.3940237939E+00   1.5501425994E-03   3.4362084285E-04
   1  -139   0    0  -3.8596966521E-01   7.9830311050E+00   2.2254181832E-04   2.0280117696E+00   2.3803764094E+00   1.4832263077E-04   2.1106672038E+00   2.3490544174E+00   5.9057718818E-04   2.2323440964E+00   2.3871749487E+00   1.6513102346E-03   2.2744368730E+00   2.4034101468E+00   1.8971999585E-03   2.3807526828E+00   2.4395922623E+00   2.1004724702E-03   2.2344002648E+00   2.3944163272E+00   1.5494832546E-03   3.4365063982E-04
   1  -140   0    0  -3.9584914023E-01   7.9837185476E+00   2.2195877058E-04   2.0273846652E+00   2.3805393065E+00   1.4671363045E-04   2.1100859604E+00   2.3492912124E+00   5.8961821526E-04   2.2321405807E+00   2.3874130717E+00   1.6503879633E-03   2.2750461072E+00   2.4038159253E+00   1.8969822276E-03   2.3812630571E+00   2.4400880256E+00   2.1006852718E-03   2.2349339902E+00   2.3948128205E+00   1.5488180773E-03   3.4368073782E-04
   1  -141   0    0  -4.0572630419E-01   7.9844129721E+00   2.2137247952E-04   2.0267508865E+00   2.3807047736E+00   1.4509284233E-04   2.1095001712E+00   2.3495310167E+00   5.8865215064E-04   2.2319340992E+00   2.3876541940E+00   1.6494583241E-03   2.2756611351E+00   2.4042256978E+00   1.8967626278E-03   2.3817781603E+00   2.4405883822E+00   2.1008996662E-03   2.2354715626E+00   2.3952132171E+00   1.5481471868E-03   3.4371113255E-04
   1  -142   0    0  -4.1560117272E-01   7.9851142826E+00   2.2078309268E-04   2.0261105013E+00   2.3808728093E+00   1.4346061623E-04   2.1089099668E+00   2.3497738108E+00   5.8767920123E-04   2.2317246542E+00   2.3878982955E+00   1.6485215030E-03   2.2762818566E+00   2.4046394028E+00   1.8965411999E-03   2.3822979079E+00   2.4410932500E+00   2.1011156077E-03   2.2360128833E+00   2.3956174570E+00   1.5474707076E-03   3.4374181945E-04
   1  -143   0    0  -4.2547376444E-01   7.9858223772E+00   2.2019076091E-04   2.0254635824E+00   2.3810434102E+00   1.4181731343E-04   2.1083154819E+00   2.3500195730E+00   5.8669958082E-04   2.2315122502E+00   2.3881453534E+00   1.6475776929E-03   2.2769081667E+00   2.4050569758E+00   1.8963179865E-03   2.3828222112E+00   2.4416025428E+00   2.1013330494E-03   2.2365578505E+00   2.3960254771E+00   1.5467887699E-03   3.4377279371E-04
   1  -144   0    0  -4.3534410096E-01   7.9865371488E+00   2.1959563829E-04   2.0248102079E+00   2.3812165714E+00   1.4016330648E-04   2.1077168556E+00   2.3502682791E+00   5.8571350995E-04   2.2312968936E+00   2.3883953431E+00   1.6466270937E-03   2.2775399554E+00   2.4054783486E+00   1.8960930318E-03   2.3833509779E+00   2.4421161708E+00   2.1015519429E-03   2.2371063594E+00   2.3964372110E+00   1.5461015086E-03   3.4380405030E-04
   1  -145   0    0  -4.4521220695E-01   7.9872584847E+00   2.1899788197E-04   2.0241504607E+00   2.3813922858E+00   1.3849897892E-04   2.1071142311E+00   2.3505199029E+00   5.8472121577E-04   2.2310785932E+00   2.3886482374E+00   1.6456699118E-03   2.2781771082E+00   2.4059034501E+00   1.8958663820E-03   2.3838841114E+00   2.4426340405E+00   2.1017722380E-03   2.2376583019E+00   2.3968525893E+00   1.5454090641E-03   3.4383558394E-04
   1  -146   0    0  -4.5507811017E-01   7.9879862669E+00   2.1839765207E-04   2.0234844292E+00   2.3815705447E+00   1.3682472509E-04   2.1065077557E+00   2.3507744158E+00   5.8372293191E-04   2.2308573600E+00   2.3889040070E+00   1.6447063605E-03   2.2788195059E+00   2.4063322061E+00   1.8956380847E-03   2.3844215117E+00   2.4431560544E+00   2.1019938833E-03   2.2382135669E+00   2.3972715394E+00   1.5447115818E-03   3.4386738911E-04
   1  -147   0    0  -4.6494184145E-01   7.9887203718E+00   2.1779511147E-04   2.0228122071E+00   2.3817513371E+00   1.3514094984E-04   2.1058975802E+00   2.3510317866E+00   5.8271889834E-04   2.2306332073E+00   2.3891626202E+00   1.6437366597E-03   2.2794670244E+00   2.4067645388E+00   1.8954081892E-03   2.3849630747E+00   2.4436821115E+00   2.1022168260E-03   2.2387720406E+00   2.3976939857E+00   1.5440092124E-03   3.4389946005E-04
   1  -148   0    0  -4.7480343476E-01   7.9894606706E+00   2.1719042574E-04   2.0221338932E+00   2.3819346504E+00   1.3344806826E-04   2.1052838596E+00   2.3512919822E+00   5.8170936116E-04   2.2304061509E+00   2.3894240429E+00   1.6427610356E-03   2.2801195354E+00   2.4072003677E+00   1.8951767465E-03   2.3855086925E+00   2.4442121070E+00   2.1024410118E-03   2.2393336059E+00   2.3981198493E+00   1.5433021112E-03   3.4393179077E-04
   1  -149   0    0  -4.8466292718E-01   7.9902070290E+00   2.1658376294E-04   2.0214495917E+00   2.3821204697E+00   1.3174650537E-04   2.1046667519E+00   2.3515549668E+00   5.8069457247E-04   2.2301762090E+00   2.3896882388E+00   1.6417797205E-03   2.2807769060E+00   2.4076396088E+00   1.8949438092E-03   2.3860582536E+00   2.4447459326E+00   2.1026663851E-03   2.2398981434E+00   2.3985490485E+00   1.5425904387E-03   3.4396437504E-04
   1  -150   0    0  -4.9452035894E-01   7.9909593077E+00   2.1597529346E-04   2.0207594124E+00   2.3823087783E+00   1.3003669581E-04   2.1040464187E+00   2.3518207025E+00   5.7967479018E-04   2.2299434022E+00   2.3899551692E+00   1.6407929532E-03   2.2814389987E+00   2.4080821753E+00   1.8947094314E-03   2.3866116428E+00   2.4452834763E+00   2.1028928890E-03   2.2404655306E+00   2.3989814984E+00   1.5418743601E-03   3.4399720641E-04
   1  -151   0    0  -5.0437577337E-01   7.9917173621E+00   2.1536518990E-04   2.0200634700E+00   2.3824995573E+00   1.2831908351E-04   2.1034230247E+00   2.3520891490E+00   5.7865027778E-04   2.2297077539E+00   2.3902247930E+00   1.6398009783E-03   2.2821056721E+00   2.4085279772E+00   1.8944736688E-03   2.3871687413E+00   2.4458246228E+00   2.1031204653E-03   2.2410356426E+00   2.3994171113E+00   1.5411540453E-03   3.4403027820E-04
   1  -152   0    0  -5.1422921693E-01   7.9924810423E+00   2.1475362686E-04   2.0193618851E+00   2.3826927858E+00   1.2659412133E-04   2.1027967374E+00   2.3523602635E+00   5.7762130418E-04   2.2294692899E+00   2.3904970669E+00   1.6388040460E-03   2.2827767802E+00   2.4089769216E+00   1.8942365787E-03   2.3877294269E+00   2.4463692532E+00   2.1033490547E-03   2.2416083519E+00   2.3998557966E+00   1.5404296689E-03   3.4406358350E-04
   1  -153   0    0  -5.2408073916E-01   7.9932501938E+00   2.1414078078E-04   2.0186547835E+00   2.3828884408E+00   1.2486227070E-04   2.1021677274E+00   2.3526340010E+00   5.7658814345E-04   2.2292280387E+00   2.3907719452E+00   1.6378024123E-03   2.2834521732E+00   2.4094289126E+00   1.8939982197E-03   2.3882935737E+00   2.4469172454E+00   2.1035785965E-03   2.2421835285E+00   2.4002974606E+00   1.5397014100E-03   3.4409711519E-04
   1  -154   0    0  -5.3393039266E-01   7.9940246567E+00   2.1352682980E-04   2.0179422962E+00   2.3830864974E+00   1.2312400121E-04   2.1015361675E+00   2.3529103141E+00   5.7555107463E-04   2.2289840317E+00   2.3910493798E+00   1.6367963388E-03   2.2841316971E+00   2.4098838515E+00   1.8937586520E-03   2.3888610528E+00   2.4474684741E+00   2.1038090292E-03   2.2427610404E+00   2.4007420071E+00   1.5389694520E-03   3.4413086594E-04
   1  -155   0    0  -5.4377823305E-01   7.9948042666E+00   2.1291195352E-04   2.0172245600E+00   2.3832869282E+00   1.2137979026E-04   2.1009022331E+00   2.3531891531E+00   5.7451038145E-04   2.2287373029E+00   2.3913293205E+00   1.6357860918E-03   2.2848151942E+00   2.4103416366E+00   1.8935179370E-03   2.3894317317E+00   2.4480228106E+00   2.1040402899E-03   2.2433407529E+00   2.4011893369E+00   1.5382339826E-03   3.4416482819E-04
   1  -156   0    0  -5.5362431896E-01   7.9955888542E+00   2.1229633288E-04   2.0165017166E+00   2.3834897041E+00   1.1963012255E-04   2.1002661015E+00   2.3534704659E+00   5.7346635215E-04   2.2284878891E+00   2.3916117146E+00   1.6347719432E-03   2.2855025030E+00   2.4108021638E+00   1.8932761376E-03   2.3900054750E+00   2.4485801232E+00   2.1042723149E-03   2.2439225294E+00   2.4016393483E+00   1.5374951936E-03   3.4419899420E-04
   1  -157   0    0  -5.6346871192E-01   7.9963782456E+00   2.1168014992E-04   2.0157739134E+00   2.3836947936E+00   1.1787548973E-04   2.0996279522E+00   2.3537541983E+00   5.7241927911E-04   2.2282358297E+00   2.3918965072E+00   1.6337541692E-03   2.2861934582E+00   2.4112653259E+00   1.8930333180E-03   2.3905821439E+00   2.4491402773E+00   2.1045050394E-03   2.2445062314E+00   2.4020919370E+00   1.5367532808E-03   3.4423335599E-04
   1  -158   0    0  -5.7331147633E-01   7.9971722623E+00   2.1106358764E-04   2.0150413030E+00   2.3839021632E+00   1.1611638989E-04   2.0989879662E+00   2.3540402937E+00   5.7136945871E-04   2.2279811674E+00   2.3921836412E+00   1.6327330507E-03   2.2868878914E+00   2.4117310133E+00   1.8927895436E-03   2.3911615969E+00   2.4497031354E+00   2.1047383979E-03   2.2450917183E+00   2.4025469959E+00   1.5360084438E-03   3.4426790544E-04
   1  -159   0    0  -5.8315267940E-01   7.9979707215E+00   2.1044682977E-04   2.0143040430E+00   2.3841117773E+00   1.1435332710E-04   2.0983463262E+00   2.3543286932E+00   5.7031719094E-04   2.2277239472E+00   2.3924730571E+00   1.6317088728E-03   2.2875856305E+00   2.4121991140E+00   1.8925448809E-03   2.3917436895E+00   2.4502685571E+00   2.1049723239E-03   2.2456788478E+00   2.4030044157E+00   1.5352608857E-03   3.4430263419E-04
   1  -160   0    0  -5.9299239105E-01   7.9987734362E+00   2.0983006059E-04   2.0135622964E+00   2.3843235981E+00   1.1258681091E-04   2.0977032161E+00   2.3546193358E+00   5.6926277918E-04   2.2274642175E+00   2.3927646934E+00   1.6306819248E-03   2.2882865004E+00   2.4126695133E+00   1.8922993977E-03   2.3923282746E+00   2.4508363994E+00   2.1052067500E-03   2.2462674760E+00   2.4034640846E+00   1.5345108133E-03   3.4433753373E-04
   1  -161   0    0  -6.0283068384E-01   7.9995802151E+00   2.0921346474E-04   2.0128162313E+00   2.3845375858E+00   1.1081735585E-04   2.0970588210E+00   2.3549121581E+00   5.6820652986E-04   2.2272020290E+00   2.3930584864E+00   1.6296524996E-03   2.2889903228E+00   2.4131420942E+00   1.8920531627E-03   2.3929152022E+00   2.4514065169E+00   2.1054416085E-03   2.2468574572E+00   2.4039258886E+00   1.5337584364E-03   3.4437259535E-04
   1  -162   0    0  -6.1266763287E-01   8.0003908631E+00   2.0859722699E-04   2.0120660206E+00   2.3847536985E+00   1.0904548092E-04   2.0964133266E+00   2.3552070948E+00   5.6714875217E-04   2.2269374358E+00   2.3933543701E+00   1.6286208935E-03   2.2896969167E+00   2.4136167377E+00   1.8918062458E-03   2.3935043202E+00   2.4519787614E+00   2.1056768307E-03   2.2474486445E+00   2.4043897114E+00   1.5330039681E-03   3.4440781020E-04
   1  -163   0    0  -6.2250331568E-01   8.0012051811E+00   2.0798153207E-04   2.0113118422E+00   2.3849718920E+00   1.0727170904E-04   2.0957669196E+00   2.3555040784E+00   5.6608975773E-04   2.2266704944E+00   2.3936522766E+00   1.6275874060E-03   2.2904060982E+00   2.4140933223E+00   1.8915587176E-03   2.3940954738E+00   2.4525529829E+00   2.1059123475E-03   2.2480408897E+00   2.4048554347E+00   1.5322476244E-03   3.4444316925E-04
   1  -164   0    0  -6.3233781214E-01   8.0020229666E+00   2.0736656446E-04   2.0105538789E+00   2.3851921205E+00   1.0549656650E-04   2.0951197868E+00   2.3558030392E+00   5.6502986028E-04   2.2264012644E+00   2.3939521359E+00   1.6265523395E-03   2.2911176810E+00   2.4145717245E+00   1.8913106498E-03   2.3946885061E+00   2.4531290287E+00   2.1061480892E-03   2.2486340433E+00   2.4053229380E+00   1.5314896236E-03   3.4447866332E-04
   1  -165   0    0  -6.4217120432E-01   8.0028440133E+00   2.0675250816E-04   2.0097923180E+00   2.3854143356E+00   1.0372058237E-04   2.0944721157E+00   2.3561039056E+00   5.6396937532E-04   2.2261298081E+00   2.3942538760E+00   1.6255159990E-03   2.2918314761E+00   2.4150518192E+00   1.8910621147E-03   2.3952832580E+00   2.4537067446E+00   2.1063839857E-03   2.2492279548E+00   2.4057920991E+00   1.5307301869E-03   3.4451428307E-04
   1  -166   0    0  -6.5200357640E-01   8.0036681118E+00   2.0613954652E-04   2.0090273514E+00   2.3856384872E+00   1.0194428797E-04   2.0938240933E+00   2.3564066041E+00   5.6290861978E-04   2.2258561905E+00   2.3945574230E+00   1.6244786916E-03   2.2925472928E+00   2.4155334789E+00   1.8908131855E-03   2.3958795687E+00   2.4542859742E+00   2.1066199667E-03   2.2498224728E+00   2.4062627940E+00   1.5299695375E-03   3.4455001904E-04
   1  -167   0    0  -6.6183501449E-01   8.0044950493E+00   2.0552786201E-04   2.0082591752E+00   2.3858645233E+00   1.0016821625E-04   2.0931759067E+00   2.3567110591E+00   5.6184791168E-04   2.2255804795E+00   2.3948627009E+00   1.6234407263E-03   2.2932649378E+00   2.4160165748E+00   1.8905639359E-03   2.3964772755E+00   2.4548665593E+00   2.1068559614E-03   2.2504174452E+00   2.4067348969E+00   1.5292079005E-03   3.4458586164E-04
   1  -168   0    0  -6.7166560654E-01   8.0053246104E+00   2.0491763599E-04   2.0074879900E+00   2.3860923898E+00   9.8392901177E-05   2.0925277427E+00   2.3570171933E+00   5.6078756973E-04   2.2253027456E+00   2.3951696322E+00   1.6224024137E-03   2.2939842164E+00   2.4165009763E+00   1.8903144403E-03   2.3970762140E+00   2.4554483405E+00   2.1070918991E-03   2.2510127190E+00   2.4072082805E+00   1.5284455029E-03   3.4462180116E-04
   1  -169   0    0  -6.8149544215E-01   8.0061565765E+00   2.0430904857E-04   2.0067140001E+00   2.3863220305E+00   9.6618877147E-05   2.0918797872E+00   2.3573249274E+00   5.5972791303E-04   2.2250230618E+00   2.3954781374E+00   1.6213640655E-03   2.2947049319E+00   2.4169865514E+00   1.8900647734E-03   2.3976762183E+00   2.4560311565E+00   2.1073277086E-03   2.2516081410E+00   2.4076828161E+00   1.5276825730E-03   3.4465782777E-04
   1  -170   0    0  -6.9132461244E-01   8.0069907269E+00   2.0370227833E-04   2.0059374139E+00   2.3865533878E+00   9.4846678355E-05   2.0912322257E+00   2.3576341807E+00   5.5866926062E-04   2.2247415037E+00   2.3957881354E+00   1.6203259943E-03   2.2954268864E+00   2.4174731668E+00   1.8898150105E-03   2.3982771214E+00   2.4566148452E+00   2.1075633190E-03   2.2522035575E+00   2.4081583735E+00   1.5269193406E-03   3.4469393154E-04
   1  -171   0    0  -7.0115320990E-01   8.0078268381E+00   2.0309750215E-04   2.0051584433E+00   2.3867864018E+00   9.3076838172E-05   2.0905852423E+00   2.3579448705E+00   5.5761193118E-04   2.2244581496E+00   2.3960995434E+00   1.6192885132E-03   2.2961498805E+00   2.4179606878E+00   1.8895652271E-03   2.3988787551E+00   2.4571992430E+00   2.1077986594E-03   2.2527988145E+00   2.4086348215E+00   1.5261560361E-03   3.4473010246E-04
   1  -172   0    0  -7.1098132819E-01   8.0086646847E+00   2.0249489502E-04   2.0043773035E+00   2.3870210111E+00   9.1309888508E-05   2.0899390204E+00   2.3582569127E+00   5.5655624262E-04   2.2241730800E+00   2.3964122772E+00   1.6182519353E-03   2.2968737139E+00   2.4184489788E+00   1.8893154988E-03   2.3994809501E+00   2.4577841857E+00   2.1080336590E-03   2.2533937581E+00   2.4091120279E+00   1.5253928909E-03   3.4476633042E-04
   1  -173   0    0  -7.2080906202E-01   8.0095040392E+00   2.0189462981E-04   2.0035942131E+00   2.3872571524E+00   8.9546359178E-05   2.0892937416E+00   2.3585702218E+00   5.5550251171E-04   2.2238863777E+00   2.3967262509E+00   1.6172165735E-03   2.2975981852E+00   2.4189379031E+00   1.8890659017E-03   2.4000835364E+00   2.4583695081E+00   2.1082682471E-03   2.2539882343E+00   2.4095898593E+00   1.5246301366E-03   3.4480260527E-04
   1  -174   0    0  -7.3063650694E-01   8.0103446726E+00   2.0129687708E-04   2.0028093936E+00   2.3874947608E+00   8.7786777265E-05   2.0886495863E+00   2.3588847105E+00   5.5445105365E-04   2.2235981278E+00   2.3970413774E+00   1.6161827401E-03   2.2983230925E+00   2.4194273233E+00   1.8888165115E-03   2.4006863436E+00   2.4589550446E+00   2.1085023535E-03   2.2545820895E+00   2.4100681818E+00   1.5238680050E-03   3.4483891677E-04
   1  -175   0    0  -7.4046375917E-01   8.0111863542E+00   2.0070180488E-04   2.0020230691E+00   2.3877337699E+00   8.6031666479E-05   2.0880067330E+00   2.3592002907E+00   5.5340218178E-04   2.2233084175E+00   2.3973575683E+00   1.6151507463E-03   2.2990482335E+00   2.4199171013E+00   1.8885674040E-03   2.4012892007E+00   2.4595406291E+00   2.1087359083E-03   2.2551751702E+00   2.4105468606E+00   1.5231067278E-03   3.4487525465E-04
   1  -176   0    0  -7.5029091542E-01   8.0120288521E+00   2.0010957858E-04   2.0012354662E+00   2.3879741115E+00   8.4281546518E-05   2.0873653584E+00   2.3595168725E+00   5.5235620712E-04   2.2230173360E+00   2.3976747338E+00   1.6141209018E-03   2.2997734054E+00   2.4204070985E+00   1.8883186551E-03   2.4018919364E+00   2.4601260953E+00   2.1089688422E-03   2.2557673236E+00   2.4110257607E+00   1.5223465362E-03   3.4491160858E-04
   1  -177   0    0  -7.6011807272E-01   8.0128719333E+00   1.9952036065E-04   2.0004468138E+00   2.3882157161E+00   8.2536932434E-05   2.0867256371E+00   2.3598343653E+00   5.5131343801E-04   2.2227249743E+00   2.3979927832E+00   1.6130935147E-03   2.3004984055E+00   2.4208971760E+00   1.8880703402E-03   2.4024943794E+00   2.4607112769E+00   2.1092010863E-03   2.2563583974E+00   2.4115047464E+00   1.5215876606E-03   3.4494796822E-04
   1  -178   0    0  -7.6994532822E-01   8.0137153641E+00   1.9893431050E-04   1.9996573425E+00   2.3884585128E+00   8.0798334001E-05   2.0860877415E+00   2.3601526772E+00   5.5027417975E-04   2.2224314254E+00   2.3983116246E+00   1.6120688908E-03   2.3012230313E+00   2.4213871945E+00   1.8878225343E-03   2.4030963588E+00   2.4612960077E+00   2.1094325724E-03   2.2569482403E+00   2.4119836821E+00   1.5208303306E-03   3.4498432322E-04
   1  -179   0    0  -7.7977277900E-01   8.0145589103E+00   1.9835158430E-04   1.9988672847E+00   2.3887024293E+00   7.9066255094E-05   2.0854518417E+00   2.3604717155E+00   5.4923873420E-04   2.2221367838E+00   2.3986311654E+00   1.6110473332E-03   2.3019470805E+00   2.4218770148E+00   1.8875753122E-03   2.4036977038E+00   2.4618801218E+00   2.1096632332E-03   2.2575367018E+00   2.4124624320E+00   1.5200747743E-03   3.4502066321E-04
   1  -180   0    0  -7.8960052189E-01   8.0154023373E+00   1.9777233479E-04   1.9980768739E+00   2.3889473919E+00   7.7341193071E-05   2.0848181053E+00   2.3607913863E+00   5.4820739944E-04   2.2218411454E+00   2.3989513119E+00   1.6100291424E-03   2.3026703514E+00   2.4223664978E+00   1.8873287479E-03   2.4042982441E+00   2.4624634540E+00   2.1098930019E-03   2.2581236324E+00   2.4129408602E+00   1.5193212181E-03   3.4505697783E-04
   1  -181   0    0  -7.9942865327E-01   8.0162454103E+00   1.9719671116E-04   1.9972863450E+00   2.3891933261E+00   7.5623638168E-05   2.0841866971E+00   2.3611115955E+00   5.4718046937E-04   2.2215446077E+00   2.3992719698E+00   1.6090146154E-03   2.3033926434E+00   2.4228555045E+00   1.8870829151E-03   2.4048978102E+00   2.4630458396E+00   2.1101218129E-03   2.2587088839E+00   2.4134188314E+00   1.5185698869E-03   3.4509325674E-04
   1  -182   0    0  -8.0925726889E-01   8.0170878950E+00   1.9662485882E-04   1.9964959333E+00   2.3894401559E+00   7.3914072909E-05   2.0835577793E+00   2.3614322479E+00   5.4615823339E-04   2.2212472692E+00   2.3995930444E+00   1.6080040454E-03   2.3041137565E+00   2.4233438965E+00   1.8868378866E-03   2.4054962336E+00   2.4636271148E+00   2.1103496015E-03   2.2592923097E+00   2.4138962105E+00   1.5178210030E-03   3.4512948965E-04
   1  -183   0    0  -8.1908646371E-01   8.0179295572E+00   1.9605691931E-04   1.9957058746E+00   2.3896878046E+00   7.2212971526E-05   2.0829315110E+00   2.3617532479E+00   5.4514097602E-04   2.2209492298E+00   2.3999144400E+00   1.6069977218E-03   2.3048334920E+00   2.4238315359E+00   1.8865937343E-03   2.4060933468E+00   2.4642071170E+00   2.1105763038E-03   2.2598737644E+00   2.4143728629E+00   1.5170747865E-03   3.4516566628E-04
   1  -184   0    0  -8.2891633164E-01   8.0187701637E+00   1.9549303015E-04   1.9949164050E+00   2.3899361945E+00   7.0520799398E-05   2.0823080483E+00   2.3620744996E+00   5.4412897660E-04   2.2206505899E+00   2.4002360610E+00   1.6059959293E-03   2.3055516529E+00   2.4243182854E+00   1.8863505293E-03   2.4066889835E+00   2.4647856847E+00   2.1108018575E-03   2.2604531043E+00   2.4148486547E+00   1.5163314547E-03   3.4520177641E-04
   1  -185   0    0  -8.3874696544E-01   8.0196094820E+00   1.9493332468E-04   1.9941277600E+00   2.3901852470E+00   6.8838012505E-05   2.0816875443E+00   2.3623959066E+00   5.4312250891E-04   2.2203514511E+00   2.4005578113E+00   1.6049989482E-03   2.3062680434E+00   2.4248040088E+00   1.8861083418E-03   2.4072829792E+00   2.4653626580E+00   2.1110262012E-03   2.2610301878E+00   2.4153234530E+00   1.5155912218E-03   3.4523780992E-04
   1  -186   0    0  -8.4857845651E-01   8.0204472810E+00   1.9437793193E-04   1.9933401751E+00   2.3904348828E+00   6.7165056907E-05   2.0810701486E+00   2.3627173724E+00   5.4212184090E-04   2.2200519154E+00   2.4008795946E+00   1.6040070534E-03   2.3069824699E+00   2.4252885705E+00   1.8858672408E-03   2.4078751707E+00   2.4659378785E+00   2.1112492747E-03   2.2616048748E+00   2.4157971256E+00   1.5148542989E-03   3.4527375672E-04
   1  -187   0    0  -8.5841089468E-01   8.0212833308E+00   1.9382697656E-04   1.9925538847E+00   2.3906850222E+00   6.5502368238E-05   2.0804560074E+00   2.3630388005E+00   5.4112723436E-04   2.2197520853E+00   2.4012013146E+00   1.6030205145E-03   2.3076947407E+00   2.4257718367E+00   1.8856272941E-03   2.4084653968E+00   2.4665111897E+00   2.1114710195E-03   2.2621770276E+00   2.4162695418E+00   1.5141208933E-03   3.4530960684E-04
   1  -188   0    0  -8.6824436812E-01   8.0221174033E+00   1.9328057867E-04   1.9917691220E+00   2.3909355847E+00   6.3850371227E-05   2.0798452636E+00   2.3633600944E+00   5.4013894465E-04   2.2194520636E+00   2.4015228752E+00   1.6020395955E-03   2.3084046661E+00   2.4262536743E+00   1.8853885684E-03   2.4090534983E+00   2.4670824369E+00   2.1116913781E-03   2.2627465105E+00   2.4167405719E+00   1.5133912089E-03   3.4534535039E-04
   1  -189   0    0  -8.7807896308E-01   8.0229492725E+00   1.9273885378E-04   1.9909861188E+00   2.3911864895E+00   6.2209479240E-05   2.0792380563E+00   2.3636811575E+00   5.3915722040E-04   2.2191519534E+00   2.4018441802E+00   1.6010645541E-03   2.3091120593E+00   2.4267339521E+00   1.8851511290E-03   2.4096393183E+00   2.4676514676E+00   2.1119102949E-03   2.2633131903E+00   2.4172100878E+00   1.5126654451E-03   3.4538097761E-04
   1  -190   0    0  -8.8791476382E-01   8.0237787143E+00   1.9220191268E-04   1.9902051054E+00   2.3914376555E+00   6.0580093855E-05   2.0786345211E+00   2.3640018939E+00   5.3818230325E-04   2.2188518577E+00   2.4021651338E+00   1.6000956420E-03   2.3098167356E+00   2.4272125404E+00   1.8849150398E-03   2.4102227022E+00   2.4682181318E+00   2.1121277154E-03   2.2638769360E+00   2.4176779628E+00   1.5119437974E-03   3.4541647883E-04
   1  -191   0    0  -8.9775185239E-01   8.0246055072E+00   1.9166986139E-04   1.9894263096E+00   2.3916890014E+00   5.8962604452E-05   2.0780347898E+00   2.3643222077E+00   5.3721442764E-04   2.2185518792E+00   2.4024856408E+00   1.5991331040E-03   2.3105185135E+00   2.4276893112E+00   1.8846803631E-03   2.4108034979E+00   2.4687822816E+00   2.1123435870E-03   2.2644376195E+00   2.4181440720E+00   1.5112264565E-03   3.4545184456E-04
   1  -192   0    0  -9.0759030855E-01   8.0254294323E+00   1.9114280108E-04   1.9886499573E+00   2.3919404458E+00   5.7357387841E-05   2.0774389903E+00   2.3646420038E+00   5.3625382053E-04   2.2182521204E+00   2.4028056062E+00   1.5981771781E-03   2.3112172143E+00   2.4281641384E+00   1.8844471599E-03   2.4113815559E+00   2.4693437720E+00   2.1125578586E-03   2.2649951152E+00   2.4186082923E+00   1.5105136086E-03   3.4548706540E-04
   1  -193   0    0  -9.1743020956E-01   8.0262502735E+00   1.9062082803E-04   1.9878762715E+00   2.3921919073E+00   5.5764807918E-05   2.0768472466E+00   2.3649611875E+00   5.3530070125E-04   2.2179526835E+00   2.4031249360E+00   1.5972280954E-03   2.3119126624E+00   2.4286368980E+00   1.8842154894E-03   2.4119567298E+00   2.4699024607E+00   2.1127704809E-03   2.2655493003E+00   2.4190705028E+00   1.5098054350E-03   3.4552213215E-04
   1  -194   0    0  -9.2727163013E-01   8.0270678180E+00   1.9010403352E-04   1.9871054723E+00   2.3924433045E+00   5.4185215344E-05   2.0762596788E+00   2.3652796649E+00   5.3435528123E-04   2.2176536699E+00   2.4034435366E+00   1.5962860796E-03   2.3126046857E+00   2.4291074682E+00   1.8839854092E-03   2.4125288760E+00   2.4704582083E+00   2.1129814063E-03   2.2661000549E+00   2.4195305843E+00   1.5091021117E-03   3.4555703573E-04
   1  -195   0    0  -9.3711464222E-01   8.0278818563E+00   1.8959250390E-04   1.9863377765E+00   2.3926945563E+00   5.2618947260E-05   2.0756764029E+00   2.3655973431E+00   5.3341776391E-04   2.2173551802E+00   2.4037613156E+00   1.5953513466E-03   2.3132931154E+00   2.4295757294E+00   1.8837569751E-03   2.4130978541E+00   2.4710108783E+00   2.1131905889E-03   2.2666472621E+00   2.4199884202E+00   1.5084038095E-03   3.4559176725E-04
   1  -196   0    0  -9.4695931502E-01   8.0286921822E+00   1.8908632045E-04   1.9855733977E+00   2.3929455821E+00   5.1066327036E-05   2.0750975308E+00   2.3659141299E+00   5.3248834450E-04   2.2170573142E+00   2.4040781812E+00   1.5944241050E-03   2.3139777865E+00   2.4300415645E+00   1.8835302412E-03   2.4136635270E+00   2.4715603377E+00   2.1133979847E-03   2.2671908083E+00   2.4204438959E+00   1.5077106937E-03   3.4562631802E-04
   1  -197   0    0  -9.5680571477E-01   8.0294985936E+00   1.8858555945E-04   1.9848125455E+00   2.3931963015E+00   4.9527664043E-05   2.0745231704E+00   2.3662299344E+00   5.3156720991E-04   2.2167601705E+00   2.4043940430E+00   1.5935045552E-03   2.3146585376E+00   2.4305048588E+00   1.8833052597E-03   2.4142257610E+00   2.4721064565E+00   2.1136035514E-03   2.2677305829E+00   2.4208968997E+00   1.5070229242E-03   3.4566067951E-04
   1  -198   0    0  -9.6665390471E-01   8.0303008921E+00   1.8809029213E-04   1.9840554257E+00   2.3934466346E+00   4.8003253464E-05   2.0739534254E+00   2.3665446666E+00   5.3065453859E-04   2.2164638466E+00   2.4047088116E+00   1.5925928897E-03   2.3153352116E+00   2.4309655003E+00   1.8830820808E-03   2.4147844259E+00   2.4726491083E+00   2.1138072488E-03   2.2682664786E+00   2.4213473219E+00   1.5063406549E-03   3.4569484340E-04
   1  -199   0    0  -9.7650394500E-01   8.0310988836E+00   1.8760058469E-04   1.9833022397E+00   2.3936965023E+00   4.6493376131E-05   2.0733883951E+00   2.3668582380E+00   5.2975050046E-04   2.2161684387E+00   2.4050223990E+00   1.5916892927E-03   2.3160076549E+00   2.4314233799E+00   1.8828607531E-03   2.4153393951E+00   2.4731881701E+00   2.1140090385E-03   2.2687983915E+00   2.4217950560E+00   1.5056640339E-03   3.4572880157E-04
   1  -200   0    0  -9.8635589264E-01   8.0318923783E+00   1.8711649830E-04   1.9825531845E+00   2.3939458262E+00   4.4998298403E-05   2.0728281750E+00   2.3671705615E+00   5.2885525678E-04   2.2158740414E+00   2.4053347185E+00   1.5907939403E-03   2.3166757187E+00   2.4318783911E+00   1.8826413230E-03   2.4158905458E+00   2.4737235228E+00   2.1142088839E-03   2.2693262213E+00   2.4222399979E+00   1.5049932034E-03   3.4576254613E-04
   1  -201   0    0  -9.9620980139E-01   8.0326811909E+00   1.8663808914E-04   1.9818084526E+00   2.3941945287E+00   4.3518272064E-05   2.0722728560E+00   2.3674815512E+00   5.2796896015E-04   2.2155807479E+00   2.4056456849E+00   1.5899070000E-03   2.3173392580E+00   2.4323304304E+00   1.8824238348E-03   2.4164377591E+00   2.4742550507E+00   2.1144067504E-03   2.2698498709E+00   2.4226820464E+00   1.5043282994E-03   3.4579606938E-04
   1  -202  -4    8  -9.9999975893E-01   8.0329832522E+00   1.8645563425E-04   1.9815232489E+00   2.3942899881E+00   4.2953170006E-05   2.0720606255E+00   2.3676007727E+00   5.2763053806E-04   2.2154682720E+00   2.4057648924E+00   1.5895681911E-03   2.3175931948E+00   2.4325034544E+00   1.8823407234E-03   2.4166471230E+00   2.4744584133E+00   2.1144823083E-03   2.2700501132E+00   2.4228512497E+00   1.5040742090E-03   3.4580890060E-04
